307715 153559 178122
278776 137631 248534
263183 267162 139112
157392 182010 271998
142721 288863 203516
141619 274816 224380
171612 170068 265977
166769 171582 262030
242027 157670 219193
237475 240378 143051
198469 194521 210354
168116 171116 263950
241368 231117 142396
143201 287172 206203
174160 169145 253226
183874 186685 221657
192230 195764 210834
144347 269933 209749
167602 183078 235027
185205 181222 224984
223350 226602 149633
222940 241174 149986
150310 250247 211349
149238 277281 191627
212110 227849 155696
212744 200821 166306
186920 189542 213676
254087 142041 232570
270047 139197 238068
262593 267456 139473
239080 239206 143788
220521 224402 150936
157272 278574 185709
193227 200015 208675
186342 246019 181844
237303 201687 159429
258043 253344 140358
241305 238478 141680
167227 171030 264834
281920 163767 173041
195635 208115 167111
293930 149940 184921
173329 166711 259402
279016 151804 202398
250447 144176 223510
174903 168768 258144
294581 159278 174205
280588 154065 183025
251193 180159 189058
257534 139977 233860
303127 160548 172628
199554 215780 164404
275137 161988 173428
206840 203168 168314
194199 232144 164550
236410 190489 200380
152397 282500 186607
230017 234410 146631
150084 260478 197323
306257 146963 191069
185694 184852 222488
161215 181626 250326
243822 158082 217996
256357 141230 228833
189933 174722 235042
252622 142929 236271
295799 162060 172246
167183 172233 251588
266054 164836 176631
208378 184378 220102
206526 202688 168992
228342 240450 145678
225848 186976 214308
152364 283013 188410
159108 238434 198873
221310 220956 152416
142198 273527 212950
249910 148822 219753
218111 208850 155129
257316 257231 140606
159221 237456 204913
271701 139663 235615
160195 243344 195839
151958 247467 200736
146941 261115 201245
156224 248680 193030
200402 208429 165315
292739 156518 176089
190391 170331 238801
145692 272865 197955
161452 173376 256218
216403 225241 153375
162673 193568 244598
178731 235909 201838
181611 167942 241733
226371 221415 148933
224569 186183 216483
248575 144869 225200
189207 187982 214096
150199 264720 192464
155455 262455 187125
171089 174269 245398
229829 235120 145240
207330 196813 209713
175644 175106 243541
193444 192005 212462
238944 237559 144293
225075 223311 148401
166418 173860 249678
214336 212811 154340
256959 142308 228611
212865 219179 154833
226775 191025 205619
291568 172382 171646
142786 281737 210430
217525 212523 153808
147192 259355 202650
154590 243152 203940
240545 233851 143899
204438 214293 162983
261129 255988 140140
204729 207496 163606
150983 249110 196562
145286 263386 217929
163120 175358 255569
148683 254701 229122
235224 177810 214225
260666 140929 228176
197783 207348 170818
252187 147865 222618
148299 258328 205068
288608 154519 179168
231737 184631 215638
265184 140336 233447
261636 188811 179644
180611 192283 215358
304813 150206 178803
227476 233212 147266
204220 220247 157339
165637 175538 251554
154714 262715 187808
160376 176867 256126
300874 154090 175887
147883 281280 189589
188374 199433 210345
150739 253958 190488
163967 271243 185627
143577 271550 206850
178241 176430 230360
144562 264164 213322
157902 178845 261106
217705 220433 152843
219376 205871 157434
154899 252519 190649
301896 150621 179447
239511 234161 142933
170805 235631 212378
151730 276263 190380
270621 138733 245021
303671 148328 182058
179748 170550 242917
221773 222072 152138
245351 153285 232055
158018 284066 183405
232544 198330 166920
176359 166302 257549
287225 155156 177814
209012 211057 160383
216615 210155 157879
300086 148730 181421
290771 185206 169956
190957 178604 225594
218860 213350 153582
196782 203809 205650
149580 250986 220659
177102 167523 247961
176516 177343 237641
269221 139166 244519
298984 153577 177270
249257 147329 222753
171697 170091 265966
143304 272040 223901
189140 199686 209300
234168 236433 144331
194989 216715 167660
148934 261925 198710
196496 209660 164944
151371 287928 189549
152105 275214 188696
275999 160003 173867
149131 266903 194377
194573 222767 167943
230953 197756 204650
232744 219533 149317
244213 159479 216874
191634 218291 168757
260245 141803 227297
226793 221723 147919
290349 175124 170516
153248 249536 194167
182583 175895 230934
216492 224776 150606
162115 251588 185935
253519 145816 217512
156733 246741 189105
160773 242308 196334
158344 280518 181528
280087 149498 194447
287755 149705 191388
146217 256524 208998
145407 265707 213302
143966 285441 200945
215108 212706 154019
272090 157320 185052
230353 224225 145076
147630 283731 194852
246512 162800 208935
196243 225815 162856
180414 166966 256784
145731 269089 205453
144612 284827 205000
188681 198400 210280
301386 156228 175554
264334 139910 242138
146163 285845 191094
305798 146432 193844
176062 166179 260577
277747 152446 186222
267161 158431 181320
219132 223672 151557
255628 258026 140929
208706 200718 207035
298237 160813 173696
254689 143119 232348
232107 235606 144552
172884 177969 243861
146703 261969 197032
274354 155356 180956
210156 211708 158241
172228 167841 260213
210980 229580 154448
268019 139551 244716
213834 214667 153644
177688 180711 230993
248684 247263 141065
284630 163443 172483
144778 280184 198179
278066 137884 242112
264203 160983 185720
202625 218649 162540
256769 164583 196044
205505 225852 156926
181998 171967 236730
209309 211316 160165
285580 152009 183576
182981 197383 211278
153479 244723 201499
172170 236500 201586
253142 153476 218300
176461 178499 231463
174581 193158 225187
181887 172632 241104
178981 165858 257203
198880 206163 171414
194878 212006 169184
203823 230982 156641
210477 229317 155980
151907 286546 188841
303922 146922 192114
274285 139172 237416
249748 158957 217632
244997 153972 227879
174555 167557 258276
179148 187504 217318
167829 185493 229414
170653 170473 253620
257664 143686 227456
282936 153125 180675
299568 150652 178363
199917 224922 163906
200516 232906 158859
268083 138204 246778
191778 216558 169428
183467 174510 236036
223965 218002 151835
259455 262709 139813
149413 265941 194832
286603 151016 182448
247370 151196 218794
268902 138833 246501
221736 204551 160846
215297 199088 162391
196933 190285 212519
247194 150171 226036
222376 222814 152122
201232 218113 163666
253002 143170 229758
264762 161339 182206
245643 179838 202947
277057 155896 178088
260390 259213 140059
258793 160088 194994
247922 145260 223148
244040 227850 144919
284986 159242 175043
207897 229737 156278
148553 255496 220934
227512 180836 221302
213543 204836 161574
239877 183686 207911
200285 202176 169662
176897 175106 239442
146760 263000 195208
247673 146125 227802
180689 178575 226771
246162 179423 202588
166970 185000 236765
296491 153611 178462
150480 255232 193397
162205 178275 250033
168597 171282 248942
261485 164272 184454
157675 279272 184605
163780 241722 191479
297447 147845 185065
246831 145556 229584
240271 196136 191787
286201 152730 179390
273626 158355 175379
219599 205068 159532
215986 209125 158869
145354 268264 210074
202027 201183 208111
236138 166724 223248
286068 150837 182790
150259 251852 207399
149611 258253 199593
147772 272407 192203
289093 147510 191714
296971 170894 170882
288961 158057 176991
150432 274680 190886
157457 279634 185594
247110 183858 193380
170082 179082 240200
284095 162376 173167
153810 256855 188861
165053 171328 264194
155989 245339 194137
265595 160241 180844
160613 237975 197196
273360 158309 183809
228769 196359 205449
245848 165008 204816
233004 182358 209938
177961 230833 203366
162867 245100 189520
290153 151411 181624
169514 179861 246142
255204 143894 228075
223895 238946 148626
226083 232412 147423
215348 226423 152710
271165 161482 175693
161128 246528 193763
177273 190230 225754
272633 158370 176217
280109 155107 184732
171956 169730 254269
142639 288243 204306
283604 150282 186973
239959 183540 194735
305418 158476 174338
169796 170532 249385
288255 150395 182564
227887 232633 147035
292353 158368 174666
152317 252028 192776
149649 257943 202787
164654 176324 255311
169391 182535 237907
211794 210643 159684
303873 149331 179784
272891 138664 240077
165539 175811 254780
201658 230131 162191
230980 197465 204335
268756 139569 238909
234155 178239 213795
215827 207225 161276
156221 280888 184176
283626 165494 172139
196586 206986 171575
192568 211641 169848
247994 181547 201064
154938 242153 200004
165826 172179 258987
183249 169674 240772
155032 271730 186331
179534 171063 244155
235509 240560 144080
166664 172778 254017
157998 274004 183488
183844 187246 221041
255392 172052 195555
211481 228644 156042
208481 217507 158636
260404 143322 224262
203404 222924 159584
282175 163560 172496
266832 139626 245858
166685 188461 240559
297949 155656 177532
213495 208387 158982
199755 206409 166951
250745 161739 197151
258340 197636 180151
209622 209775 162033
157591 275899 185828
247272 248800 141228
178475 167164 254268
259797 168954 182308
225564 217197 151547
207597 226154 156391
225224 221733 147663
249485 159578 216628
179972 185829 229002
194033 211610 169636
229065 238924 146761
296295 170407 171075
180873 218820 203413
143930 268584 210427
289789 155111 178971
175297 172971 247100
153554 265761 190162
172517 196260 227064
205607 210305 163190
169012 173226 248938
179846 189245 217180
202785 220957 161902
170137 178724 233536
291072 150555 180498
284800 170741 172065
156647 251017 192612
155554 260586 188776
173800 171148 247518
205887 211759 162219
183409 167816 239771
172704 174032 248736
212392 204464 168275
229832 244110 142999
155914 241637 198015
229525 217508 151118
195327 209856 168060
232720 243828 144180
236394 189342 208232
258467 152323 210998
164852 251672 185321
154336 288464 185671
276731 156716 179021
208788 215128 159638
153056 246573 198180
211637 213194 157935
247459 161556 216023
188392 217778 171321
207525 205204 162896
259517 140414 232446
164310 267621 185801
177424 180757 230628
175281 228756 203505
305410 146662 191442
181701 165701 254974
202902 216175 159896
164121 181889 241989
268296 166211 172701
154083 246570 198371
276281 155533 179745
268169 189669 174930
265337 159868 184332
227963 230320 146837
246423 156916 224554
230055 216005 149818
266728 192293 173717
202105 219490 162253
173780 169117 259119
174179 186416 227920
282878 152382 181795
218350 204095 161215
292455 152114 180329
266727 158162 202445
142661 273661 212814
145923 265764 199830
164369 188539 240870
233541 167857 224540
203064 230591 157901
273016 150510 215932
218578 205095 161074
195152 184760 224704
181329 170509 247318
297884 156063 175743
