536337 562441 515787
535501 543075 522274
546360 541887 501456
534091 551348 531124
539166 541359 510576
545913 516092 513657
544023 514792 515306
535578 526763 516266
542788 518029 524125
538461 523534 520290
540756 516323 535191
541137 527878 504016
542212 536538 502748
537319 556078 512736
542634 520546 520090
542641 521791 510109
546002 516785 506556
540980 526470 504087
542950 518686 503450
543987 514965 526735
550004 502806 502022
538308 528170 513281
550896 498927 481426
547509 515198 489007
547172 512665 491455
553998 510484 473086
550784 496023 502897
551866 495658 497626
546431 511541 492654
552798 498272 487147
549268 497497 511634
612634 445892 511953
611927 446604 501954
615122 443217 508801
604758 446882 506216
622974 446455 507337
613594 446225 510924
550192 494555 507237
555071 479430 496861
609916 452050 469465
621609 450315 472990
619113 454867 460301
605955 450628 476103
598852 452278 475403
597704 455162 460673
562055 459637 495692
563493 477890 464672
555499 483051 484074
558548 465957 502818
559163 494412 465077
585917 450197 477691
556351 467231 470134
566097 482974 461517
576040 448634 487471
589737 450887 475761
593360 447033 481047
568057 452445 469802
572103 485424 452315
590863 448200 488369
580066 450712 475924
595391 446942 478516
597184 458425 461744
571228 458046 468740
568127 473374 457989
593203 454890 465573
575259 472967 452212
586154 459604 453858
608166 452307 470788
594921 453298 466666
563863 496856 462226
574651 491674 443311
562483 519421 458290
605688 468137 451148
578747 460620 459079
609041 467069 450821
581671 468295 449118
590790 458788 464130
566254 460023 461142
591273 458629 460280
576027 472606 450868
600225 475817 443111
579999 465532 453203
575078 462908 454615
563954 503205 455072
578597 474182 449984
576408 468811 451496
566099 473763 467707
563988 493018 448684
564440 466297 480748
582256 472571 444913
565333 489842 453000
575132 501723 439393
567982 499457 444498
570448 498838 444507
569555 486252 452997
572092 485510 454119
578079 491462 440117
561828 483969 463072
576941 490038 443539
579451 473326 443528
572350 493368 440315
584163 482271 439404
587893 476420 439883
590531 502405 429427
587056 480643 442505
583642 511783 436150
598788 497122 431587
593500 489891 435637
584195 490962 434836
566330 482560 454581
566028 476938 462341
572706 485382 448006
585577 503058 433935
585272 504459 433795
594467 498130 430504
586091 504168 432222
604902 509919 427941
588108 497910 434662
583883 501675 435246
571414 486471 452930
567589 491557 446060
577387 494488 439071
573833 480729 449761
591286 496849 433195
596972 496115 433765
586089 488618 436187
588445 495579 434688
600610 489615 430459
582539 470880 443693
591918 493605 434641
574866 482912 447713
573574 486110 445786
567305 491736 444635
571134 508573 440187
580966 483039 437300
578773 486353 440342
570625 489299 443559
562816 513784 461385
570843 487904 444396
567556 488649 453483
564252 490116 454180
566988 489038 446226
576383 477403 443964
578656 482626 442843
