85964 49728
53733 81562
54015 81042
78220 54022
78647 53599
81568 51713
82352 51384
81068 52066
81587 51691
82333 51406
54346 80634
83172 51064
87199 49495
85570 49891
86764 49530
86370 49693
86783 49508
85983 49706
85589 49869
86389 49671
82727 51243
85734 49845
81962 51550
82746 51221
81981 51528
81081 51990
81100 51968
80562 52365
81846 51683
82240 51520
80581 52343
80080 52720
83566 50901
83124 51174
83881 50826
80092 52665
80611 52290
80111 52643
80630 52268
81865 51661
62427 66978
82259 51498
62136 67309
61770 67939
61442 68512
61808 67882
62109 67531
62400 67200
60971 69262
62005 67542
61751 67961
61975 67685
61986 67564
62117 67331
61423 68534
61789 67904
62277 67233
62296 67211
62408 67000
53164 82460
61620 68194
61639 68172
60952 69284
61534 68292
61168 68922
61206 68865
60840 69495
61149 68944
75500 55422
61138 69065
61299 68689
93169 47656
60821 69517
93096 47809
61280 68711
92775 47819
92641 47831
61646 68081
61665 68059
61504 68435
61337 68632
61122 69166
61187 68887
61515 68314
84805 50198
84824 50176
83585 50879
84575 50315
61318 68654
60794 69739
80148 52623
85218 50013
85199 50035
53448 81788
53166 82308
61911 67863
84556 50337
93585 47643
93624 47522
53820 81288
60412 70712
53362 82101
53644 81581
60431 70690
54044 80992
61930 67841
53139 82536
60458 70468
84969 50152
79748 52953
61937 67750
61956 67728
81243 51925
80849 52088
80830 52110
80330 52463
105798 46116
80311 52485
60786 69895
90759 48432
60439 70490
80367 52443
60767 69917
53404 82083
81224 51947
61628 68189
94626 47454
80211 52561
80230 52539
80749 52164
80730 52186
53779 81380
83450 51034
59115 72418
83469 51012
105079 46197
59096 72440
79848 52818
59037 72486
83844 50871
58911 72600
59018 72508
59427 71854
101233 46651
102645 46491
59721 71316
101926 46572
77302 54385
77283 54407
105772 46118
104455 46256
77696 54222
85477 50005
77677 54244
45068 113211
59460 71710
59591 71477
59297 72015
75200 55510
59166 72248
45079 112980
45123 112685
83191 51042
101952 46570
77245 54505
77226 54527
111525 45054
109206 45260
110523 45122
117393 44682
112971 44998
59882 71270
60477 70264
116391 44750
113943 44874
59863 71292
59702 71338
59441 71732
59571 71571
59277 72109
114945 44806
59147 72270
59408 71876
59572 71499
59278 72037
118527 44652
58892 72622
105174 46175
79829 52840
108999 45288
60608 70031
113736 44902
76960 54623
60434 70528
60762 69955
76979 54601
60805 69691
91155 48367
60627 70009
45058 113758
60496 70242
91690 48088
95781 47070
53549 81643
53267 82163
53921 81143
53880 81235
95326 47204
60936 69458
85627 49862
86021 49699
97982 46994
87687 49062
85496 49983
94932 47367
87293 49225
91296 48251
85256 50006
91162 48263
58728 72926
58709 72948
92145 47954
84862 50169
96783 47002
106353 45888
53745 81436
106832 45725
53105 82597
90768 48426
73332 56191
107632 45527
74097 55884
74015 56073
74078 55906
119777 44613
73250 56380
60047 71050
59917 71211
107153 45690
60028 71072
72803 56621
73313 56213
59898 71233
112683 45025
109828 45138
72784 56643
113685 44957
72721 56810
73127 56585
73146 56563
110547 45057
81430 51762
121977 44396
90925 48395
74513 55871
107112 45714
94850 47414
88058 48918
88452 48755
87312 49203
107378 45562
89226 48700
108178 45364
73748 56178
87200 49339
107912 45516
104082 46353
106277 45992
88077 48896
86806 49502
54580 80421
105941 46103
88471 48733
77620 54328
121728 44535
77639 54306
48203 89788
65161 62572
65180 62550
48067 89914
84695 50220
48349 89394
48485 89268
87706 49040
48559 88910
64496 63106
85089 50057
60208 71004
47421 91064
47557 90938
84676 50242
47839 90418
47304 91316
72727 56763
72746 56741
105731 46155
48023 90209
47260 91611
73193 56500
48277 89430
78264 53635
64477 63128
44163 119005
78783 53260
44329 118157
48515 89205
79506 52983
89661 48665
64420 63248
73256 56333
44310 118412
77837 54058
44801 114131
85070 50079
98894 46691
64060 63408
83911 50549
63776 63925
63833 63805
63551 64296
84305 50386
84324 50364
63383 64635
89245 48678
63286 64791
63570 64274
83930 50527
47914 90223
78725 53542
48031 89971
64117 63288
63608 64176
54147 80689
63627 64154
79244 53167
47749 90491
63267 64813
63757 63947
47703 90544
63365 64668
48899 87988
63422 64548
48855 88283
63892 63747
47586 90796
63441 64526
73275 56311
48395 89341
63873 63769
44207 118710
49183 87710
98463 46938
79919 52798
47632 90743
64098 63310
63402 64613
63238 64938
44651 114679
45198 109583
55698 75698
54856 78274
106169 46054
55023 77087
62689 66266
45213 107636
62772 65695
48617 88508
49120 87732
48945 87935
79263 53145
48573 88803
48984 87858
55770 75490
55576 76007
63056 65178
78283 53613
55095 76879
64041 63430
48753 88382
62605 66719
63262 64829
78802 53238
47134 91715
46851 92815
47416 91195
98500 46854
74040 56004
47017 91967
46807 93110
47270 91589
63546 64312
54372 80447
79525 52961
55595 75985
46422 96051
44695 114384
56028 74868
46968 92563
54604 80292
55042 77065
74021 56026
54740 78530
76103 54888
55956 75076
76440 54845
46801 93250
46973 92262
62762 66151
60299 70899
76046 55008
76516 54703
77856 54036
44454 115663
62708 66244
79317 53073
76065 54986
54496 80443
76122 54866
49061 87825
44338 117426
46467 95792
55647 75758
45182 110855
55525 76067
48779 88345
75640 55221
44115 120900
46584 95540
76497 54725
47299 91447
60189 71026
62653 66276
48925 87951
54998 77113
55506 76089
75583 55341
48643 88471
63257 64916
79298 53095
45673 100628
56159 74635
62570 66847
73212 56478
56087 74843
54857 78159
54979 77135
45865 97037
54690 79346
45699 97885
45823 97310
55719 75550
75954 55041
66369 59799
67734 58992
67342 59165
55628 75780
45989 96462
54271 80685
54812 78322
67285 59285
67361 59143
123176 44388
55901 75257
67677 59112
55700 75572
67117 59624
68184 58733
50546 84912
54907 77343
67753 58970
68688 58550
66312 59919
60298 70971
50264 85432
56289 74474
67696 59090
50034 85500
50272 85275
56158 74707
50688 84480
75973 55019
67136 59602
46001 96202
49667 86150
45556 100880
54876 78137
64624 62766
44957 113852
49949 85630
50316 84980
45835 97050
49550 86402
49917 85752
49506 86697
50994 84468
55236 76548
66144 60258
50571 84732
58978 72556
75366 55441
75564 55363
67156 59537
68707 58528
44749 114176
52239 82705
90082 48565
51969 83024
55308 76340
55289 76362
68090 58891
55217 76570
90673 48493
51641 83597
70692 57357
44058 122191
55829 75465
69126 58257
49832 85882
102561 46524
52153 82846
75621 55243
45816 97633
51883 83165
69346 57972
56437 74455
54926 77321
54759 78508
63931 63660
59348 71972
75017 55559
56709 73822
56839 73661
44635 114979
56698 74074
55199 76770
72652 56834
44610 115384
59218 72133
55120 76804
59237 72111
55419 76201
69069 58377
67842 58901
51225 84392
63912 63682
68373 58606
64438 63138
75780 55104
74792 55854
74941 55701
74960 55679
76459 54787
51524 83849
51852 83276
102955 46361
98855 46812
56596 74192
51467 83960
51553 83819
45399 101571
46591 94393
51766 83417
58745 72734
51361 84266
55101 76826
75298 55459
90257 48506
59367 71950
46757 93545
55831 75339
55438 76179
56468 74253
57118 73409
58764 72712
56396 74461
56970 73428
51570 83796
71453 57211
74884 55796
51601 83685
52886 82638
71568 56839
74865 55818
57279 73204
57629 72982
63075 65156
45565 100723
63118 65130
45691 98728
57660 72957
62948 65426
69755 57659
46635 94098
57137 73387
57508 73020
64567 62886
70454 57563
57351 73181
69199 58104
45322 103914
49222 86975
65270 61552
65465 60829
69698 57779
74811 55832
