0,0.120784,0.954237
1,0.261527,0.934782
2,0.366806,0.929251
3,0.473506,0.922198
4,0.585275,0.915503
5,0.692083,0.913034
6,0.801831,0.912504
8,1.01206,0.903744
10,1.23086,0.896191
12,1.44884,0.868276
14,1.65509,0.826683
16,1.86798,0.8253
19,2.18268,0.816796
22,2.49689,0.816796
25,2.81607,0.8102
29,3.23309,0.808712
33,3.64999,0.805222
38,4.1939,0.792649
43,4.72705,0.791626
49,5.34696,0.784107
56,6.08155,0.783617
64,6.91567,0.779837
73,7.84696,0.777575
83,8.88965,0.751951
94,10.0364,0.748344
106,11.2902,0.748147
120,12.7471,0.747902
136,14.4118,0.746094
154,16.2834,0.744624
174,18.3706,0.742779
196,20.658,0.737471
221,23.2703,0.716855
249,26.1982,0.714167
280,29.4468,0.7141
315,33.1307,0.701733
354,37.2131,0.694142
397,41.7919,0.69244
446,46.9521,0.692333
502,52.8261,0.681407
563,59.353,0.6756
632,66.6897,0.675279
710,74.9728,0.670787
797,84.1753,0.670655
894,94.5129,0.669528
1005,106.178,0.663347
1129,119.261,0.660338
1268,133.89,0.659362
1424,150.282,0.658691
1597,168.712,0.656467
1786,189.386,0.653972
1999,212.644,0.653125
2236,238.684,0.651585
2502,267.857,0.650293
2801,300.583,0.642607
3138,337.314,0.635421
3520,378.51,0.631787
3950,424.806,0.628591
4430,476.678,0.61261
4963,534.886,0.569915
5830,600.085,0.431309
