0,0.0842748,1
1,0.207908,0.968724
2,0.306114,0.927109
4,0.459647,0.925404
7,0.67453,0.905655
11,0.988926,0.901974
16,1.38786,0.892252
23,1.93914,0.871932
33,2.71292,0.83279
46,3.7148,0.779072
64,5.0746,0.690055
89,6.97092,0.617767
121,9.51033,0.577219
163,12.9934,0.536805
219,17.7157,0.476008
292,24.1669,0.440645
374,32.9268,0.422644
469,44.8099,0.387178
588,60.9751,0.348388
718,82.9616,0.323278
893,112.912,0.321136
1140,153.618,0.317481
1475,209.115,0.314018
1931,284.47,0.298179
2550,386.966,0.284855
3345,526.408,0.27522
4402,715.899,0.267044
5830,973.652,0.263519
7796,1324.04,0.250857
10338,1800.02,0.251523
