0,0.198233,0.974264
1,0.353122,0.944725
2,0.509593,0.944725
4,0.816525,0.923495
6,1.12607,0.921905
9,1.5737,0.90283
13,2.13157,0.900007
19,2.88457,0.880789
28,3.89638,0.865029
40,5.2567,0.813089
55,7.05096,0.741607
75,9.55082,0.657902
102,12.8657,0.523821
137,17.2751,0.352763
185,23.1324,0.295838
250,30.9456,0.190991
344,41.3821,0.103879
476,55.3665,0.073008
653,74.1046,0.0663753
900,99.105,0.0598614
1231,132.492,0.0581738
1674,177.086,0.0549816
2271,236.689,0.0548205
3040,316.367,0.0547639
4023,422.779,0.0535465
5430,564.892,0.0456158
7289,754.799,0.0446832
9702,1008.53,0.0235301
13001,1347.44,0.0235274
17413,1800.1,0.0234863
