0,0.00442197,0.683023
1,0.0180383,0.683023
2,0.0314104,0.689282
3,0.044948,0.689282
4,0.058512,0.689282
5,0.0721184,0.689282
6,0.0858504,0.69059
7,0.0999309,0.691365
8,0.11378,0.707271
9,0.127834,0.707271
10,0.141596,0.707271
11,0.155328,0.715305
12,0.169171,0.715305
13,0.183147,0.715305
14,0.197191,0.715305
15,0.211423,0.715305
16,0.225614,0.715305
17,0.240152,0.715305
18,0.254475,0.715305
19,0.268722,0.715305
20,0.28305,0.715305
21,0.297426,0.715305
22,0.311702,0.715305
23,0.325778,0.715305
24,0.340084,0.726454
25,0.354245,0.726454
26,0.368556,0.726454
27,0.383132,0.726454
28,0.397849,0.726454
29,0.412352,0.726454
30,0.426573,0.726454
31,0.441017,0.726454
32,0.45568,0.726454
33,0.470325,0.726454
34,0.48518,0.726454
35,0.49986,0.726454
36,0.514441,0.726454
37,0.529565,0.726454
38,0.544303,0.726454
39,0.558903,0.726454
40,0.573838,0.727981
41,0.589235,0.727981
42,0.60423,0.727981
43,0.619165,0.727981
44,0.633858,0.732803
45,0.648205,0.732803
47,0.676018,0.732803
51,0.72111,0.732803
59,0.79531,0.738711
75,0.943396,0.745709
107,1.24112,0.779303
173,1.83539,0.791576
302,3.01082,0.800241
558,5.35566,0.809209
1080,10.0463,0.809209
2121,19.4226,0.814068
4181,38.173,0.814068
8168,75.6813,0.844366
16148,150.687,0.856848
32544,300.692,0.903754
64823,600.011,0.970214
