0,0.0370352,0.70494
1,0.097394,0.705683
2,0.14951,0.705683
4,0.255584,0.715343
6,0.363289,0.715343
9,0.526367,0.716035
14,0.789223,0.716035
20,1.11734,0.716035
28,1.57974,0.717961
39,2.22046,0.720053
54,3.13753,0.72982
75,4.44508,0.734083
103,6.22212,0.741266
136,8.70652,0.751785
180,12.2006,0.782979
240,17.0488,0.804796
321,23.788,0.817011
432,33.1913,0.827474
586,46.3273,0.836039
791,64.7038,0.852778
1073,90.2864,0.860472
1465,125.925,0.87669
2002,175.633,0.903432
2741,245.002,0.939585
3757,341.686,0.948204
5153,476.487,0.950001
7120,664.335,0.95
9841,926.259,0.934794
13634,1291.35,0.95
18728,1800.08,0.950001
