0,0.00947578,0.532658
2,0.0174301,0.532658
5,0.0300172,0.532658
9,0.0490921,0.532658
15,0.0783984,0.532658
24,0.121616,0.532658
37,0.184982,0.532658
61,0.278096,0.547402
113,0.415814,0.547402
159,0.622535,0.547402
226,0.931296,0.547402
324,1.38929,0.547402
468,2.0723,0.547402
679,3.08788,0.547402
989,4.59863,0.547402
1422,6.85201,0.547402
2069,10.2032,0.547402
3025,15.1915,0.547402
4485,22.6161,0.547568
6640,33.6725,0.547568
9637,50.1306,0.547568
15905,74.6302,0.548715
26373,111.103,0.561893
41182,165.398,0.565125
62462,246.222,0.567702
97931,366.539,0.575104
141953,545.647,0.575104
203221,812.273,0.581719
291688,1209.18,0.588554
439625,1800,0.615399
