0,0.00602693,0.328031
2,0.0104623,0.328031
5,0.0164744,0.328031
10,0.0259237,0.328031
18,0.0416138,0.328031
30,0.0640819,0.328031
47,0.0983824,0.328031
75,0.151466,0.331358
119,0.232373,0.335101
186,0.356548,0.335101
292,0.546695,0.335101
454,0.83767,0.335883
707,1.28458,0.335883
1104,1.96749,0.339292
1700,3.01475,0.356624
2604,4.61794,0.360277
4013,7.0716,0.364625
6075,10.8289,0.364625
9286,16.5838,0.370324
14381,25.3957,0.386142
21789,38.8883,0.402404
33501,59.5485,0.404198
51564,91.1852,0.41641
78459,139.63,0.41641
117946,213.811,0.41641
179173,327.402,0.419529
273824,501.338,0.425947
420138,767.678,0.425947
626335,1175.51,0.425947
808127,1800,0.427182
