38498 2882.69
172132 78731
172082 78935
173279 78441
174183 78298
176087 77741
170295 79277
172629 78628
173212 78452
173753 78390
174250 78287
171849 78947
172199 78720
174180 78305
170811 79112
171417 79054
172763 78607
170741 79130
174737 78032
176387 77718
170878 79101
173683 78408
176084 77748
178935 77496
172269 78702
173142 78470
173209 78459
174533 78071
173276 78449
176221 77720
170365 79259
174113 78316
179005 77478
170298 79270
174667 78050
174903 78030
170432 79249
172266 78710
173346 78431
174603 78053
172696 78617
172766 78599
170228 79288
171283 79075
177618 77585
170808 79119
171347 79072
173686 78401
174670 78042
176151 77738
176154 77730
171846 78955
171916 78937
173616 78419
170875 79109
171350 79064
172202 78713
172336 78692
174600 78060
176017 77759
177548 77603
171779 78965
174317 78277
172833 78589
170945 79091
171583 79052
175746 77982
171712 78976
171280 79082
172699 78610
173820 78380
177682 77582
171782 78958
173750 78398
175679 77993
179102 77273
179169 77262
170362 79267
172502 78690
175676 78000
175743 77990
177918 77562
179002 77485
179099 77280
175609 78011
170598 79247
175813 77972
177685 77574
177752 77564
179236 77252
171111 79089
174247 78295
172999 78587
173986 78378
177615 77592
178691 77532
178761 77514
179166 77270
174483 78275
179402 77250
179032 77291
178828 77504
173512 78429
174059 78355
178694 77525
178624 77543
178758 77522
173992 78366
171658 79015
171591 79026
174062 78348
172088 78923
171661 79008
175979 77970
141881 89635
142551 89015
145182 84458
142637 87768
149912 82033
149331 82207
150544 81855
148370 82531
149420 82116
153565 81220
146935 82790
165294 79578
147567 82612
148816 82252
150114 81923
154169 81084
154907 81010
161443 79970
163145 79760
167508 79507
151148 81719
152469 81439
145561 83831
151210 81704
152899 81371
158233 80425
161277 80005
164200 79640
169139 79427
152407 81454
154837 81083
159575 80215
165114 79631
145172 84467
148665 82358
153156 81358
153503 81235
155511 80874
155865 80781
156537 80728
157207 80571
162332 79885
162965 79813
143657 85476
158909 80361
166414 79569
156541 80722
160101 80180
159075 80326
160611 80156
161097 80058
168045 79489
160597 80169
168959 79480
158729 80414
157733 80536
164020 79693
145738 83730
166106 79575
168692 79482
163957 79757
166478 79553
151814 81568
154852 81055
160630 80095
162498 79850
149448 82074
157137 80644
155199 80932
159288 80305
162152 79938
156920 80661
157803 80517
147904 82607
142926 86218
169821 79337
168642 79485
146875 83231
170723 79219
150052 81938
146234 83248
169668 79339
146174 83689
148033 82536
