11345 2948.01
117451 75216
89912 92146
90226 92026
89759 92356
89715 92399
90217 92066
90182 92069
89750 92396
89654 92427
116909 75286
116177 75500
84507 99727
90121 92097
84612 99656
88688 93111
113652 76234
117682 75130
87219 94624
87416 94371
86355 96512
89107 92852
117362 75267
113763 76193
86548 96149
88374 93231
78043 115516
86443 96220
88841 92901
86218 96809
86306 96517
86411 96446
77081 127877
78616 113022
99613 83056
77014 128823
78260 114560
78704 112730
78149 114929
89879 92355
84726 99381
85055 98795
84814 99089
85160 98724
106051 79695
84919 99018
84786 99215
116703 75382
117363 75240
117618 75141
86697 95841
85313 98514
86648 95959
105681 79973
106139 79525
139059 69403
105585 80112
85027 98921
105908 79796
100625 82159
105912 79702
114663 75950
100852 81982
76986 128949
115964 75654
106129 79684
105140 80265
92385 89193
101253 81819
101714 81621
78077 115333
92643 88912
102115 81458
106533 79405
78293 114175
78381 113883
78481 113638
77262 120117
78753 112725
101838 81596
139739 69348
89421 92541
89888 92211
78353 114009
100105 82384
85378 98453
103064 81002
85273 98524
103188 80977
103393 80976
103465 80839
106529 79499
99878 82561
78265 114301
103649 80779
100017 82554
85514 98230
85772 97949
85619 98159
77151 120486
78453 113764
100077 82510
92651 88756
92646 88839
99692 82891
92498 88966
99780 82721
92388 89120
92860 88707
92965 88636
93118 88426
92393 89037
93113 88509
81427 103221
92187 89354
92489 89006
93687 88209
92233 89226
140861 69287
131163 70052
176737 65100
131180 69978
86609 96133
124662 71653
124117 71844
115730 75721
116101 75631
101569 81754
123031 72252
140878 69213
123576 72061
122410 72549
85508 98326
85267 98620
121657 72828
82321 101912
82168 102122
82232 102083
103899 80754
122692 72409
115937 75666
82990 101094
78054 115410
122071 72706
100696 82096
78237 114637
160260 66408
100469 82273
77132 120499
100608 82266
105902 79861
121520 72997
81604 102758
158254 67000
140130 69333
81576 102884
102603 81200
171696 65318
77683 117390
77771 116851
124100 71918
172404 65237
77532 118055
102787 81140
133928 69886
180836 64842
77421 118424
124645 71727
112453 76522
81515 102929
157339 67029
94299 87911
113837 76132
169980 65732
180258 64949
145362 68812
159437 66486
102202 81363
113105 76346
161419 66124
113185 76308
83015 101057
99664 83017
124154 71766
130156 70207
161997 66017
180083 65066
104840 80392
77665 117456
144614 68932
93886 87957
163331 65970
88057 93465
105241 80229
155415 67342
130661 70146
93881 88040
120777 73325
104050 80616
114196 76024
127648 70804
94455 87740
125204 71514
124699 71575
104300 80591
115111 75848
104255 80615
87104 94850
151231 67533
82981 101134
127631 70878
93419 88287
86999 94921
77815 116614
77727 116906
104322 80558
127027 71101
86911 95213
101975 81540
104907 80335
123068 72174
128153 70743
158726 66922
87196 94668
173062 65231
81491 102983
104656 80452
81403 103275
102560 81317
123613 71983
88524 93135
77243 120130
161080 66281
93733 88167
150523 67614
128322 70625
142090 69172
77704 116983
90341 91443
151028 67553
101455 81765
142289 69112
151736 67472
123003 72378
154707 67423
122382 72675
169882 65753
126176 71375
170890 65420
78058 115346
125671 71436
171598 65339
102452 81338
159098 66643
90230 91812
120948 73295
89393 92667
76451 131550
76482 131549
111908 76713
81380 103352
89142 92762
85696 98026
161141 66205
89609 92432
127532 71040
82337 101901
82426 101730
105513 80171
82274 102016
76556 131479
87860 93718
82531 101659
93858 88083
93391 88413
126857 71127
101216 81871
99752 82847
93090 88552
76560 131023
134098 69728
83127 100797
87665 93921
89368 92726
109436 77737
126352 71188
93414 88370
81487 103055
86888 95290
87770 93850
125807 71379
86625 95962
95044 86357
110168 77523
88813 93027
94779 86709
83280 100587
123334 72132
94867 86539
95321 86048
111287 77010
95142 86197
105814 79862
93724 88207
120415 73385
81114 103656
81463 103109
129346 70396
76186 134947
93628 88238
76547 131519
92956 88676
83191 100758
108638 78179
87573 94103
110088 77561
82668 101362
123879 71941
76577 130949
160802 66362
82821 101152
81999 102180
82563 101433
88032 93538
86800 95582
113296 76267
76608 130948
128672 70575
82732 101323
170551 65577
112564 76481
95419 85888
159159 66567
112019 76672
79496 108134
79408 108426
87988 93579
111398 76969
94307 87755
137158 69441
121036 73088
87816 93759
88229 93285
110614 77443
77818 116048
108481 78206
110820 77347
86539 96189
111621 76793
111732 76752
121008 73214
103422 80956
94751 86835
94460 87404
114905 75879
77558 117659
79220 108963
94965 86379
105583 80133
77540 117725
164169 65767
95585 85596
83022 100868
94839 86665
109875 77715
95816 85325
78797 111652
95914 85165
111111 77049
161003 66300
76308 134802
96578 85030
75990 135890
79890 106919
90349 91287
107415 78615
90238 91656
95497 85766
87468 94174
113464 76238
77929 115679
107358 78648
115470 75740
76412 131891
80078 106382
95683 85436
87663 93969
107188 78792
109223 77891
112277 76561
87883 93650
76891 129507
106928 79031
145886 68617
76691 130906
86086 96814
112166 76602
78960 109782
79308 108671
80166 106090
109890 77691
80698 104853
88124 93356
113009 76347
170460 65646
117980 74791
79779 107288
85784 97734
87424 94215
106985 78998
155920 67281
129070 70505
106701 79208
76112 135745
112898 76388
87791 93832
90497 90475
79221 108921
80921 104019
144432 68942
79704 107478
81846 102390
109962 77619
85975 97183
114546 75987
126264 71358
85863 97648
106613 79378
93840 88085
79527 107941
118068 74621
89268 92751
81818 102516
108708 78029
79033 109458
107131 78825
80692 105151
90602 90404
107043 78995
79429 108265
112818 76426
76695 130450
145869 68691
146324 68347
110542 77515
130044 70346
134322 69703
158820 66724
85673 98103
134410 69533
80098 106263
80587 105222
97228 83917
81009 103727
85752 98017
77296 118693
79615 107649
96044 85074
143021 69043
81971 102306
83944 100115
91103 90249
159021 66662
80810 104388
90998 90320
76329 134789
80286 105726
97666 83834
80197 105897
80898 104096
83661 100433
80786 104561
83814 100223
108089 78582
97014 84010
148627 67658
75938 137213
119436 73796
79861 106950
87686 93903
83791 100325
99850 82687
79252 108728
87380 94466
97876 83649
98090 83556
75869 137591
118815 74056
79978 106627
85887 97475
85998 97106
120025 73763
130094 70276
83200 100752
129925 70394
146236 68517
79898 106803
117793 74949
83353 100542
81251 103359
98461 83426
87139 94760
102600 81307
111000 77090
79855 107216
84411 99785
96497 85055
97001 84094
98675 83333
117705 75119
84258 99995
81628 102686
99113 83250
118647 74423
81733 102615
79133 109213
80009 106434
87227 94468
108167 78278
97478 83892
144862 68846
99282 83149
79340 108436
79750 107319
94937 86505
94302 87838
94590 87313
103921 80721
120057 73499
79279 108702
80890 104212
76786 129578
85775 97940
87619 94012
94701 87272
76224 134860
79673 107487
78528 113298
95813 85345
82315 102008
91114 89432
90492 90558
101617 81708
77058 128565
81146 103430
96787 84187
90205 92067
152611 67443
106758 79175
80579 105338
87927 93609
84128 100103
80186 105971
118787 74182
108097 78428
79562 107856
80438 105668
84374 99853
91824 89399
106670 79345
147353 67942
79949 106658
96699 84357
121562 72924
76007 135816
83907 100183
84281 99893
