9147 2224.86
68499 58709
68450 58769
68624 58613
68566 58704
91719 44836
92091 44806
45958 87211
45950 87310
45856 87837
92794 44630
92595 44720
45937 87455
93166 44600
68451 58727
94269 44517
45765 88462
45867 87836
45888 87592
45786 88218
45778 88317
84625 45965
85514 45696
85129 45787
85216 45764
85601 45673
45147 93323
45056 94964
95405 44201
91806 44813
68163 58966
77058 49942
76933 50038
94985 44405
91796 44833
44927 96952
45030 95116
50983 71356
45876 87787
75224 51385
75099 51597
51619 70661
51680 70654
77086 49938
51974 70161
51348 70808
51849 70373
51826 70567
51910 70366
85591 45693
45081 94781
51409 70801
93806 44546
93893 44523
95492 44178
75071 51601
67337 59448
95072 44382
92359 44782
75009 51821
92446 44759
67163 59604
75321 51293
52035 70154
75349 51289
57287 64149
75196 51389
67212 59544
75137 51497
75040 51705
92168 44803
52240 70141
85293 45761
75012 51709
67038 59700
75855 50932
51271 71079
52306 70007
75562 51138
75687 51042
77257 49852
53505 67889
77285 49848
75730 51028
52245 70014
53367 68167
57312 63943
45880 87691
44825 99562
57373 63936
53715 67749
75590 51134
67843 59091
76961 50034
44854 98255
57300 64138
93521 44553
76033 50653
75503 51246
57388 63872
85206 45784
76061 50649
44842 98450
76539 50296
75936 50745
75908 50749
67669 59247
93243 44597
75715 51038
76414 50392
76289 50483
76567 50292
92871 44627
51210 71086
57302 64085
45320 90674
45473 89545
45452 89789
44905 97920
75395 51276
78959 48460
45191 92662
75520 51180
45399 90244
53306 68174
53444 67896
90549 45004
95992 44122
57187 64155
67544 59343
74723 51936
91120 44884
74784 51871
76442 50388
104918 42883
114879 42799
45575 88919
68952 58010
67116 59651
74695 51940
105290 42853
104803 42887
55691 64943
88628 45086
90748 44914
45200 92613
45554 89163
55752 64936
45144 93813
88215 45115
97903 43574
96828 43780
88302 45092
67718 59187
97155 43691
104431 42917
95340 44299
56286 64679
88715 45063
86027 45516
67816 59119
45329 90625
85642 45607
45341 90430
56225 64686
71636 54384
75812 50941
71738 54211
45672 88611
52731 68911
52792 68904
48596 75216
49323 73289
86236 45434
96412 43918
87930 45122
87311 45228
87388 45225
66041 60357
86313 45431
86114 45493
78916 48490
48661 75175
48571 75234
87760 45195
49124 73574
49189 73533
49327 73255
67941 59023
87683 45198
49262 73296
52719 69106
66452 60009
76766 50130
78361 49119
85729 45584
73025 52965
78680 48757
78805 48545
86323 45411
49093 74077
67767 59179
71797 54103
78486 48907
86400 45408
76973 49979
55408 65285
73084 52857
78597 48852
96085 44007
42927 111405
43438 107205
43537 107179
66278 60165
48636 75193
66709 59825
77705 49644
48774 74915
49185 73567
76738 50134
72458 53504
51711 70651
77506 49734
51772 70644
71971 53947
53766 67506
49904 72683
53693 67809
76613 50230
72284 53660
76232 50491
66681 59829
72141 53875
46592 82347
76641 50226
49692 72707
48431 75706
72785 53225
49627 72748
66403 60069
77478 49738
61279 61634
80364 47792
46517 82801
46562 82438
46638 82085
55272 65496
76107 50587
72851 53121
46847 81281
46522 82728
55481 65083
48549 75365
46270 83869
46777 81662
53827 67499
73254 52785
73313 52677
60793 61734
73282 52781
86768 45351
46613 82103
51836 70439
46802 81644
53728 67672
43562 106584
48459 75424
48484 75406
73341 52673
53222 68315
72200 53767
76653 50171
45080 94807
77393 49775
46321 83534
50653 71604
48568 75263
46543 82484
60732 61741
60627 61780
60141 61880
61218 61641
72687 53324
46245 83887
48165 77393
61002 61699
46205 84177
53161 68322
42926 114025
43109 110044
45403 89926
45443 89804
60516 61799
72910 53013
80532 47694
46175 84268
78993 48438
48524 75383
46200 84250
60455 61806
66806 59733
73847 52316
59864 61945
52796 68870
60941 61706
44036 103542
50152 72039
80441 47789
42874 114299
46492 82819
55420 65090
46462 83130
46587 82420
50087 72080
60350 61845
44737 100088
43937 103568
45505 89300
46988 80877
73819 52320
75602 51079
48419 75901
50565 71839
55295 65302
46703 82034
77098 49883
60566 61787
72583 53408
48193 76812
43592 106493
77126 49879
44061 102947
46433 83344
56029 64871
50839 71385
77979 49544
46835 81476
50588 71645
78140 49414
43550 107147
78759 48634
50213 72032
55209 65515
48205 76617
72409 53564
79232 48187
43426 107768
66550 59966
43026 111379
58972 62612
66834 59729
75236 51330
75165 51493
46754 81699
50148 72073
79078 48272
79343 48132
44091 102856
47013 80859
50649 71638
79951 47821
50774 71426
77518 49679
43620 105844
46684 82080
43832 104291
49799 72690
49673 72738
76147 50528
73416 52656
77946 49564
79420 48080
66300 60090
96505 43803
79840 47876
48805 74412
55282 65368
79763 47928
79652 47983
44119 102207
51045 71279
55968 64878
79686 47961
49434 73238
43051 110784
50713 71433
72668 53373
75177 51438
72727 53265
46147 84550
43777 104977
47320 79104
50984 71286
43802 104382
79531 48025
72755 53261
46464 83101
50075 72310
77546 49675
97248 43576
95642 44129
54490 66278
43860 103642
48258 76317
47299 79348
78953 48484
46217 84169
47432 78914
54708 65950
49738 72697
52658 69148
50014 72317
44218 102181
54395 66398
54855 65730
55356 65295
44813 99587
44866 98100
44904 97946
49949 72358
66203 60182
46300 83778
50010 72351
54794 65737
72324 53601
95222 44333
54780 65944
86695 45381
54429 66285
98323 43370
74569 51984
49112 73769
54030 66946
78265 49202
71549 54482
47110 80551
56300 64618
44328 101792
55157 65580
50511 71916
54334 66405
43167 109203
50778 71392
67566 59268
49250 73491
45822 87851
48697 75151
66675 59870
51049 71245
45211 92444
76467 50336
47085 80569
60289 61852
43349 107842
47263 80135
51110 71238
45223 92249
78057 49509
43341 107941
73590 52500
45149 92948
78219 49291
54248 66618
66169 60227
43678 105003
46944 80973
49489 73026
102287 43103
49554 72985
99238 43244
58471 62775
98163 43450
45340 90456
66175 60186
86685 45401
45290 90765
94635 44412
58911 62619
67594 59264
58410 62782
101800 43137
43291 108582
58194 62840
94570 44510
68198 58839
77745 49585
68170 58843
103087 42981
73789 52410
45102 94099
102659 43073
73512 52587
44912 97637
80688 47306
99610 43214
53892 67224
66577 59913
43266 109177
45114 93904
103202 42977
77717 49589
74018 52230
72498 53445
46392 83511
55065 65590
70166 56388
75630 51075
78892 48522
102715 43011
45161 92753
50450 71923
53831 67231
78179 49350
70405 55809
70417 55614
70591 55458
70669 55117
76778 50075
66647 59874
54196 66683
74768 51894
49373 73245
56312 64423
70657 55312
54110 66896
98695 43340
45278 90960
46531 82679
70340 56232
50515 71882
46411 83465
45352 90261
47472 78138
47873 77561
52831 68659
71837 54044
44767 99997
53944 67159
54656 66015
66522 59970
53030 68374
47743 77991
52896 68618
78446 48966
52969 68381
48144 77414
53095 68333
71778 54152
56583 64276
69126 57854
53034 68340
75264 51326
59532 62099
70697 55016
74239 52116
68827 58106
46689 82039
78719 48693
58008 63059
68699 58392
72240 53708
45253 92158
45720 88477
68894 58101
78765 48604
52531 69166
58133 62847
69001 57950
70871 54860
69333 57749
52892 68652
72181 53816
60080 61887
59803 61952
52466 69207
70369 56112
58680 62740
78443 49078
57090 64195
101204 43194
67469 59360
63592 60591
63923 60545
62656 60771
67441 59364
74438 52026
48870 74371
62717 60764
70930 54752
70620 55338
71208 54646
63531 60598
63862 60552
64075 60470
63045 60698
69856 57298
70225 56280
45892 87470
78640 48816
49008 74093
66119 60306
70756 54908
64014 60477
70150 56463
48793 74607
70353 56187
48943 74134
70138 56658
58896 62682
52465 69540
71093 54694
44200 102197
45790 88096
54570 66228
70030 57142
77325 49789
45088 94498
52400 69581
62231 60864
80028 47818
44409 101782
46085 85054
63200 60643
79038 48331
63139 60650
70542 55518
71267 54538
62170 60871
48931 74329
87102 45310
54631 66221
69981 57202
47676 78024
61825 61431
69524 57499
61764 61438
68824 58296
82793 46189
69649 57403
82992 46099
48077 77447
82185 46500
82373 46393
84642 45931
46136 84719
84764 45872
61339 61531
61548 61496
82605 46296
83868 45983
61487 61503
46048 86447
81477 46798
64737 60379
54291 66563
61970 61382
74143 52134
62031 61375
48851 74402
69350 57655
62440 60829
44957 95318
71580 54414
87843 45145
46710 81795
69475 57559
73740 52421
74246 52064
84851 45849
47115 80363
81057 47002
81323 46883
69193 57849
81665 46691
96322 43998
44987 95227
58019 62964
70457 55555
57894 63176
59302 62115
73541 52511
73569 52507
80568 47438
74075 52150
81245 46895
44726 100333
82037 46661
57827 63485
69068 57945
80903 47087
68640 58440
82572 46303
44436 100758
59363 62108
69417 57650
69716 57398
68765 58344
44645 100343
81434 46828
81588 46743
74047 52154
57393 63611
46018 86538
70389 55884
64823 60363
69591 57494
84648 45898
64762 60370
59031 62262
59572 62073
46872 81263
70660 55279
