7491 1623.18
41408 121394
62550 62390
41422 121074
63330 61872
41367 121599
41511 120598
63435 61827
41534 120548
53243 72791
53237 72869
53392 72368
41548 120228
60770 63384
42715 107950
40711 127431
60875 63339
40861 125645
59385 64696
40590 128723
42340 110185
59490 64651
40740 126937
60727 63453
60578 63876
62254 62440
59342 64765
62359 62395
61905 62848
70874 54724
70769 54769
40685 127462
40806 126170
42251 110661
62087 62616
40535 129248
75349 52222
53257 72631
53152 72975
60592 63716
60635 63647
40618 128597
40889 125519
59806 64420
53102 73132
59701 64465
69787 55539
40768 126811
41006 124026
53587 72079
69682 55584
41127 122734
40951 124551
41216 122258
60476 63897
75335 52264
53630 72010
75062 52347
60433 63966
75048 52389
42497 109144
42924 107314
42368 110059
41072 123259
41615 118923
43013 106838
42059 112190
41466 120773
41657 117941
41700 117506
60025 64061
40923 124677
41044 123385
42180 110898
41974 113607
59982 64130
41824 115393
53195 72906
69668 55626
69969 55459
40412 130825
42030 112684
71056 54644
69955 55501
60130 64016
71161 54599
53300 72562
41909 113976
61220 63060
69189 55977
70052 55411
42208 110772
69773 55581
41781 115493
41739 116475
61761 62930
61368 62946
61263 62991
59658 64534
40293 140094
53637 71922
40321 139968
53151 72985
60581 63852
42279 110535
41852 115267
70276 55162
70262 55204
52332 74363
54995 68403
54952 68472
69280 55974
69175 56019
69294 55932
42087 112064
53003 73398
72219 53548
72506 53423
53108 73054
41572 119023
50544 76857
50699 76356
51184 75303
51029 75804
50572 76731
50727 76230
40977 124520
51035 75726
53435 72299
50395 77280
73056 53057
73343 52932
69150 56208
69164 56166
51212 75177
51317 75132
50423 77154
73414 52771
50550 76779
51063 75600
73701 52646
41931 113707
51168 75555
51057 75678
50908 76101
50578 76653
70367 55159
52062 74455
71726 53941
58745 65328
62747 62047
41099 122860
66346 57681
66776 57164
41345 122065
72577 53262
65861 57898
66762 57206
67063 57039
66564 57298
47657 90175
66578 57256
66865 57131
58640 65373
66671 57209
65954 57851
66148 57773
72864 53137
84933 49877
47387 91693
65751 58314
66241 57726
66958 57084
66059 57806
41188 122384
47630 90240
44846 101712
65844 58267
40894 125171
67517 56959
74588 52568
67610 56912
66468 57672
53044 73323
67428 56992
54717 68837
74602 52526
67323 57037
53087 73254
47658 90114
111428 47395
56822 66045
56717 66090
51013 76056
65006 58991
71664 54156
56430 66188
65116 58575
56281 66611
84947 49835
65817 58276
40739 127305
64459 59993
64954 59186
40384 139746
42508 108571
72878 53095
54582 69100
66657 57251
54433 69523
73428 52729
54477 69444
56674 66159
56325 66233
73357 52890
54427 69601
72520 53381
73715 52604
40656 127956
64299 60079
73070 53015
40107 143931
66944 57126
72233 53506
54860 68666
78336 51092
40266 141095
67713 56720
72591 53220
55153 68105
68000 56595
40234 141532
56282 66302
40357 139955
43458 104951
43041 106431
43069 106305
64794 59272
68093 56548
67806 56673
54097 70153
66561 57625
42597 108095
64621 59382
54285 69936
43130 105955
54434 69513
53949 70566
68583 56466
53992 70497
54279 70014
83675 50037
65314 58483
78623 50967
53948 70576
51613 74924
64511 59798
53843 70920
64272 60371
54539 69169
79659 50792
67699 56762
57127 66028
49544 80017
45159 101164
49548 79598
57232 65983
67986 56637
41854 114501
79372 50917
64714 59335
43254 105426
64604 59751
42004 112715
45363 100689
51718 74879
54384 69670
63901 60915
45391 100563
53800 70989
65403 58450
67608 56956
67792 56715
64887 59225
65209 58528
65099 58944
62852 62002
68870 56341
43158 105829
53942 70654
45187 101038
85969 49702
44001 103566
53688 71421
54817 68735
64392 60032
68458 56501
68745 56376
68652 56423
40533 129533
44029 103440
41769 115918
53793 71077
76344 51760
81819 50422
65601 58358
63139 61877
63034 61922
49576 79472
64011 60499
47450 91238
64104 60452
79619 50823
79605 50865
65496 58403
43860 103819
47423 91303
44064 103344
47275 92406
44292 102747
53645 71490
80917 50658
47422 91364
47395 91429
58597 65442
41685 117815
47615 90450
76152 51840
76989 51349
81779 50453
47060 93733
58262 65492
75865 51965
47180 92756
40181 142512
53564 72098
81053 50605
47540 90647
43736 104348
58219 65561
42387 109863
76702 51474
53521 72167
47022 95028
76832 51397
81067 50563
85929 49733
63764 61801
47568 90521
47325 91974
84362 49914
47297 92100
47567 90582
85384 49781
85344 49812
78280 51137
47152 92882
40828 125938
84348 49956
47595 90456
71715 54088
43647 104824
71653 54303
42536 108445
71740 53899
47352 91909
72084 53655
76358 51718
55537 66979
49431 80453
87937 49170
89187 48995
51538 74971
84347 49991
43764 104222
47134 93403
55580 66910
75521 52209
47254 92426
50251 77823
54674 68906
75879 51923
54278 70024
74450 52596
44593 102279
48526 84668
87951 49128
47497 90973
71678 54114
57827 65704
47469 91099
76716 51432
79473 50914
76166 51798
55388 67402
49646 79126
40978 124152
48312 85307
53794 71067
63984 60791
48340 85181
63874 61207
95462 48318
49403 80579
49795 78703
48167 86089
97810 48139
48195 85963
42625 107969
49508 80088
55233 67903
55429 67327
55280 67750
74737 52471
72022 53870
62612 62310
48572 84303
55472 67258
48544 84429
46941 95427
46843 97860
85340 49819
55685 66865
40773 126463
45653 100151
41428 120945
51816 74537
45594 100533
42032 112589
43240 105746
40800 126254
44092 103218
45682 99544
43888 103693
97947 47944
44635 101833
46881 96565
89201 48953
51859 74468
77003 51307
81107 50532
43282 105300
49083 81918
96173 48140
100161 47879
71577 54364
40083 146841
43116 106275
49119 81847
51510 75097
49123 81428
78007 51220
63781 61520
53766 71369
68079 56590
78164 51172
48782 83862
50842 76189
47371 91770
47642 90191
39960 148418
40562 129039
48140 86154
43846 104139
45038 101228
48880 82881
55323 67681
80071 50707
48973 82607
49278 80927
78350 51050
76559 51480
47032 93859
49035 82380
47030 94636
78637 50925
55274 67828
47524 90908
80085 50665
55382 67480
71488 54508
54361 69689
56176 66656
86865 49529
47106 93529
76009 51846
43722 104668
48840 83371
46994 95154
43675 104698
55972 66767
56077 66722
76846 51355
89385 48910
47226 92552
57870 65635
47781 88943
45914 98943
75722 51971
46282 98560
41643 118797
55125 68251
75995 51888
76545 51522
47281 92361
63918 60812
110042 47461
45710 99418
54525 69329
95854 48182
44502 102746
45875 99065
48448 84833
108324 47722
49063 82254
48908 82755
79510 50889
109799 47546
48678 84219
54213 70102
86634 49606
49488 80424
48797 83725
42125 111423
63808 61228
44509 102690
83281 50135
47496 91034
48420 84959
49151 81302
86929 49261
49814 78489
48868 83245
83296 50058
49950 78202
46531 98270
48276 85680
49306 80801
49801 78625
57618 65922
82609 50181
46192 98806
55929 66836
90874 48692
40683 127747
48421 84898
40045 147001
40440 130699
49969 77988
48757 84215
83282 50100
49997 77862
95739 48289
58861 64882
49616 79391
78294 51095
86178 49652
48285 85372
86594 49637
71311 54564
48275 85741
54318 69758
94673 48324
49842 78363
71591 54322
47819 88113
95840 48224
71042 54686
57661 65853
85612 49739
92850 48481
54256 70033
70381 55117
92409 48539
40713 127336
46809 98133
80958 50629
47792 88178
49665 78912
42743 107543
50279 77697
48122 86281
48168 86028
82595 50223
40386 134020
48090 86856
81662 50470
47937 87396
47207 92691
49040 82272
47977 87063
49012 82398
94448 48325
47978 87002
54212 70112
58818 64951
47820 88052
47179 92817
48005 86937
77868 51222
92648 48496
70755 54811
77854 51264
84546 49883
55107 68335
92423 48497
42771 107417
90635 48735
90649 48693
47847 87987
78011 51216
47253 92487
47727 88964
48095 86346
48313 85246
47950 87128
97933 47986
46310 98434
48248 85806
47700 89029
55167 67991
77846 51270
108567 47637
78025 51174
94080 48378
54054 70222
42947 107068
47672 89155
55059 68339
48393 85024
52344 73415
