6656 1623.67
71386 77858
71341 77963
71182 78087
71089 78134
72167 77127
71812 77342
71470 77723
71767 77447
71515 77618
72260 77080
71608 77571
71905 77295
73745 74881
74126 74470
73403 75262
73360 75617
73700 74986
74264 74318
73829 74746
73448 75157
74171 74365
74436 74255
72077 77232
73874 74641
73967 74594
74711 73984
72705 76270
74526 74150
80430 66628
73108 75788
73541 75110
78897 68235
72996 75992
79824 67198
80385 66733
79779 67303
80524 66568
61474 111166
72750 76165
77613 69347
77720 69294
77320 69765
61024 115755
76849 70386
77146 70110
78017 69018
78219 68777
72279 76786
76497 70924
77191 70005
78326 68724
78174 68882
73293 75716
78105 68983
77865 69176
76452 71029
78992 67993
76894 70281
77841 69180
77910 69071
80229 66865
77275 69870
80322 66818
79392 67522
77568 69452
79285 67575
78947 68098
79998 66952
79846 67110
79240 67680
72324 76681
79485 67475
78623 68448
73047 75889
72570 76508
79891 67005
80122 66918
78447 68610
80215 66871
76790 70506
79646 67415
78516 68501
77548 69598
79378 67528
78402 68707
79598 67423
75374 72761
74947 73400
76677 70870
80252 66845
78744 68334
75615 72394
76745 70611
78138 68904
75193 72791
78471 68606
79739 67368
78851 68281
65476 86915
80523 66581
64925 88399
77500 69711
64316 91634
75490 72515
79984 66958
65807 86140
75079 73364
63911 94076
75619 72275
64382 91357
76590 70877
65900 86093
75686 72176
62580 102700
64482 91196
67393 82678
77122 70114
62663 101918
65322 87347
64991 88122
74607 74031
75150 73146
66856 83508
77273 69978
64555 90506
75605 72481
65084 88075
63863 94523
77077 70219
77796 69285
64472 91288
102058 53126
74853 73422
75034 73392
77503 69703
66525 84283
74782 73640
65091 87961
62628 102253
63428 97838
67062 83453
73201 75741
75731 72071
75912 71857
65422 87186
66040 85490
76735 70698
66133 85443
65165 87809
66371 84715
68335 80971
72621 76405
65974 85767
64204 92037
66464 84668
66949 83461
65562 86757
78711 68413
67211 82931
66618 84236
95857 55412
66305 84992
97100 54789
103336 52877
68827 80246
63560 95607
75572 72488
102283 53080
84731 62219
79172 67939
68175 81462
103561 52841
68290 81076
95750 55465
78312 68730
79085 67946
67959 81851
97923 54458
96993 54842
85568 61562
63476 97391
69167 79615
101951 53179
66775 84030
103802 52778
66726 84138
63412 97904
102615 52991
63648 95083
100614 53686
104193 52718
126625 48473
65415 87300
97500 54618
76987 70234
85900 61473
63160 98587
101144 53473
78609 68454
99902 53859
66471 84554
104418 52682
66140 85329
94520 55919
99471 53927
96082 55376
64640 89653
100518 53763
103577 52814
61558 109382
94052 56132
98539 54362
101369 53437
65231 87532
62974 100025
62194 104566
63477 96389
61593 109047
100009 53806
68872 80141
96739 54949
60939 115954
62229 104231
60756 116504
64121 92819
126056 48524
68088 81470
89820 58119
97907 54495
104146 52763
123880 48869
68540 80823
61729 108076
68727 80717
98730 54164
116293 50006
61676 108265
85929 61402
86727 60971
63012 99899
126009 48569
63465 97715
68787 80665
62531 102822
84038 63002
84838 62166
93559 56398
60904 116289
62277 103784
62790 101333
79753 67362
89927 58066
100578 53755
97816 54511
117628 49793
63077 99369
67733 82047
64880 89063
62312 103449
98148 54422
64574 89930
83201 63659
88503 59330
64257 91848
60721 116839
61294 111391
61842 107099
65662 86596
72417 76634
60992 115765
63595 95272
77706 69300
97653 54602
89788 58231
115855 50010
62959 100088
68633 80776
93666 56345
62478 103011
86431 61235
113806 50378
63930 93500
61241 111580
61759 107881
63125 98922
88864 59170
90181 57959
118401 49629
125440 48620
120577 49284
62365 103260
85536 61674
93383 56597
101634 53357
84053 62761
105587 52147
114031 50342
67998 81848
95941 55380
122846 49023
85675 61509
127379 48413
63294 98316
68515 80831
65716 86325
94159 56079
111630 50723
61877 106764
91956 57272
92329 56852
112576 50573
119961 49380
67731 82245
100765 53661
120907 49230
91340 57368
96479 55018
84699 62331
88536 59231
119347 49479
63965 93165
97393 54671
110495 51058
61641 108600
83669 63446
88290 59559
92554 56816
115347 50156
100990 53625
116907 49907
121523 49134
84658 62610
90979 57528
101037 53526
128363 48362
129954 48287
105255 52246
116471 49914
64740 89492
68428 80924
92316 57021
94027 56185
125110 48674
106203 52051
88397 59506
61123 112697
98014 54442
62876 100870
117523 49811
61158 112362
90288 57906
60922 116066
62682 101342
127980 48367
86834 60918
124494 48770
121476 49179
84006 63114
89681 58284
117085 49815
118600 49614
68004 81746
69212 79510
94413 55972
106310 51998
91311 57439
86036 61349
105005 52405
122648 49054
61206 111915
83169 63771
114647 50246
118031 49665
61108 113971
82427 64547
60565 118900
94243 56047
89503 58501
60673 117286
91447 57315
118647 49569
114909 50160
123264 48958
68608 80784
63761 94834
119916 49428
114752 50228
88151 59724
76554 70912
69305 79463
84278 62725
98241 54381
129117 48302
61794 107546
67550 82275
86695 61083
108565 51343
127226 48427
63512 96054
104780 52441
106535 51962
61050 113976
92177 57186
92690 56692
60809 116315
123833 48907
67826 82000
117701 49719
110020 51112
85199 62006
89142 58661
103206 52926
89086 58947
122092 49083
64131 92727
93540 56534
68965 80094
102390 53027
94915 55805
112471 50591
98837 54111
125063 48719
63360 98039
88258 59671
90152 58030
95022 55752
67457 82322
68181 81423
83308 63606
100321 53804
80333 66791
92063 57219
105919 52058
96570 55002
113417 50441
105694 52094
78003 69024
84385 62672
112801 50537
93920 56238
104871 52425
110898 50930
111855 50687
124434 48861
123749 48908
62921 100214
88971 59117
111298 50822
113370 50486
130708 48227
60638 117621
69843 78846
92583 56745
115478 50109
82546 64359
87535 60551
88643 59178
101701 53338
60530 119235
120530 49329
89249 58608
63814 94645
106533 51997
62803 101139
89474 58572
91424 57336
122693 49037
92288 57183
63400 97997
91086 57475
117654 49764
131845 48162
67106 83255
87556 60387
106263 52043
110636 51016
61533 110214
103957 52772
108790 51307
85358 61891
112246 50627
122934 49019
76002 71099
87612 60101
64031 92888
91531 57283
97032 54831
63291 98484
97311 54765
105362 52193
64814 89340
124449 48818
86588 61136
98648 54258
69593 79099
98630 54346
103231 52895
115525 50064
62848 100904
84997 62051
106947 51769
128964 48316
61485 110661
104448 52540
130107 48273
63020 99489
102882 52941
82595 64229
84890 62104
107619 51493
114422 50282
119216 49518
83900 63359
106722 51805
100597 53712
88080 59888
91672 57279
101476 53374
109181 51247
99578 53874
123180 48959
83014 64146
95295 55509
99217 54034
70333 78168
85429 61727
99442 53998
99110 54087
116424 49959
68764 80701
81263 64678
87973 59941
93490 56544
124350 48862
89610 58448
126810 48464
63453 97808
87113 60618
110566 51029
115368 50132
131091 48222
117040 49863
96118 55178
75892 71898
108235 51397
67126 83097
83062 63824
106640 51944
107287 51592
64583 89773
89042 58953
101728 53237
125864 48614
61889 105020
83467 63491
90924 57661
94136 56100
80533 65282
109888 51232
62838 100996
69417 79362
