4899 961.701
79394 51015
77889 51716
78572 51533
79341 51120
79550 50882
80184 50744
77836 51821
79577 50867
79421 51000
79368 51105
77863 51806
77916 51701
79943 50866
78860 51367
79016 51234
80211 50729
78989 51249
78833 51382
78045 51583
77067 52234
77328 52083
76506 52601
77355 52068
78438 51567
77484 51950
77094 52219
78599 51518
77302 52173
77511 51935
78072 51568
76533 52586
86820 48811
86793 48826
87122 48773
65119 61164
65391 61156
65437 61049
87149 48758
88180 48675
77269 52180
76708 52547
88482 48637
65677 60692
80569 50462
81203 50324
64932 61369
80962 50446
81230 50309
81388 50163
80596 50447
64374 61841
78679 51445
81781 50147
76738 52457
82022 50025
78706 51430
81808 50132
81415 50148
76685 52562
64452 61835
80413 50595
80989 50431
76894 52324
82049 50010
76765 52442
76333 52691
76665 52578
79970 50851
66754 60097
76921 52309
82591 49930
67530 59500
82564 49945
64246 62078
47870 81878
48085 81025
51200 73493
48274 80693
51290 73292
65197 61158
51645 73077
65515 61043
51750 73032
65118 61184
64560 61656
65755 60686
64878 61541
47975 81833
51094 73621
66971 59722
66195 60319
51831 72892
50905 73953
63497 63229
67364 59706
63517 63203
63644 63034
66785 59907
77688 51912
51476 73107
48190 80980
66273 60313
51395 73247
87588 48746
46296 90480
63616 63056
66588 60303
65571 61028
65863 60507
76360 52676
66087 60498
63720 62968
63740 62942
51004 73822
46173 91378
66742 60202
86590 48843
63477 63443
63743 62887
86563 48858
59396 67229
46223 91303
53203 72127
54155 71298
62535 64847
46100 92201
86892 48805
82789 49800
83966 49645
63214 63676
83172 49692
54669 70979
87615 48731
54510 71015
61747 66159
55288 70419
74124 53850
53968 71328
62069 66029
54757 70899
59054 67649
53878 71529
74946 53332
81970 50099
83199 49677
82353 49991
74973 53317
54323 71045
64655 61654
86919 48790
62846 63872
63164 63757
54235 71125
57715 68352
59261 67268
62826 63898
58175 68069
48757 79410
63144 63783
48758 79393
59583 67138
48412 80207
48307 80252
48653 79438
51618 73099
45699 99842
72447 54801
54233 71246
73085 54338
63890 62504
63910 62478
45714 99448
56895 68808
63763 62673
73112 54323
48914 78928
61902 66130
63783 62647
48019 81455
56582 69127
59538 67221
62331 65392
72263 54856
48811 78941
49072 78431
71625 55319
73639 54001
55092 70748
51199 73576
60157 66661
60479 66531
72808 54587
73630 54069
48915 78913
48465 79755
81997 50084
48916 78896
72170 55050
49000 78609
82380 49976
72474 54786
62210 65796
62408 65016
73019 54517
65941 60501
59169 67506
48570 79710
60648 66387
91053 48199
55681 70403
82816 49785
60513 66426
48759 79378
60970 66257
71992 55067
62461 64987
64305 62062
49749 76069
75438 53168
57355 68525
49938 75737
60835 66296
90831 48262
49854 76024
70090 56619
50200 75210
82594 49826
50095 75255
50284 74923
73474 54236
50389 74878
65623 60864
89301 48335
82621 49811
61760 66138
80440 50580
89080 48547
59788 66946
59880 66708
90159 48308
75454 53070
75999 52801
49295 77307
73334 54278
49641 76493
64096 62114
49672 76296
70490 56455
56581 69252
75507 52965
60015 66669
49080 78160
65010 61363
46492 88128
72817 54519
75534 52950
75481 53055
56191 69732
56192 69607
56334 69430
56648 68986
55890 70063
56335 69305
76052 52696
78465 51552
70565 56020
55012 70805
48654 79423
49326 77110
53165 72132
49484 76975
49515 76778
49269 77828
55102 70604
55889 70188
69777 57107
64053 62409
52978 72162
62924 63866
67608 59494
49185 78115
69337 57450
73362 54250
56033 69761
56280 69583
76451 52631
56032 69886
46953 84875
69432 57448
74465 53369
53520 71849
50029 75685
88493 48622
57471 68416
61363 66241
71592 55401
72724 54713
47168 84022
47281 83394
57718 68238
47108 84030
53333 71879
63320 63490
73923 53880
49203 78008
62305 65794
72814 54549
45697 100539
47323 83177
45730 94871
45560 100825
72019 55052
56647 69111
72179 54982
60337 66539
47428 83132
49861 75964
57931 68133
60202 66578
69215 57451
70519 56362
84883 49031
53600 71744
47774 82318
67442 59700
70592 56005
53245 71959
70184 56495
70517 56440
52408 72327
58178 67955
57246 68550
68279 58660
86093 48864
45245 102455
46457 88622
70279 56493
71298 55596
46884 85742
58066 68094
84116 49256
45771 93219
62618 64429
50569 74398
69560 57110
70752 55893
45745 94477
72546 54730
50758 74066
47541 82504
49606 76726
62633 64015
70816 55746
85113 48999
67049 59716
51936 72847
63398 63484
48016 81800
85907 48952
50470 74738
56745 68878
68221 58717
74407 53536
62554 64539
50480 74594
70789 55761
71325 55581
45917 93141
48231 80947
45391 102377
45756 93613
52158 72497
59691 67040
46595 85946
47436 82549
83565 49676
52053 72542
57111 68589
70725 55908
47273 83977
69181 57742
46085 93029
52345 72467
71485 55484
85677 48984
73643 53887
66736 60249
68856 58154
69895 56977
46526 87586
68886 57801
46305 89030
68573 58334
69498 57271
74858 53353
52525 72262
69655 57108
49431 77065
53601 71563
50674 74353
69968 56620
53788 71533
56970 68695
58210 67885
58457 67707
67789 59065
87643 48681
52712 72232
66658 60255
81232 50296
45406 101983
50281 75070
45436 101929
46655 85938
64313 62032
46532 86836
84012 49368
74136 53747
50057 75635
73586 54172
74194 53580
