9823 2585.35
113066 177521
111208 186597
112491 179647
126897 140387
127085 140235
112455 179954
126804 140489
153534 114963
159636 113051
113862 174908
152248 115710
151957 115994
152010 115914
113770 175374
152301 115630
158117 113173
112399 180113
112132 181794
112224 181328
157926 113284
152687 115446
152439 115599
152492 115519
151829 116078
141461 122987
152878 115335
150178 117471
127531 139692
112939 177710
113835 174930
141494 122943
127145 140090
127719 139540
112847 178176
113039 177543
113376 176241
110215 193712
113284 176707
112464 179669
113772 175077
113743 175396
127136 140117
110084 194777
113680 175543
141785 122659
141752 122703
135674 128111
142129 122436
108640 222578
135483 128222
108491 237173
114784 172020
112372 180135
142096 122480
108599 224283
113232 177297
149987 117582
112031 184054
114519 172668
127438 139794
108604 222885
157510 113396
114240 173478
169721 110437
169907 110409
125014 142491
126668 140728
157446 113421
169491 110521
125289 141942
157701 113285
114699 172167
157255 113532
127591 139547
113989 174594
114964 171519
141622 122859
141913 122575
114060 173979
169305 110549
125106 142163
125186 142072
115206 171177
114267 173456
150278 117298
114726 172145
113384 176204
149610 117825
157030 113533
124981 142520
114991 171497
136269 127850
113292 176670
149419 117936
125710 141351
111717 186080
149761 117749
132436 131283
127994 139289
123668 145687
169629 110493
114811 171998
109984 194944
111939 184520
112966 177688
156659 113725
127901 139391
125471 141621
127779 139395
126957 140242
154057 114419
114546 172646
114663 172474
108702 218395
111632 186137
141537 122869
149810 117695
115658 170009
141504 122913
127196 139972
156977 113613
154248 114308
153713 114783
111012 187904
149619 117806
154004 114499
111202 187000
157648 113365
110920 188370
111157 187121
114024 174286
111110 187466
154195 114388
111541 186311
112336 180442
110917 188519
112096 182101
114690 172452
160981 112615
112188 181635
114087 173957
125378 141723
127384 139820
152120 115794
112428 179976
153904 114672
160790 112726
114365 173424
160565 112727
110497 190214
154562 114136
166955 110896
136831 127321
110494 190363
126224 140736
154895 114032
125892 141108
112004 184076
161856 112408
125985 141006
136643 127473
120196 156704
156266 113778
154371 114247
154509 114216
149161 118011
114819 171961
108982 211993
136160 127983
127094 140171
120223 156682
153766 114703
147080 119280
108502 236642
123748 145596
161665 112519
111968 184383
141880 122619
120234 156591
149859 117666
114921 171787
112655 178471
136348 127831
110642 189431
114051 174264
142373 121981
114231 173763
131957 131950
111882 184868
110734 188965
131832 132307
156839 113644
115101 171286
110589 189748
113945 174719
142340 122025
150050 117555
131800 132407
142717 121758
142383 121951
127324 139869
142727 121728
142760 121684
123595 145980
131754 132529
159894 112975
112500 179266
131786 132429
143325 121324
114929 171750
148073 118400
112628 178493
157573 113369
142981 121547
110190 194607
131925 132050
142416 121907
160310 112863
167329 110810
168109 110638
111513 186333
132145 131798
132186 131609
143024 121473
113644 175850
132374 131457
114095 173920
144000 120772
132624 131131
115479 170255
127419 139819
136727 127354
140864 123294
141923 122545
154948 113952
186683 107196
160889 112671
150187 117452
143702 121046
186735 107076
122901 147066
111065 187587
160473 112783
112536 178959
140907 123220
147166 119242
160218 112919
115330 170808
127512 139717
115394 170402
122981 146975
156213 113858
111772 185079
128767 137234
141956 122501
143358 121269
114016 174572
155947 113939
108928 212594
119839 157416
143368 121250
153957 114592
125564 141597
160374 112838
142201 122390
109321 204582
109358 202993
114483 172793
115214 170903
115659 169754
129223 135945
122655 147300
123758 145532
115506 170233
111727 185200
115921 169467
139171 125875
112592 178800
128642 137591
129025 136140
141208 123071
115686 169732
157393 113501
122784 147068
141251 122997
149220 117976
125803 141327
137477 126673
142211 122360
115894 169489
116283 168534
119953 157377
128194 139092
142244 122316
112140 181757
115616 170022
128534 138000
116200 168723
125811 141264
126050 140994
137668 126562
161764 112464
186064 107324
122563 147628
113725 175524
136694 127385
131368 133106
142168 122434
165757 111102
123286 145997
151121 116640
130062 134984
131569 132731
129775 135166
131650 132680
123998 144400
115421 170380
123879 145047
143669 121090
115241 170881
109471 202173
143745 120972
113882 174866
115158 171272
167395 110748
131400 133006
185426 107377
120022 156884
110966 187937
112232 181291
130919 133895
142948 121591
142991 121517
143292 121368
164814 111268
129587 135318
168652 110567
120379 156172
128900 136497
115784 169700
123771 145425
144377 120494
153966 114573
131169 133569
110227 192044
113494 175993
164499 111517
113927 174847
111903 184827
143712 121016
148259 118372
193724 106668
111995 184361
120163 156823
143335 121294
165005 111157
115991 169177
164590 111363
123276 146061
129536 135436
112499 179610
110829 188524
124106 143991
185612 107349
124231 143634
151312 116529
114935 171713
131201 133469
194506 106658
123678 145623
166262 110976
109902 195396
129213 135988
130951 133795
131243 133463
110921 188058
134837 128420
141605 122863
115065 171456
174716 108702
112196 181598
129348 135588
129966 135055
130828 134049
142684 121802
144665 120416
146861 119518
151412 116356
128610 137691
121988 149517
122131 149175
130860 133949
131078 133723
131110 133623
150987 116803
156786 113724
128735 137334
149406 117948
110687 189310
120690 155668
121638 150939
121896 149845
109475 200321
115796 169521
158064 113253
121559 151108
128868 136597
134598 128690
134097 129251
134288 129140
112874 178154
134336 128981
150610 117046
159004 113077
114456 172815
120717 155646
109765 198126
120136 156845
128993 136240
172421 109364
112069 182123
124243 143431
152952 115321
121709 150423
162252 112362
121817 150014
115955 169333
147143 119253
174025 108895
121308 152784
151603 116245
129316 135688
133680 129744
147243 119080
147429 119052
121530 151348
125050 142212
143944 120917
150419 117157
179161 107590
110406 190368
110498 189902
120641 155809
179577 107478
121651 150780
129181 136088
153190 115117
112838 178461
120978 154395
121451 151517
129191 136045
129504 135536
151174 116560
121086 153986
129743 135266
119866 157394
121135 153845
124448 142983
137303 126684
172837 109252
116025 169043
116101 168966
140136 125194
151365 116449
151882 115998
121909 149686
151040 116723
119045 159889
151748 116161
170658 110170
136362 127476
171280 109890
171613 109672
119228 159357
140072 125463
128502 138100
137112 126795
115303 170830
127231 139971
136892 127047
150173 117554
114884 171853
173112 109171
113486 176030
137080 126895
140094 125324
151465 116276
151656 116165
124323 143340
135309 128233
137271 126784
147754 118595
171094 109918
136924 126947
137501 126670
144033 120717
108746 212930
150940 116896
152173 115714
134566 128790
122233 148548
173839 108923
174530 108730
119038 160055
120580 155879
132736 130831
134065 129351
123987 144638
147463 118879
166150 111062
153243 115037
109684 198717
124151 143759
137533 126570
152999 115228
124384 142993
124476 142665
116953 163731
122037 149376
130559 134486
109929 195320
123818 145126
124139 143962
134789 128579
147434 118969
110318 191890
120466 155918
122576 147469
173528 109059
120977 155574
121644 150845
154857 114106
116980 163709
118832 160316
123906 144728
135118 128344
143137 121406
116931 163850
122362 148316
132924 130679
186446 107219
188795 106746
121958 149545
116722 164803
117413 162563
123196 146152
142793 121629
118671 160474
121788 150254
137342 126681
109313 207058
112049 183378
124259 143350
146818 119527
152761 115432
120269 156383
123787 145375
130436 134740
170472 110198
116904 163872
128230 138785
153052 115148
114377 173245
114619 172501
116695 164825
119072 159867
131269 133333
171665 109552
176187 107918
121386 151939
134304 129081
171442 109838
130241 134870
175958 107946
178520 107687
184810 107390
114450 173100
120021 157340
171851 109524
172081 109440
175516 108166
116108 168854
117150 163266
118164 161288
122704 147159
123565 145994
116892 164360
126676 140551
148664 118050
175287 108194
117340 162596
126864 140399
139224 125680
112260 180925
117291 162737
117337 162726
139454 125566
122154 148717
122203 148576
163202 111943
163392 111674
117101 163407
117128 163385
132659 131096
145373 119854
180024 107442
187517 107066
116856 164667
117583 162120
115998 169065
117367 162574
132959 130644
146635 119559
162875 112125
116303 168510
116646 164966
117561 162239
124063 144157
143401 121195
130468 134640
145085 119932
153675 114857
181580 107414
144708 120210
163583 111563
170281 110309
116673 164944
130487 134554
163158 112010
113256 176977
128418 138633
118118 161299
122282 148407
119669 157607
123184 146389
120406 156150
130182 134924
117610 162098
119235 159255
148473 118161
146952 119364
117177 163244
130704 134482
153632 114866
120296 156361
132486 131157
140426 123840
147038 119326
147881 118482
150663 116966
162978 112038
114160 173812
117534 162261
129934 135155
114170 173768
117525 162494
130266 134766
121866 149873
133847 129577
149539 117843
166173 110990
177444 107737
124014 144319
124351 143022
139422 125666
147590 118766
192413 106743
111720 185359
117914 161460
119125 159466
123135 146530
140598 123431
115351 170670
118115 161429
138018 125879
148373 118334
109504 199181
117255 163222
128182 139137
133648 129844
140641 123357
150472 117077
162595 112300
187538 106927
121945 149670
140942 123208
109411 202217
116898 163934
119486 158139
140985 123134
175248 108653
145756 119684
146275 119659
112105 181816
118495 160628
118541 160617
131301 133233
141683 122777
177215 107765
133448 130264
140401 123896
111812 184893
122455 148037
143104 121450
144957 120016
150372 117250
117010 163696
139192 125780
144249 120578
116113 168744
123895 144966
128089 139239
137830 126031
172235 109392
119152 159444
124556 142574
140229 124305
175255 108369
109792 195556
119308 158934
120242 156586
121243 153206
147229 119215
147503 118870
116319 165936
123614 145853
133909 129403
140444 123822
174474 108808
178851 107594
122376 148206
162743 112216
119418 158723
121292 153065
140157 124927
142750 121703
