1036 180.241
182758 93096
183894 92464
185458 92225
193963 90651
175376 93417
116370 128443
113200 130923
115241 129475
107354 180323
112865 131245
181853 93258
112665 131393
116539 128352
186166 92006
117695 127140
113076 131156
125322 118274
102628 207869
116482 128370
117610 127873
107375 180142
112330 131715
115704 128610
115611 129041
105512 183967
112372 131606
138335 106725
109121 144745
188778 90653
199755 89988
116028 128509
125637 116832
158180 97939
163561 95160
115452 129386
157849 98311
163517 95169
165741 94443
167203 94220
109417 144094
113552 130120
139786 106713
167184 94441
162604 95560
171561 93915
114397 129953
136966 108366
138053 107633
144824 100858
164497 94767
168149 93968
111837 132076
136918 108853
141001 105156
198589 90252
140900 106096
178902 93396
188453 90759
109613 143614
163019 95302
187551 90884
114476 129878
142056 105058
186872 91155
116750 128263
121156 120522
126837 116127
107687 179423
108095 176475
117763 126919
136708 109065
144275 103216
159695 95795
113217 130442
144742 101227
112090 131724
135458 109288
182958 92728
184123 92433
186664 91989
107958 177090
103105 207447
158959 96226
162076 95669
165537 94690
104426 193218
114489 129752
118883 123951
157016 99470
160679 95788
160795 95763
110629 133019
111555 132194
119210 122398
119488 122137
119660 121646
120288 120869
140533 106405
103710 205569
103873 205243
112048 131833
113565 129994
117505 128112
120077 121574
127241 115654
140562 106366
146789 100357
106196 180852
110403 135020
118727 124237
159583 95843
175146 93893
108441 146102
118332 126239
118624 124346
125301 118505
137198 108200
137477 107876
158613 97119
104252 205157
110877 132567
114752 129585
128452 114867
135939 109257
162506 95575
102525 210226
109922 138681
126097 116274
139900 106418
165627 94616
104790 191128
106030 181992
107538 179704
107793 178044
109142 144638
110698 132878
111123 132555
119036 123488
130895 114753
135270 113488
143372 103699
157080 98349
158604 97646
102464 211408
121827 118534
127442 115238
134322 113714
146320 100667
148973 100152
158682 96237
163765 94913
108299 146436
119073 123144
140693 106142
146405 100531
147389 100338
150173 99708
105651 182340
108929 145977
110038 137662
125985 116442
144698 101560
