18535 1080.6
127187 75353
127392 75194
127109 75423
139741 68674
137930 69215
127083 75460
126904 75582
125325 77042
126800 75689
125541 76902
123585 78259
120701 81020
132169 71841
127882 74376
132805 71326
130697 72703
132522 71555
129458 73407
136119 69857
126020 76065
131538 72029
136799 69451
125403 76972
130798 72651
140800 68086
137601 69247
134896 70436
132701 71433
134604 70448
142599 67208
138109 69194
134603 70506
135000 70329
129854 73318
133201 71237
130619 72773
134321 70677
135766 70143
130902 72544
127908 74339
130593 72810
133968 70963
130515 72880
128191 74110
127703 74498
128087 74217
124101 77404
129354 73514
133337 71151
126303 75836
127804 74446
129785 73391
136298 69735
131333 72188
127986 74269
136402 69628
145417 65480
136695 69558
133967 71021
134499 70613
134500 70555
136015 69964
129175 73636
131255 72258
134320 70735
140696 68193
133336 71209
133733 71032
131934 71940
131151 72365
131434 72136
137204 69424
138610 68910
134216 70842
135406 70244
140403 68263
134217 70784
135405 70302
130414 72932
130310 73039
132418 71662
135802 70125
126407 75729
130946 72524
135532 70154
140404 68205
132340 71825
133607 71122
131050 72417
131229 72295
128587 74021
127599 74605
123406 78381
126202 75888
133132 71310
126098 75995
135327 70313
134139 70947
137381 69376
142982 66873
129071 73743
125299 77079
129990 73232
140299 68370
147014 65020
127138 75392
127447 75126
125919 76117
129989 73290
127060 75462
126959 75514
125663 76745
125559 76852
170995 60698
127242 75285
126124 75958
125458 76904
125815 76224
156173 62643
155820 62698
155235 62805
156341 62577
126855 75621
158496 62217
153175 63217
154653 62880
145020 65657
123893 78054
151459 63560
156951 62462
128993 73906
144150 66183
125380 76974
155210 62813
155263 62765
146027 65365
153522 63116
151487 63520
152565 63332
150877 63635
155095 62831
146617 65197
159993 62017
153696 63096
149676 64061
152450 63350
149066 64176
152618 63284
154132 63001
125354 77011
149862 64020
140300 68312
148308 64497
161124 61781
125276 77081
130260 73203
127164 75355
148669 64353
145999 65405
126803 75640
154485 62946
150119 63956
147072 64813
148883 64272
127343 75233
157304 62407
151840 63465
141966 67251
154104 63041
159436 62084
152008 63399
157533 62387
138128 69030
154306 62981
156783 62528
150480 63812
141589 67455
155067 62871
149890 63980
157645 62378
143618 66358
155616 62710
156923 62502
153200 63209
159030 62187
152590 63324
160161 61951
156808 62520
147469 64636
152422 63390
158473 62254
155845 62690
152971 63229
157914 62292
150197 63940
158255 62263
157886 62332
153581 63114
160514 61896
163938 61531
158837 62188
162830 61691
149280 64095
156226 62595
156198 62635
162489 61720
166267 61262
164291 61476
164901 61361
159551 62066
158826 62199
161465 61752
160502 61922
165914 61317
166608 61233
143221 66535
170654 60727
159892 62037
157874 62358
163213 61664
165242 61332
160855 61867
166877 61147
159383 62132
164632 61447
144654 65932
157863 62369
148600 64400
163328 61646
146202 65339
157292 62433
125677 76435
163669 61617
164279 61502
156682 62548
167218 61118
170385 60813
166732 61214
141749 67397
125561 76774
138232 68923
139873 68580
156161 62669
139363 68687
170044 60842
148079 64521
169009 60963
168399 61078
159371 62158
141057 67630
166391 61243
166255 61288
148432 64466
153516 63188
150411 63859
142793 67099
170168 60823
122039 80228
138629 68746
154037 63067
139034 68719
163770 61597
170032 60868
140043 68382
170509 60794
169691 60897
124780 77086
122626 78757
148051 64561
146706 65088
169350 60934
150853 63810
123611 78222
122317 79023
124205 77297
122110 79612
168966 61030
