32162 1560.66
69997 48737
69869 48821
69900 48748
70687 48404
70349 48635
70252 48646
72608 46652
71716 47115
72406 46782
70821 47907
72848 46455
72817 46528
72437 46709
72511 46663
72945 46444
71173 47805
71588 47199
71619 47126
72068 47013
71940 47097
71511 47574
72789 46607
71971 47024
70724 47918
70693 47991
71542 47501
70221 48719
71076 47816
71045 47889
74113 44608
74534 44172
75493 43465
75998 43180
73070 45924
73639 44964
73274 45809
75141 43567
73509 45488
74246 44359
75121 43749
73874 44643
74769 43851
74226 44541
77129 41325
83465 37699
76008 42303
77446 40755
79716 39068
80095 39023
76798 41876
77885 40163
80628 38685
77206 40981
80158 38805
80332 38723
84594 37132
83682 37515
84298 37170
87170 36382
86874 36420
86700 36502
87566 36228
84124 37252
84990 36978
87392 36310
81830 38115
82004 38033
83508 37597
84816 37060
87883 36193
88575 36001
89121 35960
85307 36943
88179 36155
88401 36083
89236 35955
86545 36710
85603 36905
85999 36751
86660 36705
88112 36187
83978 37477
84089 37357
85825 36833
85536 36937
82300 37995
83013 37806
90214 35869
90875 35823
90329 35864
82522 37923
89668 35910
79625 39143
82696 37841
81388 38378
83242 37800
83309 37768
81024 38531
97193 35217
95554 35349
96532 35263
93482 35518
95439 35354
79479 39368
91728 35655
93367 35523
94028 35477
95986 35304
96647 35258
91332 35809
91554 35737
92274 35614
92389 35609
94893 35395
79799 39061
92821 35564
79183 39406
78501 39818
80850 38613
79009 39488
100989 35140
100328 35186
77873 40734
101741 35074
80012 39030
100220 35197
101313 35106
100648 35165
101080 35120
100652 35152
99987 35211
107354 34947
106926 34979
106693 34993
105941 35059
106265 35025
106602 35013
79542 39150
81684 38340
86665 36607
79034 39480
81214 38460
