4323 1082.81
65436 81926
65428 81983
64205 83125
65019 82355
64197 83182
65027 82298
65857 81414
87081 52741
64454 82997
91152 50428
87499 52397
91570 50084
89846 51043
92007 49910
91429 50247
90283 50869
95168 48776
95605 48602
88020 52126
93339 49331
95022 48789
93363 49221
92840 49441
95459 48615
93733 49176
93862 49111
92385 49723
87481 52505
87272 52606
90888 50575
93776 49157
94086 49073
94936 48835
89164 51534
95402 48740
86835 52780
94850 48885
94523 48899
89182 51426
92403 49615
88996 51647
92699 49604
95786 48601
93690 49207
92926 49395
87108 52641
90906 50467
90226 50935
94299 48937
89619 51252
89828 51151
91552 50192
95256 48753
90056 50969
91343 50293
92176 49824
91739 49998
92773 49570
94008 49098
92262 49778
94445 48924
92822 49549
91985 49959
87629 52370
87793 52335
89455 51287
66981 80077
88559 51821
87356 52509
66881 80346
89703 51155
87879 52289
90804 50598
85192 53940
80430 57726
89392 51352
84062 54673
90367 50772
80344 57912
84454 54240
66863 80433
78018 59608
88832 51682
85584 53507
79300 58459
67518 79721
92012 49859
67633 79433
68054 78921
86021 53333
83172 55389
67641 79376
79773 58400
83944 54916
86369 53130
89655 51194
67962 79133
90890 50552
87308 52548
84927 54181
83015 55493
66402 80632
67630 79501
68062 78864
66410 80575
91179 50328
67904 79205
68051 78989
65981 81144
65989 81087
94893 48854
66117 80994
88716 51776
86105 53236
86801 52886
66973 80134
87931 52153
66538 80482
89082 51601
93296 49350
93345 49329
84975 53969
90488 50725
66310 80844
66287 80920
67526 79664
86628 53016
79567 58417
65131 82253
88452 51882
89976 51016
66295 80863
66109 81051
88141 52079
85951 53474
80235 57973
78694 58720
88975 51662
76902 60545
85498 53749
82882 55695
66866 80365
82409 55754
78184 59396
66530 80539
78542 59136
81733 56642
83906 54988
67109 79984
67912 79148
84266 54532
85396 53799
82257 56170
81127 56903
83420 55306
63817 83610
82077 56180
83539 55021
60252 88676
65259 82160
66238 80959
65802 81462
65794 81519
88368 51979
66704 80454
65930 81369
59453 90683
88325 52020
60963 87068
63450 83992
65325 81997
67101 80041
67454 79751
59925 89416
58693 91584
62739 84725
81375 56820
59738 89791
61078 86780
82392 56152
82984 55681
86542 53062
59853 89503
79824 57987
60032 89185
61686 85893
58909 90862
63932 83322
63442 84049
63511 83834
65680 81648
79814 58372
63098 84423
60040 89128
82399 56139
54076 106932
78684 59105
86499 53103
65978 81212
54062 106968
64754 82495
67875 79239
80297 57928
53891 107961
65552 81741
58722 91237
65672 81705
61678 85950
64746 82552
62879 84490
63213 84135
63924 83379
53757 108371
65544 81798
54110 106639
61414 85998
65317 82054
53942 107342
63634 83623
54158 106037
55130 100901
63396 84122
61406 86055
66748 80439
60955 87125
54096 106675
62871 84547
60244 88733
64333 83007
54343 105008
54739 102742
54725 102778
62731 84782
53672 109646
54079 106854
56469 95320
61299 86286
54742 102664
55936 97210
61219 86430
53877 107997
55548 98973
60137 88964
76743 60902
59845 89560
53502 113420
54969 101677
83976 54847
58279 92946
54420 104181
55531 99087
60465 88239
68190 78771
55116 100937
76412 61108
53976 107049
69494 72737
60393 88326
61070 86837
63140 84410
54605 103152
55758 98100
60401 88269
54161 106020
53599 110263
66399 80700
60129 89021
101127 46906
54554 103771
62692 84865
101693 46667
102650 46483
55411 99461
53429 114037
60286 88557
98019 47730
59529 90275
55988 97091
58336 92884
77429 59674
55775 97986
63832 83591
55922 97246
54996 101311
97582 47904
57394 93712
76919 60350
120689 44229
55638 98474
54123 106621
62398 85045
63090 84480
85978 53374
114458 44839
100757 46951
55182 100782
65251 82217
56283 95849
60948 87528
61112 86661
61827 85543
62236 85171
62684 84922
60580 87951
103689 46391
54335 105456
70210 69814
69199 73246
98105 47684
108694 45554
81899 56430
121640 44125
54257 105479
55895 97612
122569 44038
61227 86373
70155 70254
115497 44747
67769 79283
98542 47510
103529 46416
54540 103807
72623 64959
122788 43975
55545 99051
130173 43455
53583 110602
100599 47055
126915 43664
98516 47670
120908 44166
61291 86343
63434 84099
97606 47794
115419 44783
54928 102135
113149 45052
120550 44275
61104 86718
117606 44541
124056 43868
130905 43414
55968 97103
69039 73739
75888 61276
115036 44810
117377 44556
130341 43440
55343 99950
105556 46079
69238 72974
55802 97620
70479 69246
118433 44477
77178 59776
98251 47671
98688 47497
101681 46758
111415 45227
55042 101168
58578 91872
106866 45825
114196 44912
113022 45058
120296 44287
73543 63697
114239 44902
126183 43705
53784 108317
110793 45300
60822 87757
116567 44633
114687 44824
127144 43649
72986 64133
101839 46654
120047 44301
55223 100324
103698 46302
125144 43797
69824 70706
111966 45151
120857 44224
121947 44074
54447 104127
99645 47313
123827 43883
127817 43633
68383 76948
79065 58462
74769 61534
122296 44060
54185 105983
108414 45632
122525 44045
123520 43934
69774 70710
108913 45491
124559 43842
119818 44316
72017 65868
71307 67314
60278 88614
67582 79658
103242 46467
71140 68351
110531 45373
62211 85420
111983 45150
56149 96259
76797 60755
97933 47780
68284 78491
109994 45436
120646 44239
73602 62945
111372 45237
121137 44151
123017 43960
55772 98064
71743 66418
104302 46246
55909 97576
56849 95015
111708 45161
58682 91849
77168 60161
101535 46771
110544 45314
78100 59593
124788 43827
78482 59340
122620 43990
132953 43339
58453 92038
68527 76232
80551 57621
121486 44137
69863 70434
73239 63771
101394 46900
107823 45641
71631 66977
111634 45164
114221 44907
122021 44071
73560 63299
109645 45450
116119 44711
117070 44607
56029 96633
116338 44648
120982 44163
54674 103140
75852 61522
55162 100794
104801 46105
115190 44798
123352 43949
68840 75131
81034 57177
72978 64523
113252 45046
54815 102155
61735 85755
104655 46118
72095 65319
90882 50592
97091 47993
107324 45782
57501 93099
103844 46289
111276 45273
126412 43690
58794 91150
96009 48290
99015 47483
102796 46470
71923 66126
129302 43532
74120 62781
61720 85774
119123 44399
119599 44379
128717 43577
54791 102623
71654 66694
119785 44374
62406 84988
69094 73690
125708 43771
68895 74455
113514 44973
118694 44470
68885 74949
112315 45137
96379 48245
103675 46403
112673 45072
113346 44988
68726 75467
106240 45941
109262 45477
69719 71150
104159 46279
116075 44718
124976 43812
125876 43756
105891 45955
118923 44455
126015 43720
131073 43399
110325 45377
123659 43898
68950 74015
114100 44948
54935 101781
70573 68988
104436 46181
130034 43491
61835 85486
62228 85228
64325 83064
97539 47923
54003 106995
55734 98444
59445 90740
108555 45600
132221 43380
57100 94754
61712 85831
69522 71794
69575 71475
71218 67590
95851 48394
104582 46168
105745 45968
71163 68030
74176 62111
105672 46018
107561 45714
106646 45929
114407 44897
121714 44122
60588 87894
107181 45815
116170 44663
69149 73250
69721 71029
70215 69335
71670 66488
73111 63888
127985 43618
96646 48188
106784 45876
118084 44491
60901 87708
69483 72942
118904 44462
103500 46465
121943 44107
112747 45069
64456 82796
69444 72950
70324 69296
96945 48006
56163 96223
60909 87651
68641 75896
97169 47968
119556 44389
132331 43340
60473 88182
69938 70293
71526 67204
56409 95699
72712 64683
73036 64129
107604 45704
117209 44571
71528 67083
74137 62383
80561 57236
118765 44464
72639 64753
98869 47496
110282 45387
58383 92843
115908 44736
118261 44490
57274 94086
59635 89801
115264 44795
58391 92247
129954 43518
72839 64629
125373 43782
70651 68439
112366 45123
122401 44053
115493 44780
106094 45954
113005 45059
