3360 661.167
59265 61665
59634 61498
59896 60943
59575 61562
63229 58613
59703 61336
59287 61630
59597 61527
62919 58716
59508 61609
59656 61463
59837 61093
60542 60418
59644 61486
61164 59772
59859 61058
61090 59784
58863 62944
60232 60521
60584 60335
60765 60254
60475 60465
58959 62594
61426 59362
76933 46001
77505 45637
76893 46041
77465 45677
59141 61838
61500 59350
62027 59042
77390 45737
59918 60908
64624 57328
76544 46207
76459 46253
64664 57288
76619 46147
77076 45883
77116 45843
76659 46107
77191 45783
77231 45743
76504 46247
58881 62886
77687 45618
58977 62536
65068 57011
59786 61194
62174 58933
62134 58973
64802 57177
76591 46201
61271 59703
60830 60108
63811 57946
64831 57131
60139 60887
61647 59241
58186 63555
64871 57091
63162 58660
82405 43130
81509 43428
64031 57882
82679 43024
64733 57202
82533 43103
61607 59281
65097 56965
78008 45584
60904 60096
82375 43161
79553 44488
78192 45562
57015 64708
82014 43218
77854 45614
81783 43322
56975 64748
56934 64976
81740 43324
79953 44145
80409 44020
76706 46101
58146 63595
59057 62350
59373 61622
82490 43105
80227 44039
56894 65016
112270 39412
85471 42006
57235 64518
61917 59178
62484 58830
84487 42226
84718 42122
86248 41847
85067 42099
108505 39619
104380 40119
104899 40086
60173 60671
79913 44185
63312 58382
82764 42999
105336 39988
79827 44382
74912 47182
80525 43781
80799 43675
81391 43514
85495 41963
62444 58870
74872 47222
105482 39909
81030 43571
80756 43677
80990 43611
74987 47122
79784 44384
74167 47872
64077 57780
113152 39316
68067 55458
74128 47964
75027 47082
85844 41940
80716 43717
80248 44025
80485 43821
74512 47525
80144 44081
64940 57050
67757 55561
80184 44041
74243 47864
79276 44732
102636 40340
84183 42363
64674 57216
51671 74423
81379 43548
51744 74194
78267 45502
74627 47425
64413 57358
51611 74622
79236 44772
57195 64558
74282 47772
74472 47565
74587 47465
79319 44730
79005 44876
73524 48359
73639 48259
85264 42067
57480 64228
63578 58216
51707 74272
51840 73844
51767 74073
108476 39645
84572 42201
51583 74627
63634 58169
68423 55095
68507 54741
73045 48959
73160 48859
79045 44836
72933 49110
68522 54644
51017 76130
51090 75901
87405 41639
50833 76684
50911 76526
87927 41539
103034 40163
68562 54604
51416 75800
50957 76329
87781 41618
89442 41309
105388 39935
109464 39488
89055 41348
88276 41516
68463 55055
80017 44129
64999 57036
105734 39811
109318 39567
73448 48391
89404 41325
73258 48838
78217 45559
79901 44368
68991 53407
82159 43198
68654 53832
54544 69214
79636 44429
85349 42042
75186 47076
79676 44389
53318 71152
52746 71440
69104 53337
83588 42554
81928 43302
87056 41662
83734 42475
53496 70278
66829 55689
69031 53367
88824 41452
109439 39501
79445 44493
80458 43935
93780 40608
102888 40242
53865 70111
69144 53297
53358 71112
80418 43975
53806 70175
66519 55792
81654 43408
52650 71790
52706 71480
57440 64268
52907 71438
59228 61780
80901 43657
68694 53792
91557 40776
86652 41755
89717 41242
81175 43551
83199 42716
90780 40935
82838 42773
69201 53288
81885 43304
57399 64496
92069 40610
73563 48291
91519 40792
66486 55839
79405 44533
51456 75347
65291 56540
68857 53687
62411 58888
68971 53419
68570 54186
109585 39422
65465 56390
51479 74795
73913 48153
83503 42579
83187 42750
69241 53248
80670 43761
68610 54146
91261 40795
75630 46528
75745 46428
66115 56098
83822 42420
65891 56238
68503 54988
84341 42305
88909 41427
86220 41919
53276 71271
65487 56355
73434 48753
74065 48108
80944 43655
65313 56505
83357 42658
87174 41655
64373 57398
75785 46388
75944 46382
76019 46322
105880 39732
67187 55563
94319 40455
53056 71337
76059 46282
53115 71273
53400 70628
61311 59663
51185 75889
87523 41632
54471 69443
75670 46488
82711 43000
66624 55728
53016 71377
105156 40006
53075 71313
74786 47419
53657 70276
61953 59054
75273 46752
75547 46646
69684 52458
51056 75943
83414 42625
82356 43191
65797 56252
68643 53972
75233 46792
86279 41821
65775 56287
68897 53647
77592 45633
53300 71208
65913 56203
84070 42393
62721 58785
69724 52418
50923 76371
56246 65277
50082 85318
80291 44023
52390 72736
54962 68384
106922 39667
69498 52694
71611 50383
91063 40812
64107 57564
82636 43026
69538 52654
56206 65317
52463 72507
65193 56660
66934 55625
56073 65745
64147 57524
71995 49944
58714 63031
83591 42524
90551 40978
51425 75776
56113 65705
88539 41482
58900 62744
50799 76726
55196 67702
58918 62686
90513 40994
50983 76172
55035 67704
65757 56292
53440 70588
59022 62375
70137 52035
54779 68751
61011 60027
68451 55086
69291 53004
65447 56395
68829 53736
69437 52808
73085 48919
55847 66518
55473 67527
70177 51995
62371 58928
50699 77306
71530 50419
72452 49475
74409 47709
66381 55903
73837 48185
55576 67456
52073 73488
69991 52231
76241 46263
50319 80609
58998 62500
65153 56700
69951 52271
52000 73717
65273 56545
55938 66383
72973 49070
50703 77076
55887 66478
55712 67156
50531 78010
50603 77656
69477 52768
70572 51713
54431 69483
65425 56430
55978 66343
50827 76721
50521 78439
54504 69254
69251 53044
71661 50139
55339 67577
71490 50459
71955 49984
71665 50091
56615 65110
72082 49662
72005 49740
54683 69101
87833 41592
71947 49990
90055 41075
61051 59987
56019 66157
52550 72370
54922 68424
69833 52394
56575 65150
50383 80387
54995 67744
72045 49700
54866 68734
70451 51889
69890 52385
72122 49622
72502 49231
55299 67617
70532 51753
71116 50857
54739 68791
70411 51929
78307 45041
50150 81395
70346 51989
71028 51588
71076 50897
93829 40459
65104 56745
50520 78525
54643 69141
70806 51647
95058 40405
50283 80967
65349 56466
70386 51949
72412 49515
90917 40891
58222 63048
69647 52630
70846 51607
59067 61850
71126 50653
57671 63937
91923 40689
89774 41137
86397 41814
50438 79308
71166 50613
71615 50335
57912 63778
50466 79303
55828 66774
89505 41257
56054 66001
57631 63977
56187 65573
50211 81255
89736 41153
53887 69618
