60719 3061.73
62294 53773
69525 46631
68175 47353
64962 50412
68873 46985
69236 46636
63853 51311
69123 46880
67570 47839
67933 47490
64535 50876
64479 51028
64942 50499
65367 50207
67270 48273
66064 49536
64700 50636
65730 49858
62408 52636
65701 49885
63426 51775
64592 50784
65126 50341
64258 51106
67457 48083
62521 52392
65973 49666
64864 50565
65204 50275
65588 50129
65865 49814
65368 50204
63591 51535
65531 50136
67812 47702
66348 48982
63630 51493
63833 51398
65943 49748
65934 49753
64661 50723
67097 48433
64095 51174
64903 50523
63289 51981
66461 48738
66855 48570
64500 50969
63250 52023
66703 48601
65609 50070
66161 49172
68676 47151
69585 46465
68282 47319
68524 47182
68853 47057
69095 46920
68504 47228
68746 47091
69616 46067
70905 45390
69965 45896
71214 45065
70556 45561
113424 36320
98114 37425
105406 36594
110347 36381
112288 36351
110699 36365
70623 45400
98908 37302
97930 37487
99663 37272
101888 36995
96752 37564
101701 37009
98301 37411
96229 37708
109211 36412
100270 37163
97778 37555
104044 36733
101635 37072
103250 36856
107622 36426
106073 36579
70274 45571
103857 36747
100339 37148
71205 45219
100086 37225
102495 36886
70911 45347
98724 37364
70562 45518
96568 37626
71146 45256
101365 37139
79441 40823
73636 42685
73985 42514
72674 43104
75900 41908
71394 43627
73054 42866
93035 37939
93607 37838
91457 38133
89766 38503
89886 38462
90885 38234
92512 38083
86859 38975
87431 38874
87907 38790
89602 38510
90362 38378
79728 40671
83441 39777
89002 38545
88430 38646
81370 40258
85217 39388
85360 39355
81227 40291
83321 39818
87311 38915
82869 39878
76187 41756
87147 38922
83157 39825
95123 37747
72325 43275
79379 40842
75838 41927
73577 42722
78797 41023
72705 43037
84689 39459
75779 41964
82198 39982
81387 40179
85900 39132
84401 39512
80411 40415
78369 41120
79320 40879
84973 39411
74145 42402
74668 42258
77686 41317
78209 41173
86472 39031
80176 40506
76347 41644
80983 40314
77442 41399
77846 41264
79888 40559
81910 40035
72834 42992
83481 39706
75256 42108
73796 42573
86948 38947
87471 38803
89621 38508
92648 37995
77158 41447
85665 39223
85377 39276
92076 38096
76060 41796
88043 38702
88927 38619
82958 39850
90498 38290
83878 39656
76635 41591
89926 38391
82482 39934
84053 39605
80699 40362
84166 39603
81271 40261
78134 41211
81675 40126
78941 41019
79539 40730
89403 38535
74433 42349
82770 39881
79480 40767
76870 41500
75939 41852
78957 40911
74956 42205
86188 39079
79601 40711
78657 41067
73737 42610
71743 43456
73214 42754
75240 42157
69846 45930
75416 41996
75998 41815
86760 38978
85261 39358
96441 37691
71903 43344
94925 37782
