755 120.149
112194 60731
112386 60605
57990 111188
111524 60790
107884 61769
111643 60751
80514 66304
80693 66069
60601 88541
60954 87649
60727 88096
78311 68470
61059 87424
67481 75734
58560 104050
58217 105995
98965 62979
113446 60492
58977 92653
61344 87224
63138 81641
60815 88069
60820 87753
61508 86940
58928 93968
61403 87165
62622 82738
62897 82693
74279 69744
63215 81093
68155 75510
99247 62845
66966 76615
68388 75007
58523 104178
81363 66038
97065 63686
62942 82243
67145 76263
57884 113601
67692 75673
78755 67705
82629 65577
106217 62032
108672 61385
69925 72146
71333 70708
108949 61219
59439 89807
69703 72389
71368 70508
109331 61008
59790 89566
60200 89016
107277 61962
67393 75849
74238 69758
78934 67470
80107 67049
82340 65854
94805 63886
57833 113959
58242 105194
73893 69824
80195 66934
107920 61390
57382 115145
62403 83526
80356 66673
67005 76313
80286 66814
82450 65812
58374 104187
62231 84488
68527 73973
70264 71874
61698 85958
68011 75618
79607 67284
59323 90395
62180 84998
63173 81537
63856 79412
82144 65919
100010 62580
62612 82916
66103 76798
70922 70825
78343 68151
80411 66471
82519 65619
65222 77165
66424 76793
69573 73013
73889 70039
78530 68038
79489 67436
84823 65556
98538 63140
58831 95297
63368 80077
69402 73348
69623 72945
71079 70781
74678 68885
75456 68658
84977 63983
58296 105134
58711 100380
63096 82085
69702 72761
98572 63120
58031 106132
58639 103189
59218 91533
63358 80883
64376 79055
74280 69085
57535 114491
97775 63641
98854 62986
57242 116857
59309 90596
67162 76128
71959 70399
73671 70350
75008 68835
100231 62390
