8526 1923.69
50076 83378
50298 83279
50593 82858
95969 42341
50359 83244
50456 82967
95723 42369
93423 43065
52032 80454
96037 42328
51581 81453
84297 46889
98098 41946
49842 83764
49619 84032
97784 41987
51610 81341
83796 47174
49385 84418
49699 83993
49618 84090
50896 82010
50993 81733
84237 47051
50615 82787
84543 46861
50859 82236
50762 82513
63371 56887
63439 56781
84588 46774
93901 42860
94313 42688
62907 57562
63924 56295
94754 42565
62541 58418
62975 57456
62815 57693
49939 83487
62883 57587
62958 57515
63722 56366
49482 84141
77659 49121
63647 56438
54691 68673
50858 82298
63579 56544
94215 42819
54623 68779
94783 42556
84182 47104
95068 42524
63347 56912
63279 57018
96094 42319
63882 56298
94627 42647
49241 85086
49104 85195
63422 56840
54530 69742
110387 39328
110701 39287
108046 39633
54785 67793
107125 39760
106418 39919
93494 42990
111622 39160
106536 39879
105131 40098
104817 40139
104424 40257
106052 39971
96180 42314
104110 40298
106811 39801
83672 47333
48860 85530
104228 40258
110112 39406
106222 39920
84042 47146
104542 40217
103521 40417
63487 56675
103835 40376
63630 56497
63555 56569
51797 80818
63115 57219
63183 57113
63258 57041
102261 40842
102575 40801
63091 57244
49047 85365
95224 42433
105829 40038
54558 69394
54816 66959
63023 57350
101221 41113
101928 40954
55182 66103
100892 41208
95538 42392
99961 41538
100339 41474
55001 66283
55367 65427
112338 39143
103327 40543
49317 84876
101599 41049
54431 69971
102738 40662
63166 57172
95097 42515
67058 52736
66898 52804
55069 66177
56494 64267
111417 39270
56012 64704
55144 66105
54499 69865
52254 80355
56637 64089
95866 42355
56562 64161
56155 64526
56080 64598
56315 64458
54731 67809
64973 54387
78594 48866
64328 55110
70080 51145
64536 54767
70342 51098
63962 55966
101467 41085
101138 41180
70690 50832
58645 60833
57925 61628
54959 66781
54884 66853
51707 81064
58000 61556
71637 50595
72247 50282
58570 60905
57559 62484
57857 61734
65181 54044
57491 62590
58502 61011
57679 62389
71899 50548
47072 88086
46983 88488
102174 40926
46794 88894
46605 89542
64403 55038
61071 59226
59080 60351
64611 54695
115187 39024
46327 90350
104474 40230
59414 60203
103052 40621
107457 39752
67254 52542
65048 54315
46694 89140
101810 40994
46416 89948
59489 60131
69116 51543
68280 51976
55325 65925
55510 65249
59012 60457
111565 39206
73182 50027
59155 60279
47181 87889
55435 65321
57634 62412
108910 39552
107989 39679
73069 50127
72689 50134
67864 52229
69651 51302
69726 51230
65256 53972
113650 39042
59315 60211
60625 59439
55670 65181
61799 58628
67363 52514
60977 59261
61724 58700
46903 88697
55917 64884
79006 48694
105995 40017
65717 53556
106104 39960
65416 53904
66143 53343
71486 50643
72159 50472
57758 62190
59649 60063
61146 59154
57826 62084
78821 48804
65977 53509
68355 51904
78071 48949
64037 55894
54788 67342
67006 52800
67013 52780
70615 50904
66753 52827
67488 52376
68890 51663
60959 59291
66126 53402
51117 81574
54973 66666
66593 52895
102984 40634
58084 61417
55849 64990
65557 53624
72172 50354
55787 65143
100480 41380
69378 51496
50739 82628
57672 62410
66266 53145
68965 51591
103767 40389
64771 54627
54703 68192
66518 52967
79628 48399
108424 39574
61612 58765
66051 53474
104081 40348
47361 87508
58387 61171
67354 52534
105377 40070
46161 91452
46296 90824
114366 39025
68768 51809
100809 41285
105761 40051
105063 40111
107609 39714
51632 81268
46072 91854
46525 89751
58367 61180
49240 85144
60902 59333
75587 49393
103445 40503
86300 45340
87092 44940
48903 85520
86470 45251
86141 45346
86933 44946
87262 44851
55506 65283
86553 45174
47580 86847
68656 51829
69527 51467
86712 45168
80563 48144
76176 49336
103298 40593
47400 87228
65970 53529
68581 51901
58442 61108
79216 48571
45638 98019
55581 65211
55992 64812
81619 47761
45511 98594
58737 60685
60550 59474
58594 60863
55250 65997
85688 45799
46270 91255
87374 44823
49373 84623
75512 49465
109345 39447
57392 63046
58669 60791
105615 40052
85359 45894
48482 85677
67179 52614
73107 50099
64504 54966
83034 47533
87703 44728
51894 80541
107057 39773
89260 44178
67563 52304
68046 52142
74386 49648
82564 47621
64296 55309
81420 47998
74762 49610
93523 42981
74837 49538
93053 43113
93837 42940
74311 49720
87504 44768
62225 58528
49347 84706
67789 52301
86110 45491
62150 58600
69638 51420
45779 92552
85781 45586
93964 42858
45709 94722
58227 61239
106468 39892
79148 48677
97167 42010
70527 51094
82191 47757
52513 79827
48259 86054
58152 61311
96853 42051
70915 50816
45888 92355
48755 85668
69929 51193
50592 82916
61447 58806
61260 58943
99104 41569
61372 58878
79560 48505
61185 59015
66167 53207
54545 69422
48079 86435
86882 45079
47022 88282
84952 46334
54257 70535
57460 62940
112486 39079
54613 69316
84623 46429
73624 49879
56682 63099
67203 52582
45620 98397
45100 99911
52030 80490
58510 61002
96412 42174
98251 41864
75217 49531
45309 99361
80151 48316
65618 53618
100156 41485
73549 49951
78708 48818
47894 86564
85064 46306
62453 58431
70602 51022
80336 48282
54325 70429
68173 51991
50414 83112
54072 71211
68098 52063
101535 41072
89508 43954
64229 55566
89949 43831
85771 45722
99820 41552
52122 80405
91209 43406
96250 42247
90768 43529
68586 51896
65458 53686
74213 49822
59676 59994
81531 47951
91538 43311
101206 41167
92288 43166
91959 43261
90699 43686
89837 43859
94278 42817
71057 50756
71132 50684
100568 41313
71928 50495
91097 43434
91518 43384
75716 49386
72614 50206
98663 41692
47122 88036
52175 80385
47302 87655
62733 57737
76466 49241
81271 48027
64170 55623
56386 64420
65959 53550
74004 49872
62665 57843
57718 62273
45389 99333
88392 44381
55339 65810
90278 43736
71853 50567
48974 85407
53216 74230
64881 54518
77282 49232
102242 40913
76391 49313
53803 72226
59864 59800
65089 54175
98446 41769
53284 74124
60385 59515
88280 44409
53315 74001
53383 73895
87951 44504
60198 59652
75426 49481
88110 44498
46744 89090
96691 42124
59789 59872
53211 74760
60317 59621
53681 73145
88588 44276
92180 43233
89338 44131
93808 42949
60216 59622
60141 59694
65164 54103
45280 99530
47772 86831
53834 72103
64956 54446
82208 47704
85310 46278
53899 71488
53967 71382
56226 64488
67385 52495
93367 43072
60663 59357
52868 75991
53868 71611
59601 60066
62566 58299
53770 72235
59003 60647
83623 47476
88917 44181
52936 75885
52684 76228
90177 43756
51345 81480
53424 73776
53835 71620
60123 59724
53492 73670
60476 59494
52682 77519
53746 72530
52783 75999
52309 79882
52752 76122
54084 70812
