5496 1082.41
66951 55459
66821 55638
66802 55649
66638 55695
66678 55655
67056 55390
49741 72004
49733 72060
49836 71935
40126 106975
40112 107175
45166 80534
39952 110996
40180 106735
39780 111920
39839 111211
40008 107659
39955 109603
68417 54172
40181 106417
69207 53656
52992 64324
39720 114260
45099 80859
68377 54212
45414 79960
45660 79430
41046 96063
49384 72389
45845 79005
40013 107190
41434 94307
40765 98206
40829 97750
46589 77273
52315 65870
52371 65589
52323 65814
52407 65460
41573 93580
49479 72320
51694 68104
51762 67664
51818 67383
44827 81470
40356 103012
52340 65781
49142 72844
49213 72557
52304 65910
67571 54944
49308 72488
40737 98360
49669 72281
48945 73134
51798 67427
46367 77766
68827 54136
51730 67867
53540 63558
41185 95336
52559 64950
52663 64910
66991 55419
40876 96968
69247 53616
46095 78377
52523 65079
52037 66552
67884 54708
46249 78324
49040 73065
52475 65304
39948 111147
51949 67036
67844 54748
52017 66596
67949 54679
53486 63614
49133 72895
50126 71183
53398 63730
40297 103721
40654 100363
53368 63935
53628 63442
53670 63253
50221 71114
52132 66464
46565 77310
51742 67708
69721 53087
52701 64778
40338 103677
52246 65933
51674 68148
39950 111123
51712 67913
51644 68353
51700 68072
51768 67632
52007 66757
51598 69105
51568 69310
51987 66801
68155 54351
69474 53401
40801 97904
40940 96512
52467 65360
52935 64433
46343 77803
41659 93377
68115 54391
52175 66268
51612 68902
51582 69107
75445 49526
73037 50526
72229 51064
51981 66833
40501 101803
51638 68826
52731 64698
39841 111187
52788 64589
51788 67588
74645 49782
73077 50486
53003 64221
51861 67214
52351 65633
69681 53127
44423 82398
51602 69063
69434 53441
63455 57187
53797 62861
44618 82131
53257 64137
40232 106108
51961 66877
41114 95623
65520 56205
44151 83009
72465 50890
44373 82516
71384 51485
73330 50230
72516 50710
73891 50006
67966 54581
72476 50750
74691 49750
44119 83260
41008 96072
71904 51114
45484 79499
71657 51428
45679 79232
71424 51445
74845 49737
51632 68858
45706 79006
75645 49481
45951 78621
63464 57084
49828 71991
45212 80110
45144 80550
40542 101759
45908 78948
76709 49215
45434 79617
75955 49439
44083 83449
72758 50594
73319 50370
40635 100930
49087 72962
40478 102215
45460 79536
53713 63215
76909 49170
72798 50554
52973 64426
44355 82838
53233 64185
71774 51293
39641 114492
45359 80028
54142 62351
45188 80517
64795 56223
50055 71470
71086 51592
44305 82956
40397 102968
52665 64907
71126 51552
64721 56355
51881 67170
75183 49554
64152 56529
45111 80602
44932 80935
66842 55609
50545 70066
78420 49019
44886 81359
50474 70353
45636 79467
77104 49155
41502 93867
70841 52031
48787 73205
79385 48964
72238 50965
46087 78591
48581 73943
71814 51253
40590 101413
70113 52801
78064 49047
40435 102412
75029 49567
57458 59417
53588 63480
57071 59744
55002 61255
50445 70379
48882 73136
44331 82875
71940 51072
52189 66042
55232 61219
44547 82295
50425 70466
76507 49250
47009 75984
77433 49122
74229 49823
50640 69997
50330 70535
75983 49298
54615 61582
46737 76595
50118 71239
64078 56661
68040 54547
70462 52454
70539 52359
54845 61546
70422 52494
50047 71526
70330 52762
78588 48999
50230 70848
47476 75106
50926 69871
52121 66482
50918 69927
50537 70122
51352 69804
50159 71135
50674 69990
73668 50047
70594 52345
54992 61350
46490 77393
50259 70822
39760 111935
69116 53929
47231 75491
50045 71604
50960 69864
50508 70346
50579 70059
50437 70435
50831 69940
59033 58840
73096 50411
46959 76102
58929 58880
41671 93351
74269 49783
41739 92911
49950 71673
56266 60255
73136 50371
58514 58957
47596 74993
67159 55298
68865 53962
47204 75717
48393 74138
61725 57593
63819 56776
58744 58921
41645 93506
50865 69933
44717 81801
58410 58997
45638 79446
61495 57629
47841 74608
61818 57493
51479 69707
68080 54507
51535 69426
43216 85416
63745 56908
49942 71729
50830 69958
64087 56558
51116 69832
64730 56252
54502 61745
60024 58166
40682 100209
60970 57749
75385 49539
44660 81916
73708 50007
51150 69825
53939 62461
53767 63066
73370 50190
51555 69382
45333 80109
42523 88052
48198 74223
72278 50925
51499 69663
73931 49966
60018 58169
80175 48933
41954 90682
44819 81684
41229 95137
57215 59482
52919 64575
46881 76481
47013 75880
56828 59809
40212 106123
45605 79498
50632 70053
41297 94697
41368 94410
57451 59439
57481 59234
43429 84713
54211 61984
57711 59198
48176 74428
63754 56805
77265 49142
57445 59446
41123 95586
70848 51807
41693 93335
45927 78658
57121 59582
59406 58386
41846 90874
54181 62189
45682 79043
59729 58250
45416 79939
43361 85153
56023 60320
56700 59868
59176 58422
56253 60284
55663 60668
42941 86196
46200 78326
65539 55998
44818 81799
68603 54141
70373 52673
43214 85579
51970 66873
52133 66323
55993 60525
70294 52798
42415 88244
71666 51329
54889 61418
49670 72263
55893 60632
59499 58286
80531 48905
42733 86499
43526 84430
56289 60072
42164 89129
43311 85296
58542 58954
81030 48812
43588 84392
58957 58877
60451 57866
60681 57830
70601 52121
53909 62666
60358 57966
44272 83008
44322 82890
56804 59828
59061 58837
43803 83526
47235 75387
47480 75002
39401 116506
50277 70643
48648 73446
41778 91314
43491 84675
50269 70699
47600 74889
50222 70904
41957 89706
42241 88716
56259 60277
42380 88685
56932 59769
39531 114852
43706 83809
50311 70636
41750 91538
67317 54997
67630 54761
61852 57414
62452 57345
56393 60032
67357 54957
42170 89003
60128 58002
73065 50511
73637 50147
51914 67154
57815 59158
54598 61657
62082 57378
38999 119552
39381 116521
45383 79991
50073 71291
42873 86362
39629 114661
43907 83486
62682 57309
43605 84301
61234 57634
42028 89419
43009 86130
39452 115576
41818 91098
38928 120497
43120 85583
42526 87076
42790 86384
61004 57670
47845 74504
66081 55712
51940 67078
49418 72382
56623 59996
44621 81942
46909 76215
40277 103736
43702 84018
39132 118112
46905 76319
55242 60954
55472 60918
46262 77806
52347 65714
38916 121555
58311 59129
46633 76930
45204 80324
