3629 841.658
84197 58495
92454 53981
92014 54155
90811 54597
92890 53878
91251 54423
93428 53782
91687 54320
91247 54494
94391 53346
92450 54052
94827 53243
94387 53417
93951 53520
95365 53147
95074 53237
92748 53962
91993 54280
95510 53134
93624 53685
93188 53788
93184 53859
91557 54383
91117 54557
93930 53645
84637 58252
94279 53473
90719 54757
90413 54797
93839 53647
89015 55430
89107 55270
89912 55028
90310 54828
93494 53748
89853 55056
91616 54355
90746 54725
102127 51493
101599 51569
101061 51665
100076 51989
89413 55230
98472 52232
102665 51397
88397 55889
93553 53720
96731 52770
99000 52156
90289 54953
100621 51839
104029 51174
97934 52328
98361 52319
100950 51752
97387 52518
100625 51768
97823 52415
87966 55933
97494 52502
99538 52060
88406 55759
97498 52431
98617 52219
95997 52963
99155 52123
90750 54654
97383 52589
91186 54551
84239 58452
97058 52605
89543 55167
100514 51855
100510 51926
105028 50865
95561 53066
102200 51473
96295 52873
89547 55096
88402 55830
99756 52027
89983 54993
108326 50331
108399 50311
96535 52867
103491 51270
84321 58423
95855 53047
106632 50597
96947 52692
102738 51377
87962 56073
96184 52960
96291 52944
103804 51205
88709 55470
106705 50577
105455 50856
105566 50769
99073 52136
106167 50673
87957 56132
84363 58380
103578 51240
104592 50968
100185 51942
107771 50405
98181 52322
104588 51039
100294 51931
102439 51432
103266 51301
87568 56133
107233 50501
99611 52040
104917 50952
106094 50693
103505 51260
103122 51323
104261 51131
104481 51055
102584 51419
84761 58180
104106 51164
100139 51964
107660 50492
87526 56176
103723 51227
88398 55873
101465 51631
88667 55513
101901 51528
87958 56116
89103 55410
102967 51356
96601 52833
103040 51336
84962 57873
85672 57254
86070 57054
84920 57916
104152 51142
85360 57673
87211 56391
86506 56951
85630 57297
86813 56591
86501 57010
86771 56634
86066 57194
87207 56531
86061 57253
85594 57548
86510 56880
97386 52558
96660 52805
87517 56351
116080 49174
115983 49243
87119 56551
100513 51895
85361 57657
111930 49697
114505 49326
84921 57900
112385 49621
96946 52732
85357 57797
112496 49534
114071 49382
86502 56994
111958 49630
119785 49083
86062 57237
111357 49726
113366 49518
110802 49800
108198 50351
110691 49887
109663 49992
115542 49270
109125 50088
110264 49896
110153 49983
108126 50397
107675 50463
115969 49261
113960 49469
124760 49030
85524 57643
85565 57634
109552 50079
107588 50493
107137 50559
113967 49422
85356 57813
106536 50655
113533 49478
105998 50751
109014 50175
85566 57600
108685 50262
111847 49717
105562 50854
108689 50191
104432 51111
117641 49151
84822 58097
84963 57857
84382 58340
107219 50546
84424 58297
85352 57856
73078 64751
107762 50454
62202 82376
61230 84193
61905 83105
61272 83897
126321 49007
62249 82194
61499 83450
59886 86855
73125 64569
60827 84951
64710 77411
64376 78312
59832 86912
80408 60023
64436 78040
60298 85816
60113 86408
59734 87577
62699 81451
65789 75515
61520 83408
75091 63424
60907 84754
59654 87774
65880 75331
66521 74306
60806 84993
59419 88419
75808 62860
59701 87592
66748 73859
67660 72726
61340 83673
66443 74325
66612 74122
65505 76154
71343 67408
59766 87505
65330 76213
59386 88434
64483 77858
108578 50278
66659 73940
74039 64067
59183 89548
59680 87634
60209 86294
62326 82114
62759 81033
76771 62087
59234 89156
59339 88616
76326 62469
59365 88476
61293 83855
121346 49060
60012 86647
58863 90466
60874 84769
59853 86870
65927 75149
58743 91116
59806 87052
80375 60101
62293 82129
64767 77219
72197 65865
72239 65484
80067 60305
59545 88211
58783 90663
59613 87987
63270 80093
72684 65102
60272 85956
68717 70830
62530 81672
60188 86336
64663 77593
61319 83715
61567 83226
62022 82641
64319 78504
58830 90481
59162 89590
60319 85774
76194 62731
59297 88917
62996 80576
64720 77401
73619 64358
78689 60875
70150 68577
71317 67472
78269 61166
79087 60675
65596 75970
64340 78462
70355 68446
70268 68543
59566 88169
62933 80914
74064 63976
61944 83068
62712 81215
67084 73300
60251 85998
61975 82823
63775 79331
62939 80768
60853 84811
80114 60123
61054 84504
62246 82311
63043 80394
62563 81657
64994 76772
59187 89338
61209 84235
61546 83268
80411 59850
76206 62660
64366 78322
76230 62480
66839 73675
71270 67654
73523 64369
74484 63685
63223 80129
71482 67340
65283 76395
69609 69532
59145 89639
64422 78089
59318 88658
66016 75068
73666 64176
77187 61832
60080 86423
69710 69158
68978 70367
61101 84322
66154 74702
76746 62178
79084 60848
58678 91203
79869 60469
59136 89730
60059 86465
62913 80931
62577 81490
63893 79103
76373 62287
72003 65886
57248 98020
68089 71888
65732 75707
75443 62948
57851 93597
60478 85551
65103 76660
75414 63024
59213 89198
59785 87094
69004 70003
60499 85509
66107 74884
80831 59559
65452 76192
68527 71159
63332 80017
62072 82464
63064 80352
65870 75341
74086 63885
57288 97567
59745 87547
60033 86605
63379 79835
64947 76954
75834 62733
77728 61559
60525 85369
67620 72734
69358 69805
80809 59650
57804 93779
59250 89099
72642 65483
74837 63668
72824 65082
66886 73493
71130 67779
73929 64164
58199 92740
64561 77853
58166 92755
58567 91369
68742 70769
69449 69621
80065 60405
62780 80991
71273 67481
58600 91354
68272 71212
69914 68899
71961 66267
79740 60532
57447 96589
61080 84364
66352 74509
78266 61339
78515 60971
59013 89847
64099 78698
58769 90976
67175 73116
68264 71509
76793 61996
58520 91551
59633 87816
71607 66623
80092 60214
58657 91245
60546 85327
69801 68974
63940 78921
58098 92979
70499 67942
76767 62123
58711 91188
58966 90029
59115 89772
63400 79793
64186 78604
75286 63227
58297 92075
57394 96849
74888 63427
58944 90310
78667 60966
63559 79570
63781 79329
64120 78656
57373 97156
57639 95955
59592 88029
64649 77642
75267 63253
58499 91593
69051 69821
67942 72320
81669 59185
57513 96142
57699 94319
59034 89805
78126 61359
81229 59359
83071 58540
58809 90523
63728 79367
57732 94304
67346 73016
