33478 1620.79
70697 56688
71169 56215
70847 56607
71019 56296
71521 54922
72226 53259
71179 55862
71199 55314
70174 57647
73684 50559
73534 50640
72913 51843
72353 52866
71653 53368
73212 51032
72741 52154
83458 42467
94259 39155
93019 39470
84072 42245
83776 42347
82554 42873
84390 42125
82972 42675
82654 42795
87654 41145
87804 41064
87486 41184
83308 42548
81610 43078
88100 40962
81292 43198
88418 40842
88268 40923
87950 41043
83168 42651
117055 35332
116347 35353
118401 35108
82236 42993
121099 34995
118026 35176
122140 34875
117708 35296
117756 35247
121765 34943
119596 35012
122995 34851
80388 43604
107607 36309
83626 42428
121717 34984
80811 43426
82822 42756
82504 42876
82086 43074
112561 35717
79920 43805
81142 43279
81460 43159
85638 41795
82404 42954
84240 42206
82173 43023
80238 43685
83922 42326
80070 43724
78615 44546
80493 43546
79589 43952
79439 44033
79271 44072
80661 43507
85320 41915
83273 42593
80343 43627
79121 44153
83123 42674
78480 44772
77816 44894
78765 44465
77966 44813
78986 44379
78496 44631
78964 44430
77191 45372
77681 45120
139813 33968
124666 34690
138958 33992
132696 34242
123471 34786
128746 34492
136260 34105
121414 34986
126625 34520
72420 52723
125980 34659
126250 34588
127480 34496
129323 34407
135394 34129
131841 34266
134164 34221
130178 34383
131466 34334
134539 34153
138583 34060
137115 34081
82339 42983
131044 34359
128948 34475
77341 45291
73908 47558
85170 41996
76981 45622
76784 45705
72478 52453
78714 44486
73732 48249
78429 44793
79032 44366
76634 45786
77259 45308
77409 45227
75213 46817
78564 44567
78882 44447
77124 45534
76156 46219
74854 47068
76424 46036
74229 47546
91933 39791
110600 35831
104300 36647
101102 37370
98677 37938
99862 37685
101477 37302
105646 36423
111830 35739
92190 39687
100237 37617
98995 37818
109254 36055
110975 35763
109629 35987
97030 38374
97485 38204
104675 36579
112948 35667
90168 40263
109340 36035
106876 36331
92022 39726
91726 39828
96760 38445
106021 36355
97755 38133
93691 39272
95790 38689
96610 38526
92340 39606
113649 35582
124188 34744
97167 38324
98725 37889
119118 35066
90367 40187
93898 39235
114294 35443
96442 38565
105376 36494
94305 39050
100228 37651
104030 36718
101923 37166
91576 39909
102193 37095
74383 47161
92451 39587
103539 36871
96353 38630
107994 36259
110282 35951
90336 40224
96712 38494
100832 37441
90693 40106
95472 38809
115149 35419
110330 35902
103712 36838
90950 40002
98407 38009
91872 39807
103269 36942
90782 40041
108965 36103
113919 35511
101605 37286
108695 36174
100695 37555
100514 37561
101875 37215
100731 37530
101786 37280
98588 38003
87913 41059
99592 37756
103108 37011
91100 39921
89435 40529
97348 38318
100784 37490
93065 39365
90486 40143
116042 35396
93987 39170
103982 36767
92658 39550
97437 38253
75063 46898
92747 39485
113601 35631
98318 38074
89682 40471
105328 36543
90049 40307
90632 40122
95520 38760
95113 38945
89364 40591
99544 37805
103221 36991
103893 36832
86458 41426
95202 38880
108647 36223
90018 40344
85583 41812
98262 38084
96292 38646
85901 41692
86604 41405
95057 38955
85247 41939
87763 41140
96434 38590
96297 38640
92133 39707
92332 39631
89753 40409
74533 47080
86665 41389
102951 37062
92014 39751
88719 40768
86051 41611
88949 40737
84855 42102
101460 37361
91607 39872
85654 41754
86922 41285
102838 37082
95052 38961
85733 41731
87072 41204
97022 38399
84929 42059
86140 41546
85236 41952
76574 45955
96253 38685
93572 39316
76006 46300
86754 41324
83885 42342
85990 41627
88002 40994
96752 38470
95370 38841
87595 41179
84292 42157
86308 41507
85504 41835
89899 40388
96704 38519
85336 41874
89603 40490
83567 42462
85097 42020
83417 42543
85186 41955
91718 39853
75531 46697
84142 42238
75688 46420
87801 41109
85086 42033
83175 42625
94787 39026
83974 42277
89285 40610
83735 42423
88630 40833
73758 47639
75838 46339
88320 40874
88170 40955
85955 41672
84918 42072
85850 41730
75381 46778
89037 40648
