5749 1202.13
52996 75427
51079 78808
85814 44273
86614 43978
86145 44168
86561 44044
86125 44226
51562 78034
71416 51560
67831 53560
85079 44583
67918 53417
68387 53227
68407 53169
117117 39898
68243 53337
51595 77294
52843 75511
52165 76314
51563 77649
52599 76091
52029 77071
69980 52345
84340 44833
84829 44585
83625 45085
52083 76718
116404 39911
117700 39836
67754 53585
119045 39731
82789 45351
82300 45599
81724 45990
70275 52095
82105 45729
82594 45481
81529 46120
82018 45872
82574 45539
83063 45291
82769 45409
83774 45039
83258 45161
45795 99655
83993 44851
119095 39684
45693 100657
68337 53257
52133 76669
45834 99489
83504 45099
45878 98701
52648 75540
45683 101672
45843 99240
45737 99869
45846 99056
89732 43102
90518 43003
84462 44661
90010 43063
97599 41201
45669 103809
90796 42964
98131 41160
84243 44849
90311 43031
49956 80299
61306 57384
89525 43130
89247 43169
85298 44395
62218 56315
50439 79525
61642 56706
71081 51821
83973 44909
46068 95486
62043 56626
70744 51905
46126 95272
62870 55879
60646 58231
46036 95841
45927 96654
53082 75317
53326 74737
46069 95465
46127 95251
100385 40815
69328 52632
64093 55275
61253 57634
45986 96419
45928 96633
69747 52472
50407 79880
85783 44328
62294 56270
64428 55014
68839 52880
64765 54930
70694 51935
62059 56376
80816 46419
53136 74964
80621 46549
61437 57054
69258 52720
71147 51661
51798 77293
46037 95820
45670 103788
87878 43484
90763 42977
70475 52006
63287 55549
66007 54229
70006 52196
63624 55465
96885 41340
88363 43417
52551 76311
64733 54992
51855 77133
88156 43445
101899 40691
64264 55182
102770 40639
81305 46171
49301 81388
97711 41173
81110 46301
50279 80021
100121 40915
58737 60814
63756 55359
118023 39795
46216 95108
49789 80812
60400 58724
49269 81743
119951 39628
66426 54069
59104 59903
46248 94753
59268 59735
59017 60359
70983 51829
51417 78158
65957 54259
63123 55717
113673 39919
65538 54419
93015 42178
49871 80408
50665 79012
59523 59581
50202 80204
59687 59413
91041 42938
92301 42317
62028 56703
61340 57178
46219 95020
50934 78932
69643 52483
60624 58634
46161 95234
73396 48921
77874 47423
72907 49169
69059 52733
73483 48778
122184 39530
69430 52587
69842 52364
73407 48865
73896 48617
92786 42250
50526 79319
51116 78593
72743 49337
87164 43623
73232 49089
73243 49033
86695 43813
86973 43774
72078 50026
91812 42565
73319 48946
60559 58663
72667 49424
87442 43584
71914 50194
72491 49865
73972 48530
75037 48082
98450 41138
70425 52036
72002 50113
68263 53271
72567 49778
46302 94066
87649 43556
68483 53124
68570 52981
73808 48698
72831 49256
89018 43241
107679 40146
88533 43308
120888 39605
86206 44061
71709 50542
108975 40071
86675 43871
99671 40954
66358 54179
71593 51017
59767 59080
78546 47078
62711 55940
88811 43269
104247 40515
49632 81184
101236 40752
59931 58912
47950 89510
48008 89296
63104 55795
66862 53881
60186 58758
63048 55856
51148 78238
71446 51357
97417 41299
56258 63667
102431 40650
47416 90055
67281 53721
76675 47666
100203 40913
59680 59536
66393 54071
91832 42507
91343 42755
55887 64667
109193 40022
71838 50281
100917 40774
62635 55985
66794 53991
67263 53801
63592 55527
75306 47981
79015 46888
47358 90269
78143 47322
67682 53641
74235 48360
79856 46754
56254 63756
67994 53372
74159 48447
101768 40711
71633 50629
74071 48528
64753 54934
63776 55301
56625 62756
55800 65280
55867 65236
78057 47326
56184 64566
65670 54313
77389 47527
110489 39947
55172 66549
65201 54503
106767 40351
56889 62266
95083 41501
60928 57705
74628 48257
55539 65638
106965 40285
65620 54343
105098 40452
55161 66556
75506 47892
78470 47165
57053 62098
77217 47565
78450 47223
72347 49925
62547 56108
55091 66618
78526 47136
106235 40392
46482 93333
95265 41403
66812 53911
67213 53831
71517 51104
78939 46975
47642 89832
78815 46977
48291 89267
63612 55469
74704 48170
78326 47225
47700 89618
64838 54790
56522 63177
98982 41097
55502 66439
79284 46787
67527 53667
60764 57873
77981 47413
78795 47035
69478 52573
63200 55692
68989 52821
95797 41362
49011 83092
57308 61944
77465 47440
94551 41542
58858 60622
91633 42685
48979 83447
91164 42875
57527 61475
94360 41693
49084 82148
76875 47577
94082 41732
57824 61374
83829 45019
46889 91610
49052 82503
53612 68265
46334 93414
48458 84745
48351 88690
80381 46649
48961 83462
48499 84156
76317 47690
75775 47791
48408 85115
48531 83801
46947 91396
65037 54671
57363 61643
46514 92681
58210 61371
79725 46777
80305 46736
71797 50461
54089 67363
54487 66964
47069 90877
47127 90663
52616 75895
54906 66804
53430 72989
55450 66445
93427 41908
58400 60983
46798 92244
53472 69965
57294 62065
