4169 240.17
71828 59676
74059 57913
70801 59998
77568 55192
79583 53593
83471 51779
78094 55031
74357 57610
73089 58475
96601 46141
87646 49913
87428 49998
98113 45394
100206 44321
77723 55046
89917 49179
87007 50098
87955 49674
84837 51088
82006 52110
85965 50644
90008 49109
90292 48912
90849 48485
72401 58749
84767 51224
88452 49510
84198 51273
85146 50849
91513 48471
87667 49895
91428 48477
92228 47836
88427 49522
86789 50183
87737 49759
89790 49194
83597 51695
88234 49595
81367 52295
78098 54935
86246 50550
81788 52195
84928 50934
99250 45156
90074 48997
79827 53562
89595 49239
100133 44487
80402 53042
93576 47784
97158 45714
77427 55478
73658 57998
88161 49615
85911 50799
78118 53924
75593 56039
116766 41723
116228 41726
123117 41280
80887 52505
111919 42134
121026 41351
122423 41310
100672 43988
84744 51244
109599 42458
114273 41868
114811 41865
83980 51358
112352 42084
118059 41526
106680 42803
110899 42339
113840 41918
115795 41776
118377 41523
80669 52590
85992 50570
110016 42424
112034 42087
115910 41729
119899 41431
100774 43885
119581 41434
98930 45205
113522 41921
113955 41871
115477 41779
117150 41709
117944 41573
120332 41381
108518 42681
83201 51781
109061 42461
120014 41384
80453 52980
82097 51956
106054 43045
102898 43478
110466 42389
91689 48175
96699 46082
107158 42751
112890 42081
83910 51494
119071 41493
102252 43647
110982 42245
85963 50767
88379 49530
89218 49240
104189 43243
109971 42426
93491 47790
117626 41576
120708 41354
90244 48925
86719 50319
95198 46227
109034 42537
109698 42427
113370 42053
86320 50431
93599 46539
80016 53106
81149 52380
82705 51885
107113 42753
111601 42137
88468 49322
108563 42679
108601 42587
122105 41313
90803 48498
108085 42731
118753 41496
102711 43481
122799 41283
116832 41712
76575 55647
81311 52361
117474 41708
86409 50415
111415 42195
105023 43109
83729 51521
74641 56544
103919 43403
104649 43117
