5406 1081.52
72434 59477
73271 58965
74511 58333
75071 58184
74001 58539
73756 58663
72277 59498
71945 60056
73114 58986
72055 59900
75562 58001
72029 59993
71697 60551
72522 59374
73778 58540
73533 58664
73359 58862
74093 58515
72696 59176
72919 59175
75339 58002
74848 58185
72941 59052
74288 58334
66581 64528
67229 64322
74691 58206
74131 58355
87256 51010
72153 59717
73294 58867
87067 51088
87299 51009
86938 51153
75182 58023
86981 51152
87170 51074
68064 64059
71931 60119
72085 59794
76016 57937
70849 61168
70970 61064
70551 61386
71268 60846
71621 60661
76379 57795
76732 57610
87058 51098
70306 61510
71753 60352
70725 61188
76552 57729
76797 57605
82800 52468
82195 52787
86826 51177
82483 52594
82151 52816
70604 61292
71863 60196
120201 44920
81925 52891
83088 52275
82257 52669
71562 60676
81969 52862
113847 45105
113303 45130
62241 66758
76134 57919
62040 67024
67984 64061
76357 57918
61271 69431
62304 66469
62082 66871
120176 44973
62463 66356
61365 68745
121766 44906
86929 51163
71531 60754
61460 68567
67211 64337
60427 70564
87015 51099
67380 64203
66732 64409
84041 51850
84273 51771
115306 45046
83941 51993
71023 60970
87247 51020
61708 67582
84983 51684
85237 51490
61750 67429
85637 51482
60478 70505
60273 70577
96104 46347
85005 51569
69433 62140
85946 51411
66313 64731
84751 51763
60694 70314
60051 70979
61909 67316
84905 51712
69362 62231
62555 66355
82242 52765
62396 66468
60116 70941
62174 66870
86415 51208
61587 68343
61647 67772
83521 52094
86183 51287
67896 64104
68859 63016
69852 61818
83041 52335
83646 52016
69781 61909
95927 46480
91336 47640
114762 45071
69098 62765
89610 48644
97676 46081
90869 47847
61526 68533
86815 51200
63636 65411
92090 47255
94147 46779
64503 65197
88827 49453
82916 52413
92958 46921
62799 65923
91599 47625
88650 49586
92781 47054
99319 45667
60222 70636
89748 48532
91159 47773
49391 95614
100534 45454
90692 47980
63461 65781
49336 95776
53672 81033
61028 69619
68373 63952
61304 68935
53421 81382
60000 71038
62753 66329
53617 81195
90014 48404
61187 69506
68302 64043
91913 47388
90191 48271
49419 94429
62986 65892
83414 52095
90658 48064
78720 54527
90481 48197
78486 54791
53642 81063
68877 62802
49508 94172
63728 65410
79008 54334
51328 86303
50692 88236
51668 85498
51358 86273
77804 55357
101775 45367
50662 88266
78038 55093
77741 55591
90731 47959
68374 63587
51303 86435
77689 55751
64595 65196
60740 70132
98852 45874
50014 89666
60945 70060
102117 45234
98243 45883
50236 89264
96461 46294
87956 50097
49704 90441
87779 50230
50891 87761
50861 87791
68688 63130
52841 82452
53169 81814
97028 46096
99261 45797
53199 81784
92724 47185
49926 90039
53114 81976
78952 54448
98020 45884
51201 86986
51116 87178
52811 82482
53336 81574
53366 81544
93405 46888
50806 87953
51273 86465
95362 46566
56278 74531
95433 46545
51146 87148
95790 46492
51171 87016
88932 49068
57781 72513
51512 85890
79197 54256
79879 53690
54724 76988
79591 53883
89876 48516
95719 46513
56202 74865
94990 46602
52624 82849
53391 81412
54567 77352
78909 54449
54345 77754
52594 82879
54502 77390
77207 56513
54898 76724
54676 77126
78326 54900
99034 45855
51457 86052
52314 83624
54258 77967
52284 83654
87465 50687
77986 55253
52506 83252
52846 82447
52536 83222
53033 82080
79539 54043
87906 50174
63553 65780
52816 82477
53063 82050
56121 74895
94575 46705
80111 53611
55533 75703
54432 77703
96851 46229
55137 76369
55359 75967
55980 75267
83289 52173
51542 85860
87376 50855
54101 78331
79052 54305
52412 83472
53924 79265
55311 76105
56056 74933
78274 55060
88037 49975
53702 80267
54447 77552
114317 45101
55812 75510
52428 83404
55899 75297
53908 79716
52458 83374
54203 78129
80211 53468
81519 52958
84982 51692
56904 73318
86334 51213
88214 49842
116320 45017
53686 80718
88556 49709
77693 55636
78318 55031
86734 51205
94173 46708
55340 76023
69191 62345
52061 83696
56849 73480
50445 89211
53859 79903
67797 64118
50836 87923
59943 71316
64067 65357
51866 84740
56605 74057
54290 77916
56682 73720
56223 74693
90053 48383
55844 75459
56001 75095
56627 73882
78658 54678
56828 73652
56383 74459
64857 65102
51556 85515
56438 74297
78370 54871
56525 74084
65427 64986
79823 53804
64176 65246
49026 96551
64084 65247
50607 88428
56470 74246
55067 76682
93996 46841
49248 96149
84019 51965
53525 81201
61972 67027
53144 81946
50181 89426
49871 90201
101548 45425
54621 77288
56747 73682
71528 60821
57612 72699
77618 55836
49453 94334
77745 55476
88928 49437
55304 76129
92908 46998
79923 53661
77507 55855
58908 71440
55256 76267
94123 46785
87642 50554
91286 47717
92040 47332
49649 90603
50637 88398
54843 76886
68542 63427
55082 76531
58355 71570
50953 87390
51263 86615
51768 84796
49017 97823
58703 71512
63369 65807
58150 71642
80816 53149
55061 76703
79340 54112
80484 53371
91725 47528
59273 71396
58095 71804
63556 65776
61274 69158
55468 75744
60583 70496
61689 67619
80764 53309
80196 53564
100333 45638
49081 96389
49959 89828
91258 47735
70199 61719
54046 78493
49303 95987
65519 64960
77379 56349
80528 53342
92593 47194
58057 72287
62764 66294
65062 65030
54039 78702
49010 98383
54669 77150
57657 72556
70270 61628
77251 56465
51738 84826
57197 72902
76952 56800
66089 64844
85929 51481
77004 56640
77448 55974
57040 73266
69099 62400
61629 68190
76856 57332
77396 56134
57095 73104
57252 72740
59478 71324
90546 48162
50898 87552
65724 64888
88931 49082
55002 76723
51888 84354
52463 83289
61407 68592
81238 52986
96134 46295
89537 48749
55191 76308
65632 64914
89274 49040
77186 56536
82684 52492
