9042 2465.78
106281 52491
105674 52585
108396 51728
109028 51450
107758 51898
107871 51754
105643 52661
107475 51906
107789 51822
106354 52412
108946 51518
105756 52517
63481 101871
105360 52669
111100 50848
63795 100739
111698 50743
108632 51602
62624 104925
63879 100403
63301 102883
63385 102547
61600 109138
63565 101535
106951 52137
63699 101415
109861 51220
63073 104160
120722 48558
61583 109239
61897 108107
109943 51152
103750 53598
61530 109489
63253 103148
61914 108006
61350 110501
111018 50916
121818 48372
109462 51367
63169 103484
61403 110251
61420 110150
109380 51435
61684 108802
64083 100050
121513 48441
61487 109915
62939 104280
121371 48516
120780 48526
111667 50819
109547 51304
62698 104859
118119 48983
118799 48810
62444 105937
61667 108903
62113 107170
60529 114428
60596 114193
60613 114092
119684 48712
60512 114529
61998 107670
60274 115965
106517 52365
120486 48614
119895 48624
60358 115629
62046 107405
63769 101182
62310 106057
110704 51000
110541 51047
108469 51649
62293 106158
62029 107506
62130 107069
60291 115864
63999 100386
60459 114779
62384 105991
62607 105026
63685 101518
119215 48797
108438 51725
59940 118820
62540 105261
63020 104249
63104 103913
61056 112602
64148 99882
60221 116215
92654 55859
60375 115528
61504 109814
60178 117384
93968 55315
92936 55740
93999 55239
104621 53036
95156 54935
64064 100218
97255 54604
93572 55467
117642 49114
92258 56011
95125 55011
106323 52488
92685 55783
90731 56760
64268 99865
93367 55493
93603 55391
62226 106393
62523 105362
60687 114026
96797 54668
93172 55638
62209 106494
118201 48915
93336 55569
89953 57169
95516 54918
119297 48729
90300 57007
91480 56420
106340 52425
126934 47482
89745 57195
127819 47384
94519 55172
93763 55341
103072 53815
62792 104841
117044 49219
95912 54766
115637 49596
90095 57033
90331 56931
91858 56182
94755 55070
94359 55222
92449 55885
117638 49198
59486 122188
60914 112828
59767 119583
60830 113164
94724 55146
59971 118404
116794 49292
127761 47416
60813 113265
59728 120153
90762 56684
118792 48905
91511 56344
92289 55935
59837 119232
116962 49287
61155 111683
125838 47668
92053 56037
118793 48889
124220 47851
60041 118053
90922 56634
63163 103691
95676 54868
108915 51594
126723 47570
128646 47318
117805 49067
87062 58067
85535 58816
129742 47132
62156 106744
60005 118147
75379 67255
95881 54842
90526 56786
60897 112929
59556 121837
111537 50824
59820 119333
106736 52273
125105 47753
123124 48037
86520 58374
75666 66395
124009 47939
116648 49371
90064 57109
86489 58450
109830 51296
87298 57965
128857 47230
62811 104673
61239 111347
123540 48024
133253 46861
91158 56532
88581 57497
61222 111448
122526 48142
61138 111784
87329 57944
75338 67329
132368 46959
131301 47018
87267 58041
88612 57421
92022 56113
76061 65986
75332 67408
87458 57915
89368 57252
94920 55037
78019 63979
61085 112034
76965 64970
126928 47561
62470 105612
87031 58143
86756 58272
85771 58714
63053 104238
84121 59784
75848 66243
76971 64891
79427 63003
69789 74189
59539 121938
118113 49062
96766 54744
88070 57728
121617 48438
59921 118896
63079 104027
62893 104404
60760 113515
110510 51123
122444 48210
104400 53136
78025 63900
136438 46739
130416 47116
59904 118997
59477 122248
59316 123434
87694 57813
68077 76537
62809 104740
123118 48116
62876 104505
69783 74268
59325 123374
85229 59021
85504 58892
110987 50992
84962 59199
124214 47930
84993 59123
75421 66747
136567 46731
85198 59097
76769 65065
77077 64792
112849 50257
73114 69794
61001 112783
114686 49780
104749 52957
88376 57523
61976 107756
69683 74343
75766 66320
107182 52098
107260 52042
73259 69517
60995 112797
104543 53092
90047 57159
134507 46846
84485 59524
123622 47956
122130 48294
76374 65474
111943 50637
59966 118717
88345 57599
67897 76753
103570 53646
112389 50496
116196 49397
126143 47599
79075 63192
125832 47747
71053 72415
85740 58790
117787 49112
106658 52329
73359 69442
112453 50409
105145 52805
89528 57202
84945 59249
114558 49916
70037 73994
104225 53188
115039 49701
84798 59268
134889 46827
135392 46748
104194 53264
65509 86286
79383 63103
88772 57371
70521 72964
104703 52968
76380 65395
59235 124743
76775 64986
113529 50084
115348 49688
91080 56591
73008 69948
73754 69033
65679 85376
65608 85870
66019 83657
73014 69869
70527 72885
84792 59347
105067 52861
112931 50189
108936 51592
107342 51974
114625 49898
67984 76688
66118 83241
113511 50165
65782 84889
65406 86773
65881 84473
77066 64875
62101 107196
87014 58193
69270 74720
136902 46683
68349 76233
79222 63136
86106 58624
71205 72293
66221 82754
115516 49683
68678 75508
91316 56489
71923 70930
75393 67229
116691 49298
59234 125826
86167 58562
65948 84151
73622 69203
114936 49707
75453 66652
67791 76907
137452 46633
84179 59729
70191 73608
75570 66415
75464 66569
87725 57792
65505 86357
82906 60300
89008 57269
142948 46425
69220 75201
140529 46469
86787 58251
88989 57364
103794 53435
65778 84960
103252 53742
121119 48519
71693 71626
138771 46542
93061 55698
66122 83170
76562 65243
138268 46621
65587 85978
75367 67256
68526 75630
69802 74171
76480 65320
64802 91211
138706 46618
73472 69260
66978 79194
114854 49775
68532 75551
65849 84567
60060 117401
73212 69588
62000 107633
125047 47785
71059 72336
99245 54025
68137 76315
111858 50700
116011 49471
83662 60131
83748 59976
65866 84504
104001 53399
104112 53339
117353 49206
82475 60547
66592 80649
73953 68281
65075 89814
66885 79531
87663 57889
61062 112562
59136 126462
61074 112383
88181 57668
112307 50564
65026 89908
73648 69187
65200 88927
114006 49953
99264 53930
61465 110100
115598 49615
66252 82368
61703 108664
76676 65225
80855 61480
71917 71009
72691 70559
66984 79115
70673 72842
67590 77282
64554 95555
59602 121794
60182 116785
64905 90724
65097 89414
65263 88676
66199 83154
65004 90308
97272 54563
136955 46673
68283 76272
86325 58519
115950 49589
66879 79610
78697 63334
76750 65079
66057 83457
67443 77576
66545 81250
64927 90324
106864 52194
119889 48703
77349 64192
65178 89327
66504 81579
78115 63770
104831 52889
59395 123023
60420 115349
66078 83349
66351 81952
66539 81329
66691 80233
66330 82060
59378 123124
59516 122138
68131 76394
105227 52737
76167 65652
84290 59669
65384 87173
67596 77203
86356 58498
102343 53853
59606 120769
84562 59370
67303 78321
106515 52373
141301 46443
65366 88189
83943 59831
114668 49861
64923 90395
66963 79223
75470 66490
64281 96952
97718 54125
64657 95068
122048 48362
65196 88998
67131 78821
67797 76828
97341 54182
59288 124493
79519 62567
86648 58317
89002 57348
67150 78694
77071 64816
65657 85776
67137 78742
69566 74494
74373 67611
83742 60055
105149 52793
72234 70803
79895 62058
65979 83765
86867 58212
65746 85054
62828 104572
66844 79860
81744 60993
65586 86270
77104 64544
80635 61888
81504 61313
67344 77992
72459 70702
64380 96536
73654 69108
67051 79110
79901 61979
83302 60148
116093 49403
90365 56857
99214 54101
78306 63350
103763 53511
68444 75922
78776 63234
109414 51372
61787 108328
75859 66160
59676 120418
69040 75417
65076 89522
65299 88511
62461 105672
91529 56186
79559 62438
75865 66017
77870 64122
85389 58971
72860 70214
