0 0.0378087 7
336 60.0725 127
663 120.154 169
984 180.162 277
1298 240.198 425
1610 300.376 504
1909 360.385 632
2193 420.42 728
2478 480.605 774
2742 540.735 816
3008 600.846 829
3275 660.974 860
3527 721.05 887
3784 781.159 912
4032 841.253 818
4272 901.461 870
4509 961.578 826
4746 1021.8 862
4976 1081.92 791
5199 1141.96 915
5426 1202.11 868
5665 1262.27 878
5898 1322.39 972
6121 1382.41 827
6348 1442.5 905
6572 1502.65 911
6794 1562.72 927
7010 1622.76 946
7228 1683 915
7441 1743.04 932
7654 1803.14 973
7876 1863.25 936
8089 1923.45 967
8289 1983.6 972
8481 2043.66 965
8670 2103.88 981
8855 2163.98 956
9038 2224.26 972
9221 2284.42 933
9403 2344.52 874
9586 2404.75 955
9768 2464.93 907
9953 2525.01 957
10133 2585.24 988
10310 2645.3 992
10486 2705.45 974
10654 2765.55 986
10822 2825.8 969
10988 2885.98 952
11164 2946.21 975
11338 3006.55 924
11508 3066.86 953
11669 3126.99 956
11829 3187.28 936
11986 3247.39 993
12142 3307.68 989
12295 3367.76 987
12449 3427.78 966
12603 3487.91 995
12766 3547.97 962
12911 3600.18 979
