0 0.0188246 5
874 60.101 12
1740 120.151 15
2608 180.169 19
3476 240.236 20
4345 300.251 18
5214 360.292 14
6082 420.353 13
6952 480.411 15
7824 540.488 17
8693 600.5 17
9561 660.561 17
10428 720.586 17
11294 780.602 18
12159 840.621 18
13022 900.654 17
13887 960.678 15
14753 1020.68 16
15621 1080.74 17
16487 1140.79 13
17357 1200.82 16
18227 1260.83 16
19095 1320.86 15
19966 1380.89 16
20839 1440.97 15
21710 1501.01 15
22578 1561.01 16
23445 1621.05 17
24314 1681.08 17
25181 1741.12 17
26048 1801.14 18
26918 1861.2 18
27788 1921.25 19
28654 1981.27 19
29516 2041.28 20
30379 2101.29 20
31244 2161.31 22
32110 2221.36 21
32979 2281.36 21
33850 2341.39 24
34724 2401.46 24
35596 2461.52 21
36468 2521.53 19
37338 2581.55 21
38207 2641.62 21
39074 2701.68 21
39939 2761.71 18
40802 2821.74 18
41665 2881.76 18
42532 2941.8 18
43399 3001.81 18
44266 3061.82 17
45134 3121.87 17
46001 3181.88 17
46868 3241.88 17
47737 3301.94 17
48603 3361.95 17
49470 3422.02 17
50336 3482.03 17
51203 3542.08 17
52040 3600.05 17
