0 0.0884048 59
853 60.1778 37
1941 120.199 43
3157 180.237 38
4286 240.276 41
5480 300.295 41
6669 360.316 44
7997 420.317 40
9308 480.355 42
10614 540.366 43
11806 600.392 46
13119 660.411 48
14413 720.443 47
15758 780.469 47
17105 840.474 44
18383 900.505 37
19681 960.509 50
21003 1020.52 49
22354 1080.54 48
23708 1140.57 46
25052 1200.58 43
26378 1260.59 42
27687 1320.62 46
28996 1380.67 45
30296 1440.7 48
31576 1500.71 46
32853 1560.72 46
34159 1620.75 45
35450 1680.78 40
36759 1740.82 48
38089 1800.83 42
39428 1860.87 44
40575 1920.92 64
41663 1980.95 43
42671 2041.02 51
43799 2101.02 46
44848 2161.06 45
45847 2221.06 51
46697 2281.07 41
47824 2341.1 43
48963 2401.15 41
50223 2461.19 43
51498 2521.25 41
52760 2581.29 40
54043 2641.32 43
55109 2701.36 37
56265 2761.37 45
57517 2821.42 41
58460 2881.45 40
59615 2941.49 40
60629 3001.49 42
61842 3061.5 39
63109 3121.5 41
64241 3181.53 39
65453 3241.55 45
65953 3301.65 65
66654 3361.68 59
67204 3421.73 58
67770 3481.79 53
68292 3541.84 57
68800 3600.08 62
