0 0.00395168 12
1 0.014195 13
2 0.0239777 12
3 0.0338032 13
4 0.0430485 13
5 0.0522304 12
6 0.0613149 13
7 0.070445 13
8 0.0797514 13
9 0.0891402 12
10 0.101725 11
11 0.111951 13
12 0.121637 13
13 0.131345 13
14 0.140807 13
15 0.150114 11
16 0.159259 13
17 0.171586 13
18 0.18169 14
19 0.191382 13
20 0.200984 12
21 0.210406 11
22 0.219831 14
23 0.22914 13
24 0.24186 13
25 0.252531 15
26 0.26246 12
27 0.272041 13
28 0.281305 13
29 0.290775 12
30 0.300043 13
31 0.31265 13
32 0.323105 13
33 0.332887 15
34 0.342596 13
35 0.352566 12
36 0.361987 12
37 0.371297 12
38 0.383919 12
39 0.394473 13
40 0.404589 13
41 0.41419 14
42 0.423665 14
43 0.43318 13
44 0.442737 13
45 0.455623 14
47 0.475634 14
52 0.524044 14
60 0.604782 12
75 0.752976 14
117 1.04946 12
199 1.63768 12
366 2.81807 13
695 5.16606 13
1348 9.859 12
2655 19.2391 13
5339 37.991 13
10623 75.4917 12
21001 150.497 11
41763 300.498 13
84496 600.003 12
