0 0.0413454 8
1 0.125052 7
2 0.183001 8
3 0.24208 8
4 0.298348 7
5 0.354437 8
6 0.412034 10
8 0.522549 6
10 0.637928 9
12 0.775388 7
14 0.895031 9
17 1.06626 8
20 1.24565 8
24 1.4715 7
28 1.70537 7
32 1.96453 7
37 2.2597 8
43 2.6155 8
50 3.02433 9
58 3.5024 8
66 4.00431 7
75 4.55579 9
86 5.21521 8
99 5.98494 8
113 6.82369 7
129 7.77596 8
147 8.84489 8
168 10.1043 8
191 11.4978 8
218 13.1227 7
248 14.9418 7
282 17.0087 8
321 19.3831 7
365 22.0369 7
415 25.0859 8
471 28.4979 9
534 32.3643 8
605 36.8033 8
685 41.8058 8
776 47.4808 7
880 53.9655 10
996 61.315 7
1128 69.6405 10
1278 79.1019 8
1447 89.8367 7
1638 102.019 7
1851 115.843 7
2092 131.491 8
2364 149.288 9
2668 169.439 8
3012 192.284 7
3399 218.231 8
3834 247.647 9
4330 281.064 8
4884 318.991 8
5514 362.025 8
6231 410.81 8
6993 466.186 8
7934 528.961 7
8953 600.008 7
