0 0.0194728 64
865 60.0335 59
1735 120.052 62
2594 180.116 60
3453 240.15 58
4311 300.193 57
5168 360.198 56
6019 420.264 59
6867 480.317 58
7718 540.364 61
8571 600.39 60
9421 660.448 60
10271 720.481 56
11118 780.528 57
11968 840.589 56
12817 900.636 57
13669 960.693 60
14523 1020.74 60
15375 1080.75 58
16223 1140.75 58
17069 1200.78 57
17912 1260.81 59
18755 1320.82 57
19598 1380.83 62
20443 1440.84 60
21285 1500.86 58
22129 1560.91 63
22972 1620.97 59
23814 1680.99 60
24656 1741.07 60
25496 1801.1 61
26334 1861.14 60
27172 1921.15 60
28003 1981.15 56
28836 2041.22 59
29667 2101.25 62
30498 2161.31 63
31329 2221.35 63
32161 2281.36 58
32995 2341.42 58
33831 2401.44 58
34663 2461.49 57
35494 2521.55 59
36325 2581.55 59
37160 2641.61 62
37990 2701.63 63
38822 2761.65 57
39656 2821.72 59
40488 2881.74 60
41317 2941.75 65
42146 3001.78 59
42975 3061.79 61
43810 3121.8 61
44642 3181.86 57
45474 3241.87 58
46300 3301.93 57
47130 3361.96 55
47958 3422 62
48785 3482.02 60
49617 3542.08 64
50416 3600.02 59
