1977 420.608
78004 56953
53862 75812
53847 75817
53042 76870
53871 75747
85065 53686
53886 75742
55110 74132
81869 55019
53057 76865
74654 58560
55134 74062
79392 56025
78142 56724
79050 56333
79155 56263
54528 75055
76443 57545
84723 53994
54632 74945
79254 56254
53815 75904
82777 54628
55696 73564
82981 54549
83073 54506
55806 73365
54543 75050
52990 77080
59430 68692
74760 58430
76581 57316
83119 54320
53010 76957
55078 74219
59750 68436
53839 75834
75331 58015
55102 74149
54305 75185
54600 75032
54615 75027
63618 65017
54238 75400
84327 54065
63446 65216
76010 57731
55874 73352
80880 55420
88979 53131
61267 67129
74425 58667
55791 73370
64002 64584
81493 55154
54624 74962
52170 78138
52943 77172
53081 76795
52138 78225
63633 65012
67030 62308
74349 58698
53066 76800
76239 57624
53723 76108
54329 75115
55125 74127
85019 53872
52999 77015
53034 76887
54230 75417
54656 74875
67346 62059
76344 57554
52185 78133
54253 75395
69128 60984
52975 77085
53738 76103
77399 57135
85605 53680
54206 75487
55149 74057
68795 61250
53795 76085
54671 74870
54986 74423
52851 77376
64872 63889
82882 54558
63765 64822
64555 64097
77789 57061
68833 61122
74622 58659
53830 75899
55093 74214
64237 64458
67649 61790
53433 76453
54647 74940
55046 74405
64806 63920
52209 78063
54262 75330
55217 74044
64068 64553
82540 54866
52162 78155
53954 75729
54273 75272
57041 71852
57519 71039
57558 71002
68729 61281
84927 53915
52194 78068
54297 75202
64017 64579
52922 77300
52967 77102
54221 75482
52788 77463
67096 62277
67583 61821
76002 57862
80308 55611
52958 77167
53401 76540
53448 76448
55678 73640
68899 61091
54288 75267
54320 75180
51448 79905
53783 76090
54344 75110
80781 55429
54185 75615
52866 77371
53025 76952
55700 73556
58141 70376
65159 63543
89382 53061
53425 76470
55001 74418
68220 61375
56256 72724
63933 64760
51984 79024
54075 75708
59667 68454
65494 63226
53416 76535
53472 76378
55061 74400
55663 73645
51928 79181
53457 76383
55715 73551
84828 53924
51975 79089
52812 77393
63831 64791
54880 74655
58633 70294
67265 62223
51960 79094
54856 74725
73746 58951
52106 78411
53810 76080
54129 75686
54739 74857
55687 73575
77807 56961
52074 78498
52082 78481
52153 78220
58180 70339
58626 70311
65044 63690
78821 56440
52277 78050
53149 76782
58011 70957
56682 72179
54947 74440
57573 70997
64941 63713
54114 75691
55752 73387
63615 65162
63984 64693
51392 80062
51943 79176
55720 73474
74996 58252
75193 58244
87189 53306
92571 52409
52050 78568
61886 66611
74188 58905
54412 75097
61333 67098
51952 79111
63209 65454
77498 57126
66441 62796
67027 62453
80210 55844
51463 79900
52065 78563
52780 77480
53200 76760
92752 52384
51197 81013
61436 67075
67314 62107
56295 72687
64103 64548
80071 55849
89922 53055
57534 71034
64186 64525
64369 64268
71229 59710
63699 64981
64435 64237
90590 52806
53684 76125
56378 72669
57080 71815
61583 66880
81018 55191
58195 70334
63143 65485
63380 65247
51424 79975
52097 78476
52704 77818
54915 74527
55384 73992
62996 65680
66646 62741
54815 74843
54923 74510
65428 63257
67329 62102
51407 80057
56697 72174
64171 64530
69795 60817
70960 59996
51304 80405
53628 76282
54848 74742
57487 71126
52496 77876
52937 77295
54891 74597
51336 80318
52756 77550
53340 76715
54824 74812
55631 73732
59109 69079
64570 64092
66678 62558
67983 61613
51182 81018
51911 79362
56753 72055
57056 71847
67412 62028
51351 80313
56037 73189
60289 67791
52121 78406
52579 77858
56069 73102
57502 71121
62914 66064
64288 64432
51238 80861
52911 77358
56932 72019
51206 80948
51214 80931
53540 76365
63948 64755
83408 54305
56647 72307
56729 72087
58156 70371
64222 64463
69742 60820
52743 77743
56559 72650
60509 67670
62523 66494
64333 64330
66859 62515
51439 79970
52630 77836
56662 72302
61649 66849
80262 55797
84035 54195
53652 76212
63747 64931
64704 63951
69930 60778
78372 56586
78682 56445
87244 53161
54489 75072
55728 73457
56168 73067
58026 70952
70314 60345
91158 52606
69979 60582
51096 81372
51988 78974
55419 73864
51118 81291
55399 73987
85981 53561
51064 81459
56714 72092
62947 66041
64875 63744
65110 63659
65174 63538
65828 63049
68662 61329
50687 82640
52328 78028
56310 72682
64638 63982
65191 63495
66065 62811
66961 62484
51088 81389
52020 78887
54603 75030
57431 71382
57641 70984
59983 68205
79768 55890
59217 68918
64491 64177
65257 63464
68596 61360
51416 79992
52472 77946
56021 73324
63549 65193
64303 64427
82311 54973
50421 84017
50976 81802
55434 73859
56224 72811
69168 60885
80467 55606
70045 60551
51360 80248
72479 59011
51003 81534
52700 77826
58087 70547
51165 81199
51375 80243
51621 79687
56006 73329
57009 71939
57237 71731
63378 65359
50979 81604
51328 80335
52464 77963
57300 71504
59905 68224
53660 76195
55458 73827
58004 70974
58109 70463
61467 66967
51582 79762
54579 75045
56615 72394
62529 66489
63780 64817
50719 82553
70891 60303
91561 52536
52411 78010
51606 79692
56271 72719
59346 68841
60052 68029
61820 66642
82548 54735
51864 79454
55505 73735
57339 71467
61062 67183
61416 67080
62632 66466
67537 62007
74317 58785
56239 72806
57252 71726
58072 70552
65382 63443
55490 73740
56183 73062
64606 64030
51011 81517
54618 75008
56917 72024
50211 84973
51896 79367
55842 73360
57024 71934
59601 68485
53606 76338
50445 83947
54594 75040
56630 72389
58925 69653
64318 64335
77089 57220
51319 80400
54174 75673
60827 67268
63395 65242
86036 53416
50775 82297
53355 76710
57265 71632
58648 70289
60284 67929
60372 67773
62664 66234
91103 52751
51109 81356
55466 73772
59364 68723
62601 66487
50492 83591
55925 73342
58805 69957
62395 66507
89950 52861
51274 80724
55639 73695
60539 67573
61077 67178
50538 82898
67199 62254
75485 57926
63363 65364
66019 62997
82254 54977
51840 79524
52012 78904
53215 76755
54200 75610
60443 67701
69122 61071
51872 79437
51787 79560
56219 72987
56574 72645
58773 70044
66764 62527
74228 58814
82158 55004
