25809 1741.33
154542 103491
154863 99423
159416 93332
157388 94553
157100 95499
158032 94154
164525 88606
160765 91473
160650 91642
159847 92104
161969 89859
162712 89405
159901 92058
160826 90904
160394 91708
164709 88270
166761 87449
158498 93993
173192 84931
161128 90327
155158 97325
160797 91201
158554 93378
163655 88886
166747 87499
165196 88155
165812 87956
163917 88780
182563 82303
190515 80915
199816 79847
186834 81528
193504 80510
189789 81018
163484 89022
190303 80965
195627 80268
187112 81430
184157 81940
192128 80690
182030 82385
188488 81250
189002 81197
191165 80838
196076 80173
179630 83050
188159 81295
188809 81218
180527 82885
190836 80883
191486 80806
192661 80608
192854 80587
193930 80480
194920 80342
180334 82906
196269 80152
187305 81409
187838 81327
190322 80936
192321 80669
193311 80531
187626 81377
187645 81348
171451 85710
185711 81772
189451 81102
191679 80785
180867 82824
183817 82001
187027 81507
194463 80398
174257 84614
178376 83352
179970 82989
180967 82684
190972 80859
183624 82022
186301 81610
193737 80501
177572 83609
179437 83071
185321 81810
194784 80366
177313 83651
189644 81081
180163 82968
181759 82560
194270 80419
177843 83434
182223 82364
184671 81887
189982 80997
199166 79924
182756 82282
184350 81919
196802 80070
180848 82853
197259 80014
173227 84870
178357 83381
185000 81842
178569 83331
192107 80778
195434 80289
164130 88632
173724 84696
184138 81969
194251 80448
178036 83413
181928 82543
195113 80321
196609 80091
176780 83733
173917 84675
181500 82602
176486 84041
186494 81589
197452 79993
170846 85871
175318 84333
189366 81179
179951 83018
188295 81271
183077 82250
169885 86119
177765 83588
182544 82332
164640 88355
172592 85080
173194 84913
179219 83254
185514 81789
198973 79945
172242 85401
174088 84661
176711 83818
199623 79868
171210 85714
186815 81557
183063 82280
185963 81694
171676 85526
184807 81863
174359 84486
167674 87121
172311 85316
164061 88717
170575 85924
179026 83275
183406 82205
176457 84093
174552 84465
180898 82769
186156 81673
176467 84070
169250 86329
174873 84433
168900 86650
178876 83329
183213 82226
169319 86244
175953 84123
181952 82539
174892 84404
169850 86180
175795 84264
170382 85945
172421 85216
178890 83299
171017 85735
175511 84312
168527 86754
170915 85863
167727 87097
168969 86565
159948 91859
172292 85327
171869 85505
181693 82581
175291 84364
202484 79733
168265 86860
172490 85131
201834 79810
169512 86223
176973 83712
177506 83630
202291 79754
171607 85611
175851 84251
176146 84102
165891 87928
171990 85446
172223 85412
172661 84995
173296 84785
182530 82362
177294 83680
170746 85910
201641 79831
172854 84974
169148 86380
162004 89798
174188 84622
168334 86775
173489 84764
181481 82631
167608 87290
169954 86034
167594 87311
181160 82663
168648 86695
167845 86985
179271 83205
167658 87182
162816 89259
169079 86465
163657 88791
171453 85615
168841 86674
166045 87699
170147 86013
175085 84383
180834 82883
165060 88230
167177 87315
178343 83411
162952 89184
166830 87364
165358 88010
172183 85425
161197 90242
176679 84020
167847 86890
168881 86661
166114 87614
159628 92397
165943 87750
