9794 2887.44
102444 119950
103367 118624
102651 119684
102575 119718
102752 119530
102797 119441
102730 119551
103522 118457
102597 119697
105257 116155
102511 119840
102510 119918
96781 127778
105243 116159
92545 142474
92361 143917
97345 126547
96214 129071
92563 142157
92716 141433
92966 140204
106076 113740
103500 118606
105952 113770
92532 142876
97058 127024
114098 102060
92905 140590
96523 128279
92379 143600
97489 126247
96416 128367
92543 142707
97202 126724
96491 128317
96893 127516
99918 121651
100472 121048
96800 127525
106839 111412
107205 110814
96944 127225
116124 100942
99860 121829
99632 122050
107800 109226
97367 126497
106897 111234
93955 135740
99574 122228
100758 120649
98221 125122
98279 124944
108087 108749
86533 169986
106519 112318
96107 129159
116000 100972
100051 121633
106213 113309
113943 102227
107147 110992
94614 133446
86576 169886
96250 128995
106337 112526
100891 120631
114695 101781
100414 121226
100627 120881
86392 171329
116155 100805
114231 102042
99765 122032
106206 113338
106395 112348
107742 109404
99345 122527
94923 132654
108337 108507
100913 120482
98778 123820
100369 121382
108029 108927
96251 128859
106148 113516
98426 124604
99287 122705
100619 121026
107240 110518
113885 102405
94790 133088
98961 123369
101046 120464
98626 124281
114680 101819
98594 124339
114076 102209
106703 111928
106271 113131
97912 125519
107298 110340
92588 142144
115979 101056
99116 123202
95703 130370
92761 140870
98903 123547
104372 116827
101060 120460
114540 101948
86578 169423
100486 121044
93951 135896
94104 135172
111243 105192
92841 140602
95264 131497
100905 120627
93313 138349
108519 108299
100641 120877
92589 142070
97625 125996
114672 101946
99190 123070
108395 108329
86394 170866
86298 172889
92757 141026
107585 109863
92994 139878
105894 113948
92341 144467
100413 121304
116279 100775
92910 140302
105268 115845
86349 171429
100700 120827
92976 140195
86341 172789
107422 110310
109404 107156
94646 133388
105711 114423
86594 169110
92424 143037
92993 139958
104721 116420
109249 107323
106104 113518
98566 124467
92608 141594
106162 113340
103931 117393
86273 173387
111200 105317
106820 111868
100206 121466
97511 126197
99631 122128
109862 106607
101661 120166
96139 129101
110075 106262
92689 141519
104217 116994
94903 132655
107052 111067
99787 121883
92359 144150
98854 123742
102852 118964
99573 122306
111717 104382
103930 117471
99500 122360
99478 122509
121013 96775
95280 131363
115426 101489
98336 124840
98532 124554
102543 119756
109920 106429
115855 101086
114968 101634
92342 144373
95557 130629
100714 120823
114835 101652
115432 101373
110708 105555
100927 120478
104086 117226
92405 143493
86437 170766
115685 101190
104350 116976
98394 124662
99029 123206
114828 101763
109837 106623
109183 107455
103644 117870
99189 123148
86441 170442
112709 103066
98545 124534
116412 100757
105769 114245
92505 142962
95413 130929
90978 149433
98645 124048
92406 143354
111966 103933
95136 131663
91079 149203
97911 125597
109529 107043
91654 148718
113628 102445
90669 150225
106292 113069
105522 115413
92590 141911
85988 177981
106318 112982
92360 144056
111562 104549
99786 121961
92743 141187
90602 150563
103873 117571
110044 106399
92739 141343
112625 103531
90843 149897
98470 124584
102072 120116
105326 115667
110774 105423
107527 110041
113120 103047
91697 148502
100428 121222
85935 180280
92404 143587
94172 134552
104505 116809
94866 132782
100471 121126
86596 168637
113216 102622
111067 105335
104926 116224
112362 103628
105478 115415
110279 106209
86639 168537
110421 106032
85942 178727
99248 122892
98703 123870
102391 120018
94834 132955
86641 168074
92038 147744
86343 172326
138206 87791
91937 147974
114673 101930
86038 176704
93381 137729
111451 104688
87495 159296
90749 150093
86110 175782
90620 150488
107709 109833
87263 160425
105580 115235
112175 103839
113349 102604
110029 106425
93525 137429
104771 116391
93674 136861
138445 87636
93363 138046
95260 131653
96651 127783
108116 108641
90886 149797
91628 148766
94849 132842
96397 128600
109633 106906
85747 183173
109625 107041
108242 108582
136566 88060
90828 149926
112099 103915
92924 140210
115410 101522
112305 103682
134930 88699
101808 120144
103007 118797
106550 112181
132091 89329
100073 121484
98880 123599
125758 92543
91802 148438
122676 94077
117329 98981
98274 125055
93512 137478
85790 183073
125189 92852
87541 158688
88366 155987
85798 181713
93485 137724
86156 175036
98055 125128
107829 109118
115818 101172
134558 88726
88795 153894
110863 105388
117811 98538
89406 151729
114539 102037
135492 88461
134797 88717
137071 88015
138073 87809
93679 136636
128498 91044
86155 175219
92203 147436
111321 104845
85987 178164
119075 97914
105536 115237
118306 98283
86081 176604
115565 101355
85985 178627
148194 85714
87218 160988
87771 158063
136376 88271
95813 129833
131157 89594
125034 93019
144743 86259
86249 173659
93530 137161
91787 148467
136137 88280
106826 111832
136938 88033
93103 139284
95573 130375
103586 118048
121597 94799
106926 111126
136004 88298
86204 174222
86777 165332
87261 160888
90210 150584
129484 90494
87691 158195
93099 139440
137633 87907
85897 181382
89279 152053
108837 107663
110426 105968
139140 87510
88715 154026
136509 88253
91257 148921
141852 86931
95957 129533
116134 100929
144751 86132
93828 136048
95850 129641
88562 154886
120184 97432
134425 88744
97368 126251
93148 138721
103799 117703
92526 142930
106579 112073
110502 105802
85993 177267
95378 130966
122172 94669
124831 93122
111774 104328
124223 93217
86036 177167
118182 98313
145191 86034
91833 148431
127927 91250
93228 138453
89271 152193
94579 133483
112495 103610
136699 88042
146552 85909
94705 133142
155025 85028
129576 90260
130324 89941
91903 148208
96267 128625
129948 90233
86916 163551
95958 129417
90166 151004
95115 131735
148039 85759
120903 96779
94154 134869
116442 100015
149555 85589
94316 134252
96544 127871
88227 156942
88758 153926
89326 151861
86206 173759
107771 109296
133298 88910
86868 163961
93786 136268
112628 103322
117462 98963
87539 159192
87621 158556
91845 148338
130191 89959
86153 175682
94465 133684
105923 113840
151482 85341
120380 96926
149681 85564
86734 165347
87459 159324
88386 155548
117935 98508
125643 92757
87774 157696
86161 174322
88797 153851
121571 95075
88930 153430
108926 107465
126714 91910
97768 125605
135815 88362
107984 108951
127218 91567
128267 91196
87345 159789
90850 149863
135177 88486
125463 92799
131662 89549
138578 87618
94321 133984
109295 107254
109757 106876
120779 96865
87061 163368
87924 157203
96526 128188
94083 135244
94962 132459
107453 110173
121027 96749
127652 91497
89179 152858
111275 105026
108529 108083
117738 98952
142552 86450
96072 129196
96909 127282
110353 106073
93144 138877
87161 161232
141290 87169
150121 85466
101794 120148
104566 116587
88184 157042
93336 138292
131852 89338
95429 130675
131719 89356
133803 88865
140999 87298
87125 161260
127085 91585
135120 88488
125997 92534
133241 89103
133670 88883
94971 132035
86647 166307
91156 149151
94019 135276
128051 91220
123800 94020
128558 90909
135310 88468
141480 86958
86484 170342
94926 132598
130696 89914
132869 89130
138305 87744
88067 157065
90929 149696
153198 85253
134987 88506
137701 87836
128982 90598
88573 154379
102398 119988
122039 94687
90770 149995
97196 126805
147118 85786
88412 155379
110487 105900
126125 92129
131529 89567
139713 87394
140223 87322
142506 86901
121259 95603
126280 91962
88565 154519
89030 152859
108639 107942
111222 105315
123935 93402
124459 93149
131717 89513
87018 163468
88482 155018
89194 152623
100772 120645
88950 152991
118416 98003
119873 97707
130563 89932
88891 153655
130138 90022
132224 89311
86085 176280
137834 87818
146112 86007
92990 140034
92995 139445
97923 125438
101107 120242
105661 114940
123862 93828
87068 161481
112254 103748
86831 164864
88258 156007
91888 148237
106366 112418
120157 97646
127815 91288
148334 85694
88230 156434
89635 151069
95706 129941
117172 99718
128610 90625
