11139 3067.88
104424 44958
95332 46872
102712 45263
93460 47446
94172 47194
104205 45021
105381 44774
103669 45079
104278 44971
94809 47092
102566 45276
105162 44837
105235 44787
95129 47010
86248 49322
92937 47666
97337 46507
85566 49813
93649 47414
96289 46688
96143 46701
97044 46567
86230 49430
103523 45092
86435 49246
93090 47491
101022 45618
93727 47389
101664 45444
94620 47124
85584 49705
98001 46383
100184 45848
94250 47169
84727 50299
98148 46336
99940 45915
97855 46396
87386 48914
97749 46411
86771 49102
95186 46885
100707 45628
99102 46145
105016 44850
99625 45925
85118 50055
86753 49210
87573 48838
103376 45139
83203 51165
100561 45641
102419 45323
88091 48724
82693 51841
93405 47481
94565 47159
86958 49026
88655 48541
88468 48617
91923 47842
103230 45152
95647 46862
94663 47105
86107 49485
87663 48836
89360 48351
118728 42478
91290 47921
83726 50945
83676 51106
88040 48729
84856 50212
94983 47023
87273 49016
81921 52314
101518 45457
90333 48105
118509 42541
85771 49629
85438 50029
102273 45336
122168 42069
99995 45880
88278 48648
119252 42413
121949 42132
119447 42396
88823 48514
94026 47207
85488 50010
118877 42466
87328 48981
87476 48912
121973 42086
121598 42139
90835 48019
88733 48516
89905 48217
87853 48805
104059 45034
85857 49566
118615 42539
83057 51489
90187 48118
91477 47845
88118 48704
90520 48029
89438 48326
120291 42321
92380 47771
123012 41994
77287 54758
81904 52712
87707 48818
122637 42047
89815 48219
78417 54025
96792 46595
84333 50432
121230 42214
89013 48483
122488 42059
76361 55395
115855 42930
118658 42529
79771 53397
89572 48306
85043 50136
118153 42619
117974 42623
77491 54662
119916 42374
84520 50356
121449 42151
115636 42993
116480 42897
78940 53805
110450 43860
113458 43361
88412 48628
116855 42844
117712 42696
84041 50935
76727 55196
123207 41977
102021 45364
116400 42929
78089 54222
102978 45180
116894 42838
115490 43006
99547 45950
110170 43938
79413 53746
91144 47934
117050 42827
114952 43087
87894 48742
96898 46580
75273 56310
103124 45167
112555 43518
89628 48295
114794 43136
89027 48440
120486 42304
111127 43754
101802 45427
76867 55103
115709 42943
118349 42570
111407 43676
111626 43613
75737 55836
111772 43600
78087 54366
113837 43320
110815 43784
102167 45351
114733 43150
115131 43083
89214 48364
77793 54466
77552 54531
117825 42635
78612 54002
99024 46170
83046 51839
80294 53177
102905 45230
77465 54663
109621 43978
123541 41964
110669 43797
97191 46520
76103 55637
109375 44031
98835 46202
109229 44044
113239 43424
112336 43581
89482 48308
108664 44162
99401 45963
76663 55199
98465 46247
109156 44094
97530 46474
84187 50756
113312 43374
110596 43847
79966 53374
92234 47784
100358 45779
108810 44149
109767 43965
102759 45243
98878 46183
76422 55264
92421 47708
114082 43253
78176 54090
111553 43663
114806 43100
75407 56104
116748 42851
110298 43911
120267 42367
121336 42212
114228 43240
108053 44291
92567 47695
147606 40042
90130 48209
112190 43594
101477 45520
81251 52993
117250 42776
79443 53594
113863 43316
101331 45533
96573 46658
147774 40027
86044 49490
114587 43163
107370 44396
77046 54823
108418 44215
112409 43531
83051 51581
121070 42243
106413 44580
114009 43303
92356 47778
113093 43437
115356 43071
88322 48630
104068 45030
120695 42296
88599 48552
101948 45414
106161 44608
108272 44228
118325 42616
76031 55663
114453 43228
93503 47427
98780 46237
108199 44278
106267 44593
106706 44520
75347 56227
111273 43741
150002 39964
123323 41972
50398 117110
97603 46424
143978 40135
81010 53058
100520 45704
149486 39982
150170 39949
77988 54443
144146 40120
88867 48496
119767 42386
152456 39947
71783 59074
50392 117307
59855 81695
96031 46842
71694 59350
143462 40153
90374 48042
82365 52016
143630 40138
78699 53870
79530 53462
56131 87603
96427 46671
117101 42788
81090 53004
60437 81168
70757 60417
89054 48420
57349 85240
105512 44714
154336 39887
58950 82848
90171 48180
104701 44885
154504 39872
89759 48230
58130 83810
57282 85241
57469 84866
60023 81639
56015 88141
107224 44409
70949 60048
58754 83003
89669 48232
54712 92562
149654 39967
52876 99176
74494 56641
88509 48554
51420 106450
58536 83319
74074 56986
152624 39932
60176 81452
107663 44336
53523 96512
71324 59777
58348 83494
53343 97906
72090 58584
58322 83751
59035 82657
55599 89362
106015 44621
76262 55550
60042 81617
105796 44684
80053 53242
55149 91160
56317 87074
80849 53069
72480 58193
89200 48407
54110 94312
71064 59927
55901 88295
58941 82925
59441 82166
56870 85825
54296 93783
76945 55044
153820 39905
70642 60538
56733 86227
57276 85334
91331 47858
57057 85450
58124 83903
53368 97383
106560 44533
54526 93091
104555 44898
51515 106043
55567 89731
53463 96976
51283 108251
54828 91883
55151 90952
106972 44437
59356 82414
51125 109912
70880 60370
58093 84059
56454 86672
51188 108658
72381 58348
52411 101730
153988 39890
50627 111764
56641 86297
57463 84959
100038 45861
53709 95983
57687 84550
52506 101323
51387 107062
51542 105989
51357 107704
51155 109270
72944 57719
51791 104892
54427 93554
55430 90133
54965 91481
57718 84394
56268 87201
54087 94577
51811 104792
55541 89988
52562 101074
56225 87518
70248 61450
51605 105421
51886 104485
78014 54442
72855 57922
50722 111357
51700 105014
53062 98647
54247 93910
107517 44349
51906 104385
81285 52981
51373 107629
50621 111961
55244 90662
55221 90927
51447 106396
56038 87893
73479 57481
52256 102338
53248 98313
55381 90260
57394 85171
52161 102745
61043 80954
55715 88824
52657 100667
53634 96367
54433 93381
54663 92689
71355 59691
51215 108604
52967 99054
50654 111710
53660 96110
53281 98268
59456 82145
59870 81674
54503 93356
55852 88422
56428 86929
73154 57689
55355 90517
55565 89939
53500 96777
58869 82989
54637 92946
56844 86082
52781 99583
96646 46608
54221 94167
52070 102867
53820 95838
54805 92148
106753 44500
52253 102705
51837 104526
53846 95581
50749 111303
112862 43450
50716 111554
56242 87458
54407 93638
53939 95291
57031 85707
50812 110735
52348 102298
56615 86554
53916 95556
128225 41130
50907 110328
55501 90104
81613 52784
53335 97995
56012 88150
76004 55792
54939 91738
52643 100835
55125 91209
69894 61737
54657 92862
73629 57147
74868 56518
58728 83260
59269 82520
68857 63546
105658 44701
110100 43957
57531 84769
52548 101242
54378 93681
98278 46323
50901 110525
52694 100468
51134 109329
57271 85397
51310 108197
124493 41554
50774 111125
127214 41227
50425 117056
124934 41527
72001 58860
105942 44671
50998 110206
74212 56901
51975 103274
54241 94083
124004 41753
81372 52849
69078 63260
50382 117436
51087 109996
127784 41157
50360 117500
50806 110932
73310 57520
117606 42698
51742 104933
112497 43526
50611 112090
57378 85207
71413 59574
51182 109216
68241 64281
70586 60874
50298 118805
65145 70614
112716 43463
122932 42026
69527 62230
70595 60729
107118 44424
50173 124153
72756 58077
122107 42082
50527 113459
73540 57423
51180 109230
106899 44487
53304 98003
69220 62720
108062 44287
58551 83298
124274 41617
68915 63298
50320 118741
70697 60420
72920 57911
55576 89627
76959 54955
52717 100203
120882 42262
121369 42183
112643 43513
55338 90577
61368 80843
99235 46139
50454 116835
50589 112154
68608 63788
64787 71360
72074 58838
64672 71481
55692 89089
50554 113405
63899 73778
61479 80529
63370 75227
66231 68240
64051 73452
73588 57342
50221 122330
130238 40841
54794 92460
50336 118415
54997 91253
64621 71903
56108 87868
131952 40695
125063 41484
124785 41539
65108 70819
64258 72729
64221 72934
69343 62673
74253 56706
63021 75836
75624 55908
100317 45842
68548 63791
58965 82827
69164 63056
63058 75631
131268 40782
66065 68783
69587 62227
123563 41780
51942 103886
62464 77307
124133 41710
66644 67376
66700 67040
132468 40677
50245 121415
100374 45717
133378 40621
73870 57082
51038 110037
70390 60910
66589 67494
136110 40430
63894 73938
120820 42291
67067 66547
130513 40830
65471 69993
70085 61488
50250 120628
63007 76053
64893 70986
65200 70496
61927 79088
64635 71686
129665 40944
133546 40606
50558 113021
65623 69667
52748 100195
53022 98751
61833 80243
62043 78917
65508 69788
108820 44100
132774 40676
60762 81057
66952 66668
66044 69027
66337 67866
67007 66550
130071 40874
59336 82476
50135 124543
136626 40412
139978 40235
67215 66226
64165 73023
67578 65400
66097 68725
63958 73608
65753 69187
128577 40973
137536 40356
66552 67699
141858 40175
61815 80336
64272 72512
70301 61186
50215 122527
54047 94681
69046 63295
62827 76481
69472 62348
50479 115282
69778 61978
50288 120238
63421 74805
65868 69066
136794 40397
65256 70160
146002 40064
64114 73445
50330 118612
64309 72307
68047 64598
132120 40680
62290 78262
63173 75510
67088 66531
62970 76258
67932 64719
68367 64142
75000 56349
59532 81890
67885 64910
133290 40658
125331 41471
129117 40967
137704 40341
63873 74083
132942 40661
67306 65987
131516 40735
64005 73484
72465 58313
137100 40396
136022 40467
68506 63812
131382 40765
134671 40565
66943 66813
110319 43894
129909 40885
136278 40415
66488 67839
66915 66873
117365 42754
50183 122720
147882 40004
63857 74143
65716 69392
66116 68361
62320 78023
68873 63319
138858 40308
127383 41193
141174 40208
66226 68360
71906 59027
145318 40097
119172 42445
131864 40732
66896 67004
70608 60696
134912 40558
135506 40485
139462 40253
57809 84118
59145 82603
65452 70124
125333 41240
117745 42667
60897 81056
64424 72186
135426 40517
69970 61609
72515 58142
138220 40323
62665 76696
59168 82532
64584 72108
135287 40548
50272 120564
141342 40193
145834 40079
60912 81035
69860 61839
51414 107008
62434 77546
50496 114326
61899 79633
62628 76901
64223 72922
69663 62099
134396 40576
139294 40268
135674 40470
62991 76075
63605 74515
76335 55396
62054 78778
111307 43739
141690 40190
50205 122656
62071 78372
63642 74310
69411 62471
129668 40911
