9696 2405.48
81783 115797
81763 115858
101779 96699
71413 151496
71571 151036
72782 142754
72805 142246
72721 142880
71667 150566
105787 94189
105515 94253
105355 94339
82543 112040
82348 112889
83077 110762
82581 111865
83247 110507
70189 164701
83623 109689
82957 111047
82210 112919
73263 138927
70410 160370
103627 95070
70137 166722
106564 93982
70949 155686
70252 161965
70596 158537
142459 86967
70438 160132
83503 109974
83717 109667
72918 140697
70092 174669
106292 94046
72535 144713
70782 157636
112435 92370
73016 140565
113428 92200
103565 95089
103422 95169
115130 91910
120424 91124
112217 92416
120244 91300
103582 95083
100820 97106
106883 93974
102723 95644
83461 110200
109466 92826
115449 91902
109679 92795
100983 96983
100980 97020
102866 95564
115701 91892
106133 94059
102624 95818
105861 94123
103180 95423
103323 95343
83171 110740
83291 110455
101225 96729
105373 94318
110950 92582
110737 92613
73364 137506
106985 93917
73217 139307
104482 94553
107257 93853
76378 124196
105259 94346
76509 123837
82368 112459
104322 94639
74927 128246
83582 109842
104754 94489
75135 127610
76002 125014
103402 95250
75157 127579
109323 92906
74664 129401
74784 129116
76133 124655
75474 126248
75968 125057
75882 125299
76614 123778
102945 95471
76344 124239
75560 126006
75725 125604
84090 108746
95855 99582
105100 94359
103644 94996
102703 95725
103787 94916
95991 99528
76740 123696
70836 156376
75594 125963
76389 124122
77573 122034
115717 91859
104674 94505
118601 91471
118186 91515
76844 123304
76258 124481
76746 123577
77201 122759
75605 125889
86746 104317
76101 124786
76964 123019
77315 122593
77468 122093
83206 110660
83036 110915
96008 99454
76933 123204
70852 156200
72694 143515
100608 97245
128679 88293
99685 97627
117599 91566
132005 87871
86637 104448
99616 97735
104828 94423
77053 122919
78254 120605
118297 91496
99848 97504
77158 122860
77348 122378
135314 87399
118884 91445
104668 94509
70507 159856
75046 127828
76013 124940
72240 147636
76301 124473
74783 129271
73338 138554
78647 119634
82915 111273
99779 97612
73041 140538
74843 128880
75505 126194
70349 161451
76494 124063
70693 158023
100347 97357
72337 147122
78736 119534
110006 92710
86754 104300
111277 92497
78891 119328
100184 97480
107705 93329
109793 92741
75848 125342
120205 91342
72796 142316
125094 89026
108465 93070
108608 92990
124601 89113
124228 89293
107848 93249
111064 92528
149120 86591
70076 175482
123916 89339
123543 89519
126155 88851
108061 93218
72121 148354
82195 113365
126623 88696
124409 89252
84646 107743
84997 107317
77307 122610
108821 92959
122241 89987
127077 88645
130382 88115
84654 107726
76653 123714
86403 104726
117290 91643
84642 107754
77108 122896
128177 88434
75693 125746
84856 107447
100263 97452
103217 95407
85664 106422
86027 105544
116288 91738
77705 121833
73139 140406
77437 122278
121670 90388
84993 107328
85877 105828
121353 90500
75813 125461
84303 108152
85506 106882
84517 107845
84183 108437
75437 126279
86596 104601
122926 89761
127125 88555
84397 108130
85918 105675
85705 106269
84141 108663
77197 122796
84868 107419
113859 92123
78047 121185
74761 129302
125055 89062
84021 108948
78152 121126
79493 118019
72217 147884
77927 121470
70535 159618
86294 104857
79730 117759
126609 88800
130945 88044
86245 105186
85336 106919
97089 98775
147884 86614
86136 105317
84985 107345
72880 141682
74788 129007
97106 98701
131646 87891
71052 153529
75936 125188
147391 86701
72616 143616
127338 88524
71238 151696
84605 107844
144343 86775
79598 117960
71788 149014
123134 89706
146964 86723
143850 86862
78499 119794
129133 88242
71602 150847
70960 154053
136342 87348
86742 104328
151004 86399
79457 118128
115969 91746
79835 117700
86095 105470
71668 149776
79351 118277
85161 107157
138281 86997
112592 92289
74299 130570
131144 88032
85207 107021
75111 127731
82799 111507
74422 130297
80081 117169
85512 106731
80318 116909
79694 117868
79114 118537
137580 87150
77290 122659
121566 90469
138118 87120
85087 107306
150732 86463
109140 92951
81843 114965
96473 99359
118935 91362
80661 116500
86645 104431
71510 151371
79941 117551
113863 92076
122454 89956
85760 106135
101850 96615
125596 88885
110325 92702
96456 99433
98177 98096
122598 89865
71118 152458
107606 93503
123283 89639
120338 91147
123496 89608
122027 90266
115017 91951
75012 127883
80407 116809
80170 117069
114135 92012
80750 116400
79836 117610
82919 111222
126183 88834
80513 116660
81034 116264
88751 101898
120331 91177
76093 124883
83970 109031
98921 97744
114454 92004
114698 91959
99291 97736
73345 138184
78956 118997
78996 118995
78838 119455
98701 97973
84822 107555
92016 100578
85547 106729
88174 102201
73160 140120
80495 116808
143626 86931
88552 102020
80855 116341
78410 119894
122811 89834
71946 148554
81815 115241
98832 97844
153200 86370
87975 102323
123143 89668
73818 132336
121710 90378
73613 134847
97017 98801
73632 134169
73799 133014
92309 100568
122240 90235
73695 134011
82140 113499
74086 131164
112911 92281
81139 116205
73275 138825
111651 92477
121296 90761
80618 116601
82112 113775
84476 107998
74217 130805
97301 98665
113183 92217
78599 119715
110380 92690
150080 86585
97000 98875
87686 102574
110593 92659
77691 121877
84776 107580
78362 119975
87885 102452
130092 88153
75318 126697
81982 113959
81941 114819
86253 105010
87381 102864
116986 91668
77898 121527
88446 102188
80943 116340
102021 96271
125103 88972
85115 107182
74019 131645
77709 121605
131709 87888
125659 88882
77793 121586
77589 121890
112322 92411
79456 118218
81954 114235
112003 92419
136752 87327
124418 89198
132100 87840
87221 103147
72352 145735
84262 108305
125166 88969
77814 121546
74425 130169
88462 102149
81327 116097
73415 136438
87670 102613
113593 92198
101878 96351
74206 130879
101793 96669
72441 145409
113274 92206
90479 101088
73938 132051
73506 135728
79101 118936
73743 133758
81611 115961
83465 110149
128631 88383
78705 119566
87183 103266
79219 118478
95308 99668
144321 86790
78753 119485
86769 103687
98904 97818
86810 103534
78842 119385
81522 116061
86919 103403
79061 118938
95621 99614
85173 107129
85295 107020
96644 99203
94471 99823
80073 117350
97718 98165
104059 94852
74337 130520
78273 120075
87118 103281
87262 102994
92492 100297
97629 98265
94627 99672
136837 87264
93028 100122
98183 98070
143828 86877
83424 110302
97498 98394
72538 143902
89532 101399
74630 129474
89825 101389
78616 119666
89243 101650
92451 100425
91915 100600
87224 103113
96627 99277
90109 101096
93509 100051
133786 87582
90542 101022
98200 97996
94045 99876
97409 98494
81238 116197
92438 100460
98815 97918
107188 93912
135086 87491
90955 100807
97426 98420
123046 89735
76221 124512
72141 148074
89980 101385
72299 147614
97367 98591
74545 129884
72627 143576
87577 102705
83807 109255
101858 96394
123912 89468
82403 112115
85550 106612
107333 93544
90710 100875
95509 99624
133395 87630
82616 111521
87458 102835
101062 96852
88969 101723
91902 100635
97515 98320
120477 90862
77946 121345
102120 95863
75198 126982
87866 102454
132694 87783
92830 100287
147862 86629
91726 100759
120970 90775
96954 98919
82878 111375
89258 101472
96937 98993
72525 144775
