9359 2284.93
68499 58709
68450 58769
68624 58613
68566 58704
91719 44836
92091 44806
92794 44630
92595 44720
93166 44600
68451 58727
94269 44517
85514 45696
85129 45787
85216 45764
85601 45673
45147 93323
45056 94964
95405 44201
91806 44813
68163 58966
77058 49942
76933 50038
94985 44405
91796 44833
45030 95116
50983 71356
75224 51385
75099 51597
51619 70661
51680 70654
77086 49938
51974 70161
51348 70808
51849 70373
51826 70567
51910 70366
85591 45693
45081 94781
51409 70801
93806 44546
93893 44523
95492 44178
75071 51601
67337 59448
95072 44382
92359 44782
75009 51821
92446 44759
67163 59604
75321 51293
52035 70154
75349 51289
75196 51389
67212 59544
75137 51497
75040 51705
92168 44803
52240 70141
85293 45761
75012 51709
67038 59700
75855 50932
51271 71079
52306 70007
77257 49852
77285 49848
52245 70014
67843 59091
76961 50034
44854 98255
93521 44553
76033 50653
75503 51246
85206 45784
76061 50649
44842 98450
76539 50296
75936 50745
75908 50749
67669 59247
93243 44597
76414 50392
76289 50483
76567 50292
92871 44627
51210 71086
45320 90674
44905 97920
75395 51276
78959 48460
45191 92662
75520 51180
45399 90244
53306 68174
90549 45004
95992 44122
67544 59343
74723 51936
91120 44884
74784 51871
76442 50388
104918 42883
114879 42799
68952 58010
67116 59651
74695 51940
105290 42853
104803 42887
55691 64943
88628 45086
90748 44914
45200 92613
55752 64936
88215 45115
97903 43574
96828 43780
88302 45092
67718 59187
97155 43691
104431 42917
95340 44299
88715 45063
86027 45516
67816 59119
45329 90625
85642 45607
45341 90430
75812 50941
52731 68911
52792 68904
48596 75216
49323 73289
86236 45434
96412 43918
87930 45122
87311 45228
87388 45225
86313 45431
86114 45493
78916 48490
48661 75175
48571 75234
87760 45195
49124 73574
49327 73255
67941 59023
87683 45198
49262 73296
66452 60009
76766 50130
85729 45584
73025 52965
78680 48757
78805 48545
86323 45411
67767 59179
78486 48907
86400 45408
76973 49979
55408 65285
73084 52857
78597 48852
96085 44007
42927 111405
43438 107205
43537 107179
48636 75193
66709 59825
77705 49644
76738 50134
72458 53504
51711 70651
77506 49734
51772 70644
49904 72683
76613 50230
72284 53660
76232 50491
66681 59829
46592 82347
76641 50226
49692 72707
48431 75706
72785 53225
49627 72748
66403 60069
77478 49738
46517 82801
46562 82438
46638 82085
55272 65496
76107 50587
72851 53121
46847 81281
46522 82728
55481 65083
48549 75365
46270 83869
46777 81662
73254 52785
73313 52677
73282 52781
86768 45351
46613 82103
51836 70439
46802 81644
43562 106584
48459 75424
48484 75406
73341 52673
53222 68315
76653 50171
45080 94807
77393 49775
46321 83534
50653 71604
48568 75263
46543 82484
60141 61880
72687 53324
46245 83887
46205 84177
53161 68322
42926 114025
43109 110044
45403 89926
45443 89804
72910 53013
46175 84268
78993 48438
48524 75383
46200 84250
66806 59733
73847 52316
59864 61945
52796 68870
44036 103542
50152 72039
42874 114299
46492 82819
55420 65090
46462 83130
46587 82420
50087 72080
60350 61845
44737 100088
43937 103568
46988 80877
73819 52320
48419 75901
50565 71839
55295 65302
46703 82034
77098 49883
72583 53408
43592 106493
77126 49879
44061 102947
46433 83344
56029 64871
50839 71385
77979 49544
46835 81476
50588 71645
78140 49414
43550 107147
78759 48634
50213 72032
55209 65515
48205 76617
72409 53564
79232 48187
43426 107768
66550 59966
43026 111379
66834 59729
75236 51330
75165 51493
46754 81699
50148 72073
79078 48272
79343 48132
44091 102856
47013 80859
50649 71638
79951 47821
50774 71426
77518 49679
43620 105844
46684 82080
43832 104291
49799 72690
49673 72738
76147 50528
73416 52656
77946 49564
79420 48080
66300 60090
96505 43803
79840 47876
48805 74412
55282 65368
79763 47928
79652 47983
44119 102207
51045 71279
55968 64878
79686 47961
43051 110784
50713 71433
75177 51438
72727 53265
46147 84550
43777 104977
47320 79104
50984 71286
43802 104382
79531 48025
72755 53261
46464 83101
50075 72310
77546 49675
97248 43576
95642 44129
43860 103642
48258 76317
47299 79348
78953 48484
46217 84169
49738 72697
50014 72317
44218 102181
54855 65730
55356 65295
44866 98100
44904 97946
49949 72358
50010 72351
54794 65737
72324 53601
95222 44333
86695 45381
54429 66285
98323 43370
74569 51984
54030 66946
78265 49202
47110 80551
56300 64618
44328 101792
55157 65580
50511 71916
43167 109203
50778 71392
67566 59268
48697 75151
66675 59870
51049 71245
45211 92444
76467 50336
47085 80569
60289 61852
43349 107842
47263 80135
51110 71238
45223 92249
78057 49509
43341 107941
73590 52500
45149 92948
78219 49291
43678 105003
46944 80973
49489 73026
102287 43103
99238 43244
58471 62775
98163 43450
45340 90456
86685 45401
45290 90765
94635 44412
67594 59264
58410 62782
101800 43137
43291 108582
58194 62840
94570 44510
68198 58839
77745 49585
68170 58843
103087 42981
73789 52410
102659 43073
73512 52587
80688 47306
99610 43214
66577 59913
43266 109177
103202 42977
77717 49589
74018 52230
72498 53445
46392 83511
55065 65590
70166 56388
78892 48522
102715 43011
45161 92753
50450 71923
78179 49350
70417 55614
70591 55458
70669 55117
76778 50075
66647 59874
74768 51894
49373 73245
56312 64423
98695 43340
45278 90960
46531 82679
70340 56232
50515 71882
46411 83465
45352 90261
52831 68659
44767 99997
66522 59970
53030 68374
52896 68618
78446 48966
52969 68381
53095 68333
56583 64276
69126 57854
53034 68340
75264 51326
70697 55016
74239 52116
68827 58106
46689 82039
78719 48693
68699 58392
72240 53708
45253 92158
68894 58101
78765 48604
52531 69166
58133 62847
69001 57950
69333 57749
52892 68652
60080 61887
59803 61952
52466 69207
70369 56112
78443 49078
101204 43194
67469 59360
62656 60771
67441 59364
74438 52026
62717 60764
70930 54752
70620 55338
63531 60598
64075 60470
63045 60698
69856 57298
70225 56280
78640 48816
49008 74093
70756 54908
64014 60477
70150 56463
70353 56187
48943 74134
70138 56658
44200 102197
70030 57142
77325 49789
52400 69581
62231 60864
80028 47818
46085 85054
79038 48331
63139 60650
70542 55518
71267 54538
62170 60871
87102 45310
69981 57202
69524 57499
68824 58296
82793 46189
69649 57403
82992 46099
82185 46500
82373 46393
46136 84719
84764 45872
82605 46296
83868 45983
81477 46798
64737 60379
74143 52134
69350 57655
62440 60829
44957 95318
87843 45145
46710 81795
69475 57559
73740 52421
74246 52064
84851 45849
47115 80363
81057 47002
81323 46883
69193 57849
81665 46691
96322 43998
44987 95227
58019 62964
57894 63176
59302 62115
73541 52511
73569 52507
74075 52150
81245 46895
44726 100333
69068 57945
80903 47087
68640 58440
82572 46303
44436 100758
59363 62108
69417 57650
69716 57398
68765 58344
44645 100343
81434 46828
81588 46743
74047 52154
57393 63611
70389 55884
64823 60363
69591 57494
64762 60370
59572 62073
46872 81263
72449 53505
64100 60461
45086 93330
59025 62180
46969 80955
58815 62320
81014 47032
58754 62327
74274 52060
70796 54849
59086 62173
70737 54957
62379 60836
63617 60582
57332 63618
44945 95513
69876 57252
57958 62971
59788 62015
48370 76127
71133 54635
44769 98652
57513 63422
90626 45001
61954 60929
44910 96469
59511 62080
56187 64635
61571 61169
61632 61162
70448 55546
61893 60936
70970 54693
85103 45818
80517 47659
44781 98457
63225 60634
70911 54801
47360 78328
70401 55689
81776 46636
57574 63415
44378 101498
45036 95097
62862 60715
80534 47391
56841 64079
81622 46721
44517 100748
80363 47744
90825 44911
47339 78572
62742 60755
80872 47155
47457 78020
58619 62747
53791 67188
58629 62539
49515 72938
57833 63183
73510 52615
53426 67736
58690 62532
56644 64269
53365 67743
71302 54492
81168 46947
63823 60526
46044 85305
62465 60820
53305 68193
53240 68234
57118 64014
59677 62034
59738 62027
63556 60589
53730 67195
45597 85969
53644 67408
53592 67473
61278 61216
70651 55270
61779 61053
71243 54600
48709 74956
81356 46840
56373 64416
45482 86773
60940 61288
49442 73175
61718 61060
56101 64848
49576 72931
60554 61726
83945 45980
53687 67353
56164 64829
61001 61281
49580 72897
64546 60428
45514 86360
71307 54479
80280 47788
80434 47703
96014 44099
60449 61749
74016 52258
84144 45890
60493 61733
46074 85214
73482 52619
45544 86269
49377 73216
62256 60855
49012 73764
53825 67075
61217 61223
52604 68929
46226 83933
54052 66805
63164 60641
53704 67249
45452 86864
54190 66527
57179 64007
83069 46096
82870 46186
48758 74561
54164 66581
47436 78264
54302 66303
73138 52847
45618 85725
49215 73445
49077 73723
56902 64072
69751 57348
49150 73486
71262 54551
46296 83552
43519 107195
53842 66971
73312 52691
54207 66423
54121 66636
71580 54251
71794 54036
71620 54192
73988 52262
54069 66701
81202 46925
71754 54095
80645 47336
47962 77051
60602 61379
52665 68922
54581 65968
60663 61372
48831 74324
54529 66033
54667 65755
57265 63927
72121 53757
45567 86060
80833 47229
78324 49094
80722 47284
65854 60185
45962 85421
54443 66246
60879 61314
72623 53349
65793 60192
75555 50992
78278 49183
48092 76621
48896 74283
47691 77198
66124 60161
71417 54309
71918 53874
52454 69402
80799 47251
80980 47084
78284 49153
44424 100953
47595 77742
82450 46390
65426 60342
71789 54049
