10448 2344.48
44343 79366
79820 48241
44221 79920
44197 80066
44354 79283
53278 61849
53132 61997
44330 79429
53860 61699
44184 80129
44208 79983
51453 63659
60969 55823
56936 59092
57173 58854
57257 58834
61062 55799
61156 55479
61155 55665
61249 55455
78310 48754
78265 48764
78425 48609
78839 48502
61475 55299
46673 73408
57765 58512
57505 58653
46796 73238
46314 74019
60693 56174
60880 55830
57421 58673
60879 56016
44489 78792
44519 78440
44604 78103
60692 56360
46501 73675
46364 73832
61568 55275
46551 73488
53190 61873
46229 74356
46279 74169
53044 62021
60973 55806
46486 73752
60786 56150
46466 73825
52629 62211
52483 62359
52279 62566
52342 62532
46743 73293
51951 62936
56701 59252
52420 62393
56938 59014
52014 62902
52370 62497
52092 62763
52042 62867
52183 62694
52155 62729
52511 62324
78932 48478
53112 62019
78518 48585
44706 78096
78358 48740
44791 77759
52566 62245
44745 77930
42405 86636
42008 88178
42154 87478
60111 57011
42341 87134
59910 57494
59996 57164
60429 56495
60298 56667
48956 66895
48628 67265
60183 56820
52720 62142
49450 66264
44351 79314
52808 62118
52657 62176
53135 61952
44458 78803
60522 56471
44266 79651
44373 79140
60391 56643
44322 79605
60089 57140
42290 87142
77900 48886
49679 65827
49629 66014
56813 59191
52238 62615
46880 73136
50007 65457
50316 65354
42119 87576
56897 59171
77993 48862
41740 89119
41886 88419
41627 89844
41401 91907
63467 53600
44260 79865
51045 64182
62897 53791
63127 53690
48877 66990
52329 62546
63471 53529
49287 66573
42541 86300
55731 59610
51372 63768
51284 63818
55729 59688
62553 53952
55371 59947
55494 59848
51347 63784
46233 74310
41710 89471
49939 65669
62637 53932
55363 60131
63211 53670
49205 66620
57729 58580
41597 90196
53772 61723
42354 87101
49545 66116
49873 65746
41856 88771
62318 54112
62240 54258
62730 53908
63304 53646
62411 54088
80472 47910
80058 48017
62646 53928
62990 53767
60276 56796
79898 48172
66473 51898
66566 51874
66041 52151
79533 48294
68771 50873
68201 51064
68708 50907
67627 51326
51430 63670
67787 51171
63220 53666
66222 52035
65948 52175
65697 52312
66129 52059
69868 50618
68357 50980
42221 87216
68864 50849
68450 50956
69547 50701
69961 50594
69454 50725
63987 53173
65604 52336
67880 51147
49400 66451
68294 51014
79373 48449
51206 63931
51143 63965
63894 53197
64401 53040
51118 63981
50894 64240
69805 50652
50809 64577
69391 50759
66412 51933
51612 63448
62892 53850
50957 64206
55690 59767
63634 53338
61391 55319
56050 59430
61484 55295
49957 65644
63727 53314
67539 51366
55134 60185
55360 60137
66213 52039
55000 60474
79418 48439
49867 65770
65781 52292
66306 52015
64301 53052
51055 64015
55966 59450
64120 53167
55606 59787
45701 75462
63550 53358
79931 48135
56635 59275
41043 98141
46145 74514
46023 74594
63643 53334
45106 76688
45836 74938
45056 76875
49539 66140
41185 96485
44847 77611
45751 75275
45786 75125
51415 63756
45026 77227
68026 51143
68689 50928
80505 47873
80091 47980
69103 50821
70200 50566
45823 75001
45973 74781
61964 54609
69786 50673
45640 75528
45958 74858
45403 76059
45590 75715
49611 66039
67125 51473
45453 75872
67218 51449
66865 51614
67695 51282
65688 52316
66958 51590
45243 76531
49405 66429
69210 50808
45293 76344
68119 51119
69693 50697
67435 51423
41253 93441
61710 54989
61910 54790
44910 77575
66781 51634
51327 63806
77453 49042
64217 53072
42375 86988
47412 69670
41479 91378
42072 88110
40923 100691
41010 99615
41207 94232
45575 75792
66874 51610
64124 53096
44834 77674
59098 57844
45093 76751
47553 69497
45043 76938
44591 78166
61777 54953
45555 75865
55369 60025
59760 57542
44445 78866
47713 69152
61788 54843
62042 54463
44360 79203
67632 51316
56310 59289
44506 78503
77516 49008
45368 76209
61855 54807
63123 53761
42520 86515
56678 59273
56916 59148
41973 88276
61601 55187
44778 77822
79976 48125
47181 71119
54486 60925
45215 76671
66693 51726
54478 61109
47326 70336
67355 51424
48789 67040
66600 51750
70107 50590
54723 60687
63472 53504
58790 57937
51471 63621
42808 84687
47621 69495
42832 84541
42725 85052
51264 63840
58446 58098
44732 77993
77059 49077
77334 49066
62131 54456
45230 76594
75477 49361
65149 52521
75540 49327
64575 52783
46725 73363
62224 54432
64208 53076
42674 85517
47241 70673
55083 60350
53369 61780
47182 70790
64659 52763
64752 52739
42781 85006
58954 57892
53951 61630
47096 71456
47035 71846
58610 58053
54846 60588
46984 72311
47121 71180
58302 58146
58646 57985
95703 44323
42650 85663
45938 74931
74914 49385
93820 44618
65233 52501
58248 58327
46890 72830
42701 85198
47327 70007
93755 44665
54352 61214
96877 44251
47091 71532
54466 61146
46951 72440
69010 50845
66440 51905
74821 49409
87538 45490
49099 66708
87405 45551
54229 61384
52198 62675
51870 63045
74758 49443
47266 70397
52344 62527
87601 45456
51729 63218
87468 45517
47070 71645
85442 46012
86837 45644
86641 45739
64407 52970
86774 45678
64668 52759
52079 62863
51543 63459
54705 60870
51480 63493
76797 49090
74469 49456
89767 45102
45280 76407
76383 49197
86704 45705
89830 45068
76641 49148
75189 49374
89066 45256
45228 76608
51621 63320
65426 52465
89003 45290
88587 45410
58065 58384
88720 45349
91650 44807
90949 44961
73750 49538
47655 69178
47864 68442
91713 44773
83600 46470
83670 46443
83733 46409
89484 45161
83064 46659
83012 46781
83197 46598
98541 44163
74406 49490
72583 49767
73594 49596
83537 46504
72427 49825
47066 71679
82987 46788
99356 44146
67262 51448
51684 63286
71393 50046
85759 45914
70823 50237
47152 71142
71486 50022
42612 85777
47005 72069
42588 85923
46868 73200
61694 55163
40911 103756
70409 50344
54107 61464
71330 50080
85065 46075
70979 50153
73657 49562
68596 50952
85829 45887
85696 45948
84995 46102
85128 46041
97367 44235
46919 72735
65896 52286
76290 49221
70916 50187
42537 86388
62135 54439
47187 70780
73087 49753
82949 46804
65326 52477
85892 45853
67501 51420
71920 49982
47101 71446
50865 64414
91536 44918
42561 86242
84932 46136
72490 49791
84200 46372
76704 49114
72076 49898
71072 50129
72169 49874
73336 49645
73180 49703
84736 46183
90886 44995
73243 49669
47914 68255
72013 49932
54344 61226
86131 45815
102428 43983
59616 57590
48165 67924
48215 67737
65005 52569
41444 91498
44958 77275
48355 67424
41490 90707
79524 48414
65089 52549
70387 50465
54467 61127
47779 68779
52016 62897
70502 50320
52012 62916
88657 45383
51767 63172
65242 52497
65432 52395
50704 64639
43073 82725
89351 45222
64515 52811
50767 64605
94477 44485
59452 57635
99590 44143
65575 52378
42089 87928
43180 82214
46980 72345
42960 83450
43129 82679
43326 81514
82593 46932
59308 57683
42909 83915
43022 83190
93008 44673
64431 52831
42885 84061
70294 50489
101484 44006
94891 44378
43513 81170
48686 67102
50564 64952
48546 67415
41342 92241
43441 81393
75633 49243
41603 89982
100004 44036
43049 82871
81545 47219
50479 65289
51782 63095
43628 81049
51928 62947
80960 47393
81760 47046
43877 80258
64858 52657
75570 49277
43750 80969
81667 47070
82070 46942
94234 44511
