11711 600.35
69196 64471
70366 58393
69927 60072
72479 55894
71170 57243
70666 58175
70279 58626
72340 56122
74121 54284
71611 56724
72781 55603
70011 59726
73195 55128
73582 54677
73141 55196
73834 54630
71557 56792
73924 54526
71998 56273
70044 59006
69560 62117
72664 55751
71524 56957
72964 55533
73495 54910
71911 56506
73051 55300
70753 57942
71107 57656
71470 57025
74034 54517
74222 53842
74367 51945
78734 48469
79071 48311
79350 48239
77122 50081
79001 48443
79488 48128
75388 51288
76334 51239
78323 48774
78461 48663
83108 46335
81312 46942
81758 46885
82255 46586
81799 46755
82621 46522
83067 46465
78050 48968
79658 47689
80268 47337
80634 47273
77252 50058
81577 46917
82245 46698
77713 49126
83080 46447
91737 44154
79607 47808
81771 46867
76341 50990
91423 44211
93515 43904
80946 47006
86424 45393
88940 44685
89936 44526
85424 45521
89254 44628
87831 44975
89054 44670
90109 44396
84115 45941
89368 44613
90423 44339
91180 44327
87009 45208
92201 44089
86160 45403
85110 45578
88318 44788
89816 44559
86474 45346
87215 45129
79919 47541
106781 43074
76522 50501
83801 45998
88004 44845
84623 45765
87517 45032
93385 43950
95770 43480
97175 43445
98333 43263
84500 45930
89622 44583
93121 43960
93678 43787
86695 45265
98197 43332
84937 45708
86046 45418
92364 43972
94456 43665
99738 43228
91309 44246
94435 43775
102165 43080
92071 44135
79152 48300
91195 44261
100760 43115
83314 46185
