58216 2941.69
62294 53773
71434 45635
69525 46631
68175 47353
69638 46387
64962 50412
71130 45749
68873 46985
69236 46636
63853 51311
69123 46880
67570 47839
67933 47490
64535 50876
64479 51028
64942 50499
65367 50207
67270 48273
66064 49536
64700 50636
65730 49858
62408 52636
65701 49885
63426 51775
64592 50784
65126 50341
64258 51106
67457 48083
62521 52392
65973 49666
64864 50565
65204 50275
65588 50129
65865 49814
65368 50204
63591 51535
65531 50136
67812 47702
66348 48982
63630 51493
63833 51398
65943 49748
65934 49753
64661 50723
67097 48433
64095 51174
64903 50523
63289 51981
66461 48738
66855 48570
64500 50969
63250 52023
66703 48601
65609 50070
66161 49172
68676 47151
71286 45714
71381 45713
70952 45786
71238 45737
70209 46125
71479 45578
69585 46465
69979 46297
69987 46216
68282 47319
68524 47182
70156 46203
68853 47057
69095 46920
68504 47228
69807 46374
68746 47091
107610 36602
104032 36909
105394 36770
102483 37062
103238 37032
109199 36588
110335 36557
100258 37339
92654 38359
89860 38853
100327 37324
97766 37731
94810 38097
96740 37740
94285 38152
99651 37448
92838 38297
98289 37587
92315 38441
95647 38013
101876 37171
106061 36755
94101 38214
96556 37802
77019 41639
73793 42835
81597 40359
85587 39456
96217 37884
98896 37478
76254 42036
76603 41865
79167 41091
94387 38144
94994 38035
71502 45012
78183 41345
79682 40965
82120 40215
91932 38556
98102 37601
78518 41259
92131 38503
93715 38296
93899 38234
96425 37881
95834 37999
74164 42751
74173 42597
93864 38288
97918 37663
70287 45994
94016 38220
96033 37946
95749 38005
94200 38158
101689 37185
98712 37540
100074 37401
103845 36923
101353 37315
101623 37248
76891 41812
87681 38983
87158 39127
86110 39312
79329 41062
72354 43786
79970 40912
73824 42768
88565 38900
73695 43077
91162 38562
71573 43864
83691 39886
75104 42245
83168 40030
71861 43811
80098 40739
80621 40595
72801 43305
75392 42192
77542 41495
75627 42101
77830 41442
74755 42416
70458 45871
77307 41586
72244 43791
84611 39692
75915 42048
86398 39259
84376 39783
112276 36527
113412 36496
74461 42544
110687 36541
73150 43134
78994 41148
80386 40686
90136 38571
76550 41965
71487 45209
80909 40542
82408 40162
81885 40306
84088 39836
85179 39664
85467 39611
79978 40894
78706 41201
72504 43512
78471 41292
79041 41115
