13034 3186.54
113769 40982
78137 49017
113836 40963
77227 49413
76726 49698
76758 49690
77259 49405
77012 49597
77513 49312
82054 46723
81553 47008
82400 46518
81899 46803
82842 46370
83242 46304
81585 47000
82800 46452
81790 46831
81289 47116
80975 47313
81444 47036
80943 47321
81321 47108
55484 68594
74427 51631
55661 68389
82714 46477
110260 41114
103931 41932
53560 70135
81931 46795
77302 49328
77556 49235
77055 49520
76801 49613
110112 41121
74814 51197
82432 46510
115871 40864
82086 46715
81476 47028
74502 51546
55573 68463
50885 73581
82874 46362
50761 73740
83274 46296
51358 72572
111388 41038
52355 71240
54748 69179
55217 68807
51234 72731
81143 47186
52182 71458
51907 71684
114288 40948
76624 49791
115564 40865
51494 72351
50897 73519
51370 72510
115416 40872
53472 70209
80844 47383
81345 47098
81691 46893
81190 47178
81222 47170
55129 68881
81822 46823
83740 46177
50884 73598
121907 40796
125506 40511
124318 40664
51734 71902
125358 40518
52046 71679
50390 74550
83156 46329
51598 72123
53913 69641
54155 69574
84059 46052
54382 69269
54209 69487
53740 69859
84874 45726
55168 68866
84560 45767
51703 72076
55435 68653
83772 46120
84118 45915
83617 46200
84432 45874
77334 49320
76230 49983
77588 49227
53468 70234
127031 40399
84960 45701
53177 70374
54333 69328
52267 71314
76484 49890
122371 40741
53004 70592
76833 49605
81111 47194
54819 68995
52708 70746
54770 69054
78169 49009
52535 70964
83508 46228
77087 49512
124406 40567
52447 71038
82746 46469
77134 49455
54106 69633
77744 49142
53864 69700
52620 70820
52306 71299
53589 70051
77998 49049
52571 70879
52916 70666
51134 72846
52170 71520
53128 70433
50998 73067
52659 70805
52218 71373
76531 49833
51122 72908
50661 73855
51307 72628
50525 74076
53040 70507
51258 72687
53419 70293
53331 70367
98269 42640
97968 42701
53380 70308
51543 72292
99255 42352
97654 42742
98054 42676
51858 71743
78245 48857
84518 45849
52082 71594
53776 69774
53825 69715
81377 47090
83708 46185
98524 42541
97441 42877
52094 71532
77635 49170
100125 42151
50785 73696
96800 43062
50649 73917
51722 71964
123981 40701
76037 50079
75790 50271
50834 73637
75536 50364
75849 50269
97166 42987
50022 75612
97212 42890
75348 50554
97612 42824
97029 43049
77032 49548
50038 75588
53652 69933
96267 43214
95825 43362
50280 74755
85591 45626
126266 40452
85191 45692
50323 74571
95960 43310
127971 40328
74968 50942
50984 73372
81723 46885
126695 40411
127823 40335
82832 46444
99725 42217
94947 43577
96629 43115
50511 74381
75224 50713
50447 74412
53423 70268
126414 40445
95389 43429
96002 43228
57882 63178
49325 76916
57990 63177
75412 50523
49282 77100
97114 43021
57684 63364
57301 64033
58119 62773
57576 63365
89904 44327
57572 63398
52399 71185
58123 62740
89462 44475
73772 52036
73358 52400
73169 52414
89042 44578
73423 52321
89000 44660
57297 64066
74026 51943
89062 44541
88600 44726
52311 71259
101171 42130
52904 70728
52435 71100
73961 52022
47793 80124
73164 52487
73418 52394
73767 52109
76393 49893
76139 49986
89504 44393
49505 76546
53089 70448
75043 50857
76640 49701
59054 60574
47988 79279
47631 80359
102166 42067
75951 50176
58930 60733
48157 79056
47588 80543
94901 43674
49707 75900
48367 78585
57696 63239
47945 79463
57700 63206
58723 61702
59629 60277
46541 84744
59387 60414
57808 63205
74842 51080
49569 76364
49583 76059
107472 41291
93679 43834
49381 76705
106432 41437
106575 41421
49461 76695
49517 76484
49719 75838
90745 44091
73720 52148
91376 44016
77889 49077
74134 51784
79854 47774
99515 42300
90345 44157
49843 75679
48630 78047
79508 47979
93279 43900
74323 51770
73531 52162
75107 50826
93567 43847
105555 41589
49338 76889
96402 43162
58006 63019
128650 40296
80355 47489
76015 50145
57533 63471
80009 47694
57409 63630
57405 63663
48461 78270
74718 51239
48112 79120
74654 51270
48281 78897
124398 40639
47755 80200
57529 63504
46837 83234
50192 74829
75231 50667
58002 63052
103799 42025
58646 61751
74530 51429
50180 74891
46498 84928
59843 59896
74919 51016
97526 42849
54624 69202
50056 75050
98482 42623
54901 68938
59839 59929
54575 69261
55061 68928
83409 46290
57276 64139
57400 63980
79251 48152
61024 58298
78781 48516
50316 74670
57272 64172
60900 58457
48585 78111
88482 44747
90976 44082
74835 51126
88082 44813
59263 60573
98813 42500
78905 48357
75023 50936
75147 50777
55338 68664
79540 47971
79886 47766
61812 56974
58518 62004
61972 56862
62473 56577
56998 64441
62313 56689
85769 45422
87401 44954
50042 75355
73151 52559
94616 43715
56865 64950
46605 84663
59625 60310
79607 47917
63243 56187
80108 47632
80454 47427
56994 64474
79350 48090
86713 45083
75273 50639
96316 43187
110611 41092
57106 64440
86169 45356
46477 85025
79226 48249
46282 85870
79004 48295
63083 56299
79953 47712
58642 61784
59383 60447
46138 86719
61516 57380
86083 45381
59050 60607
87715 44913
105698 41573
58514 62037
95874 43335
58899 60907
50947 73500
73011 52740
73006 52813
86367 45288
59679 60041
73029 52595
61688 57133
73024 52668
85423 45627
60027 59577
58638 61878
87113 45017
87027 45042
59903 59736
90659 44116
125233 40528
86681 45247
46025 87218
57122 64282
57219 64255
49892 75620
58926 60766
59683 60008
46364 85524
88914 44685
56861 64983
87483 44940
47822 79802
104054 41816
110759 41085
46520 84841
62696 56473
45734 89248
45961 87981
47730 80327
46169 86369
49085 77187
45878 88399
56183 66552
61392 57539
60691 58458
45765 88898
47865 79618
60567 58617
120540 40797
45704 89329
45848 88480
72783 52935
74884 51052
104214 41704
74959 50967
87797 44899
94716 43707
58895 60940
47132 81888
53511 70194
47089 82072
58766 61233
58890 61074
78531 48634
47327 81043
58886 61107
47284 81227
45621 89747
56187 66519
47508 80698
55911 67790
74021 52016
58762 61266
47465 80882
57118 64315
48418 78454
56989 64791
45960 88053
74579 51355
46003 87869
46976 82571
78308 48738
69105 53707
89883 44342
47019 82387
68769 53743
56973 64949
59452 60358
89376 44500
69280 53700
46863 82790
69616 53664
55981 67198
103542 42027
108299 41252
85737 45586
70540 53151
98855 42418
79134 48256
69292 53687
69628 53651
65696 55010
65157 55239
47214 81542
64816 55412
72594 52949
55719 68299
64656 55524
68283 53869
67754 54089
95390 43366
64287 55632
47171 81726
56247 66500
64127 55744
94902 43611
46325 85686
46212 86185
87883 44874
66466 54620
46068 87034
45921 88215
45891 88296
76452 49891
75715 50356
46750 83289
55152 68879
45808 88714
45664 89563
75461 50449
81005 47251
74388 51691
70876 53115
59456 60325
46407 85340
55938 67510
92652 43933
56011 67020
78809 48453
90283 44276
94365 43739
68848 53735
60606 58523
46004 87797
56007 67053
92252 43999
68337 53778
55723 68266
60364 58660
68860 53722
67808 53998
67851 53904
67322 54124
60177 59255
62974 56331
92021 44008
56587 65282
54813 69012
55934 67543
61059 57699
70108 53186
94978 43538
60209 58993
62814 56443
66655 54277
75962 50164
48719 77413
56114 66689
58222 62296
48718 77987
56819 65122
58522 61910
55808 67801
60146 59429
63765 55798
61183 57540
56316 66043
56320 66010
63605 55910
82325 46603
48524 78258
56985 64824
64294 55578
58346 62137
92566 43958
48353 78890
70094 53238
46668 83635
65885 54667
79752 47867
71093 53072
99169 42377
48843 77254
55250 68738
56369 65591
67011 54250
69739 53430
63487 55940
56292 66114
65346 55041
66495 54389
63327 56052
71890 53006
58226 62263
65725 54779
79406 48072
85635 45612
46625 83819
56281 66268
60240 58819
89818 44352
70021 53356
79505 48010
67648 54110
105146 41660
91290 44041
56628 65258
56163 66590
69725 53482
60984 58357
70009 53369
