22301 1260.68
84598 44117
89116 42891
90046 42681
89364 42870
85528 43907
84846 44096
92221 42208
93151 41998
92469 42187
100470 41007
96716 41409
95140 41587
92963 42139
92035 42270
89858 42822
98894 41185
93720 41878
94402 41689
91415 42334
95978 41511
81197 45151
82500 44679
85340 44048
83110 44432
81807 44904
82489 44715
87018 43453
93110 42125
83792 44243
91297 42372
82468 44720
90615 42561
87628 43206
111020 40134
88310 43017
90733 42523
89783 42853
102248 40790
86986 43494
87007 43489
100672 40968
92888 42170
104326 40633
108979 40155
103147 40714
106901 40312
99834 41137
98494 41192
97756 41294
105325 40490
96918 41370
105225 40557
101571 40892
86155 43739
86325 43678
96180 41472
90005 42808
80270 45461
85228 44049
79628 45749
89806 42833
85398 43988
86091 43763
86701 43516
87383 43327
88189 43201
82865 44553
90488 42644
85910 43860
83671 44427
79265 45775
80517 45240
82126 44741
83051 44474
85998 43773
86678 43627
98167 41287
79907 45487
79875 45528
82124 44784
101921 40885
106574 40407
81444 44930
108652 40250
80192 45465
82441 44721
88287 43128
80834 45177
94367 41812
87605 43317
80802 45218
79639 45726
85388 44020
85071 44083
82806 44595
79241 45900
79607 45767
81199 45051
91274 42483
79144 45946
86680 43584
79851 45653
85753 43894
81176 45169
85469 43949
83733 44285
90023 42792
87360 43438
93116 42121
89093 43002
100143 41102
84539 44159
65248 59549
65919 57952
68508 51128
67760 52706
67254 53017
67668 52757
67942 52583
68102 52466
66075 55096
75691 46909
76317 46747
67033 53713
69203 50421
72208 48143
73215 47610
73719 47478
73841 47448
68152 51537
68399 51382
75802 46847
71413 48462
66941 53764
72822 47680
70753 48973
69060 50839
65864 58133
72420 47929
70687 49061
68367 51449
72730 47731
68769 50934
72542 47899
67215 53590
73326 47548
72328 47980
73448 47518
69309 50168
71815 48213
71089 48812
69481 49959
74187 47368
72319 48081
75924 46817
75420 46949
72944 47650
69749 49714
70243 49414
75710 46898
75594 46910
71321 48513
71535 48432
72227 48132
73984 47369
74255 47329
75956 46800
76460 46668
78884 46011
79006 45981
70845 48922
77137 46425
71211 48782
74377 47299
74661 47126
77045 46476
77641 46293
77948 46239
70473 49286
71937 48183
73751 47461
74772 47064
75165 46994
75472 46940
75834 46830
77763 46263
78070 46209
66315 54156
75287 46964
73862 47399
74370 47313
76338 46698
73234 47599
73358 47531
78109 46183
78491 46081
73480 47501
74390 47166
77259 46395
78380 46143
77987 46213
78613 46051
69841 49663
76137 46752
77370 46333
76744 46495
74894 47034
76652 46546
71247 48673
79179 45908
73266 47582
74680 47115
