22330 1080.42
74546 62392
75864 58768
77375 54579
77687 53264
77056 54641
76235 58103
74893 61460
81528 47999
81202 48120
80374 49045
82498 47548
80447 48866
80201 49410
80651 48669
76269 57547
79823 49594
80578 48848
80353 49209
78106 52243
80222 49294
79896 49415
81572 47682
78566 50531
80977 48548
80956 48664
82553 47498
81898 47561
76834 56318
81021 48231
79644 49916
81347 48110
79311 50375
79575 49921
77578 53365
82690 47258
85695 45186
85784 45029
86335 44480
85996 44770
84757 46016
82732 46848
85445 45319
85094 45406
83554 46034
97791 38189
86541 43350
96985 38285
95257 39127
94635 39466
95982 38675
97366 38234
94520 39500
94254 39517
98916 38050
97724 38232
93895 39649
94898 39259
96626 38417
96363 38624
98694 38071
98380 38079
97955 38124
93780 39683
88920 41684
91476 40328
87677 42695
94139 39551
91024 40523
92235 40036
95889 38738
94125 39607
93766 39739
90114 40850
91117 40460
91591 40294
95530 38870
87319 42944
92594 39904
95623 38807
90473 40718
92501 39967
92142 40099
95164 39190
93019 39859
93608 39749
94805 39322
93183 39794
96533 38480
88561 41816
96892 38348
91383 40391
92065 40218
89564 41426
94046 39614
91901 40283
93687 39746
97862 38187
91232 40426
89775 41140
93090 39857
89326 41555
91972 40281
87759 42136
104097 37405
107621 37145
120175 36567
114200 36814
119801 36588
114553 36800
114939 36761
103630 37506
104411 37397
113689 36826
111415 37021
90898 40673
108354 37102
113303 36865
100198 37789
101362 37691
103353 37532
106371 37210
100937 37736
99073 37928
99498 37883
105347 37340
100105 37852
100623 37744
102086 37680
102095 37648
102472 37594
102897 37549
105946 37255
101347 37733
98980 37991
99812 37875
107104 37167
108360 37092
119789 36606
101772 37688
103636 37496
105246 37349
112502 36962
98714 38060
103672 37450
102547 37589
103211 37541
101356 37701
104821 37394
111763 37015
109093 37049
112950 36879
107110 37157
112564 36918
104836 37352
111252 37027
112340 36973
125037 36394
90969 40671
106685 37202
111607 37016
112346 36963
104830 37362
111921 37008
107843 37114
90021 40913
102972 37544
111972 36984
132115 36123
127587 36292
134970 36058
117489 36659
122737 36447
125629 36382
89901 41060
131376 36176
127253 36296
105569 37309
117136 36673
127973 36253
130089 36241
89370 41519
126879 36317
127234 36306
122372 36479
123111 36426
121122 36544
122017 36490
130828 36188
121487 36512
103286 37536
122351 36486
122725 36465
126514 36349
130442 36227
120767 36555
117875 36620
130108 36231
134231 36111
125966 36361
121278 36543
111233 37037
126723 36318
115886 36738
126337 36357
121101 36551
121861 36491
116625 36685
103579 37513
116239 36724
89644 41188
121475 36530
90155 40765
120748 36565
111966 36994
88827 41747
