42216 2341.37
92599 41891
90967 42137
91213 42100
85494 43811
90338 42385
87302 43202
90188 42466
86853 43416
88952 42594
84410 44262
84560 44181
88556 42712
87452 43121
92279 42011
92449 41972
83251 44838
88386 42751
86060 43654
90018 42505
83401 44757
88706 42631
84090 44382
85814 43691
89757 42548
90647 42257
90817 42218
90497 42338
83081 44877
83641 44596
85344 43892
89511 42585
84240 44301
88236 42832
85215 43986
87132 43241
86982 43322
83811 44557
83491 44677
85664 43772
96569 41234
87957 43007
88107 42926
95257 41360
95503 41323
96739 41195
96889 41114
95107 41441
94937 41480
86533 43536
87787 43046
94787 41561
86383 43617
83961 44476
94658 41655
84895 44106
82931 44958
86703 43497
82631 45077
85065 44067
92626 41855
91240 42064
90674 42221
92306 41975
92156 42056
89669 42559
92476 41936
90994 42101
90844 42182
91961 42060
90524 42302
93603 41714
93576 41750
93453 41795
93283 41834
94324 41710
93426 41831
78564 46262
77815 46638
77495 46758
76935 47039
77645 46677
77255 46919
78094 46463
80200 45719
79498 45892
76635 47158
79069 46148
78899 46187
79668 45853
79096 46128
77965 46557
77405 46838
78244 46382
81982 45392
77085 46958
79348 45973
79818 45772
82027 45355
80350 45638
79219 46067
80670 45518
80520 45599
78414 46343
76806 47133
80064 45735
119166 38875
106032 39531
105712 39651
104550 39696
106182 39450
105862 39570
98645 40783
109044 39294
106903 39446
103423 39918
108173 39379
108323 39298
104400 39777
98990 40698
99160 40659
100287 40437
101342 40378
103253 39957
99967 40557
98840 40779
103573 39837
97678 40824
101471 40284
102187 40046
101621 40203
104230 39816
99310 40578
98963 40734
101791 40164
101941 40083
111890 39200
97897 40823
103103 40038
114031 39048
97528 40905
99283 40614
97208 41025
100260 40473
108003 39418
102908 40042
95070 41474
96702 41228
97358 40944
95390 41354
95636 41317
100137 40518
118140 38877
97022 41108
105271 39692
113153 39123
111169 39204
113310 39052
96872 41189
97651 40860
100110 40554
96195 41308
112432 39127
97181 41061
97501 40941
99133 40695
110291 39279
95240 41435
97331 40980
117419 38881
115278 39033
101008 40433
97924 40787
94920 41555
115794 38975
117269 38962
116515 38971
110807 39221
96353 41282
115057 39046
96441 41271
80916 45481
107929 39444
82279 45200
110070 39292
82599 45080
82429 45119
81830 45414
82749 44999
81257 45478
82000 45375
82150 45294
64930 56090
67383 53619
67373 53662
66674 54175
65690 55194
66543 54290
66399 54638
65700 55151
66684 54132
66389 54681
66553 54247
65569 55266
65914 55071
64326 56832
65559 55309
64214 57553
64824 56235
64447 56760
64798 56491
65441 55698
64457 56717
65310 55813
63715 57790
64316 56875
63584 57905
67018 53826
63010 59501
67149 53711
65289 55814
66034 54845
63555 58057
64814 56278
64269 57409
66165 54730
65420 55699
71225 49843
70472 50186
67862 52185
71562 49558
71621 49462
72850 48862
72921 48775
70413 50282
71819 49360
72664 48973
72955 48727
74632 47888
74864 47738
70704 50036
70710 50028
71853 49312
74759 47873
69311 50867
69370 50771
69707 50486
72723 48877
73425 48608
68147 51604
71748 49447
72432 49123
72718 48912
73530 48473
70809 49901
72327 49258
74830 47786
68333 51493
72381 49197
72689 48925
73728 48371
73762 48323
74527 48023
77150 46924
68438 51358
69602 50621
73958 48269
72427 49158
72486 49062
72613 49047
72618 49012
73657 48458
74765 47865
75867 47280
70518 50147
73721 48454
74468 48119
74573 47984
69416 50732
71511 49632
73471 48569
75530 47565
76382 47231
71330 49708
75635 47430
70775 49949
71516 49597
71616 49497
72398 49171
72856 48854
71812 49443
72195 49308
70577 50051
73726 48419
75762 47415
71325 49743
75576 47526
72684 48960
74598 47936
75833 47328
77052 46969
74474 48111
72624 49004
75601 47478
76918 47074
71384 49647
73366 48704
77018 47017
72322 49293
71093 49893
75344 47676
69017 51169
74307 48182
76820 47119
72387 49189
73924 48317
69184 50882
68912 51304
71587 49510
75310 47724
73239 48719
68101 51643
75471 47661
69475 50636
69079 51017
71582 49545
69441 50684
74341 48134
74533 48015
72333 49250
71279 49782
74242 48261
74499 48063
73416 48686
72452 49110
71220 49878
70444 50226
69673 50534
70181 50432
73496 48521
68084 52078
69150 50930
70543 50099
68206 51508
67812 52434
75521 47643
72590 49052
71296 49756
72353 49237
70286 50297
70478 50178
