42566 2341.2
66533 58577
66630 58172
68248 57414
62004 64373
66336 58713
67598 57924
67657 57731
63617 59225
68714 57009
68072 57486
68266 57349
68799 56610
68502 57177
86708 40290
79376 42495
79151 42506
78500 42863
81353 41759
110766 36456
79075 42593
79636 42439
78424 42950
112669 36269
113894 36173
112444 36280
113409 36240
113634 36229
110107 36501
111192 36417
114119 36162
110967 36428
111782 36383
111557 36394
112184 36336
115133 36133
114908 36144
111959 36347
112417 36321
78153 43060
76272 43822
71646 46914
77928 43071
72758 46198
77762 43361
72086 46491
71722 46827
98431 37611
94849 38240
96102 37982
109033 36547
94195 38310
77852 43158
105682 36797
82214 41361
104007 36915
93455 38522
77148 43454
69739 49231
95074 38229
70346 48273
98916 37544
77277 43428
104232 36904
72432 46332
74914 44547
92745 38600
107794 36587
88003 39767
106084 36750
71934 46603
95334 38173
106317 36735
108019 36576
108808 36558
98691 37555
77633 43387
76196 43909
106569 36683
102270 37119
92970 38589
101077 37228
74990 44460
72882 45985
100852 37239
82439 41350
70270 48360
70716 47560
101817 37199
102755 37052
76061 44072
100367 37306
97466 37834
102045 37130
73016 45783
107534 36643
102329 37091
96784 37883
103522 36982
73766 45442
100168 37407
103414 37007
101844 37158
96299 37950
106344 36694
98206 37622
102530 37063
105457 36808
87084 39959
91893 38878
99656 37515
94680 38243
87569 39892
97241 37845
88228 39756
105092 36831
104607 36898
76757 43755
100592 37295
93230 38533
104666 36870
69004 49274
76923 43465
105859 36761
85894 40464
90443 39168
93997 38518
88488 39700
91153 39090
84629 40867
90928 39101
96587 37915
96756 37912
103747 36971
73516 45551
99627 37518
72576 46206
75410 44429
90305 39199
91564 39029
95137 38205
75866 44092
118687 36009
107309 36654
81729 41428
90790 39132
74779 44710
99683 37474
103189 37018
91079 39096
117500 36027
74529 44819
81078 41785
99598 37523
118462 36020
116001 36123
99797 37422
116261 36067
116486 36056
92378 38811
117275 36038
69868 48532
99402 37529
87794 39881
76847 43552
97009 37872
110161 36481
94652 38272
96524 37939
92669 38687
104867 36842
81563 41718
95757 38087
90668 39157
100282 37355
91490 39031
110386 36470
87309 39948
92350 38840
89386 39391
94905 38232
81954 41417
74128 45067
87008 40046
103980 36956
98121 37671
92603 38800
78235 42979
96017 38031
90854 39107
73802 45263
74453 44906
81604 41615
89037 39608
97861 37727
86346 40457
88552 39675
73198 45775
90229 39286
95532 38098
109901 36537
70640 47647
85573 40570
100022 37411
71156 47137
89611 39380
85006 40736
72940 45870
82648 41236
72500 46293
91293 39063
97636 37738
94082 38388
73688 45490
87927 39854
94420 38299
88991 39631
78850 42744
83833 41068
92461 38803
84404 40878
81653 41515
88777 39664
72834 46111
91642 38987
84804 40840
89262 39597
74703 44797
83197 41144
92118 38867
73878 45176
81002 41872
85088 40637
73609 45541
89188 39599
83422 41133
89871 39324
78801 42844
90096 39313
79726 42376
75641 44103
75475 44393
85798 40559
74052 45154
85861 40524
73438 45599
72162 46404
93929 38519
84328 40965
83133 41169
89310 39478
101759 37207
91780 38956
83985 41024
80506 41993
80764 41922
83636 41100
80381 42180
83907 41066
79888 42290
85313 40626
83682 41077
86433 40316
80539 41933
86918 40249
75565 44190
84889 40811
74772 44754
79425 42474
79855 42350
73274 45688
82572 41323
91339 39040
72010 46516
86357 40403
80430 42080
88421 39747
83066 41216
78219 43025
85012 40724
