0,0.0728255,0.692994
1,0.103262,0.692994
2,0.129122,0.692994
4,0.165187,0.692994
6,0.19933,0.692994
8,0.233202,0.692994
10,0.274108,0.692994
13,0.33853,0.692994
16,0.394877,0.692994
19,0.466204,0.692994
24,0.54955,0.692994
29,0.635843,0.694104
35,0.739156,0.694581
42,0.87141,0.694581
50,1.00745,0.694581
59,1.17977,0.694678
65,1.3723,0.694678
72,1.59297,0.694678
79,1.85225,0.694678
87,2.15978,0.694678
96,2.51777,0.694685
105,2.90347,0.694685
116,3.36479,0.694685
129,3.89875,0.694685
143,4.50506,0.694685
159,5.1909,0.6948
178,6.00078,0.695172
199,6.91298,0.695182
224,7.96276,0.695182
252,9.15651,0.695185
284,10.5299,0.698558
321,12.126,0.698558
364,13.9761,0.702142
412,16.0667,0.702142
468,18.4871,0.702143
531,21.2929,0.702698
600,24.4764,0.702704
682,28.1602,0.702747
774,32.4005,0.702765
880,37.2345,0.702794
999,42.8131,0.702803
1136,49.2124,0.702806
1292,56.5905,0.702808
1469,65.0444,0.705196
1666,74.7754,0.705239
1888,85.959,0.706807
2145,98.7907,0.709712
2428,113.539,0.709741
2755,130.467,0.714396
3140,149.919,0.715338
3597,172.244,0.715344
4155,197.915,0.715384
4835,227.375,0.716429
5596,261.198,0.716538
6488,300.048,0.71839
7469,344.673,0.718393
8541,395.927,0.718471
9757,454.789,0.718483
11025,522.425,0.723293
12343,600.003,0.723321
