0,0.00619142,0.367327
2,0.0114666,0.367376
5,0.0195546,0.367376
8,0.0309677,0.367376
11,0.0475831,0.367376
16,0.0753174,0.367376
24,0.117914,0.368484
36,0.184096,0.36853
62,0.282221,0.369748
107,0.431513,0.369979
175,0.657964,0.370054
275,0.999664,0.370098
422,1.51867,0.371109
632,2.30578,0.377102
917,3.49713,0.38276
1312,5.30482,0.387551
1908,8.04669,0.39067
2769,12.2009,0.39114
3947,18.4995,0.394535
5685,28.0518,0.396643
7965,42.5342,0.403421
11222,64.4911,0.404267
15616,97.7786,0.413365
21610,148.247,0.414951
30414,224.755,0.42067
47565,340.743,0.426589
67387,516.586,0.433719
92006,783.172,0.43452
121865,1187.32,0.435612
158175,1800,0.440992
