25 0.150003
349154 296615 305178 326665
309082 336538 328728 309758
352971 332827 288587 314512
313387 324502 335090 318559
330232 355058 299405 321276
349154 296615 305178 326665
338363 312241 303990 290878
369192 310768 299496 299579
334610 306753 302394 323457
358222 333766 301611 306004
369192 310768 299496 299579
349154 296615 305178 326665
352960 342161 294259 319345
352971 332827 288587 314512
346223 339549 298042 318802
334610 306753 302394 323457
327634 336955 305586 316072
319906 318010 300936 321290
338363 312241 303990 290878
346223 339549 298042 318802
331850 350603 310413 301711
349154 296615 305178 326665
331850 350603 310413 301711
340553 347181 297576 305242
314695 346078 302951 326367
358222 333766 301611 306004
319906 318010 300936 321290
328998 322392 324335 310846
321158 314206 332960 306198
325832 314788 323145 313761
340553 347181 297576 305242
328998 322392 324335 310846
328998 322392 324335 310846
325832 314788 323145 313761
329080 320392 332538 297038
337573 343874 326639 292178
340553 347181 297576 305242
325453 344576 310426 299763
320838 324790 319212 320168
342426 310070 314837 308938
343673 318377 299052 315118
326249 323222 311094 293081
358222 333766 301611 306004
369192 310768 299496 299579
328998 322392 324335 310846
352971 332827 288587 314512
335584 347529 295262 323392
352971 332827 288587 314512
326249 323222 311094 293081
329080 320392 332538 297038
313387 324502 335090 318559
329080 320392 332538 297038
311571 326233 306770 317695
349744 331794 297717 312481
331850 350603 310413 301711
328998 322392 324335 310846
331850 350603 310413 301711
317708 329962 305918 316036
325453 344576 310426 299763
314052 334199 317492 306356
352971 332827 288587 314512
334242 308123 318425 301431
339578 328908 302292 295301
331850 350603 310413 301711
349744 331794 297717 312481
349154 296615 305178 326665
338021 319398 313823 310438
314052 334199 317492 306356
334094 321174 316242 307527
324242 334194 323684 310189
317708 329962 305918 316036
329080 320392 332538 297038
339578 328908 302292 295301
336012 309153 302903 313411
352971 332827 288587 314512
334521 326230 306975 314537
330024 322814 309358 319214
328309 327127 300635 322475
313197 331494 305893 316718
329080 320392 332538 297038
335754 309249 308735 315650
343673 318377 299052 315118
317708 329962 305918 316036
317708 329962 305918 316036
322213 326117 323274 315220
331969 335777 319310 292448
342426 310070 314837 308938
334504 346059 299327 308785
319906 318010 300936 321290
322213 326117 323274 315220
330024 322814 309358 319214
328309 327127 300635 322475
349744 331794 297717 312481
331969 335777 319310 292448
314052 334199 317492 306356
340553 347181 297576 305242
338363 312241 303990 290878
352200 323426 301924 314621
330232 355058 299405 321276
330024 322814 309358 319214
322213 326117 323274 315220
314052 334199 317492 306356
313197 331494 305893 316718
325453 344576 310426 299763
335584 347529 295262 323392
328309 327127 300635 322475
349154 296615 305178 326665
334504 346059 299327 308785
334610 306753 302394 323457
334242 308123 318425 301431
331850 350603 310413 301711
328309 327127 300635 322475
313387 324502 335090 318559
334242 308123 318425 301431
326249 323222 311094 293081
322213 326117 323274 315220
342426 310070 314837 308938
324242 334194 323684 310189
313197 331494 305893 316718
319906 318010 300936 321290
309082 336538 328728 309758
322213 326117 323274 315220
342426 310070 314837 308938
314052 334199 317492 306356
352200 323426 301924 314621
340553 347181 297576 305242
324242 334194 323684 310189
346223 339549 298042 318802
325453 344576 310426 299763
331850 350603 310413 301711
320838 324790 319212 320168
329080 320392 332538 297038
328998 322392 324335 310846
335754 309249 308735 315650
314052 334199 317492 306356
334094 321174 316242 307527
328309 327127 300635 322475
331969 335777 319310 292448
335754 309249 308735 315650
334504 346059 299327 308785
325832 314788 323145 313761
358222 333766 301611 306004
342426 310070 314837 308938
326249 323222 311094 293081
335754 309249 308735 315650
320838 324790 319212 320168
331969 335777 319310 292448
313387 324502 335090 318559
334610 306753 302394 323457
314052 334199 317492 306356
317708 329962 305918 316036
349154 296615 305178 326665
331850 350603 310413 301711
328309 327127 300635 322475
349154 296615 305178 326665
335584 347529 295262 323392
313387 324502 335090 318559
352200 323426 301924 314621
339578 328908 302292 295301
331850 350603 310413 301711
313387 324502 335090 318559
334610 306753 302394 323457
334521 326230 306975 314537
328309 327127 300635 322475
334504 346059 299327 308785
334504 346059 299327 308785
313197 331494 305893 316718
330232 355058 299405 321276
334504 346059 299327 308785
322213 326117 323274 315220
330232 355058 299405 321276
322213 326117 323274 315220
319906 318010 300936 321290
325453 344576 310426 299763
339578 328908 302292 295301
334521 326230 306975 314537
358222 333766 301611 306004
335754 309249 308735 315650
346223 339549 298042 318802
349154 296615 305178 326665
317708 329962 305918 316036
352971 332827 288587 314512
349744 331794 297717 312481
311571 326233 306770 317695
319906 318010 300936 321290
358222 333766 301611 306004
328309 327127 300635 322475
322213 326117 323274 315220
334242 308123 318425 301431
331850 350603 310413 301711
334242 308123 318425 301431
349154 296615 305178 326665
329080 320392 332538 297038
311571 326233 306770 317695
313387 324502 335090 318559
349744 331794 297717 312481
326249 323222 311094 293081
328998 322392 324335 310846
313387 324502 335090 318559
334521 326230 306975 314537
339578 328908 302292 295301
322213 326117 323274 315220
369192 310768 299496 299579
311571 326233 306770 317695
369192 310768 299496 299579
369192 310768 299496 299579
352960 342161 294259 319345
369192 310768 299496 299579
349154 296615 305178 326665
342426 310070 314837 308938
330232 355058 299405 321276
334521 326230 306975 314537
328309 327127 300635 322475
322213 326117 323274 315220
328998 322392 324335 310846
328309 327127 300635 322475
325453 344576 310426 299763
334610 306753 302394 323457
321158 314206 332960 306198
334521 326230 306975 314537
337573 343874 326639 292178
335754 309249 308735 315650
326249 323222 311094 293081
311571 326233 306770 317695
358222 333766 301611 306004
369192 310768 299496 299579
311571 326233 306770 317695
342426 310070 314837 308938
314052 334199 317492 306356
352971 332827 288587 314512
328309 327127 300635 322475
349154 296615 305178 326665
349154 296615 305178 326665
335584 347529 295262 323392
313387 324502 335090 318559
314052 334199 317492 306356
339578 328908 302292 295301
334610 306753 302394 323457
334521 326230 306975 314537
314052 334199 317492 306356
330024 322814 309358 319214
334504 346059 299327 308785
322213 326117 323274 315220
330232 355058 299405 321276
322213 326117 323274 315220
319906 318010 300936 321290
325453 344576 310426 299763
339578 328908 302292 295301
335754 309249 308735 315650
352200 323426 301924 314621
340553 347181 297576 305242
309082 336538 328728 309758
329080 320392 332538 297038
313387 324502 335090 318559
328309 327127 300635 322475
334094 321174 316242 307527
328309 327127 300635 322475
352200 323426 301924 314621
349154 296615 305178 326665
328309 327127 300635 322475
335584 347529 295262 323392
342426 310070 314837 308938
326249 323222 311094 293081
335754 309249 308735 315650
320838 324790 319212 320168
331969 335777 319310 292448
336012 309153 302903 313411
369192 310768 299496 299579
369192 310768 299496 299579
369192 310768 299496 299579
349154 296615 305178 326665
342426 310070 314837 308938
330232 355058 299405 321276
330024 322814 309358 319214
352971 332827 288587 314512
317708 329962 305918 316036
325453 344576 310426 299763
334610 306753 302394 323457
335754 309249 308735 315650
339578 328908 302292 295301
329080 320392 332538 297038
358222 333766 301611 306004
311571 326233 306770 317695
314052 334199 317492 306356
314052 334199 317492 306356
358222 333766 301611 306004
338363 312241 303990 290878
349154 296615 305178 326665
317708 329962 305918 316036
352971 332827 288587 314512
349744 331794 297717 312481
311571 326233 306770 317695
319906 318010 300936 321290
349154 296615 305178 326665
349744 331794 297717 312481
331850 350603 310413 301711
319906 318010 300936 321290
329080 320392 332538 297038
311571 326233 306770 317695
334504 346059 299327 308785
