285 58.0957
3.119e+06 3.18345e+06
3.1615e+06 3.12633e+06
3.14618e+06 3.1427e+06
3.13953e+06 3.16812e+06
3.0981e+06 3.23308e+06
3.10307e+06 3.22125e+06
3.10922e+06 3.21506e+06
3.18932e+06 3.12229e+06
3.20598e+06 3.11368e+06
3.1958e+06 3.11569e+06
3.1993e+06 3.11464e+06
3.1375e+06 3.18212e+06
3.23199e+06 3.10369e+06
3.09767e+06 3.25072e+06
3.20854e+06 3.11382e+06
3.12489e+06 3.18566e+06
3.17532e+06 3.13264e+06
3.1512e+06 3.15117e+06
3.12043e+06 3.20539e+06
3.14621e+06 3.15624e+06
3.24542e+06 3.10871e+06
3.18791e+06 3.13018e+06
3.1712e+06 3.13982e+06
3.11464e+06 3.23588e+06
3.11587e+06 3.22243e+06
3.14255e+06 3.1691e+06
3.23755e+06 3.11171e+06
3.16703e+06 3.14894e+06
3.14162e+06 3.17452e+06
3.13973e+06 3.18225e+06
3.11364e+06 3.26577e+06
3.11841e+06 3.22144e+06
3.14606e+06 3.16896e+06
3.26543e+06 3.1068e+06
3.11264e+06 3.26822e+06
3.14706e+06 3.15661e+06
3.118e+06 3.22453e+06
3.19221e+06 3.13156e+06
3.12946e+06 3.19013e+06
3.17612e+06 3.14204e+06
3.2091e+06 3.12433e+06
3.14264e+06 3.17674e+06
3.2298e+06 3.12071e+06
3.15898e+06 3.15491e+06
3.24944e+06 3.11796e+06
3.12518e+06 3.2059e+06
3.21622e+06 3.12254e+06
3.24269e+06 3.11865e+06
3.17335e+06 3.1477e+06
3.12653e+06 3.20193e+06
3.17038e+06 3.15237e+06
3.18673e+06 3.1391e+06
3.1369e+06 3.18635e+06
3.20484e+06 3.13085e+06
3.12388e+06 3.22059e+06
3.22415e+06 3.12223e+06
3.12464e+06 3.21798e+06
3.18886e+06 3.13873e+06
3.1366e+06 3.18736e+06
3.14073e+06 3.18609e+06
3.12262e+06 3.22451e+06
3.2754e+06 3.11518e+06
3.11588e+06 3.24564e+06
3.2191e+06 3.2759e+06
3.21095e+06 3.2419e+06
3.1889e+06 3.18925e+06
3.2136e+06 3.27396e+06
3.26941e+06 3.22738e+06
3.27068e+06 3.22803e+06
3.23907e+06 3.2944e+06
3.25434e+06 3.17015e+06
3.2706e+06 3.22629e+06
3.25965e+06 3.2326e+06
3.22719e+06 3.16524e+06
3.24038e+06 3.21641e+06
3.20294e+06 3.24565e+06
3.18365e+06 3.32712e+06
3.29947e+06 3.21767e+06
3.22003e+06 3.27893e+06
3.28168e+06 3.32038e+06
3.19574e+06 3.28909e+06
3.28097e+06 3.25684e+06
3.22392e+06 3.27063e+06
3.20697e+06 3.1879e+06
3.2275e+06 3.25674e+06
3.23346e+06 3.27954e+06
3.18805e+06 3.25666e+06
3.24919e+06 3.21287e+06
3.23252e+06 3.18763e+06
3.24646e+06 3.17504e+06
3.26162e+06 3.23724e+06
3.17453e+06 3.23001e+06
3.22902e+06 3.28157e+06
3.25394e+06 3.20509e+06
3.20378e+06 3.22578e+06
3.20519e+06 3.20349e+06
3.27139e+06 3.17684e+06
3.24449e+06 3.21832e+06
3.24238e+06 3.25125e+06
3.26989e+06 3.25431e+06
3.21081e+06 3.2019e+06
3.21602e+06 3.22583e+06
3.23641e+06 3.27628e+06
3.28783e+06 3.22489e+06
3.25876e+06 3.24378e+06
3.20831e+06 3.24313e+06
3.25586e+06 3.22553e+06
3.23884e+06 3.21158e+06
3.24999e+06 3.24433e+06
3.19274e+06 3.32402e+06
3.26691e+06 3.20287e+06
3.23919e+06 3.17671e+06
3.2522e+06 3.23756e+06
3.15896e+06 3.26545e+06
3.21565e+06 3.23578e+06
3.25707e+06 3.18502e+06
3.2154e+06 3.23552e+06
3.21253e+06 3.23091e+06
3.21997e+06 3.23433e+06
3.24262e+06 3.27054e+06
3.19267e+06 3.27681e+06
3.23356e+06 3.21067e+06
3.2519e+06 3.24191e+06
3.17391e+06 3.21253e+06
3.22045e+06 3.21796e+06
3.33586e+06 3.23771e+06
3.26359e+06 3.20035e+06
3.24879e+06 3.30029e+06
3.24878e+06 3.15641e+06
3.22493e+06 3.27099e+06
3.26631e+06 3.17339e+06
3.20664e+06 3.21056e+06
3.27772e+06 3.18915e+06
3.23652e+06 3.27612e+06
3.20547e+06 3.25173e+06
3.29401e+06 3.28037e+06
3.20509e+06 3.23233e+06
3.22705e+06 3.22428e+06
3.22337e+06 3.25272e+06
3.24678e+06 3.24914e+06
3.23713e+06 3.26752e+06
3.20294e+06 3.28397e+06
3.25974e+06 3.23663e+06
3.24745e+06 3.29323e+06
3.25315e+06 3.185e+06
3.22055e+06 3.226e+06
3.2537e+06 3.31588e+06
3.21994e+06 3.27643e+06
3.22309e+06 3.24968e+06
3.23127e+06 3.20126e+06
3.23857e+06 3.3081e+06
3.15537e+06 3.27192e+06
3.23832e+06 3.23382e+06
3.22882e+06 3.23546e+06
3.27218e+06 3.25745e+06
3.22331e+06 3.2646e+06
3.21763e+06 3.21739e+06
3.29191e+06 3.20644e+06
3.25349e+06 3.19743e+06
3.2484e+06 3.27476e+06
3.20169e+06 3.27392e+06
3.18361e+06 3.29299e+06
3.2961e+06 3.18497e+06
3.22778e+06 3.27943e+06
3.23776e+06 3.21122e+06
3.24947e+06 3.23579e+06
3.28126e+06 3.25054e+06
3.27246e+06 3.25065e+06
3.26414e+06 3.28992e+06
3.21754e+06 3.26204e+06
3.26785e+06 3.29993e+06
3.21067e+06 3.23975e+06
3.28729e+06 3.24603e+06
3.30093e+06 3.17384e+06
3.25274e+06 3.3292e+06
3.25911e+06 3.26237e+06
3.28136e+06 3.29826e+06
3.23094e+06 3.24457e+06
3.26706e+06 3.2265e+06
3.24541e+06 3.23958e+06
3.21112e+06 3.21626e+06
3.2142e+06 3.24972e+06
3.27167e+06 3.23217e+06
3.18373e+06 3.23753e+06
3.1817e+06 3.21997e+06
3.26333e+06 3.18136e+06
3.1731e+06 3.2167e+06
3.32516e+06 3.23074e+06
3.26366e+06 3.24086e+06
3.26782e+06 3.29817e+06
3.23026e+06 3.28834e+06
3.28205e+06 3.23801e+06
3.26151e+06 3.25362e+06
3.22826e+06 3.24608e+06
3.23219e+06 3.16609e+06
3.25845e+06 3.21125e+06
3.22667e+06 3.24587e+06
3.209e+06 3.26357e+06
3.24826e+06 3.2518e+06
3.22985e+06 3.20229e+06
3.24826e+06 3.25084e+06
3.30533e+06 3.27004e+06
3.27937e+06 3.23061e+06
3.20068e+06 3.24125e+06
3.24585e+06 3.26136e+06
3.22303e+06 3.30764e+06
3.271e+06 3.20207e+06
3.23425e+06 3.29486e+06
3.20091e+06 3.24625e+06
3.1719e+06 3.2351e+06
3.31515e+06 3.29733e+06
3.27645e+06 3.22473e+06
3.21584e+06 3.22214e+06
3.28091e+06 3.28235e+06
3.29444e+06 3.21174e+06
3.20533e+06 3.23137e+06
3.29907e+06 3.22705e+06
3.2168e+06 3.23595e+06
3.22552e+06 3.22484e+06
3.21697e+06 3.27452e+06
3.25079e+06 3.23943e+06
3.23336e+06 3.23798e+06
3.23092e+06 3.21983e+06
3.22611e+06 3.21518e+06
3.23066e+06 3.23161e+06
3.17316e+06 3.22124e+06
3.21561e+06 3.22417e+06
3.15455e+06 3.28669e+06
3.25714e+06 3.24121e+06
3.24698e+06 3.24449e+06
3.21262e+06 3.29803e+06
3.17712e+06 3.22878e+06
3.26445e+06 3.2462e+06
3.20696e+06 3.26295e+06
3.21413e+06 3.26111e+06
3.26509e+06 3.24382e+06
3.24782e+06 3.20502e+06
3.25295e+06 3.25852e+06
3.24215e+06 3.26525e+06
3.23578e+06 3.21865e+06
3.1991e+06 3.23541e+06
3.27696e+06 3.26154e+06
3.26036e+06 3.22702e+06
3.20864e+06 3.2004e+06
3.20705e+06 3.22752e+06
3.22891e+06 3.22069e+06
3.22757e+06 3.23652e+06
3.22775e+06 3.22754e+06
3.21688e+06 3.26493e+06
3.22269e+06 3.25752e+06
3.28655e+06 3.24438e+06
3.23935e+06 3.27726e+06
3.23461e+06 3.3e+06
3.25932e+06 3.22556e+06
3.22108e+06 3.22532e+06
3.20748e+06 3.1924e+06
3.3306e+06 3.15983e+06
3.23733e+06 3.25961e+06
3.27933e+06 3.26607e+06
3.28717e+06 3.22714e+06
3.23719e+06 3.22263e+06
3.21507e+06 3.26227e+06
3.25111e+06 3.26978e+06
3.25261e+06 3.26743e+06
3.2486e+06 3.21136e+06
3.17279e+06 3.22648e+06
3.30096e+06 3.25163e+06
3.25289e+06 3.21992e+06
3.25851e+06 3.18844e+06
3.26173e+06 3.30598e+06
3.26192e+06 3.29105e+06
3.20029e+06 3.29194e+06
3.28364e+06 3.25446e+06
3.20388e+06 3.26465e+06
3.21128e+06 3.18585e+06
3.18351e+06 3.19575e+06
3.21106e+06 3.2549e+06
3.20422e+06 3.23928e+06
3.25036e+06 3.2681e+06
3.26794e+06 3.31315e+06
3.21781e+06 3.28339e+06
3.28851e+06 3.23251e+06
3.20351e+06 3.26477e+06
3.21642e+06 3.27362e+06
3.27847e+06 3.21353e+06
3.21794e+06 3.22515e+06
3.24316e+06 3.22876e+06
3.24858e+06 3.22585e+06
3.25037e+06 3.21573e+06
3.22045e+06 3.29731e+06
3.24683e+06 3.2919e+06
3.18388e+06 3.28172e+06
3.23439e+06 3.25699e+06
3.17883e+06 3.22578e+06
3.26457e+06 3.20331e+06
3.20215e+06 3.23753e+06
3.26311e+06 3.23362e+06
3.26495e+06 3.23334e+06
3.20682e+06 3.27677e+06
3.26497e+06 3.18731e+06
