227 34.8791
1.46174e+06 1.28505e+06 1.39931e+06
1.46174e+06 1.28505e+06 1.39931e+06
1.43017e+06 1.38333e+06 1.29872e+06
1.39108e+06 1.31837e+06 1.42209e+06
1.34877e+06 1.4111e+06 1.37608e+06
1.34877e+06 1.4111e+06 1.37608e+06
1.43753e+06 1.34041e+06 1.314e+06
1.3885e+06 1.39384e+06 1.29966e+06
1.461e+06 1.31024e+06 1.35869e+06
1.42524e+06 1.3026e+06 1.37666e+06
1.40677e+06 1.30317e+06 1.37715e+06
1.37391e+06 1.34086e+06 1.39381e+06
1.40923e+06 1.37634e+06 1.30607e+06
1.41816e+06 1.30956e+06 1.37564e+06
1.43708e+06 1.36274e+06 1.30192e+06
1.39309e+06 1.32223e+06 1.35427e+06
1.39855e+06 1.33525e+06 1.33382e+06
1.39597e+06 1.36701e+06 1.30646e+06
1.3666e+06 1.3383e+06 1.41724e+06
1.43246e+06 1.36746e+06 1.30416e+06
1.3573e+06 1.38435e+06 1.36027e+06
1.39534e+06 1.31842e+06 1.40958e+06
1.42303e+06 1.31746e+06 1.34441e+06
1.38158e+06 1.35546e+06 1.31371e+06
1.3666e+06 1.3383e+06 1.41724e+06
1.39539e+06 1.32892e+06 1.3343e+06
1.38158e+06 1.35546e+06 1.31371e+06
1.37986e+06 1.3732e+06 1.3227e+06
1.39534e+06 1.31842e+06 1.40958e+06
1.39027e+06 1.34227e+06 1.34682e+06
1.37606e+06 1.32476e+06 1.41851e+06
1.4016e+06 1.35268e+06 1.32608e+06
1.3614e+06 1.35998e+06 1.33466e+06
1.37986e+06 1.3732e+06 1.3227e+06
1.40272e+06 1.31417e+06 1.36192e+06
1.37391e+06 1.34086e+06 1.39381e+06
1.3587e+06 1.38998e+06 1.33513e+06
1.38636e+06 1.32635e+06 1.35547e+06
1.36063e+06 1.35028e+06 1.37056e+06
1.40538e+06 1.34181e+06 1.32008e+06
1.39687e+06 1.34587e+06 1.33199e+06
1.4149e+06 1.31294e+06 1.36048e+06
1.37625e+06 1.34327e+06 1.34182e+06
1.38636e+06 1.32635e+06 1.35547e+06
1.3587e+06 1.38998e+06 1.33513e+06
1.3573e+06 1.38435e+06 1.36027e+06
1.37849e+06 1.32107e+06 1.36181e+06
1.39268e+06 1.3378e+06 1.33978e+06
1.37604e+06 1.35029e+06 1.32767e+06
1.37546e+06 1.35399e+06 1.36531e+06
1.36134e+06 1.34763e+06 1.37276e+06
1.42303e+06 1.31746e+06 1.34441e+06
1.43246e+06 1.36746e+06 1.30416e+06
1.4046e+06 1.31435e+06 1.35819e+06
1.39448e+06 1.32033e+06 1.36737e+06
1.3614e+06 1.35998e+06 1.33466e+06
1.39027e+06 1.34227e+06 1.34682e+06
1.39108e+06 1.31837e+06 1.42209e+06
1.41636e+06 1.31808e+06 1.3373e+06
1.36134e+06 1.34763e+06 1.37276e+06
1.40538e+06 1.34181e+06 1.32008e+06
1.39448e+06 1.32033e+06 1.36737e+06
1.43017e+06 1.38333e+06 1.29872e+06
1.4046e+06 1.31435e+06 1.35819e+06
1.4016e+06 1.35268e+06 1.32608e+06
1.39687e+06 1.34587e+06 1.33199e+06
1.4149e+06 1.31294e+06 1.36048e+06
1.41636e+06 1.31808e+06 1.3373e+06
1.37625e+06 1.34327e+06 1.34182e+06
1.41591e+06 1.31162e+06 1.35925e+06
1.39268e+06 1.3378e+06 1.33978e+06
1.36063e+06 1.35028e+06 1.37056e+06
1.37546e+06 1.35399e+06 1.36531e+06
1.41591e+06 1.31162e+06 1.35925e+06
1.461e+06 1.31024e+06 1.35869e+06
1.40677e+06 1.30317e+06 1.37715e+06
1.39749e+06 1.33994e+06 1.33342e+06
1.37604e+06 1.35029e+06 1.32767e+06
1.37605e+06 1.33951e+06 1.36621e+06
1.39749e+06 1.33994e+06 1.33342e+06
1.37605e+06 1.33951e+06 1.36621e+06
1.46174e+06 1.28505e+06 1.39931e+06
1.46174e+06 1.28505e+06 1.39931e+06
1.46174e+06 1.28505e+06 1.39931e+06
1.46174e+06 1.28505e+06 1.39931e+06
1.46174e+06 1.28505e+06 1.39931e+06
1.46174e+06 1.28505e+06 1.39931e+06
1.46174e+06 1.28505e+06 1.39931e+06
1.46174e+06 1.28505e+06 1.39931e+06
1.461e+06 1.31024e+06 1.35869e+06
1.461e+06 1.31024e+06 1.35869e+06
1.43246e+06 1.36746e+06 1.30416e+06
1.43246e+06 1.36746e+06 1.30416e+06
1.43246e+06 1.36746e+06 1.30416e+06
1.43246e+06 1.36746e+06 1.30416e+06
1.43246e+06 1.36746e+06 1.30416e+06
1.43017e+06 1.38333e+06 1.29872e+06
1.42303e+06 1.31746e+06 1.34441e+06
1.42303e+06 1.31746e+06 1.34441e+06
1.42303e+06 1.31746e+06 1.34441e+06
1.41591e+06 1.31162e+06 1.35925e+06
1.41591e+06 1.31162e+06 1.35925e+06
1.4149e+06 1.31294e+06 1.36048e+06
1.40677e+06 1.30317e+06 1.37715e+06
1.40538e+06 1.34181e+06 1.32008e+06
1.4046e+06 1.31435e+06 1.35819e+06
1.4046e+06 1.31435e+06 1.35819e+06
1.4016e+06 1.35268e+06 1.32608e+06
1.4016e+06 1.35268e+06 1.32608e+06
1.4016e+06 1.35268e+06 1.32608e+06
1.4016e+06 1.35268e+06 1.32608e+06
1.4016e+06 1.35268e+06 1.32608e+06
1.39534e+06 1.31842e+06 1.40958e+06
1.39534e+06 1.31842e+06 1.40958e+06
1.39534e+06 1.31842e+06 1.40958e+06
1.39268e+06 1.3378e+06 1.33978e+06
1.39268e+06 1.3378e+06 1.33978e+06
1.39268e+06 1.3378e+06 1.33978e+06
1.39108e+06 1.31837e+06 1.42209e+06
1.39108e+06 1.31837e+06 1.42209e+06
1.39108e+06 1.31837e+06 1.42209e+06
1.39027e+06 1.34227e+06 1.34682e+06
1.39027e+06 1.34227e+06 1.34682e+06
1.38636e+06 1.32635e+06 1.35547e+06
1.37986e+06 1.3732e+06 1.3227e+06
1.37604e+06 1.35029e+06 1.32767e+06
1.37546e+06 1.35399e+06 1.36531e+06
1.36134e+06 1.34763e+06 1.37276e+06
1.43114e+06 1.33334e+06 1.34265e+06
1.4284e+06 1.39274e+06 1.31386e+06
1.41514e+06 1.31668e+06 1.38021e+06
1.3758e+06 1.367e+06 1.43479e+06
1.36401e+06 1.36958e+06 1.38508e+06
1.38968e+06 1.32478e+06 1.40864e+06
1.38095e+06 1.35717e+06 1.33311e+06
1.41706e+06 1.32036e+06 1.34408e+06
1.39367e+06 1.35185e+06 1.35604e+06
1.37786e+06 1.36121e+06 1.33393e+06
1.40596e+06 1.32598e+06 1.37342e+06
1.3898e+06 1.32789e+06 1.39633e+06
1.40262e+06 1.32976e+06 1.3583e+06
1.39526e+06 1.34598e+06 1.3509e+06
1.40754e+06 1.33838e+06 1.33813e+06
1.41099e+06 1.32331e+06 1.37882e+06
1.39428e+06 1.34291e+06 1.3537e+06
1.38527e+06 1.33307e+06 1.36342e+06
1.40996e+06 1.32805e+06 1.36303e+06
1.39643e+06 1.33749e+06 1.35096e+06
1.38358e+06 1.33136e+06 1.40111e+06
1.40395e+06 1.33415e+06 1.33881e+06
1.4131e+06 1.3303e+06 1.3464e+06
1.38358e+06 1.33136e+06 1.40111e+06
1.39643e+06 1.33749e+06 1.35096e+06
1.40334e+06 1.33355e+06 1.34648e+06
1.38527e+06 1.33307e+06 1.36342e+06
1.40311e+06 1.33379e+06 1.35252e+06
1.40395e+06 1.33415e+06 1.33881e+06
1.40311e+06 1.33379e+06 1.35252e+06
1.40395e+06 1.33415e+06 1.33881e+06
1.39643e+06 1.33749e+06 1.35096e+06
1.39643e+06 1.33749e+06 1.35096e+06
1.39643e+06 1.33749e+06 1.35096e+06
1.39643e+06 1.33749e+06 1.35096e+06
1.39643e+06 1.33749e+06 1.35096e+06
1.39643e+06 1.33749e+06 1.35096e+06
1.39643e+06 1.33749e+06 1.35096e+06
1.38527e+06 1.33307e+06 1.36342e+06
1.38358e+06 1.33136e+06 1.40111e+06
1.38358e+06 1.33136e+06 1.40111e+06
1.38358e+06 1.33136e+06 1.40111e+06
1.38358e+06 1.33136e+06 1.40111e+06
1.38358e+06 1.33136e+06 1.40111e+06
1.38358e+06 1.33136e+06 1.40111e+06
1.38358e+06 1.33136e+06 1.40111e+06
1.38358e+06 1.33136e+06 1.40111e+06
1.38358e+06 1.33136e+06 1.40111e+06
1.38358e+06 1.33136e+06 1.40111e+06
1.38358e+06 1.33136e+06 1.40111e+06
1.38358e+06 1.33136e+06 1.40111e+06
1.38358e+06 1.33136e+06 1.40111e+06
1.38358e+06 1.33136e+06 1.40111e+06
1.38358e+06 1.33136e+06 1.40111e+06
1.38358e+06 1.33136e+06 1.40111e+06
1.38358e+06 1.33136e+06 1.40111e+06
1.38358e+06 1.33136e+06 1.40111e+06
1.38358e+06 1.33136e+06 1.40111e+06
1.4553e+06 1.32276e+06 1.37066e+06
1.39138e+06 1.38825e+06 1.336e+06
1.38511e+06 1.34926e+06 1.41959e+06
1.3847e+06 1.36767e+06 1.33849e+06
1.43153e+06 1.32283e+06 1.40324e+06
1.39057e+06 1.34088e+06 1.37766e+06
1.42704e+06 1.32468e+06 1.37251e+06
1.39817e+06 1.35895e+06 1.35558e+06
1.4126e+06 1.33132e+06 1.41237e+06
1.42149e+06 1.35156e+06 1.34221e+06
1.39312e+06 1.36334e+06 1.36328e+06
1.4009e+06 1.34345e+06 1.36736e+06
1.41856e+06 1.33131e+06 1.36992e+06
1.40001e+06 1.35217e+06 1.35966e+06
1.40715e+06 1.34244e+06 1.34952e+06
1.41305e+06 1.33867e+06 1.34619e+06
1.40623e+06 1.33634e+06 1.41814e+06
1.40558e+06 1.36337e+06 1.35529e+06
1.40625e+06 1.33358e+06 1.35245e+06
1.41403e+06 1.33216e+06 1.35345e+06
1.40042e+06 1.34303e+06 1.3769e+06
1.41403e+06 1.33216e+06 1.35345e+06
1.41403e+06 1.33216e+06 1.35345e+06
1.41403e+06 1.33216e+06 1.35345e+06
1.4742e+06 1.39136e+06 1.3377e+06
1.4611e+06 1.33033e+06 1.42612e+06
1.41652e+06 1.33148e+06 1.43362e+06
1.4147e+06 1.41165e+06 1.3362e+06
1.38933e+06 1.37292e+06 1.40136e+06
1.4456e+06 1.33664e+06 1.35485e+06
1.4219e+06 1.36394e+06 1.3486e+06
1.4305e+06 1.33242e+06 1.36201e+06
1.41102e+06 1.38383e+06 1.33877e+06
1.39201e+06 1.35555e+06 1.38533e+06
1.39845e+06 1.37782e+06 1.35328e+06
1.39268e+06 1.34392e+06 1.39088e+06
1.42989e+06 1.37518e+06 1.34361e+06
1.40386e+06 1.34894e+06 1.37388e+06
1.41254e+06 1.34334e+06 1.38179e+06
1.41319e+06 1.37331e+06 1.36525e+06
1.4072e+06 1.34775e+06 1.37272e+06
1.42658e+06 1.33264e+06 1.38446e+06
1.40572e+06 1.34623e+06 1.37656e+06
1.41455e+06 1.33903e+06 1.35215e+06
1.41647e+06 1.33821e+06 1.39007e+06
1.42449e+06 1.33688e+06 1.37312e+06
1.40543e+06 1.34749e+06 1.37484e+06
1.48047e+06 1.36027e+06 1.35387e+06
1.42938e+06 1.33345e+06 1.41249e+06
1.41124e+06 1.38451e+06 1.34648e+06
1.39724e+06 1.40288e+06 1.40721e+06
1.46646e+06 1.36376e+06 1.35644e+06
1.42828e+06 1.34136e+06 1.39706e+06
1.45023e+06 1.36996e+06 1.3634e+06
1.45602e+06 1.37214e+06 1.3604e+06
1.42622e+06 1.3817e+06 1.36623e+06
1.41663e+06 1.34311e+06 1.40729e+06
1.43883e+06 1.37516e+06 1.35659e+06
1.40722e+06 1.37657e+06 1.37691e+06
1.43549e+06 1.34846e+06 1.3653e+06
1.40571e+06 1.36581e+06 1.3875e+06
1.40061e+06 1.3463e+06 1.39151e+06
1.41441e+06 1.35939e+06 1.38103e+06
1.42703e+06 1.35594e+06 1.36976e+06
1.41163e+06 1.38318e+06 1.37059e+06
1.40998e+06 1.37367e+06 1.38351e+06
1.42928e+06 1.35187e+06 1.37736e+06
1.41426e+06 1.35381e+06 1.38579e+06
1.41278e+06 1.36032e+06 1.39001e+06
1.42911e+06 1.34576e+06 1.39108e+06
1.4532e+06 1.35675e+06 1.36969e+06
1.44151e+06 1.34536e+06 1.40126e+06
1.41736e+06 1.40732e+06 1.34725e+06
1.40316e+06 1.38166e+06 1.44163e+06
1.42729e+06 1.39431e+06 1.35844e+06
1.41759e+06 1.35026e+06 1.40584e+06
1.43346e+06 1.37434e+06 1.37656e+06
1.41185e+06 1.38839e+06 1.36925e+06
1.42389e+06 1.3681e+06 1.38349e+06
1.45101e+06 1.3653e+06 1.36573e+06
1.44851e+06 1.36531e+06 1.3729e+06
1.4446e+06 1.38177e+06 1.36945e+06
1.43121e+06 1.35869e+06 1.37985e+06
1.43958e+06 1.35445e+06 1.37737e+06
1.41819e+06 1.38796e+06 1.36042e+06
1.43071e+06 1.35738e+06 1.38982e+06
1.42682e+06 1.34893e+06 1.39546e+06
1.42312e+06 1.35406e+06 1.39349e+06
1.41906e+06 1.3578e+06 1.39397e+06
1.4262e+06 1.35013e+06 1.39345e+06
1.45889e+06 1.35345e+06 1.39914e+06
1.45736e+06 1.3484e+06 1.4032e+06
1.45678e+06 1.38942e+06 1.36423e+06
1.42999e+06 1.40929e+06 1.37709e+06
1.41991e+06 1.3595e+06 1.41477e+06
1.41809e+06 1.37512e+06 1.40901e+06
1.42656e+06 1.39881e+06 1.39688e+06
1.4365e+06 1.38452e+06 1.37965e+06
1.44635e+06 1.36335e+06 1.38169e+06
1.4419e+06 1.37536e+06 1.37863e+06
1.43214e+06 1.36914e+06 1.38175e+06
1.44602e+06 1.35687e+06 1.3878e+06
1.43065e+06 1.34995e+06 1.40742e+06
1.43034e+06 1.38769e+06 1.38628e+06
1.45544e+06 1.36658e+06 1.39723e+06
1.44781e+06 1.3574e+06 1.42088e+06
1.43251e+06 1.39208e+06 1.38964e+06
1.42119e+06 1.37647e+06 1.41276e+06
1.43537e+06 1.36401e+06 1.41727e+06
1.49094e+06 1.42949e+06 1.40887e+06
1.47657e+06 1.36858e+06 1.43723e+06
1.43184e+06 1.38852e+06 1.41324e+06
1.48119e+06 1.433e+06 1.43076e+06
1.48295e+06 1.43955e+06 1.44376e+06
1.44517e+06 1.34777e+06 1.3155e+06
1.3909e+06 1.30366e+06 1.36016e+06
1.38172e+06 1.38885e+06 1.30637e+06
1.34552e+06 1.35989e+06 1.39529e+06
1.33588e+06 1.41259e+06 1.35435e+06
1.40536e+06 1.30716e+06 1.3467e+06
1.37089e+06 1.3089e+06 1.38761e+06
1.39037e+06 1.33097e+06 1.3305e+06
1.3909e+06 1.30366e+06 1.36016e+06
1.42332e+06 1.32505e+06 1.33504e+06
1.38172e+06 1.38885e+06 1.30637e+06
1.43643e+06 1.38547e+06 1.31156e+06
1.36162e+06 1.35502e+06 1.32291e+06
1.35093e+06 1.35392e+06 1.37714e+06
1.34424e+06 1.37546e+06 1.38356e+06
1.38109e+06 1.31911e+06 1.38452e+06
1.42332e+06 1.32505e+06 1.33504e+06
1.35882e+06 1.32059e+06 1.33679e+06
1.44517e+06 1.34777e+06 1.3155e+06
1.35755e+06 1.38818e+06 1.35088e+06
1.44438e+06 1.3518e+06 1.31666e+06
1.34552e+06 1.35989e+06 1.39529e+06
1.38172e+06 1.30895e+06 1.35446e+06
1.34424e+06 1.37546e+06 1.38356e+06
1.40186e+06 1.38827e+06 1.30943e+06
1.34812e+06 1.3687e+06 1.3859e+06
1.3517e+06 1.35333e+06 1.35691e+06
1.39515e+06 1.3632e+06 1.31181e+06
1.38886e+06 1.34898e+06 1.32895e+06
1.35093e+06 1.35392e+06 1.37714e+06
1.40208e+06 1.36224e+06 1.31819e+06
1.3461e+06 1.38594e+06 1.35744e+06
1.34812e+06 1.3687e+06 1.3859e+06
1.38234e+06 1.35325e+06 1.32116e+06
1.39723e+06 1.3481e+06 1.32633e+06
1.43643e+06 1.38547e+06 1.31156e+06
1.39723e+06 1.3481e+06 1.32633e+06
1.38886e+06 1.34898e+06 1.32895e+06
1.39515e+06 1.3632e+06 1.31181e+06
1.40263e+06 1.35316e+06 1.31442e+06
1.35882e+06 1.32059e+06 1.33679e+06
1.38234e+06 1.35325e+06 1.32116e+06
1.40263e+06 1.35316e+06 1.31442e+06
1.38109e+06 1.31911e+06 1.38452e+06
1.38172e+06 1.30895e+06 1.35446e+06
1.43643e+06 1.38547e+06 1.31156e+06
1.43643e+06 1.38547e+06 1.31156e+06
1.42332e+06 1.32505e+06 1.33504e+06
1.42332e+06 1.32505e+06 1.33504e+06
1.42332e+06 1.32505e+06 1.33504e+06
1.42332e+06 1.32505e+06 1.33504e+06
1.42332e+06 1.32505e+06 1.33504e+06
1.42332e+06 1.32505e+06 1.33504e+06
1.40263e+06 1.35316e+06 1.31442e+06
1.39723e+06 1.3481e+06 1.32633e+06
1.39723e+06 1.3481e+06 1.32633e+06
1.39723e+06 1.3481e+06 1.32633e+06
1.39723e+06 1.3481e+06 1.32633e+06
1.39515e+06 1.3632e+06 1.31181e+06
1.3909e+06 1.30366e+06 1.36016e+06
1.3909e+06 1.30366e+06 1.36016e+06
1.38886e+06 1.34898e+06 1.32895e+06
1.38234e+06 1.35325e+06 1.32116e+06
1.38234e+06 1.35325e+06 1.32116e+06
1.38234e+06 1.35325e+06 1.32116e+06
1.38172e+06 1.30895e+06 1.35446e+06
1.38172e+06 1.30895e+06 1.35446e+06
1.38109e+06 1.31911e+06 1.38452e+06
1.35882e+06 1.32059e+06 1.33679e+06
1.35093e+06 1.35392e+06 1.37714e+06
1.35093e+06 1.35392e+06 1.37714e+06
1.35093e+06 1.35392e+06 1.37714e+06
1.34812e+06 1.3687e+06 1.3859e+06
1.34812e+06 1.3687e+06 1.3859e+06
1.34812e+06 1.3687e+06 1.3859e+06
1.34812e+06 1.3687e+06 1.3859e+06
1.34812e+06 1.3687e+06 1.3859e+06
1.34552e+06 1.35989e+06 1.39529e+06
1.34552e+06 1.35989e+06 1.39529e+06
1.34424e+06 1.37546e+06 1.38356e+06
1.34424e+06 1.37546e+06 1.38356e+06
1.34424e+06 1.37546e+06 1.38356e+06
1.34424e+06 1.37546e+06 1.38356e+06
1.34424e+06 1.37546e+06 1.38356e+06
1.34424e+06 1.37546e+06 1.38356e+06
1.43866e+06 1.36337e+06 1.32144e+06
1.39511e+06 1.30415e+06 1.38456e+06
1.3863e+06 1.41097e+06 1.31341e+06
1.35488e+06 1.42438e+06 1.35723e+06
1.34704e+06 1.38453e+06 1.40804e+06
1.3596e+06 1.32475e+06 1.34488e+06
1.39511e+06 1.30415e+06 1.38456e+06
1.42326e+06 1.35618e+06 1.32436e+06
1.35402e+06 1.39047e+06 1.36028e+06
1.34877e+06 1.4111e+06 1.37608e+06
1.39946e+06 1.3368e+06 1.33686e+06
1.43866e+06 1.36337e+06 1.32144e+06
1.34849e+06 1.36997e+06 1.40305e+06
1.36754e+06 1.37089e+06 1.33969e+06
1.41736e+06 1.31506e+06 1.3534e+06
1.37338e+06 1.4225e+06 1.32338e+06
1.41605e+06 1.33238e+06 1.34179e+06
1.41363e+06 1.37747e+06 1.31672e+06
1.4099e+06 1.35297e+06 1.33387e+06
1.39522e+06 1.3456e+06 1.33951e+06
1.41839e+06 1.33622e+06 1.33056e+06
1.38899e+06 1.37626e+06 1.32507e+06
1.37534e+06 1.40773e+06 1.33732e+06
1.39362e+06 1.3475e+06 1.34177e+06
1.38537e+06 1.31691e+06 1.37443e+06
1.40842e+06 1.31641e+06 1.38442e+06
1.38681e+06 1.36101e+06 1.32568e+06
1.3585e+06 1.35522e+06 1.36938e+06
1.37921e+06 1.40142e+06 1.3306e+06
1.40669e+06 1.37019e+06 1.32152e+06
1.40756e+06 1.32085e+06 1.37251e+06
1.38029e+06 1.37988e+06 1.33128e+06
1.3573e+06 1.38435e+06 1.36027e+06
1.37921e+06 1.40142e+06 1.3306e+06
1.41736e+06 1.31506e+06 1.3534e+06
1.37658e+06 1.36795e+06 1.33363e+06
1.34849e+06 1.36997e+06 1.40305e+06
1.35862e+06 1.38684e+06 1.35903e+06
1.37988e+06 1.35526e+06 1.34435e+06
1.37658e+06 1.36795e+06 1.33363e+06
1.37338e+06 1.4225e+06 1.32338e+06
1.3863e+06 1.41097e+06 1.31341e+06
1.35862e+06 1.38684e+06 1.35903e+06
1.41398e+06 1.34657e+06 1.33281e+06
1.35418e+06 1.36119e+06 1.37138e+06
1.38029e+06 1.37988e+06 1.33128e+06
1.41398e+06 1.34657e+06 1.33281e+06
1.35418e+06 1.36119e+06 1.37138e+06
1.3585e+06 1.35522e+06 1.36938e+06
1.34877e+06 1.4111e+06 1.37608e+06
1.3573e+06 1.38435e+06 1.36027e+06
1.41736e+06 1.31506e+06 1.3534e+06
1.3863e+06 1.41097e+06 1.31341e+06
1.37921e+06 1.40142e+06 1.3306e+06
1.37658e+06 1.36795e+06 1.33363e+06
1.37658e+06 1.36795e+06 1.33363e+06
1.37658e+06 1.36795e+06 1.33363e+06
1.37658e+06 1.36795e+06 1.33363e+06
1.37658e+06 1.36795e+06 1.33363e+06
1.37658e+06 1.36795e+06 1.33363e+06
1.35862e+06 1.38684e+06 1.35903e+06
1.35862e+06 1.38684e+06 1.35903e+06
1.35862e+06 1.38684e+06 1.35903e+06
1.35862e+06 1.38684e+06 1.35903e+06
1.35862e+06 1.38684e+06 1.35903e+06
1.35862e+06 1.38684e+06 1.35903e+06
1.35862e+06 1.38684e+06 1.35903e+06
1.35862e+06 1.38684e+06 1.35903e+06
1.3585e+06 1.35522e+06 1.36938e+06
1.3573e+06 1.38435e+06 1.36027e+06
1.3573e+06 1.38435e+06 1.36027e+06
1.3573e+06 1.38435e+06 1.36027e+06
1.3573e+06 1.38435e+06 1.36027e+06
1.3573e+06 1.38435e+06 1.36027e+06
1.3573e+06 1.38435e+06 1.36027e+06
1.3573e+06 1.38435e+06 1.36027e+06
1.3573e+06 1.38435e+06 1.36027e+06
1.3573e+06 1.38435e+06 1.36027e+06
1.3573e+06 1.38435e+06 1.36027e+06
1.3573e+06 1.38435e+06 1.36027e+06
1.3573e+06 1.38435e+06 1.36027e+06
1.35418e+06 1.36119e+06 1.37138e+06
1.45459e+06 1.3878e+06 1.32825e+06
1.42885e+06 1.41102e+06 1.32265e+06
1.40426e+06 1.32647e+06 1.34652e+06
1.35874e+06 1.37191e+06 1.42906e+06
1.36486e+06 1.32764e+06 1.3698e+06
1.44148e+06 1.34287e+06 1.33427e+06
1.37666e+06 1.39905e+06 1.34582e+06
1.36316e+06 1.34742e+06 1.36011e+06
1.38126e+06 1.38442e+06 1.33613e+06
1.41374e+06 1.36315e+06 1.33374e+06
1.41896e+06 1.35886e+06 1.3388e+06
1.4099e+06 1.35654e+06 1.33885e+06
1.40015e+06 1.33307e+06 1.35783e+06
1.36914e+06 1.33675e+06 1.35177e+06
1.37342e+06 1.39188e+06 1.34882e+06
1.38552e+06 1.37142e+06 1.33561e+06
1.39077e+06 1.36227e+06 1.34266e+06
1.43016e+06 1.34356e+06 1.34176e+06
1.39531e+06 1.33595e+06 1.35959e+06
1.37829e+06 1.34696e+06 1.35097e+06
1.40387e+06 1.3446e+06 1.33982e+06
1.38364e+06 1.39012e+06 1.33596e+06
1.39733e+06 1.36262e+06 1.33965e+06
1.43885e+06 1.36543e+06 1.34326e+06
1.40833e+06 1.32808e+06 1.36717e+06
1.38848e+06 1.33682e+06 1.3896e+06
1.38423e+06 1.38604e+06 1.33718e+06
1.3802e+06 1.40187e+06 1.3469e+06
1.36354e+06 1.35381e+06 1.37193e+06
1.40308e+06 1.33189e+06 1.37356e+06
1.43149e+06 1.34648e+06 1.34492e+06
1.37474e+06 1.33933e+06 1.35992e+06
1.41138e+06 1.37505e+06 1.34068e+06
1.42364e+06 1.38069e+06 1.33762e+06
1.41312e+06 1.3513e+06 1.34678e+06
1.40309e+06 1.36039e+06 1.35584e+06
1.37292e+06 1.36243e+06 1.36406e+06
1.39721e+06 1.3808e+06 1.34486e+06
1.37792e+06 1.36706e+06 1.35613e+06
1.4022e+06 1.37916e+06 1.34984e+06
1.36788e+06 1.35188e+06 1.36872e+06
1.37104e+06 1.38021e+06 1.35634e+06
1.38761e+06 1.36189e+06 1.35303e+06
1.3874e+06 1.37986e+06 1.3516e+06
1.36971e+06 1.38536e+06 1.35606e+06
1.36584e+06 1.37866e+06 1.36859e+06
1.39843e+06 1.35232e+06 1.35612e+06
1.36491e+06 1.37919e+06 1.3677e+06
1.43035e+06 1.36939e+06 1.3485e+06
1.40317e+06 1.4124e+06 1.33854e+06
1.38191e+06 1.34173e+06 1.38296e+06
1.38036e+06 1.36539e+06 1.40567e+06
1.37132e+06 1.38643e+06 1.37561e+06
1.41941e+06 1.39841e+06 1.33945e+06
1.4073e+06 1.3542e+06 1.3633e+06
1.37727e+06 1.37455e+06 1.38784e+06
1.38154e+06 1.37317e+06 1.39735e+06
1.41558e+06 1.36389e+06 1.3526e+06
1.39167e+06 1.34997e+06 1.37531e+06
1.38839e+06 1.39265e+06 1.35318e+06
1.40416e+06 1.38156e+06 1.34526e+06
1.38924e+06 1.35952e+06 1.37869e+06
1.398e+06 1.34562e+06 1.37568e+06
1.37768e+06 1.38196e+06 1.36292e+06
1.39831e+06 1.34431e+06 1.36461e+06
1.3797e+06 1.3743e+06 1.37299e+06
1.38877e+06 1.3719e+06 1.35483e+06
1.41905e+06 1.36099e+06 1.34952e+06
1.40453e+06 1.37493e+06 1.35309e+06
1.39936e+06 1.37435e+06 1.35328e+06
1.42992e+06 1.39946e+06 1.34877e+06
1.39702e+06 1.3493e+06 1.39493e+06
1.39108e+06 1.36935e+06 1.42352e+06
1.38148e+06 1.40713e+06 1.40673e+06
1.4154e+06 1.37808e+06 1.36137e+06
1.39675e+06 1.35815e+06 1.38076e+06
1.40263e+06 1.3537e+06 1.37337e+06
1.42603e+06 1.36328e+06 1.35324e+06
1.39955e+06 1.36776e+06 1.37141e+06
1.40734e+06 1.39611e+06 1.35559e+06
1.4192e+06 1.35176e+06 1.37594e+06
1.42173e+06 1.39418e+06 1.35767e+06
1.38661e+06 1.38398e+06 1.37162e+06
1.38156e+06 1.38902e+06 1.38965e+06
1.38173e+06 1.38208e+06 1.39161e+06
1.41022e+06 1.38073e+06 1.36616e+06
1.41162e+06 1.35802e+06 1.36539e+06
1.38813e+06 1.38832e+06 1.36425e+06
1.42491e+06 1.37905e+06 1.35997e+06
1.4204e+06 1.3601e+06 1.36393e+06
1.39691e+06 1.40645e+06 1.35499e+06
1.43968e+06 1.37274e+06 1.3649e+06
1.41923e+06 1.40275e+06 1.35958e+06
1.40506e+06 1.35298e+06 1.41516e+06
1.40154e+06 1.37784e+06 1.41626e+06
1.39511e+06 1.42059e+06 1.36613e+06
1.3884e+06 1.39606e+06 1.3736e+06
1.40901e+06 1.36434e+06 1.39918e+06
1.41534e+06 1.3596e+06 1.4126e+06
1.42348e+06 1.37379e+06 1.3776e+06
1.4095e+06 1.35967e+06 1.3872e+06
1.43102e+06 1.35906e+06 1.3685e+06
1.40603e+06 1.36911e+06 1.38668e+06
1.39751e+06 1.39026e+06 1.37389e+06
1.43304e+06 1.38056e+06 1.36178e+06
1.40248e+06 1.381e+06 1.39789e+06
1.4227e+06 1.3818e+06 1.37214e+06
1.41665e+06 1.39108e+06 1.36479e+06
1.40497e+06 1.37485e+06 1.37263e+06
1.45463e+06 1.35993e+06 1.39423e+06
1.43459e+06 1.3907e+06 1.36818e+06
1.41833e+06 1.40455e+06 1.36989e+06
1.41004e+06 1.37542e+06 1.39879e+06
1.39876e+06 1.39647e+06 1.39234e+06
1.41242e+06 1.38016e+06 1.38711e+06
1.4181e+06 1.37658e+06 1.37593e+06
1.41651e+06 1.36443e+06 1.39278e+06
1.40661e+06 1.38681e+06 1.3897e+06
1.42628e+06 1.39127e+06 1.37034e+06
1.43075e+06 1.38271e+06 1.37224e+06
1.40273e+06 1.39646e+06 1.37517e+06
1.40777e+06 1.38157e+06 1.39316e+06
1.43145e+06 1.38045e+06 1.38334e+06
1.42998e+06 1.38127e+06 1.41213e+06
1.4193e+06 1.40796e+06 1.37206e+06
1.41142e+06 1.41515e+06 1.3937e+06
1.40037e+06 1.40565e+06 1.3987e+06
1.42926e+06 1.38439e+06 1.39848e+06
1.45046e+06 1.38202e+06 1.41046e+06
1.44638e+06 1.3837e+06 1.38484e+06
1.43518e+06 1.39293e+06 1.41682e+06
1.43127e+06 1.40205e+06 1.41468e+06
1.43453e+06 1.39467e+06 1.39738e+06
1.47026e+06 1.32917e+06 1.32307e+06
1.41522e+06 1.29446e+06 1.37474e+06
1.37625e+06 1.30151e+06 1.41248e+06
1.35543e+06 1.36581e+06 1.30455e+06
1.34877e+06 1.4111e+06 1.37608e+06
1.34009e+06 1.37643e+06 1.39669e+06
1.47026e+06 1.32917e+06 1.32307e+06
1.4269e+06 1.32023e+06 1.33794e+06
1.35543e+06 1.36581e+06 1.30455e+06
1.34692e+06 1.38747e+06 1.38005e+06
1.34877e+06 1.4111e+06 1.37608e+06
1.34009e+06 1.37643e+06 1.39669e+06
1.34692e+06 1.38747e+06 1.38005e+06
1.3663e+06 1.35704e+06 1.37195e+06
1.34972e+06 1.35011e+06 1.3897e+06
1.41899e+06 1.34805e+06 1.31759e+06
1.38904e+06 1.33984e+06 1.34399e+06
1.37176e+06 1.3101e+06 1.40652e+06
1.41739e+06 1.31402e+06 1.36104e+06
1.3549e+06 1.34639e+06 1.39537e+06
1.41108e+06 1.29993e+06 1.4059e+06
1.41899e+06 1.34805e+06 1.31759e+06
1.40901e+06 1.35922e+06 1.33033e+06
1.38333e+06 1.32702e+06 1.35465e+06
1.40194e+06 1.33682e+06 1.33329e+06
1.36135e+06 1.32034e+06 1.40132e+06
1.37788e+06 1.33335e+06 1.34549e+06
1.4269e+06 1.32023e+06 1.33794e+06
1.39498e+06 1.3233e+06 1.34873e+06
1.36988e+06 1.34306e+06 1.33916e+06
1.40525e+06 1.31534e+06 1.35477e+06
1.39925e+06 1.31624e+06 1.34462e+06
1.36988e+06 1.34306e+06 1.33916e+06
1.37978e+06 1.3588e+06 1.33503e+06
1.36211e+06 1.36053e+06 1.38286e+06
1.41188e+06 1.30654e+06 1.38462e+06
1.37946e+06 1.30312e+06 1.38744e+06
1.38618e+06 1.3223e+06 1.3735e+06
1.41739e+06 1.31402e+06 1.36104e+06
1.3663e+06 1.35704e+06 1.37195e+06
1.382e+06 1.36439e+06 1.33355e+06
1.42372e+06 1.30409e+06 1.3743e+06
1.42372e+06 1.30409e+06 1.3743e+06
1.36135e+06 1.32034e+06 1.40132e+06
1.36383e+06 1.34666e+06 1.3918e+06
1.40258e+06 1.31409e+06 1.35922e+06
1.39067e+06 1.30035e+06 1.39586e+06
1.41188e+06 1.30654e+06 1.38462e+06
1.39823e+06 1.33389e+06 1.33375e+06
1.37176e+06 1.3101e+06 1.40652e+06
1.36211e+06 1.36053e+06 1.38286e+06
1.39412e+06 1.32211e+06 1.35467e+06
1.40901e+06 1.35922e+06 1.33033e+06
1.36421e+06 1.36515e+06 1.3469e+06
1.37088e+06 1.32744e+06 1.35745e+06
1.37088e+06 1.32744e+06 1.35745e+06
1.36383e+06 1.34666e+06 1.3918e+06
1.3997e+06 1.3152e+06 1.38526e+06
1.38539e+06 1.3249e+06 1.36004e+06
1.39696e+06 1.32148e+06 1.37572e+06
1.39498e+06 1.3233e+06 1.34873e+06
1.40346e+06 1.35906e+06 1.33162e+06
1.38539e+06 1.3249e+06 1.36004e+06
1.38424e+06 1.3217e+06 1.38702e+06
1.36421e+06 1.36515e+06 1.3469e+06
1.39067e+06 1.30035e+06 1.39586e+06
1.3997e+06 1.3152e+06 1.38526e+06
1.382e+06 1.36439e+06 1.33355e+06
1.40334e+06 1.32047e+06 1.33486e+06
1.38424e+06 1.3217e+06 1.38702e+06
1.39823e+06 1.33389e+06 1.33375e+06
1.41108e+06 1.29993e+06 1.4059e+06
1.40346e+06 1.35906e+06 1.33162e+06
1.39696e+06 1.32148e+06 1.37572e+06
1.40334e+06 1.32047e+06 1.33486e+06
1.4269e+06 1.32023e+06 1.33794e+06
1.4269e+06 1.32023e+06 1.33794e+06
1.4269e+06 1.32023e+06 1.33794e+06
1.4269e+06 1.32023e+06 1.33794e+06
1.41899e+06 1.34805e+06 1.31759e+06
1.41899e+06 1.34805e+06 1.31759e+06
1.41899e+06 1.34805e+06 1.31759e+06
1.41739e+06 1.31402e+06 1.36104e+06
1.40901e+06 1.35922e+06 1.33033e+06
1.40901e+06 1.35922e+06 1.33033e+06
1.40334e+06 1.32047e+06 1.33486e+06
1.3997e+06 1.3152e+06 1.38526e+06
1.3997e+06 1.3152e+06 1.38526e+06
1.39498e+06 1.3233e+06 1.34873e+06
1.39067e+06 1.30035e+06 1.39586e+06
1.39067e+06 1.30035e+06 1.39586e+06
1.38424e+06 1.3217e+06 1.38702e+06
1.38424e+06 1.3217e+06 1.38702e+06
1.382e+06 1.36439e+06 1.33355e+06
1.382e+06 1.36439e+06 1.33355e+06
1.37176e+06 1.3101e+06 1.40652e+06
1.3663e+06 1.35704e+06 1.37195e+06
1.3663e+06 1.35704e+06 1.37195e+06
1.36383e+06 1.34666e+06 1.3918e+06
1.36383e+06 1.34666e+06 1.3918e+06
1.36211e+06 1.36053e+06 1.38286e+06
1.36211e+06 1.36053e+06 1.38286e+06
1.36135e+06 1.32034e+06 1.40132e+06
1.36135e+06 1.32034e+06 1.40132e+06
1.34877e+06 1.4111e+06 1.37608e+06
1.34877e+06 1.4111e+06 1.37608e+06
1.34692e+06 1.38747e+06 1.38005e+06
1.44708e+06 1.38365e+06 1.31265e+06
1.43079e+06 1.29703e+06 1.38573e+06
1.41944e+06 1.41693e+06 1.31016e+06
1.41944e+06 1.41693e+06 1.31016e+06
1.38864e+06 1.31816e+06 1.43613e+06
1.34192e+06 1.39782e+06 1.39823e+06
1.44051e+06 1.31675e+06 1.36066e+06
1.36771e+06 1.36404e+06 1.4208e+06
1.39676e+06 1.32621e+06 1.37006e+06
1.40531e+06 1.33598e+06 1.34735e+06
1.36171e+06 1.40089e+06 1.35376e+06
1.37456e+06 1.36726e+06 1.33391e+06
1.43079e+06 1.29703e+06 1.38573e+06
1.36812e+06 1.34376e+06 1.40522e+06
1.34192e+06 1.39782e+06 1.39823e+06
1.38875e+06 1.38956e+06 1.32612e+06
1.34998e+06 1.38311e+06 1.4092e+06
1.3573e+06 1.38435e+06 1.36027e+06
1.39846e+06 1.32926e+06 1.35147e+06
1.38981e+06 1.31369e+06 1.41278e+06
1.42126e+06 1.31039e+06 1.37483e+06
1.44487e+06 1.39078e+06 1.31344e+06
1.39818e+06 1.35079e+06 1.3412e+06
1.38864e+06 1.31816e+06 1.43613e+06
1.36182e+06 1.37365e+06 1.38888e+06
1.40272e+06 1.36528e+06 1.33591e+06
1.39596e+06 1.35532e+06 1.34014e+06
1.36675e+06 1.38958e+06 1.33333e+06
1.37225e+06 1.36143e+06 1.37625e+06
1.41403e+06 1.30364e+06 1.38828e+06
1.40988e+06 1.38332e+06 1.31981e+06
1.36057e+06 1.37942e+06 1.3595e+06
1.35093e+06 1.37562e+06 1.39597e+06
1.38923e+06 1.31922e+06 1.40927e+06
1.38126e+06 1.33903e+06 1.35338e+06
1.41046e+06 1.31071e+06 1.3901e+06
1.42877e+06 1.37561e+06 1.31411e+06
1.39343e+06 1.30399e+06 1.3965e+06
1.4153e+06 1.34218e+06 1.3429e+06
1.38686e+06 1.35747e+06 1.35264e+06
1.38126e+06 1.33903e+06 1.35338e+06
1.37271e+06 1.32819e+06 1.35863e+06
1.40432e+06 1.31695e+06 1.35384e+06
1.41697e+06 1.30597e+06 1.38297e+06
1.41855e+06 1.37714e+06 1.31928e+06
1.41697e+06 1.30597e+06 1.38297e+06
1.42877e+06 1.37561e+06 1.31411e+06
1.38686e+06 1.35747e+06 1.35264e+06
1.3904e+06 1.34186e+06 1.34617e+06
1.39057e+06 1.3272e+06 1.37681e+06
1.36834e+06 1.36419e+06 1.37655e+06
1.3896e+06 1.31903e+06 1.39457e+06
1.38858e+06 1.32784e+06 1.37789e+06
1.41877e+06 1.30976e+06 1.37647e+06
1.38858e+06 1.32784e+06 1.37789e+06
1.41855e+06 1.37714e+06 1.31928e+06
1.41403e+06 1.30364e+06 1.38828e+06
1.41046e+06 1.31071e+06 1.3901e+06
1.3896e+06 1.31903e+06 1.39457e+06
1.3904e+06 1.34186e+06 1.34617e+06
1.41877e+06 1.30976e+06 1.37647e+06
1.43079e+06 1.29703e+06 1.38573e+06
1.41877e+06 1.30976e+06 1.37647e+06
1.41877e+06 1.30976e+06 1.37647e+06
1.41697e+06 1.30597e+06 1.38297e+06
1.41697e+06 1.30597e+06 1.38297e+06
1.41697e+06 1.30597e+06 1.38297e+06
1.41403e+06 1.30364e+06 1.38828e+06
1.41403e+06 1.30364e+06 1.38828e+06
1.41403e+06 1.30364e+06 1.38828e+06
1.41046e+06 1.31071e+06 1.3901e+06
1.41046e+06 1.31071e+06 1.3901e+06
1.3904e+06 1.34186e+06 1.34617e+06
1.3904e+06 1.34186e+06 1.34617e+06
1.3896e+06 1.31903e+06 1.39457e+06
1.3896e+06 1.31903e+06 1.39457e+06
1.38126e+06 1.33903e+06 1.35338e+06
1.38126e+06 1.33903e+06 1.35338e+06
1.44403e+06 1.34229e+06 1.35026e+06
1.42364e+06 1.35412e+06 1.34171e+06
1.42049e+06 1.30641e+06 1.38577e+06
1.38619e+06 1.32869e+06 1.42853e+06
1.3568e+06 1.38255e+06 1.40381e+06
1.39764e+06 1.30967e+06 1.41598e+06
1.39475e+06 1.32283e+06 1.425e+06
1.38386e+06 1.32913e+06 1.36777e+06
1.41413e+06 1.31926e+06 1.3823e+06
1.41146e+06 1.36716e+06 1.3446e+06
1.37137e+06 1.3757e+06 1.39563e+06
1.40713e+06 1.32582e+06 1.36105e+06
1.42031e+06 1.31232e+06 1.38916e+06
1.37703e+06 1.34405e+06 1.37509e+06
1.37594e+06 1.35969e+06 1.35993e+06
1.4394e+06 1.32009e+06 1.35973e+06
1.37078e+06 1.37098e+06 1.40182e+06
1.39995e+06 1.31016e+06 1.40169e+06
1.42628e+06 1.33634e+06 1.35124e+06
1.38015e+06 1.33719e+06 1.39493e+06
1.39525e+06 1.35304e+06 1.35572e+06
1.37284e+06 1.35366e+06 1.36313e+06
1.41904e+06 1.33686e+06 1.35513e+06
1.42628e+06 1.33634e+06 1.35124e+06
1.38203e+06 1.34085e+06 1.35712e+06
1.37703e+06 1.34405e+06 1.37509e+06
1.44032e+06 1.34264e+06 1.34584e+06
1.3981e+06 1.34265e+06 1.3481e+06
1.41371e+06 1.32172e+06 1.38531e+06
1.37078e+06 1.37098e+06 1.40182e+06
1.42434e+06 1.3211e+06 1.35722e+06
1.44494e+06 1.35699e+06 1.34764e+06
1.42087e+06 1.30984e+06 1.40541e+06
1.41888e+06 1.37537e+06 1.34481e+06
1.41703e+06 1.3186e+06 1.41829e+06
1.37095e+06 1.37177e+06 1.40832e+06
1.43629e+06 1.32763e+06 1.36502e+06
1.40389e+06 1.33128e+06 1.37998e+06
1.44485e+06 1.32042e+06 1.39396e+06
1.38529e+06 1.36554e+06 1.3701e+06
1.42924e+06 1.33517e+06 1.37655e+06
1.39453e+06 1.34364e+06 1.37628e+06
1.42172e+06 1.34497e+06 1.35812e+06
1.38132e+06 1.34999e+06 1.39976e+06
1.39094e+06 1.34768e+06 1.39097e+06
1.37548e+06 1.37241e+06 1.38305e+06
1.39198e+06 1.3365e+06 1.40471e+06
1.40194e+06 1.35246e+06 1.35645e+06
1.41942e+06 1.373e+06 1.35517e+06
1.37784e+06 1.351e+06 1.39136e+06
1.38582e+06 1.35364e+06 1.37338e+06
1.38367e+06 1.35384e+06 1.37413e+06
1.45881e+06 1.33528e+06 1.3705e+06
1.42904e+06 1.3232e+06 1.41189e+06
1.42068e+06 1.3779e+06 1.35376e+06
1.38371e+06 1.36229e+06 1.37746e+06
1.43554e+06 1.34966e+06 1.36705e+06
1.39328e+06 1.36985e+06 1.37147e+06
1.38477e+06 1.35355e+06 1.4074e+06
1.41594e+06 1.35817e+06 1.35672e+06
1.39609e+06 1.35767e+06 1.40135e+06
1.40682e+06 1.34323e+06 1.38644e+06
1.40369e+06 1.35775e+06 1.36414e+06
1.39703e+06 1.34579e+06 1.38331e+06
1.41677e+06 1.3424e+06 1.39346e+06
1.42373e+06 1.33875e+06 1.39133e+06
1.43127e+06 1.34068e+06 1.39051e+06
1.43447e+06 1.34554e+06 1.38063e+06
1.40471e+06 1.35494e+06 1.37858e+06
1.41771e+06 1.33956e+06 1.39081e+06
1.47002e+06 1.32358e+06 1.42208e+06
1.43248e+06 1.36404e+06 1.35748e+06
1.39906e+06 1.35527e+06 1.4299e+06
1.38924e+06 1.37474e+06 1.38291e+06
1.38508e+06 1.37473e+06 1.42411e+06
1.4544e+06 1.34011e+06 1.40867e+06
1.44742e+06 1.32902e+06 1.41835e+06
1.38591e+06 1.36732e+06 1.39806e+06
1.43722e+06 1.35557e+06 1.37081e+06
1.41437e+06 1.34595e+06 1.38412e+06
1.40714e+06 1.34356e+06 1.41603e+06
1.41331e+06 1.36164e+06 1.3653e+06
1.40842e+06 1.347e+06 1.38733e+06
1.44941e+06 1.34176e+06 1.3907e+06
1.43674e+06 1.35416e+06 1.38003e+06
1.4079e+06 1.3724e+06 1.37913e+06
1.41315e+06 1.36017e+06 1.3823e+06
1.40764e+06 1.35764e+06 1.38407e+06
1.39616e+06 1.36925e+06 1.38673e+06
1.38878e+06 1.36934e+06 1.38989e+06
1.39595e+06 1.37402e+06 1.38409e+06
1.38877e+06 1.37382e+06 1.3869e+06
1.46808e+06 1.38472e+06 1.36269e+06
1.43061e+06 1.34711e+06 1.38905e+06
1.41555e+06 1.34941e+06 1.42588e+06
1.39847e+06 1.39179e+06 1.41266e+06
1.41577e+06 1.37442e+06 1.38237e+06
1.44849e+06 1.35213e+06 1.38605e+06
1.40859e+06 1.3571e+06 1.39313e+06
1.42044e+06 1.36954e+06 1.39285e+06
1.42658e+06 1.34903e+06 1.39838e+06
1.41026e+06 1.35231e+06 1.41992e+06
1.42557e+06 1.34966e+06 1.41499e+06
1.42072e+06 1.35589e+06 1.38504e+06
1.44746e+06 1.3532e+06 1.40108e+06
1.44732e+06 1.39443e+06 1.38936e+06
1.4465e+06 1.35144e+06 1.4121e+06
1.41666e+06 1.37549e+06 1.42058e+06
1.40941e+06 1.38162e+06 1.40096e+06
1.43694e+06 1.35858e+06 1.40587e+06
1.443e+06 1.36451e+06 1.38959e+06
1.41444e+06 1.37564e+06 1.39663e+06
1.4432e+06 1.35862e+06 1.40303e+06
1.43357e+06 1.37661e+06 1.39743e+06
1.42159e+06 1.39552e+06 1.39904e+06
