508 8.70115
340745 340843 296498
367357 337596 295794
348298 325771 328354
331161 335567 300825
337121 322750 291083
356778 341756 323847
326176 335694 332548
329975 347322 317654
346696 325925 331564
335474 337020 318352
341560 320150 299647
337151 319895 307170
327988 347711 313818
327021 341092 307934
339965 335153 306178
351315 334836 318274
339662 324201 300823
346944 298564 322377
341475 314486 307318
347276 337740 323438
328627 314311 329888
332680 329472 319468
341818 349929 322642
311647 319631 328536
332580 345892 302169
339731 307778 319597
328009 325434 317500
321320 337452 286580
334203 322395 314601
317129 323231 314549
352583 311648 306635
359190 337834 318434
322716 332186 300484
350711 317853 298487
339241 338067 319496
345139 323602 325914
340993 323951 324556
357561 301223 340337
312750 344599 326165
340940 332240 317559
337678 310943 289449
343422 335204 320525
335942 335301 316038
329207 326953 311537
349956 333703 316992
343005 328792 310549
336540 328433 290743
332376 334483 326051
339080 308168 317294
353751 326185 283907
343541 337051 321680
344015 347712 307358
348535 329997 336931
340382 341757 307054
340152 342017 311507
331260 341144 313094
342039 320961 334407
325421 322812 299692
320966 308613 304204
339545 314076 343273
354053 338940 315285
341045 342764 305494
361668 321717 313858
337999 336252 328797
337261 332598 318546
338788 333821 307976
354193 341350 340853
351154 357342 317808
357972 342188 330485
322078 323671 331751
354267 322386 320943
312607 303129 290571
324044 318796 325731
334580 322561 310005
346798 335148 296188
315964 335487 309843
330505 338207 296721
336322 333544 312659
359639 329240 329633
336134 317560 308376
329256 329530 305096
336885 326800 296701
336260 337484 314135
315415 335362 329193
323008 340707 318728
340614 337921 326813
347435 320418 315524
333406 320366 328911
358678 344402 299501
344874 321959 311665
329338 313967 332701
323860 326315 297936
336833 296034 302313
331473 328537 315380
331653 317659 316730
338931 316917 292249
341638 324244 325405
356291 322153 336043
363488 342401 298429
336659 324784 306480
333495 328450 301249
345733 342029 314046
335291 342172 316311
306575 321780 329968
337869 332408 302083
335200 329472 324514
335262 329284 297093
362459 352649 313491
339328 335448 334492
334635 333022 318351
355771 326828 331694
315464 329844 330325
332252 332929 333652
348947 329570 332370
335828 319125 306550
351075 313201 319218
349619 328927 323073
339821 345436 310657
311534 329407 293202
330577 331442 322845
355586 333670 324514
323767 329732 294353
334139 346831 311720
332891 350111 320630
353247 307089 325938
306688 345135 330455
330328 344678 313861
322105 322838 318772
325530 310948 306048
334923 335158 316418
335283 325080 331251
343992 340238 314704
371239 342652 318304
332463 324962 323594
329740 336163 328189
335097 339326 298262
341681 321236 311720
349345 321984 301873
347871 333622 330007
325472 319477 311637
332145 316547 325378
354280 321593 336212
317797 342390 329245
336269 322501 312083
342714 326578 310328
346363 322113 333550
350032 356448 295559
340231 348611 318628
321499 313981 299434
328885 335476 315922
326333 331902 293625
311943 331615 314046
344723 349916 299511
334067 324167 309680
337326 336917 308883
335147 317494 304954
345276 342517 310420
350758 328491 302869
344926 313873 324128
350336 318382 316867
339087 317729 321129
338872 328078 304897
353349 333083 297220
322281 333300 311315
331015 337070 312447
341459 333045 341126
338197 315897 326027
332679 334314 312627
332106 336545 306704
341808 331725 297845
349974 337239 332973
353127 340545 300878
341871 315024 304991
335749 343239 337260
336984 308221 304825
370950 303002 301649
346123 323432 305457
346707 340427 316696
313567 311233 303944
328809 330002 313352
355359 315118 308284
357888 334701 310947
337147 315908 311519
332788 321286 325897
325487 350797 332087
342003 329710 320389
329816 319065 313553
328493 339614 319589
331750 330750 312299
346624 312092 303829
324507 312953 318615
317858 333172 320691
324202 315420 306398
343490 330656 300366
324856 329846 314296
337483 321503 336136
352632 320325 316973
312478 342526 299624
335507 321086 313702
336480 328205 331835
316547 318581 307332
330211 338799 309021
332513 330903 295173
324109 346428 326636
344808 335270 315767
333200 328437 307025
361992 349497 330398
343074 324051 336241
340806 323481 314806
345603 329187 321159
347660 348656 333180
335012 314628 286367
341922 318058 311904
305795 326886 301454
334848 331517 319676
347465 316151 292290
344572 309558 322240
329535 333494 284100
347118 333324 304299
346753 327652 318935
336783 334096 310251
328646 339592 323038
331485 343546 321938
328917 322112 322903
318032 337857 313264
316557 349067 293457
343084 316861 322984
345296 335921 299914
364897 321395 319732
340770 332472 327680
336364 331862 330033
353035 338231 318008
344105 332939 318154
337355 335922 321551
329759 341997 311654
352816 333522 319207
328707 334602 339217
327259 335621 323111
325087 325840 323482
331109 354506 327106
340541 333556 304410
363140 314760 313707
340626 319162 323576
351996 314631 325566
342965 329797 323207
347008 326406 323920
352438 331880 310978
356956 317475 325821
348280 315422 337668
353526 323978 311662
340569 326931 306259
334837 343706 324923
325971 330135 329856
313539 333425 324826
338848 338312 318233
310191 323857 313476
337954 329072 334873
338233 321974 328720
322979 353205 321689
328998 349245 314201
332087 325721 309400
357643 329328 319739
343822 343975 332328
328504 335250 321047
337878 310026 313883
341259 327286 317660
319362 332465 290652
342713 329384 321821
313313 351124 321846
324367 343761 317314
323942 325578 308924
355884 360558 307906
328820 330294 311595
340557 334492 312761
343175 327058 313621
316730 331025 300074
333269 320487 312769
337980 303950 310657
343683 326395 332603
308628 337263 325072
319931 334440 319649
345916 326513 330824
339019 337024 328707
338171 322186 323435
340620 338751 293642
354263 345456 315391
334818 328087 328250
353826 335067 330600
334011 329339 309527
325949 342043 301118
351611 327097 334092
333253 343749 309519
341050 347271 302478
354251 330454 327264
341430 329965 326735
336186 330200 311312
330191 337396 323494
357152 329994 319392
359950 336076 301440
348726 336678 321359
