394 120.345
297897 266130
298645 265942
320999 248517
313365 259411
310937 315931
321734 283607
301115 329324
291559 321716
300257 302181
323575 252836
320593 319345
351632 299100
282411 304445
347737 299001
324423 298749
321026 236647
288553 286176
320277 321651
310223 260471
257099 272678
277833 267633
325389 282008
258713 274925
310984 288057
268031 271193
311435 298900
311684 293742
298761 283175
327353 325917
280391 277054
319083 256732
298853 269167
280115 284199
313069 312681
300416 309760
303850 317463
331077 255174
327270 274100
316813 286486
314999 298356
316879 310192
348262 326090
298347 337218
317215 300665
320992 298445
320513 271469
286358 278776
304185 313126
320025 280384
332445 304838
320619 268229
296036 296935
321658 248419
321062 267273
310157 293353
296393 322229
316069 306924
295106 312095
295304 280356
351209 325918
313273 311126
336678 299349
320904 293522
282155 246611
299502 253094
315963 301006
298257 290045
314338 266192
336500 302502
317771 274276
271052 313527
344251 313638
312330 283547
324687 315487
324849 318366
312344 288292
322359 295561
336602 326620
302486 267881
304936 266193
341197 335798
295442 261088
323731 282331
289084 323730
324649 326106
285636 289785
298637 286356
297681 254958
287348 267873
310166 260009
291397 262716
298915 316403
349140 288607
328957 352626
281754 262960
318741 315437
322740 278998
302071 262752
303570 255467
304890 234216
306659 248204
314190 258482
347905 318541
299708 321517
315558 251123
282123 315534
333144 314228
342570 290799
299196 299833
314316 272263
326937 313304
271915 325731
308260 279723
290024 319493
300127 299585
297245 253486
335626 283863
298667 250601
280137 269937
314348 318362
314641 272622
313272 279945
269803 255984
312890 349930
289327 277359
303480 283477
317875 306564
284271 318901
300833 273846
329155 323355
341567 304817
297305 286144
334625 321455
277638 292455
294256 292969
306418 260891
303881 286167
311483 267436
343002 313148
322987 248363
290048 278530
310351 264677
321255 283786
320992 270153
300623 281577
285189 296174
300041 318042
314663 323910
324078 286067
287081 283737
325860 306493
313720 270958
309178 259722
251765 313688
342200 274978
278011 318788
329821 260114
278762 259245
300158 323865
342526 321017
345890 319897
272723 289006
307538 278664
312505 269209
299524 290632
322455 284783
297152 314036
274592 335209
309776 290564
344627 321604
295549 297640
304011 286821
295047 323308
319602 272327
309783 282298
334488 268374
310668 254147
354023 269343
299415 270297
315502 268663
296737 282013
332801 296168
325250 258593
303711 283152
311041 320410
321221 304049
288203 290580
281353 291239
312552 290371
301625 297178
314386 247547
315872 299017
302475 310733
302718 337181
294377 290488
302791 280267
321105 255977
324920 317898
267397 268972
345124 284150
307255 305525
327185 251204
333549 268347
308490 255120
335284 255383
311517 321481
260822 331519
290380 330613
315550 265750
317682 289248
327476 271069
312470 246911
320982 278837
317065 277867
334359 332467
315396 290749
355831 288411
347636 285444
266296 281656
317413 284768
333927 346477
281228 297326
273426 261742
321566 285389
332343 248026
300074 275471
315025 330755
303325 288448
322704 288582
340534 279985
344157 320999
327149 300996
305191 257248
301486 283833
345395 289841
294496 297832
343702 249879
327154 288751
296026 300041
291693 284258
336124 314575
312092 263797
326837 296524
284049 266462
272876 254351
348600 259869
284089 308477
320023 270844
332894 309010
307989 285016
259991 311368
310001 265468
326912 242428
283399 325140
307463 259083
287778 281531
313446 332186
305114 273689
296170 290179
273082 304070
321605 249326
321209 284682
282508 295575
327999 339054
317307 269042
309634 317734
306909 256810
326402 289122
344162 280790
343325 318607
305174 253757
329473 252099
308724 315383
300483 254259
301264 279850
308003 266073
288874 294139
309083 342278
310619 271641
279413 285270
287220 257029
323327 280012
331713 333142
292157 273723
316053 332315
304525 259232
284261 312587
314752 257990
292040 268612
317499 290501
303342 278522
309589 297647
325933 273289
327909 300427
314775 318698
321626 301418
301021 291546
274773 347224
331400 288226
312237 308602
333040 268195
292313 275765
325351 345949
295426 273430
281856 300935
318749 313509
339334 269621
310970 309025
305986 297021
307368 315646
334222 311902
290258 263064
261444 297795
310536 291179
296872 312729
318262 283135
310321 291489
305404 266404
340318 274024
324551 296827
308614 312337
274484 278385
337888 287426
297969 280984
317124 341605
301402 313863
312918 253560
294140 253041
287915 235743
336139 242426
293587 308935
286795 338860
333453 334135
330684 259840
307607 307360
321288 312734
307918 263077
347838 261714
316661 244914
308741 272560
298711 282201
318145 268480
350260 295521
284270 305377
305703 277855
313651 297125
335638 309129
315717 261807
316358 330588
297113 298637
332715 322412
298929 325030
324012 250344
318392 306825
313764 241692
329291 256049
272529 308283
269469 269418
293580 263075
306754 312551
343533 234227
324046 261324
314544 310642
280047 313430
317664 260290
336664 293064
307109 318247
285832 307691
313177 313154
311841 332975
321305 289841
297599 322095
298082 306099
345356 318663
292208 323425
345246 259177
318871 274252
317417 303030
267408 280833
273189 312240
339937 253310
307610 295207
355671 330876
301845 275846
287371 319884
330650 267943
323580 322517
283607 294446
326537 333333
339398 284315
317465 255809
320267 289912
359857 300144
282440 252847
325533 312356
325602 265971
343974 284778
308455 286362
334512 302153
318548 313844
295892 316231
294451 283317
315855 276747
304865 308715
324847 256584
320725 316767
306108 275097
334150 238200
321461 267456
294947 265431
310824 324261
310405 312202
314819 306765
320323 305301
296315 284691
303607 286786
302027 336257
259453 305155
283305 311909
335244 300671
336046 310585
314851 272282
308021 292958
316431 268318
335026 310274
336570 243191
296142 262086
317872 289726
330341 283009
302625 255859
325776 303868
323700 308132
331732 318214
308957 305420
305532 326451
316225 315782
317701 289297
319573 256680
291922 297499
350757 323869
291171 271727
319347 296310
359836 259269
313044 268980
299287 277936
320727 303502
293934 295674
331194 292674
317024 283029
310323 277172
314194 255896
341237 326525
330703 240728
325844 312906
266697 300868
314445 252459
320500 263512
313196 304227
338066 271287
294277 253824
301458 299447
306887 270589
302133 305122
316506 250541
296877 286488
289322 322579
324451 260826
308278 340231
317146 252168
345730 296915
305637 314392
293603 278338
283603 308267
310797 322092
271241 282880
339677 238980
342228 283940
319874 297229
325492 292490
300592 279787
306834 289342
298382 266806
318693 268787
322629 286464
295455 274144
324208 297304
325632 277234
327153 267908
333672 242004
314856 281655
330479 328093
286212 268885
279555 304536
342622 274690
301787 311089
276592 299430
342813 296025
342846 262748
307418 251046
349418 250958
330275 314468
321340 269339
308635 281395
285817 323393
287796 259800
310593 269124
310926 288448
343916 259206
283309 256730
311576 292285
281334 289594
292738 261454
291346 283429
324644 302036
316646 298542
313483 257617
310489 333236
284470 275143
326307 323853
320919 243521
329612 256030
281477 281446
290320 316414
309028 275786
305000 246380
328033 238176
315027 268168
308788 290908
309469 285335
303421 306789
346754 314572
315090 332527
276703 328232
316546 251203
312826 313454
305646 260313
324589 274495
315267 292295
327785 267803
321990 267490
309798 324843
351687 313530
281199 286102
299274 300503
306626 268239
274723 297558
340524 260146
311677 253565
287306 274526
290424 278594
333899 321583
306227 271722
298534 274518
301358 283895
307856 299493
332304 252687
329895 311625
350253 312819
284217 323879
305788 264887
338795 297614
302448 230791
324732 313396
312811 266511
345435 319109
343792 314586
332082 274983
336439 247367
284133 319301
318300 300230
289055 310351
324700 300307
306652 287420
279701 312056
288895 295177
313744 259954
294523 257868
319378 266868
273532 328180
293633 326884
324777 299765
341023 315559
298743 330725
324833 311584
304019 327739
262653 291286
287445 317346
305412 279010
342903 254413
284030 300081
309028 273401
293196 322143
318479 245853
293626 282185
330487 304409
299625 310511
298724 322154
304732 269913
317950 286059
321332 261894
319643 334943
353275 270859
281890 300802
287191 304343
295121 274904
316694 288261
336343 288818
325563 269527
290519 297156
294495 315082
324381 278776
340262 276739
266516 301870
280658 278928
284216 303537
293473 256172
310538 314604
300105 241160
329882 291618
333930 318265
304817 331875
327364 308287
299237 301140
315774 281696
312408 267294
303257 258356
346916 307514
339829 275733
312867 259144
312896 280547
331397 337863
313486 266857
312454 265375
312501 314291
287444 296349
335290 262729
271353 314552
327631 286582
277052 280101
314118 311252
324368 326553
320187 256753
327547 279268
307306 331669
298762 335289
345550 324964
296447 280635
319244 267285
288241 309832
279826 283602
308604 321800
314428 278603
319161 333032
296555 303471
289225 297532
281450 305841
309747 319552
338939 322422
308086 259534
327968 326382
325158 257667
314018 279453
314705 276191
301939 286905
339385 296678
302429 314162
293249 324106
321267 311266
295944 323829
305856 246186
327105 268505
320349 249179
291773 288655
288723 287164
322394 280348
279144 309409
305281 258034
287671 313658
350328 294133
298088 318605
320086 253013
321745 314671
329896 259019
317245 267768
294646 306139
310520 323136
305281 333596
315421 328212
291679 250037
333695 261700
318806 262053
300093 314656
333933 269052
328863 328738
317705 257219
313573 301320
332971 303810
299433 261342
345216 328548
310102 270405
330030 274840
291382 270384
334831 260538
313733 296182
324784 314426
283970 265963
323965 282222
323033 278298
282570 280774
272393 289135
339128 260911
325746 272268
288332 283409
296723 283630
287431 248955
309845 270220
312235 253530
304061 262804
341316 279799
283283 311087
313151 329961
304331 231954
310369 247711
318970 315912
326705 257340
300953 250314
322329 286890
300297 331702
319700 308508
320024 290083
310654 247759
336093 247154
329853 339764
316435 312240
322527 246468
322857 308359
283703 260349
285265 271087
332585 245188
304143 311999
303742 252136
321525 320146
309371 271529
321713 247485
321171 313150
284975 298446
311303 291231
311934 317805
303110 271918
317231 244557
320638 340084
334115 314953
291136 300931
287867 335875
323728 302696
299675 321997
327379 279919
319835 259981
287074 280687
289840 309230
280896 316574
333668 287333
321148 302256
301583 305140
272574 308544
310875 251605
299160 280144
322401 268268
309747 305934
319037 292859
300401 286425
285491 268492
293419 277503
300578 285549
338512 269446
311513 257074
328109 269069
292450 250650
308799 286479
289231 317106
313518 307243
327866 272146
292561 281404
322637 255941
292492 323921
355754 312686
309607 277741
344872 294512
320623 282978
307001 314630
331393 326712
270120 281260
285366 272847
321610 311075
312961 264624
292853 285496
315046 333694
303250 279572
289812 254738
336304 254322
347323 309490
323782 277762
311994 271733
339083 313676
277999 333881
307663 305950
299990 287665
301762 279563
324542 318374
311184 276504
360308 317309
330703 266512
295736 323273
317822 262920
309131 290784
278646 284348
317576 267164
330380 264778
296448 280264
324310 268295
313892 312519
308529 263932
330112 261102
321190 269178
308926 272428
297014 281520
311878 303609
333728 293854
331573 273784
322787 329062
320600 275388
300033 253179
324835 247531
312988 271423
315703 292456
320711 242761
294883 300271
315252 311126
326108 331914
270786 285265
312917 268638
350410 289475
319647 251609
326075 282511
296611 307363
286373 288078
301450 309323
314950 275833
338527 256425
321200 335947
306582 316272
284835 292904
310691 280755
346906 294491
327434 294349
294779 255126
272512 295023
298094 318049
315515 296803
299763 285034
305614 309911
321094 258173
315642 257875
321138 249586
334061 284175
295298 293485
339918 260958
321867 304900
296683 318283
330644 248406
307406 255510
281375 300371
296014 272820
318138 291880
297080 314431
327151 290003
341305 278814
317220 261058
311457 250196
289542 295663
337800 314291
357862 283918
295953 294039
284500 248988
302972 256186
274647 303263
289496 289804
301436 253109
326168 287238
314117 262968
311019 277843
330128 311967
283975 315225
289242 280732
336330 311329
300917 285823
265800 275686
328186 289368
316215 293069
335734 239320
308029 331013
337064 297688
315705 314921
324087 278987
310655 305559
304463 312633
318754 263093
305267 260427
282044 296239
288795 277317
306490 267734
277013 254233
306893 272649
320289 260594
326277 287972
325650 276190
284391 314148
326801 283280
343777 242771
317672 300315
323478 298082
304882 243799
322087 274713
309407 277185
322163 254227
327650 271131
301634 316834
306234 253564
292541 305818
333787 326408
319119 293168
335249 317012
324869 282198
339214 326438
301414 320500
315513 335256
354064 286053
323652 304943
343872 325761
304020 284169
307110 312964
281260 312664
334862 281093
299210 295951
287866 278001
327357 256527
307500 298472
301561 271897
319137 322292
340844 252155
274605 302012
320288 250412
304915 277480
330002 247286
284310 299113
305043 239460
315711 246519
313179 283486
295118 279777
310265 311240
324357 341297
324900 304708
295392 278977
335211 337060
299233 252186
334499 259651
359947 273135
296213 292268
282890 279895
318138 237638
304935 281854
330314 295031
287719 304321
317699 263703
315215 253653
314282 336310
328426 331071
330536 297031
290420 244782
289151 281017
329841 325474
330860 290038
315350 322035
323489 273414
296877 275378
283771 326154
332060 277500
302282 304060
334542 245575
292147 280684
319335 247497
324948 278544
320286 276831
333769 253188
289217 270600
303932 266441
299427 268406
277175 298864
354614 300361
306922 281917
