13706 3307.15
134918 42803
131355 42834
127827 42972
127532 43058
109434 43118
109434 43118
105274 43169
104386 43198
102966 43301
101795 43347
100368 43382
99617 43456
98729 43485
98319 43553
97866 43607
97568 43627
96911 43696
96023 43725
95272 43799
95160 43847
94862 43867
94409 43921
93999 43989
93892 44032
93892 44032
93857 44137
93732 44179
92924 44239
92817 44282
92173 44313
92061 44361
91763 44381
91310 44435
90900 44503
90793 44546
90793 44546
90682 44641
90559 44672
90272 44709
89808 44746
89355 44800
89248 44843
88945 44868
88838 44911
88838 44911
88727 45006
88317 45074
88210 45117
88085 45127
87978 45170
87867 45265
87867 45265
87457 45333
87350 45376
87319 45418
87315 45481
87315 45481
87101 45556
86890 45618
86691 45624
86691 45624
86656 45729
86553 45774
86446 45817
86445 45890
86396 45939
86396 45939
86185 46001
86154 46071
85851 46096
85744 46139
85744 46139
85475 46245
85368 46288
85065 46313
84958 46356
84890 46390
84783 46433
84783 46433
84672 46528
84330 46562
84262 46596
84155 46639
84155 46639
84155 46639
83972 46766
83669 46791
83562 46834
83494 46868
83387 46911
83344 46972
83041 46997
82934 47040
82866 47074
82759 47117
82759 47117
82759 47117
82724 47222
82682 47294
82610 47327
82336 47380
82229 47423
82161 47457
82054 47500
82054 47500
82054 47500
82019 47605
82012 47667
81905 47710
81837 47744
81730 47787
81730 47787
81695 47892
81647 47932
81249 47972
81589 48001
81589 48001
81506 48146
81249 47972
81506 48146
81249 47972
81309 48308
81241 48342
81134 48385
80953 48438
80953 48438
80953 48438
80953 48438
80917 48629
80810 48672
80810 48672
80629 48725
80629 48725
80727 48817
80669 48886
80669 48886
80669 48886
80586 49031
80518 49093
80411 49136
80109 49121
80109 49121
79934 49198
79631 49223
79524 49266
79524 49266
79524 49266
79124 49344
78713 49371
78713 49371
78714 49412
78646 49446
78539 49489
78539 49489
78539 49489
78145 49650
78145 49650
78077 49684
77735 49718
77735 49718
77667 49752
77560 49795
77560 49795
77560 49795
77560 49795
77526 49966
77419 50009
77338 50054
77338 50054
77161 50129
76962 50135
76855 50178
76855 50178
76855 50178
76855 50178
76821 50349
76714 50392
76714 50392
76714 50392
76714 50392
76714 50392
76599 50608
76492 50651
76492 50651
76492 50651
76492 50651
76492 50651
76416 50878
76124 50952
76124 50952
76124 50952
76124 50952
76124 50952
76124 50952
76124 50952
76124 50952
76124 50952
75750 51354
75750 51354
75750 51354
75750 51354
75750 51354
75667 51506
75560 51549
75560 51549
75560 51549
75560 51549
75477 51722
75302 51799
75302 51799
75302 51799
75302 51799
75302 51799
75161 52013
75161 52013
75161 52013
75161 52013
75161 52013
75150 52232
75043 52275
75043 52275
75043 52275
75043 52275
74935 52480
74889 52534
74889 52534
74889 52534
74794 52694
74794 52694
74794 52694
74771 52796
74734 52880
74734 52880
74676 52956
74676 52956
74676 52956
74593 53094
74593 53094
74522 53215
74522 53215
74522 53215
74475 53356
74462 53401
74404 53477
74404 53477
74404 53477
74321 53615
74321 53615
74321 53615
74321 53615
74321 53615
74145 53861
74145 53861
73970 53938
73970 53938
73970 53938
73970 53938
73970 53938
73829 54152
73829 54152
73829 54152
73829 54152
73768 54361
73768 54361
73768 54361
73768 54361
73764 54589
73764 54589
73764 54589
73673 54760
73566 54803
73566 54803
73566 54803
73566 54803
73566 54803
73562 55031
73562 55031
73471 55153
73471 55153
73471 55153
73471 55153
73471 55153
73406 55480
73406 55480
73406 55480
73406 55590
73406 55590
73291 55758
73291 55758
73291 55758
73291 55758
73257 55929
73150 55972
73150 55972
73150 55972
73150 55972
73032 56234
73032 56234
73032 56234
73032 56234
73032 56234
72989 56459
72882 56502
72882 56502
72882 56502
72848 56673
72741 56716
72741 56716
72741 56716
72741 56716
72730 56935
72623 56978
72623 56978
72623 56978
72623 56978
72623 56978
72455 57314
72455 57314
72455 57314
72455 57314
72455 57314
72455 57314
72455 57314
72455 57314
72285 57741
72285 57741
72285 57741
72285 57741
72144 57955
72018 57967
71965 57981
71965 57981
71902 58074
71647 58090
71647 58090
71594 58104
71376 58148
71376 58148
71323 58162
71260 58255
71207 58269
71207 58269
71117 58379
71064 58393
70989 58436
70846 58437
70749 58452
70626 58482
70626 58482
70590 58534
70344 58619
70344 58619
70344 58619
70073 58677
70073 58677
70073 58677
70073 58677
69957 58784
69926 58834
69872 58846
69717 58923
69717 58923
69501 58969
69501 58969
69501 58969
69230 59027
69230 59027
69230 59027
69199 59077
69114 59134
69083 59184
68967 59257
68967 59257
68751 59303
68751 59303
68651 59335
68651 59335
68480 59361
68480 59361
68449 59411
68364 59468
68333 59518
68024 59581
68024 59581
68024 59581
68024 59581
67860 59609
67860 59609
67829 59659
67829 59659
67363 59809
67363 59809
67363 59809
67363 59809
67363 59809
67363 59809
67289 59904
67258 59954
67258 59954
67098 60067
66719 60075
66719 60075
66719 60075
66719 60075
66719 60075
66503 60121
66503 60121
66472 60171
66472 60171
66292 60258
66292 60258
66261 60308
66261 60308
65969 60409
65969 60409
65969 60409
65924 60429
65753 60455
65753 60455
65722 60505
65713 60566
65542 60592
65542 60592
65511 60642
65511 60642
65503 60728
65472 60778
65472 60778
65472 60778
65356 61004
65311 61024
65140 61050
65140 61050
65140 61050
65109 61100
65101 61186
64893 61260
64893 61260
64893 61260
64862 61310
64854 61396
64823 61446
64823 61446
64823 61446
64823 61446
64673 61734
64673 61734
64642 61784
64642 61784
64598 61847
64525 61957
64525 61957
64363 62024
64363 62024
64332 62074
64191 62086
64191 62086
64160 62136
63848 62181
63848 62181
63848 62181
63848 62181
63817 62231
63817 62231
63452 62356
63452 62356
63452 62356
63452 62356
63452 62356
63421 62406
63421 62406
63116 62600
63116 62600
63116 62600
63116 62600
63116 62600
62702 62690
62702 62690
62702 62690
62702 62690
62702 62690
62671 62740
62671 62740
62443 62865
62443 62865
62443 62865
62443 62865
62412 62915
62312 63026
62312 63026
62118 63045
62118 63045
62118 63045
62087 63095
61704 63135
61704 63135
61704 63135
61704 63135
61704 63135
61673 63185
61673 63185
61613 63359
61368 63379
61368 63379
61368 63379
61368 63379
61337 63429
61199 63449
61199 63449
60954 63469
60954 63469
60954 63469
60923 63519
60889 63562
60858 63612
60827 63662
60759 63741
60759 63741
60728 63791
60590 63811
60590 63811
60345 63831
60345 63831
60345 63831
60314 63881
60283 63931
60283 63931
60244 64067
60080 64093
60080 64093
60080 64093
60049 64143
59666 64183
59666 64183
59666 64183
59666 64183
59666 64183
59635 64233
59604 64283
59604 64283
59596 64369
59565 64419
59468 64550
59468 64550
59281 64583
59281 64583
59281 64583
59250 64633
59219 64683
59219 64683
59180 64819
59180 64819
59083 64950
59083 64950
59052 65000
59021 65050
59021 65050
58982 65186
58982 65186
58982 65186
58930 65413
58899 65463
58859 65516
58828 65566
58828 65566
58789 65702
58763 65730
58576 65763
58576 65763
58576 65763
58545 65813
58514 65863
58514 65863
58475 65999
58475 65999
58378 66130
58378 66130
58347 66180
58316 66230
58308 66316
58277 66366
58277 66366
58277 66366
58236 66672
58236 66672
58197 66808
58197 66808
58155 66938
58124 66988
58093 67038
58093 67038
58034 67161
58003 67211
57995 67297
57957 67305
57926 67355
57895 67405
57865 67525
57834 67575
57803 67625
57803 67625
57764 67761
57764 67761
57667 67892
57667 67892
57605 67992
57605 67992
57566 68128
57566 68128
57566 68128
57556 68384
57525 68434
57517 68520
57486 68570
57444 68700
57413 68750
57382 68800
57374 68886
57343 68936
57343 68936
57246 69067
57215 69117
57184 69167
57184 69167
57145 69303
57145 69303
57118 69457
57118 69457
57104 69609
57080 69739
57046 69850
57038 69899
56767 69938
56767 69938
56767 69938
56767 69938
56736 69988
56692 70018
56661 70068
56661 70068
56649 70269
56574 70349
56543 70399
56543 70399
56543 70399
56512 70675
56512 70675
56385 70848
56385 70848
55903 70885
55903 70885
55903 70885
55903 70885
55903 70885
55903 70885
55903 70885
55903 70885
55828 70965
55828 70965
55828 70965
55785 71216
55754 71266
55710 71296
55679 71346
55679 71346
55679 71346
55648 71622
55494 71768
55494 71768
55494 71768
55419 71848
55419 71848
55419 71848
55376 72099
55376 72099
55301 72179
55301 72179
55250 72305
55079 72331
55079 72331
55079 72331
54895 72397
54895 72397
54895 72397
54895 72397
54695 72543
54695 72543
54695 72543
54593 72546
54593 72546
54524 72569
54422 72572
54422 72572
54391 72622
54340 72635
54277 72702
54156 72710
54156 72710
54129 72724
53958 72750
53958 72750
53958 72750
53867 72810
53774 72816
53774 72816
53743 72866
53683 72876
53660 72934
53601 72948
53544 72971
53417 73014
53417 73014
53360 73037
53360 73037
53337 73095
53272 73144
53215 73167
53192 73225
53128 73255
53097 73305
53046 73327
52989 73350
52862 73393
52862 73393
52805 73416
52805 73416
52774 73466
52717 73523
52660 73546
52629 73596
52477 73706
52477 73706
52477 73706
52446 73756
52423 73814
52259 73851
52259 73851
52259 73851
52228 73901
52114 73981
52114 73981
52083 74031
51922 74085
51922 74085
51922 74085
51891 74135
51777 74215
51777 74215
51777 74215
51746 74265
51690 74433
51659 74483
51562 74490
51562 74490
51531 74540
51417 74620
51417 74620
51409 74658
51353 74667
51225 74724
51225 74724
51225 74724
51177 74847
51080 74854
51080 74854
51049 74904
50989 74987
50958 75037
50958 75037
50940 75318
50909 75368
50749 75373
50749 75373
50749 75373
50621 75430
50621 75430
50565 75439
50565 75439
50437 75496
50437 75496
50420 75569
50292 75626
50292 75626
50292 75626
50234 75723
50234 75723
50056 75850
50056 75850
50056 75850
50025 75900
49928 75907
49928 75907
49897 75957
49783 76037
49783 76037
49752 76087
49692 76170
49692 76170
49661 76220
49641 76408
49550 76430
49550 76430
49496 76538
49452 76556
49421 76606
49324 76613
49324 76613
49268 76622
49140 76679
49140 76679
49140 76679
49092 76802
48995 76809
48995 76809
48964 76859
48964 76859
48915 77190
48903 77221
48698 77344
48698 77344
48698 77344
48698 77344
48608 77399
48608 77399
48514 77410
48514 77410
48424 77465
48424 77465
48369 77540
48279 77595
48279 77595
48279 77595
48216 77864
48216 77864
48185 77914
48106 78069
48106 78069
48016 78124
48016 78124
47961 78199
47871 78254
47871 78254
47871 78254
47836 78509
47822 78585
47726 78830
47726 78830
47695 78880
47542 78896
47542 78896
47542 78896
47511 78946
47472 79082
47462 79277
47417 79293
47361 79302
47330 79352
47233 79359
47233 79359
47202 79409
47088 79489
47088 79489
47057 79539
47018 79675
47018 79675
46924 79951
46924 79951
46893 80001
46854 80137
46832 80363
46801 80413
46638 80544
46638 80544
46638 80544
46607 80594
46599 80680
46568 80730
46381 80852
46381 80852
46381 80852
46350 80902
46350 80902
46301 81249
46270 81299
46075 81302
46075 81302
46075 81302
46075 81302
45942 81326
45942 81326
45942 81326
45797 81456
45797 81456
45797 81456
45641 81460
45641 81460
45641 81460
45551 81515
45551 81515
45520 81565
45504 81762
45414 81817
45414 81817
45383 81867
45335 81910
45245 81965
45245 81965
45190 82040
45159 82090
45100 82095
45069 82145
45030 82281
45023 82514
44962 82778
44931 82828
44892 82964
44844 83056
44813 83106
44754 83111
44723 83161
44684 83297
44654 83447
44609 83456
44591 83737
44560 83787
44516 84130
44471 84139
44418 84170
44328 84225
44328 84225
44297 84275
44253 84384
44222 84434
44183 84570
44134 84901
44115 85067
44084 85117
43997 85345
43952 85391
43907 85400
43876 85450
43837 85586
43827 85781
43788 85917
43738 86133
43699 86269
43423 86329
43423 86329
43423 86329
43423 86329
43423 86329
43423 86329
43333 86384
43333 86384
43294 86520
43266 86682
43051 87173
43051 87173
43051 87173
43051 87173
42961 87228
42961 87228
42933 87390
42894 87526
42845 87857
42827 88377
42788 88513
42704 88573
42665 88709
42655 88904
42616 89040
42559 89696
42510 90027
42510 90027
42389 91230
42389 91230
42350 91366
42301 91697
42301 91697
42294 95094
42205 95721
42205 95721
42125 96163
42050 96771
42050 96771
41970 97213
41931 97349
41882 97680
41828 98163
41748 98605
41722 99150
41642 99592
41621 100427
41567 100672
41518 101003
41461 101659
41378 102825
41329 103156
41276 104294
41227 104625
