5807 1142.19
98031 42568
95247 42577
95247 42577
93473 42690
93098 42726
93098 42726
91324 42839
91324 42839
91249 42909
90983 42969
91249 42909
90863 43029
90788 43099
90788 43099
90788 43099
90788 43099
90788 43099
90750 43315
90750 43315
90750 43315
89174 43446
89174 43446
88451 43521
88451 43521
87025 43595
87025 43595
87025 43595
86719 43679
86719 43679
86719 43679
86379 43781
86379 43781
86379 43781
86379 43781
86379 43781
86284 43993
86284 43993
85371 44091
85371 44091
85371 44091
85031 44193
85031 44193
84142 44261
84142 44261
83867 44295
83867 44295
83792 44365
83527 44397
83527 44397
83452 44467
83452 44467
83124 44556
83124 44556
83049 44626
83049 44626
83049 44626
82719 44743
82519 44707
82444 44777
82179 44809
82179 44809
82061 44891
82061 44891
81996 44959
81721 44993
81721 44993
81658 45050
81658 45050
81658 45050
81318 45152
81318 45152
81318 45152
80634 45266
80634 45266
80392 45269
80392 45269
80392 45269
80052 45371
80052 45371
79989 45428
79832 45477
79832 45477
79649 45530
79649 45530
79649 45530
79429 45636
79044 45681
79044 45681
79044 45681
79044 45681
78704 45783
78704 45783
78704 45783
78704 45783
78484 45889
78484 45889
77973 45962
77973 45962
77698 45996
77698 45996
77698 45996
76109 46059
76109 46059
76109 46059
76109 46059
76109 46059
76109 46059
76109 46059
75769 46161
75769 46161
75769 46161
75769 46161
75769 46161
75124 46296
75124 46296
75124 46296
74849 46330
74849 46330
74849 46330
74784 46398
74509 46432
74509 46432
74509 46432
74446 46489
74446 46489
74446 46489
74106 46591
74106 46591
74106 46591
74106 46591
73776 46708
73776 46708
73776 46708
73501 46742
73501 46742
73501 46742
73436 46810
73161 46844
73161 46844
73161 46844
73161 46844
72941 46950
72941 46950
72758 47003
72758 47003
72758 47003
72758 47003
72538 47109
72381 47110
72381 47110
72381 47110
72381 47110
72041 47212
72041 47212
72041 47212
71766 47246
71766 47246
71766 47246
71663 47311
71663 47311
71598 47379
71323 47413
71323 47413
71323 47413
71323 47413
71323 47413
71103 47519
71103 47519
71103 47519
70920 47572
70862 47596
70862 47596
70862 47596
70700 47678
70522 47698
70522 47698
70522 47698
70459 47755
70459 47755
70302 47804
70302 47804
70119 47857
70119 47857
70119 47857
70119 47857
69899 47963
69899 47963
69899 47963
69899 47963
69899 47963
69899 47963
69848 48120
69848 48120
69848 48120
69848 48120
69848 48120
69848 48120
69848 48120
69848 48120
69740 48384
69740 48384
69740 48384
69686 48477
69520 48490
69520 48490
69520 48490
69520 48490
69520 48490
69520 48490
69300 48675
69300 48675
69300 48675
69300 48675
69170 48755
69170 48755
69170 48755
69170 48755
68988 48879
68988 48879
68988 48879
68988 48879
68768 48985
68768 48985
68768 48985
68585 49038
68585 49038
68585 49038
68585 49038
68585 49038
68365 49144
68365 49144
68365 49144
68365 49144
68365 49144
68365 49144
68365 49144
68365 49144
68365 49144
68365 49144
68365 49144
68365 49144
68247 49556
68247 49556
68247 49556
68247 49556
68225 49673
67865 49702
67865 49702
67865 49702
67865 49702
67865 49702
67865 49702
67865 49702
67722 49833
67722 49833
67722 49833
67722 49833
67722 49833
67722 49833
67534 50031
67534 50031
67534 50031
67534 50031
67406 50114
67406 50114
67406 50114
67372 50173
67372 50173
67372 50173
67156 50297
67156 50297
67156 50297
67156 50297
67156 50297
66881 50391
66881 50391
66881 50391
66881 50391
66881 50391
66881 50391
66881 50391
66631 50574
66631 50574
66631 50574
66631 50574
66631 50574
66631 50574
66631 50574
66553 50761
66553 50761
66553 50761
66553 50761
66553 50761
66553 50761
66303 50944
66303 50944
66303 50944
66303 50944
66303 50944
66303 50944
66303 50944
66303 50944
66303 50944
66303 50944
66303 50944
66141 51287
66141 51287
66141 51287
66141 51287
66141 51287
66063 51429
66063 51429
66063 51429
65843 51535
65843 51535
65843 51535
65843 51535
65843 51535
65843 51535
65843 51535
65843 51535
65703 51766
65703 51766
65703 51766
65703 51766
65483 51872
65483 51872
65483 51872
65483 51872
65483 51872
65483 51872
65483 51872
65369 52063
65369 52063
65369 52063
65369 52063
65369 52063
65369 52063
65155 52242
65155 52242
65155 52242
65155 52242
65155 52242
65155 52242
65155 52242
65041 52433
65041 52433
65041 52433
65041 52433
64993 52585
64993 52585
64902 52640
64902 52640
64902 52640
64902 52640
64879 52776
64879 52776
64788 52831
64788 52831
64788 52831
64788 52831
64740 52983
64726 52994
64726 52994
64726 52994
64726 52994
64626 53174
64626 53174
64626 53174
64626 53174
64626 53174
64564 53337
64564 53337
64564 53337
64564 53337
64564 53337
64450 53528
64450 53528
64450 53528
64450 53528
64450 53528
64450 53528
64450 53528
64398 53777
64398 53777
64398 53777
64393 53877
64389 53918
64389 53918
64177 54018
64177 54018
64177 54018
64177 54018
64146 54112
64146 54112
64146 54112
64146 54112
63978 54263
63978 54263
63978 54263
63978 54263
63978 54263
63978 54263
63865 54460
63865 54460
63865 54460
63838 54494
63838 54494
63618 54600
63618 54600
63618 54600
63618 54600
63618 54600
63618 54600
63618 54600
63618 54600
63537 54830
63537 54830
63537 54830
63537 54830
63290 54970
63290 54970
63290 54970
63290 54970
63290 54970
63290 54970
63290 54970
63290 54970
63290 54970
63290 54970
63128 55313
63128 55313
63128 55313
63037 55368
63037 55368
63037 55368
63037 55368
63037 55368
63037 55368
63037 55368
62985 55617
62832 55661
62832 55661
62832 55661
62558 55708
62558 55708
62558 55708
62558 55708
62558 55708
62558 55708
62558 55708
62558 55708
62558 55708
62558 55708
62558 55708
62396 56051
62396 56051
62396 56051
62396 56051
62336 56170
62336 56170
62336 56170
62336 56170
62336 56170
62336 56170
62143 56449
62143 56449
62143 56449
62143 56449
62143 56449
62083 56568
61976 56507
62083 56568
62017 56654
62017 56654
62017 56654
61976 56507
62017 56654
61877 56885
61877 56885
61723 56905
61723 56905
61723 56905
61723 56905
61657 56991
61657 56991
61657 56991
61657 56991
61657 56991
61591 57180
61591 57180
61591 57180
61495 57334
61495 57334
61495 57334
61404 57389
61404 57389
61404 57389
61404 57389
61404 57389
61338 57578
61338 57578
61265 57626
61265 57626
61265 57626
61242 57732
61242 57732
61229 57876
61176 57921
61176 57921
61176 57921
61176 57921
61090 58113
61090 58113
61090 58113
61067 58219
61067 58219
61067 58219
60936 58342
60936 58342
60936 58342
60936 58342
60913 58448
60913 58448
60913 58448
60913 58448
60774 58685
60774 58685
60774 58685
60774 58685
60751 58791
60751 58791
60751 58791
60751 58791
60610 59065
60610 59065
60610 59065
60610 59065
60610 59065
60436 59198
60436 59198
60436 59198
60411 59223
60411 59223
60411 59223
60237 59356
60237 59356
60237 59356
60237 59356
60097 59440
60097 59440
59907 59444
59907 59444
59907 59444
59907 59444
59907 59444
59907 59444
59907 59444
59861 59630
59606 59639
59606 59639
59606 59639
59606 59639
59606 59639
59606 59639
59606 59639
59560 59825
59478 59872
59478 59872
59478 59872
59218 59948
59218 59948
59218 59948
59218 59948
59218 59948
59028 59952
59028 59952
59028 59952
59028 59952
59028 59952
59028 59952
58727 60147
58727 60147
58727 60147
58727 60147
58727 60147
58727 60147
58727 60147
58727 60147
58727 60147
58681 60333
58681 60333
58681 60333
58565 60490
58565 60490
58522 60497
58522 60497
58522 60497
58348 60630
58348 60630
58348 60630
58348 60630
58348 60630
58124 60778
58124 60778
58124 60778
58124 60778
58124 60778
58109 60783
58109 60783
58109 60783
57887 61016
57887 61016
57887 61016
57887 61016
57887 61016
57872 61021
57872 61021
57796 61148
57781 61153
57497 61156
57497 61156
57497 61156
57497 61156
57497 61156
57497 61156
57482 61161
57474 61262
57459 61267
57260 61394
57260 61394
57260 61394
57260 61394
57260 61394
57245 61399
57154 61531
57154 61531
57154 61531
57154 61531
57154 61531
57058 61743
57073 61738
56932 61764
56932 61764
56932 61764
56917 61769
56917 61769
56894 61875
56894 61875
56894 61875
56770 62107
56770 62107
56770 62107
56755 62112
56732 62218
56732 62218
56548 62342
56548 62342
56548 62342
56548 62342
56533 62347
56533 62347
56510 62453
56510 62453
56311 62580
56311 62580
56311 62580
56311 62580
56296 62585
56296 62585
56273 62691
56220 62712
56220 62712
56182 62823
56182 62823
56134 62928
55983 62950
55983 62950
55983 62950
55968 62955
55968 62955
55945 63061
55945 63061
55800 63243
55800 63243
55800 63243
55800 63243
55785 63248
55762 63354
55709 63375
55694 63380
55694 63380
55671 63486
55472 63613
55472 63613
55472 63613
55472 63613
55472 63613
55457 63618
55449 63719
55434 63724
55434 63724
55310 63956
55310 63956
55310 63956
55285 63957
55270 63962
55247 64068
55247 64068
55247 64068
55218 64283
55123 64300
55123 64300
55108 64305
55085 64411
55085 64411
55085 64411
55085 64411
55085 64411
54840 64894
54840 64894
54840 64894
54840 64894
54840 64894
54840 64894
54840 64894
54817 65000
54817 65000
54678 65237
54678 65237
54678 65237
54678 65237
54512 65264
54512 65264
54512 65264
54512 65264
54512 65264
54489 65370
54489 65370
54350 65607
54350 65607
54350 65607
54350 65607
54325 65608
54302 65714
54289 65795
54289 65795
54163 65951
54163 65951
54163 65951
54163 65951
54140 66057
54127 66138
53985 66291
53985 66291
54010 66290
53985 66291
53985 66291
53962 66397
53949 66478
53926 66584
53823 66634
53823 66634
53823 66634
53800 66740
53787 66821
53764 66927
53764 66927
53764 66927
53764 66927
53683 67399
53683 67399
53683 67399
53660 67505
53660 67505
53660 67505
53647 67791
53624 67897
53624 67897
53624 67897
53583 68263
53543 68393
53543 68393
53520 68499
53520 68499
53520 68499
53520 68499
53427 68997
53427 68997
53427 68997
53404 69103
53380 69264
53380 69264
53380 69264
53367 69550
53344 69656
53301 69849
53301 69849
53278 69955
53278 69955
53227 70315
53227 70315
53204 70421
53204 70421
53204 70421
53204 70421
53204 70421
53204 70421
53204 70421
53204 70421
53077 71697
53077 71697
53077 71697
53075 71785
53058 71874
52991 72049
52991 72049
52842 72238
52842 72238
52842 72238
52842 72238
52754 72287
52754 72287
52754 72287
52706 72367
52501 72417
52501 72417
52501 72417
52501 72417
52501 72417
52469 72605
52264 72655
52264 72655
52264 72655
52264 72655
52264 72655
52262 72743
52262 72743
51961 73032
51961 73032
51961 73032
51961 73032
51961 73032
51961 73032
51961 73032
51959 73120
51724 73270
51724 73270
51724 73270
51724 73270
51724 73270
51724 73270
51670 73508
51670 73508
51433 73746
51433 73746
51433 73746
51433 73746
51433 73746
51433 73746
51431 73834
51431 73834
51381 74158
51379 74246
51216 74409
51216 74409
51216 74409
51216 74409
51214 74497
51214 74497
51162 74909
51135 75037
51054 75246
51054 75246
51054 75246
51015 75319
50954 75422
50954 75422
50901 75469
50775 75710
50828 75663
50775 75710
50775 75710
50517 75777
50517 75777
50517 75777
50517 75777
50517 75777
50517 75777
50517 75777
50404 76076
50404 76076
50201 76154
50201 76154
50201 76154
50201 76154
50201 76154
50201 76154
50167 76314
50136 76381
50014 76498
50014 76498
50014 76498
49899 76619
49899 76619
49899 76619
49758 76645
49758 76645
49758 76645
49758 76645
49686 76868
48906 76417
49571 76989
49571 76989
49571 76989
49571 76989
48906 76417
48906 76417
48791 76538
49376 77461
48906 76417
49307 77593
48906 76417
48906 76417
48906 76417
48791 76538
48906 76417
48791 76538
48791 76538
48913 77757
48906 76417
48906 76417
48911 77845
48791 76538
48798 77878
48791 76538
48718 78511
48737 78491
48718 78511
48622 78612
48622 78612
48622 78612
48465 79098
48465 79098
48465 79098
48465 79098
48350 79219
48350 79219
48350 79219
48194 79983
48194 79983
48194 79983
48194 79983
48194 79983
47922 80590
47922 80590
47922 80590
47922 80590
47922 80590
47922 80590
47922 80590
47744 80941
47744 80941
47744 80941
47744 80941
47677 81241
47677 81241
47472 81548
47472 81548
47472 81548
47472 81548
47472 81548
47470 81636
47437 82050
47346 82400
47346 82400
47309 82839
47213 83432
47213 83432
47213 83432
47046 83641
47046 83641
47046 83641
47046 83641
46949 84688
46949 84688
46897 85100
46895 85188
46787 85525
46787 85525
46735 85891
46733 85979
46643 87153
46643 87153
46591 87519
46539 88456
46487 88822
46383 91148
46383 91148
46374 92422
