27081 609.94
238984 169307 165001
230610 180809 160812
217378 152494 198247
206774 156303 205836
198081 198467 171600
187862 176481 205140
237394 172058 163398
233044 176594 161089
201622 156662 192838
199751 160931 188124
195695 195153 173772
211277 154048 202488
194534 189867 179011
208134 156509 199844
195061 191316 175296
193633 190957 179937
199471 157650 194645
198932 198074 172419
208785 155008 186041
201312 180034 173601
189167 159636 197225
189167 159636 197225
189102 174330 203260
206852 193896 170683
222231 163754 170140
210154 187414 169749
198827 186874 174004
223573 153232 191671
199471 157650 194645
206774 156303 205836
198572 190259 173282
232462 175824 161134
217378 152494 198247
202814 167924 182734
227303 161570 175692
190772 163034 188733
205254 168756 181325
215699 175051 166730
191394 165276 184007
192308 183562 180314
218199 166104 168813
205310 159376 186902
201978 169439 180376
209540 167977 174151
223224 184456 162641
189102 174330 203260
203016 185230 171620
190772 163034 188733
219212 154852 197696
226731 179184 161658
224663 182638 162650
195695 195153 173772
238984 169307 165001
197423 180824 178659
206964 165116 176718
210927 168595 172607
192308 183562 180314
187862 176481 205140
205997 158091 188467
225521 177785 162500
230268 160612 178333
230848 176446 162107
208161 157393 189806
208690 173339 172059
231523 170362 164202
223573 153232 191671
229738 177614 162013
209140 167008 176685
196798 182197 176144
215727 184904 166010
214411 154211 199774
231522 175561 162400
201394 158573 190931
228028 166746 167078
229265 185181 161584
203893 161688 185696
216094 171332 164397
203160 171665 174903
205310 159376 186902
226731 179184 161658
201394 158573 190931
215136 169322 168170
228109 172468 162912
216373 158007 183169
208161 157393 189806
204348 169556 177654
224245 170498 164597
232822 180290 161039
204526 162490 181893
196798 182197 176144
206852 193896 170683
207760 168680 172280
197540 164699 185215
206141 170807 175443
211784 162639 177860
204165 177238 170871
212453 174567 169334
226123 165853 169106
221611 169935 165808
216590 169112 169589
221828 174435 163619
212064 167677 173401
213583 169801 167736
225952 167285 165567
214343 167298 170452
219900 168762 167510
214411 154211 199774
198081 198467 171600
203682 169618 179797
213259 173256 169376
221295 166558 167350
220721 170749 167305
220771 164433 169285
224884 169356 164642
197540 164699 185215
210578 165727 176034
217834 181499 163998
211334 162712 179349
230217 162120 173884
217834 181499 163998
195061 191316 175296
194534 189867 179011
209699 162430 180118
221095 166045 168138
222916 172580 162713
215842 165549 171160
213252 162217 183655
210375 164496 179409
228522 165112 168606
208416 171701 172094
191394 165276 184007
212945 169578 171074
198932 198074 172419
217613 170751 165261
210154 187414 169749
211277 154048 202488
228748 161651 175539
219724 165444 169882
228573 164992 166734
213933 169056 170032
201828 165459 183494
219329 167772 168721
203237 168836 179907
210999 177293 169664
213744 162550 171667
225521 177785 162500
219212 154852 197696
213863 160649 178397
204526 162490 181893
222916 172580 162713
241240 170565 190310
230383 176938 172174
218158 179595 191398
206879 183587 188018
234559 176566 186362
218893 175169 187953
228312 176528 187695
237955 178407 176458
235182 176434 195750
230746 183432 172539
223158 185364 190447
218552 184490 203407
237195 177056 184647
229014 182051 191203
231971 182412 180304
228474 182627 191765
220158 176461 191996
253862 181483 184175
244695 176881 194785
233931 187093 176152
224985 197451 195397
223289 182356 212683
221031 185184 203587
226295 189771 195207
226618 188012 193796
237207 182614 188043
238144 181684 180887
230865 183772 180958
233303 180930 197756
234905 179027 199723
221578 184341 196013
224345 179056 199757
234429 179093 194451
225969 184112 199631
248549 181916 199691
243724 188395 183786
233853 193357 191291
232622 179164 203927
222465 187137 198484
230668 189709 195866
238830 184284 191649
223476 184745 196657
239894 182183 186708
236970 185087 190445
243420 182007 184498
235780 186777 186945
235621 187784 188689
238863 185086 188627
233324 185030 196289
245145 190723 185755
240991 182358 209732
239124 196400 191373
224803 188131 211374
234007 183164 204209
237638 193036 192215
229327 185411 207163
238479 192659 194723
226327 196155 197641
230784 188533 198525
226706 186332 203185
242896 184039 198430
238758 189124 192278
244918 185768 188467
241101 184749 188919
240388 187149 195688
242317 187670 187341
240587 186675 201933
239895 187675 199227
226398 188721 197601
241394 182444 201949
239857 187968 202403
253795 183625 202170
242665 184974 189387
242515 202338 193241
240406 184349 210767
228097 193606 203701
231449 186701 205791
240407 198408 195722
236920 190471 200328
242441 195800 194350
229992 192984 198216
240502 187855 202874
230195 191125 201228
239178 186604 203572
228579 190360 203220
255734 193352 189399
243174 185389 207646
236747 202159 201103
233779 190655 217224
232866 196156 201227
252108 188368 191612
239834 188186 205206
246424 193865 189550
234908 187651 211266
246037 185885 194257
234636 192981 201998
243013 190411 191902
255607 188009 193814
234842 188534 208493
245370 186303 206102
233702 194204 201400
235084 187073 206770
236071 190523 206024
252697 190975 192512
251646 186436 199521
240995 187200 219869
233708 203654 215398
243187 195517 199822
235620 193105 205778
235413 189979 213858
249537 194939 193742
248972 186714 202527
241336 191082 208187
240075 191459 206434
245220 191653 197549
252470 188658 196624
246467 188199 199712
243509 187680 214942
258478 191799 194121
247634 207680 199311
244015 187599 220983
235763 193573 215316
237759 202370 210417
245071 197822 206670
241934 192184 208600
252769 187925 202915
251479 193600 205442
252379 188123 202401
249733 196901 200780
249104 196574 202450
259320 197191 203564
252743 191343 204241
247513 198609 208563
236883 195139 218825
242063 195265 211307
248323 194002 208946
260072 204753 206498
257443 194603 213930
257058 208543 205381
242178 195971 223864
239706 198222 223074
251770 201415 219075
246490 203611 220798
252263 194650 209264
261779 196638 214425
254019 195176 215740
252178 209382 220260
244960 203621 224587
270052 198003 218011
256022 210168 217699
240382 169403 164747
230610 180809 160812
217378 152494 198247
206774 156303 205836
198081 198467 171600
187862 176481 205140
233044 176594 161089
238984 169307 165001
198932 198074 172419
195695 195153 173772
195061 191316 175296
223224 184456 162641
213108 174608 170185
206852 193896 170683
199471 157650 194645
203016 185230 171620
189167 159636 197225
214656 171737 169013
228109 172468 162912
190772 163034 188733
216373 158007 183169
213994 171149 169430
208785 155008 186041
219577 171404 166375
231183 165160 167249
208161 157393 189806
206423 189429 171492
226472 170591 163595
194534 189867 179011
205476 178989 171798
217378 152494 198247
206774 156303 205836
210154 187414 169749
203893 161688 185696
208354 156386 199678
224915 171397 163259
189102 174330 203260
219212 154852 197696
189167 159636 197225
201312 180034 173601
211389 154526 200879
202578 168227 177692
189102 174330 203260
224245 170498 164597
198914 177786 178359
207795 168572 177048
215977 160875 181290
204526 162490 181893
233044 176594 161089
200279 160516 186164
207186 162296 178028
215827 171328 166991
201394 158573 190931
198532 178688 178280
211277 154048 202488
210106 154898 201002
221095 166045 168138
193633 190957 179937
217598 170495 167104
203266 158229 192772
195932 188352 175176
195695 195153 173772
199059 163925 184158
187862 176481 205140
201622 156662 192838
202423 169447 174410
206040 167007 177396
195130 159961 189075
223573 153232 191671
192308 183562 180314
195040 181108 177210
208134 156509 199844
208690 173339 172059
205310 159376 186902
191394 165276 184007
206852 193896 170683
211557 158933 182964
202582 162776 183883
195932 188352 175176
196798 182197 176144
201954 163129 179239
193007 159005 189323
198963 173710 175650
223573 153232 191671
226250 165704 167987
214854 161927 179142
228109 172468 162912
197423 180824 178659
219891 153796 189181
202279 172904 176162
238984 169307 165001
199751 160931 188124
199471 157650 194645
223797 175686 165262
221184 172587 165353
203403 174064 173145
212354 157012 185584
205310 159376 186902
222231 163754 170140
191044 159446 193725
240382 169403 164747
209645 185067 170983
220477 177051 164634
198579 158817 191033
197540 164699 185215
210154 187414 169749
199751 160931 188124
225941 163492 176566
210553 161790 180718
220318 166904 165446
194916 165935 180730
204526 162490 181893
210999 177293 169664
205997 158091 188467
198572 190259 173282
211732 170721 171318
211277 154048 202488
193633 190957 179937
199513 183508 172952
196590 182679 173345
223832 164928 169868
227385 164055 169074
209414 172557 171110
191044 159446 193725
212556 177190 170935
203106 166231 179111
223224 184456 162641
212015 164470 172705
192921 163814 185419
200279 160516 186164
196590 182679 173345
192308 183562 180314
226419 170417 164767
196798 182197 176144
220199 169860 169074
201312 180034 173601
225941 163492 176566
198081 198467 171600
209965 169605 172852
222231 163754 170140
211966 164309 177568
199633 169826 177040
201462 163396 180074
227385 164055 169074
219212 154852 197696
223797 175686 165262
197540 164699 185215
231183 165160 167249
211320 166899 172895
211049 165582 177371
242911 184193 174450
233840 167820 183294
223060 178582 211385
210129 185373 183241
223271 174701 188091
232206 173920 180158
224941 178881 182424
224379 182691 181580
224583 170301 182551
239623 182812 181099
235636 173529 182957
218120 195975 201199
213738 204704 199114
224513 178959 195047
227698 179782 188384
219676 189521 185580
227911 176741 184905
220728 186494 199020
227737 176261 197579
243206 179332 187292
240938 174231 192896
238507 186958 183324
234095 176984 203409
223646 206241 193557
228374 187589 191073
236123 182432 185644
232584 177436 198810
238046 175466 189727
225772 183505 197569
225057 185027 195727
231497 183893 186329
239150 186883 183928
227972 177558 194785
238681 178820 188163
233801 187234 185834
248627 192470 185448
238928 195072 185500
238094 179415 202926
229957 180048 214080
226574 187477 198201
233330 181084 204910
231265 189770 192336
242757 193545 189264
247350 179699 197032
227645 184451 199006
243931 190524 186409
237326 193860 187745
236039 184837 190384
228609 190725 191341
235404 182068 204228
243840 191553 190147
238358 181178 195460
235272 187782 195599
234468 183003 198847
238831 181057 195671
235753 183818 195477
238304 183235 190639
266356 180935 209370
240869 179597 213266
240210 187582 190895
236358 183813 220510
228326 205267 202560
227061 195555 212574
257126 184949 192563
228479 199990 211461
245745 183208 199613
235295 187132 208205
244508 182812 203422
228901 192042 199243
238130 189692 194874
233470 191297 196846
239317 183384 204351
238726 194271 193754
232294 191590 193785
240155 185996 190907
228496 187369 199644
237689 190375 198742
238672 183493 210561
238032 190301 197608
239268 183648 198437
257398 183814 218272
245046 188276 191599
231093 194457 200127
230154 188277 219728
229387 193048 203152
241823 187461 195268
244521 184648 202236
234705 187985 210554
229792 190008 207148
238125 192945 198025
235554 189577 206528
236475 193358 197957
234064 189801 200337
239605 189677 200773
241621 189606 199525
234628 189709 201289
263961 194787 195326
263428 206464 196336
257550 187225 219133
236935 189621 221208
229504 196581 204192
231844 193077 212491
233487 198859 201927
245113 190103 216682
253415 188031 198115
248400 190323 196787
234722 191037 201420
247331 189605 198338
236704 194864 200455
232085 192920 219758
233300 195706 203802
247338 197301 196541
262459 193885 196805
255571 205694 197581
248413 190021 200813
242407 191645 219889
229752 204833 207948
249630 201105 197870
235353 195155 210545
231535 199420 204335
234643 197212 216841
238069 196079 201450
243873 192936 206391
233482 197501 207092
244182 197015 200559
248759 194975 199079
260906 198728 199698
247510 195165 206932
243142 210739 202006
233138 205589 211674
249300 199940 205119
238825 196752 207261
234212 203086 205877
237319 207539 205586
247268 210226 204640
240754 196924 206120
240135 209448 204821
250710 200247 219985
248469 212649 203477
243591 214363 204988
239381 196877 222460
236887 209321 213091
240788 203698 207754
245382 200877 212882
240372 203443 222331
251331 201201 216142
249205 211181 212998
236906 219932 222467
243578 205788 213740
248450 204262 217452
240382 169403 164747
230610 180809 160812
217378 152494 198247
206774 156303 205836
198081 198467 171600
187862 176481 205140
233044 176594 161089
238984 169307 165001
198932 198074 172419
213108 174608 170185
195061 191316 175296
222705 173231 166288
195695 195153 173772
206852 193896 170683
226472 170591 163595
205310 159376 186902
218189 174070 168961
199471 157650 194645
217378 152494 198247
196798 182197 176144
223224 184456 162641
189167 159636 197225
198827 186874 174004
238984 169307 165001
228109 172468 162912
203016 185230 171620
191394 165276 184007
190772 163034 188733
224245 170498 164597
201312 180034 173601
221915 166870 167075
203893 161688 185696
210154 187414 169749
219577 171404 166375
214411 154211 199774
201622 156662 192838
189102 174330 203260
199751 160931 188124
189167 159636 197225
197189 194681 174788
207795 168572 177048
191044 159446 193725
194623 181117 180740
189102 174330 203260
218955 179253 168053
211389 154526 200879
197552 164301 183583
193007 159005 189323
221095 166045 168138
210999 177293 169664
196840 172397 179629
233044 176594 161089
211277 154048 202488
206423 189429 171492
220711 170887 167957
210106 154898 201002
215977 160875 181290
194456 170043 182798
226419 170417 164767
220072 171090 167349
187862 176481 205140
210969 182837 170779
192308 183562 180314
203266 158229 192772
198572 190259 173282
228109 172468 162912
231183 165160 167249
192921 163814 185419
208785 155008 186041
215067 168770 172577
200765 163217 181873
223573 153232 191671
206549 157160 191292
194534 189867 179011
206909 162128 178540
214411 154211 199774
224915 171397 163259
216373 158007 183169
197698 182301 176074
208161 157393 189806
198914 177786 178359
209199 164582 177943
201394 158573 190931
206269 161071 182338
206812 156222 192229
209612 160075 184701
198963 173710 175650
210553 161790 180718
201954 163129 179239
219891 153796 189181
204526 162490 181893
195700 162843 185131
240382 169403 164747
209414 172557 171110
193633 190957 179937
211484 178353 169169
205997 158091 188467
223573 153232 191671
202578 168227 177692
205476 178989 171798
209645 185067 170983
207236 155942 194181
200279 160516 186164
215581 169524 170447
199513 183508 172952
200034 163722 181037
206311 160365 186379
193633 190957 179937
195932 188352 175176
214689 166812 175002
212444 166544 175319
208378 178848 172027
199314 161741 184212
195954 165202 182999
224915 171397 163259
198469 194173 173608
207236 155942 194181
192308 183562 180314
207219 178181 174300
212273 158133 182407
195932 188352 175176
208596 164922 177082
211732 170721 171318
212508 170169 170620
213515 169142 173629
223224 184456 162641
211678 167775 174039
221095 166045 168138
195130 159961 189075
206530 167981 177401
216691 166943 173218
202423 169447 174410
195397 163353 186056
230610 180809 160812
200114 167308 179862
209965 169605 172852
211277 154048 202488
208161 157393 189806
209095 168336 175606
208690 173339 172059
219212 154852 197696
201394 158573 190931
206774 156303 205836
217011 167218 169152
204526 162490 181893
219212 154852 197696
231183 165160 167249
195695 195153 173772
199471 157650 194645
213668 167144 172813
213668 167144 172813
230315 172003 166796
218317 170930 180583
207729 182583 201151
208512 178991 181107
229434 172948 173832
229132 178489 175494
227531 178952 180480
246469 174307 175634
238365 184006 180732
228213 175705 200470
214461 179241 195355
222208 177476 196257
229077 181145 183512
217725 179729 186745
244769 176010 185064
235186 175120 190015
234456 175628 197626
229969 176776 181005
235626 174896 186869
229529 177143 182673
248204 178392 186926
240154 176594 212623
236667 183072 182772
218846 195062 196479
216272 185920 200874
226601 189838 189666
232179 191290 187173
236156 177292 205225
235704 181298 186261
222633 179091 203181
233507 184039 193656
222130 184204 189767
221138 179590 200889
220073 183097 196221
234693 178825 187906
233703 183755 188935
245622 180204 190545
238099 195659 183647
221040 187084 212157
216463 196274 205181
233884 195031 189694
245251 188778 188739
218885 190523 203889
226850 184538 197635
222755 184114 197775
225210 185373 194452
236494 180807 193381
234097 191333 190387
239056 186135 189094
235330 183303 191433
238603 183105 190435
217321 188200 204902
226423 186333 191015
220572 188295 197738
222396 190917 190521
226568 180666 204597
226743 180303 204749
245642 185555 193639
241220 192447 190425
240178 197574 190575
239004 181422 214320
225176 185852 198997
230345 190358 197192
235087 184493 210480
225474 196891 194970
237955 183938 207019
239894 182846 203655
245258 191843 194583
238739 184610 200244
243118 184581 195254
243772 187482 203135
242158 183810 204522
242030 203025 191835
240185 185896 219988
228819 203341 200087
226002 193775 210941
232334 187086 206628
231710 198601 198124
231833 202240 195773
229199 190776 200021
230749 188556 201795
226802 189038 203691
226450 192924 203645
229776 188932 199073
228848 187702 205563
251468 189379 202367
250763 184735 204858
234764 203484 199085
228068 195471 215340
243527 185213 206264
250088 184785 213450
230042 191119 199668
239564 187180 212413
229522 199746 210555
229938 201688 202001
237171 189739 206753
228730 200535 208979
232539 189705 208393
239060 194164 199290
238912 189465 204240
228675 190099 210782
240678 189658 199207
228214 194599 214854
231985 189490 214942
251711 189041 205240
247515 186037 208993
237922 191521 201134
232098 190409 214584
232073 200687 201153
230394 191525 211671
232067 197398 202755
235351 192040 201783
230679 192006 208539
235013 191764 202152
256262 186852 211098
252365 191184 227998
237374 201053 201572
231560 193417 213117
243344 199294 205962
251359 196322 209284
236483 192144 226209
239062 191754 214498
256029 194316 204886
235067 197671 212659
239319 192844 209670
258281 210368 202972
245593 210565 201598
239724 194330 212627
237986 217454 211496
234942 194966 213312
247364 203033 207612
241481 196981 210685
246434 200511 208249
245544 195279 211752
239173 201930 207639
261889 203445 208487
253045 210878 207642
236714 196112 225837
256940 197042 218877
243297 207980 208381
248705 197560 211752
244941 199011 225667
246654 199818 217649
241224 202523 208552
247506 201412 211630
254513 200864 214751
243981 203939 210543
254243 204439 222207
250651 220195 223082
