70 2.6528
779275 807382 799605
829852 768848 792187
817481 815580 771271
794813 826068 794751
778948 782489 786354
810976 800056 795476
842493 761971 794287
814286 789081 765035
805436 783512 799035
805420 790130 823604
793367 787143 802102
793401 801042 795693
817850 786033 788790
814763 807467 793415
789505 788490 812199
847141 783079 801963
812903 785146 804657
833965 824071 790735
783417 772410 817209
777495 778061 805176
808253 806875 821154
793283 776962 776053
817037 792653 780940
817085 784059 831947
802726 801217 827535
797094 795791 793475
813147 789518 806484
814853 796053 811702
790685 848836 797444
828288 772881 811689
857431 840020 760698
812680 800973 796371
812532 769686 819859
831219 801076 811506
819453 787966 798547
806348 771420 770566
789443 812739 804073
802726 801217 827535
789505 788490 812199
815557 784137 791403
803901 807550 793975
808393 802214 797621
830622 780488 823885
803829 812044 768421
799040 777903 787250
816818 781761 801739
810710 786837 799521
805404 802293 860190
818020 790074 804093
794449 808367 781910
807724 779571 763282
822485 805606 775180
827479 788606 770192
798511 793402 794862
778829 774996 773227
830181 793254 820708
796976 817231 785765
833191 792530 791959
784340 799347 815535
826330 774865 767219
788489 783521 773240
791769 823345 786689
796976 817231 785765
816421 750219 811467
795254 793783 789363
842493 761971 794287
798511 793402 794862
817037 792653 780940
803980 808437 773780
812013 795652 791902
810212 795154 802122
816870 783233 784315
825253 784591 784205
809339 791958 785834
794813 826068 794751
786826 777790 776934
804076 798378 792445
796679 793875 797573
802185 797292 780542
829605 780295 775732
807909 799200 773074
822439 776775 792779
778948 782489 786354
823653 809485 794781
777244 775145 779128
819560 785584 780248
799372 825337 795097
830425 777834 821427
857431 840020 760698
810031 812945 804222
814257 820172 800251
781315 796357 769056
837979 787232 797313
832952 800706 790477
786299 786487 809221
850848 813804 793762
796292 839490 796768
816655 791084 807949
841525 789075 793232
809233 803022 785915
801237 794846 776907
802085 783104 763627
847244 781069 794330
847244 781069 794330
786299 786487 809221
791810 778373 806822
805404 802293 860190
814257 820172 800251
826330 774865 767219
817672 799353 785633
790456 789478 798770
796542 789780 773563
819206 798830 787772
786382 827835 822454
829586 780428 791102
826432 775483 789678
820783 800818 806039
816225 824420 784831
786208 789456 799594
830881 825171 792202
832502 829019 791071
802085 783104 763627
805694 786914 797096
798059 799003 823595
773217 778664 772731
802277 798708 846695
792848 798669 818184
793118 798694 809201
807852 794744 772858
835036 775052 777508
800997 808926 818859
771006 779660 789489
775362 795569 827053
793367 787143 802102
795384 795498 809234
785933 750429 784082
794227 760740 801430
805834 790599 805804
778829 774996 773227
832952 800706 790477
803062 798260 791480
781448 770726 794445
790147 774344 771865
799774 808957 809728
787715 779475 775619
806958 797085 776883
816892 789014 796866
816300 776109 795590
770300 806458 777395
798244 797826 774881
786208 789456 799594
783417 772410 817209
785837 802293 793289
799286 804515 818199
811474 791714 791424
825300 785988 773020
777550 806636 778890
810710 786837 799521
797876 795841 793844
812634 789362 794191
814763 807467 793415
765595 798120 788737
830881 825171 792202
818702 784337 770379
795384 795498 809234
829605 780295 775732
836664 785414 777621
804562 790857 790708
812584 823931 775444
794734 794092 781841
793037 762513 808475
793118 798694 809201
821147 789384 810889
825850 775209 787975
819560 785584 780248
807000 814189 790955
797061 783607 779829
770300 806458 777395
822735 804881 790169
817475 778277 770415
812680 800973 796371
792095 803737 812298
802277 798708 846695
795217 828479 825804
825049 807822 782572
786382 827835 822454
795272 793943 794986
805302 777843 781866
816300 776109 795590
789934 789531 805599
828785 784170 800474
841525 789075 793232
809797 782804 796363
816892 789014 796866
818469 799524 790083
823993 779625 786391
781448 770726 794445
777495 778061 805176
809369 792399 776562
799433 830928 802892
827726 778537 816599
816870 783233 784315
814853 796053 811702
821147 789384 810889
772532 808517 794683
785255 810110 795533
797014 785680 802424
809797 782804 796363
804301 788329 820962
818702 784337 770379
772532 808517 794683
825059 782700 778177
796597 764906 782849
835248 777971 823099
830622 780488 823885
791810 778373 806822
825049 807822 782572
802576 812784 797918
858909 789433 799436
792848 798669 818184
833561 783890 824682
794408 797218 805105
815480 787792 797981
815557 784137 791403
805694 786914 797096
803753 764759 814156
786826 777790 776934
789704 778371 773890
813179 823643 821315
810212 795154 802122
802576 812784 797918
782488 791937 771862
787557 790602 794960
843812 815201 764046
807909 799200 773074
835248 777971 823099
828288 772881 811689
809384 777871 800478
806038 783583 778320
813350 797973 831164
818023 821349 797659
790685 848836 797444
797948 798525 812753
795222 842112 763977
806670 784403 778331
826792 793386 791637
785837 802293 793289
806670 784403 778331
854190 795454 803359
809797 798194 809659
803829 812044 768421
813806 812640 791482
842889 778162 787717
805834 790599 805804
835036 775052 777508
796597 764906 782849
822735 804881 790169
805302 777843 781866
781315 796357 769056
816225 824420 784831
798248 793373 776033
812013 795652 791902
790316 784375 775305
784978 832907 766467
795217 828479 825804
778829 774996 773227
808692 788368 808933
809233 803022 785915
789704 778371 773890
775362 795569 827053
785255 810110 795533
827416 771082 787712
847141 783079 801963
791769 823345 786689
820783 800818 806039
799774 808957 809728
794040 795832 764812
850848 813804 793762
812532 769686 819859
820529 831912 791725
796823 792849 772612
784340 799347 815535
797876 795841 793844
803980 808437 773780
825850 775209 787975
826182 821196 780740
800997 808926 818859
798059 799003 823595
811474 791714 791424
840742 784076 780402
833561 783890 824682
794995 788407 775224
802506 793527 793362
827850 772662 800485
787047 769618 787270
836664 785414 777621
822485 805606 775180
795222 842112 763977
797752 755998 772485
817672 799353 785633
