7734 148.404
180261 118593 104036 116511
158358 128229 81435 122821
147522 143820 115131 85588
142057 106249 96235 154475
140001 101046 135712 116893
125233 118517 157960 109875
124457 168961 110401 95790
105413 122901 124141 123942
171388 115863 98869 117600
180261 118593 104036 116511
117968 121636 155566 108776
157289 126800 82255 123375
136267 120219 93995 147724
126825 114268 97819 145825
159290 126163 84249 123039
153908 107552 134788 114778
154260 117911 138064 101909
110678 119007 115674 136113
146512 106141 149745 114470
126066 150870 102538 118918
107733 152467 103320 119266
143877 119247 91263 137443
131714 102344 138443 132523
126999 105424 111615 143508
130482 104286 127174 139180
127647 146649 89230 108522
116643 115751 147798 121797
136799 167452 91807 94058
143100 125138 131663 106808
136684 108617 96817 149901
130904 109551 145491 119102
144466 112958 91724 143166
117542 145116 115887 118150
132531 163349 96661 95020
133148 127408 133453 105157
114790 157761 119695 109345
133510 139592 129952 89514
134822 124499 144330 105927
165259 123665 101642 110898
130063 158237 87326 110224
135193 103917 146867 120572
127967 161527 98621 97562
115613 120964 112644 141202
120550 122687 148971 110907
110645 148327 112235 112809
148662 139058 127858 88883
163488 113670 117130 108026
140001 101046 135712 116893
152369 115374 119284 110970
151296 111806 93483 141696
134748 160290 101200 96906
111534 119571 118051 131401
150837 141123 108226 91902
128575 119967 100125 138581
134309 108207 157064 120403
171248 115846 104542 116696
153268 103289 128364 116009
116974 117789 152308 113285
133860 125768 92679 149235
138742 156671 88186 95466
121368 153177 91855 104871
109177 118512 122387 123952
144412 111290 99431 134105
155065 135704 97576 91146
148352 128708 90441 118533
168453 116185 105003 112893
145431 149518 120726 87700
155904 133757 85651 102336
149036 137157 129099 87096
122854 111866 143309 112088
111973 109267 141475 140482
125905 153654 86381 113632
113797 117274 125956 129083
163222 111868 121946 127927
132443 162316 87758 99947
134810 138119 92449 144815
142057 106249 96235 154475
140759 142166 124954 86584
166340 131830 110152 92470
150677 142609 97141 90544
132723 159477 99306 98276
121145 110528 139921 119437
106406 129371 118880 127901
116974 117789 152308 113285
118510 155287 105124 111997
146096 130875 84709 121429
131336 102849 131250 125104
160192 129617 97182 103768
123597 132862 105672 130914
141618 130087 114807 93594
111973 109267 141475 140482
156071 114490 110604 117524
135573 113292 117332 133058
149319 127359 126542 92744
119395 135446 102244 120916
123053 134718 109923 125868
162382 133813 99601 100046
136994 147580 89684 102810
166236 116920 106376 109290
131806 147311 139261 97616
147680 124057 118391 122610
143538 111547 95213 152125
145431 149518 120726 87700
109043 147498 103623 126688
143538 111547 95213 152125
129164 146945 106520 107488
121357 110711 128657 129315
120677 154236 111112 107267
133901 140282 102940 103866
160969 121043 102097 107359
125512 156163 95078 98819
112785 143104 100363 124487
124457 168961 110401 95790
140945 134186 109682 114931
122252 138778 119512 115414
125410 154732 93030 100407
136983 158904 95389 95271
125544 160259 93513 99133
168453 116185 105003 112893
136799 167452 91807 94058
137551 121083 130668 119424
121070 140416 107256 119927
132627 144276 105461 111502
156810 120384 112479 116250
119134 144174 94651 128928
132428 136872 99670 133895
149512 127846 114061 101116
134482 121648 113753 126410
139311 124827 117752 113985
107143 128218 116609 119780
145591 127491 113254 110877
150114 123116 105724 100813
132531 163349 96661 95020
137821 138251 100785 112633
134167 140746 118995 103030
147201 137759 105843 114087
142348 118418 125448 121216
129132 133360 113949 127965
143001 132056 108439 124272
113196 135597 108507 130470
158358 128229 81435 122821
146756 135984 105989 120028
127948 130193 115395 130411
149572 124427 125461 115457
133714 143725 117018 112407
148144 130238 109112 121378
136455 131790 113497 128732
133547 130281 113775 127230
139151 131489 112353 112613
140750 129395 114577 124672
140453 128156 117362 109886
138666 141877 100383 125567
130152 123060 116120 122790
132255 136281 127341 115196
140218 130509 111537 125558
132255 136281 127341 115196
133332 133040 120309 119528
140127 131717 100578 124273
133332 133040 120309 119528
138666 141877 100383 125567
140218 130509 111537 125558
156989 134134 113482 122632
156035 140631 99949 116159
147495 126882 120209 115878
147179 153000 121287 103668
136735 139031 122028 125965
136098 137802 112764 138238
134085 158488 112206 131864
125086 150086 121173 124243
149112 148042 103059 123098
146696 141528 111163 110319
150906 131778 116936 120571
151834 144442 105946 114799
137023 134904 112417 133977
148331 135496 114424 121126
143852 150180 105319 124540
155506 136379 101523 125367
135054 140777 112187 112995
154160 134727 118800 111944
142062 127470 119808 117443
140660 139841 108285 119914
138953 134297 113503 130510
144648 140366 106525 129259
147030 134990 118190 127235
155911 144532 105525 121037
147265 135738 110001 122293
143372 129202 121085 111000
142364 139593 106801 122304
145315 140020 119578 116899
141711 131109 119275 131809
155014 139707 110040 119795
151221 138647 105679 124066
143372 129202 121085 111000
139710 139241 119145 124875
140573 135227 118406 123265
141743 139317 110112 131102
146915 137086 110897 121116
141443 137410 110945 124518
162394 136187 113164 123573
153910 142003 113644 111529
151667 138690 107083 127315
147902 156052 113082 112257
147740 132048 124597 132891
142104 139426 115975 139639
141883 137424 133822 135322
136252 151151 116017 125779
156693 139537 127001 114900
158629 132817 117596 126753
143836 153646 109402 127353
137955 146546 130642 122034
149552 134448 121734 121004
155156 147161 108704 122316
137754 141242 131250 120478
139764 143184 115355 126427
145901 136949 125818 121548
148734 147958 107402 128865
137124 151308 120207 117931
152401 133922 126177 116894
146254 136371 118416 136520
137640 143998 114319 130331
137810 150018 113983 132411
152685 145993 112223 118568
143362 142121 109910 124529
141492 137822 116965 128416
137288 150587 113730 114182
150485 143458 109589 134270
151699 149408 111837 112521
141556 155282 109759 123129
146704 135773 120764 122911
149124 140093 118593 123420
147075 136395 116915 135987
147591 139698 110751 129310
139130 149413 119631 128523
149813 141473 120841 117179
149599 143516 116023 118698
142459 144698 112591 120485
150254 144155 111000 120794
150393 143601 120624 112784
147655 144729 117498 118407
139229 143295 119150 114868
147803 141960 110137 128216
152497 147042 109647 124846
164583 169042 116872 114479
164341 134815 118095 127448
153923 145368 107978 133347
152710 138831 126539 145243
144691 139351 127203 136280
139904 147897 120490 126059
146309 154730 112017 130553
160432 140538 108840 127856
139950 145402 122365 137885
157902 148729 116192 115844
158522 138826 111159 134153
150882 143105 119312 134081
148627 149361 121378 125415
154373 152788 118100 119538
147906 140263 123401 127562
155551 142145 113386 135471
153101 147694 113911 119542
139977 152104 121038 123016
141883 150708 119841 127474
151688 139107 125083 131874
158251 145348 112351 128709
146699 143012 125760 128402
143283 146178 117037 134969
144200 153063 111775 135028
148075 151358 114926 127054
158362 148597 111951 122485
145255 140650 125493 135384
146607 144744 119776 127020
151562 147081 115197 132090
152521 141559 117195 132446
144235 149966 120635 122505
152377 146289 111977 124376
152266 139216 117527 135437
155014 145872 115146 132387
155264 140606 120528 124544
144206 147254 113537 131940
169837 140692 117823 129598
157734 152043 120009 124225
157284 140025 131000 141066
156628 146640 115194 132545
149354 154068 120924 129258
142514 149403 132002 136565
153416 149961 123698 125716
154907 145005 129014 136492
151802 140725 131738 138060
150613 144915 121229 139969
151077 148026 115410 134690
143378 148616 122001 128110
146875 151119 121430 130652
153433 150386 122218 127536
147935 146875 120460 130789
157356 145445 121375 131867
159459 162110 125269 132266
158175 153143 135125 131643
150554 147995 121868 134500
148373 148373 121805 143622
147809 157400 131805 129875
152894 151219 121813 135456
180261 118593 104036 116511
158358 128229 81435 122821
147522 143820 115131 85588
142057 106249 96235 154475
140001 101046 135712 116893
125233 118517 157960 109875
124457 168961 110401 95790
105413 122901 124141 123942
171388 115863 98869 117600
180261 118593 104036 116511
106406 129371 118880 127901
111973 109267 141475 140482
168453 116185 105003 112893
122854 111866 143309 112088
162328 127304 113990 102389
166340 131830 110152 92470
116974 117789 152308 113285
130904 109551 145491 119102
149467 140974 84964 121776
130063 158237 87326 110224
146672 107629 133590 122169
154260 117911 138064 101909
132531 163349 96661 95020
121145 110528 139921 119437
109043 147498 103623 126688
145431 149518 120726 87700
131714 102344 138443 132523
144412 111290 99431 134105
141482 111478 102176 142152
157289 126800 82255 123375
135790 153745 102302 98123
137910 134173 103476 106434
136799 167452 91807 94058
133510 139592 129952 89514
132443 162316 87758 99947
159316 113569 105419 131784
148662 139058 127858 88883
143877 119247 91263 137443
146512 106141 149745 114470
130482 104286 127174 139180
113797 117274 125956 129083
144208 130678 115240 91346
143538 111547 95213 152125
114790 157761 119695 109345
149036 137157 129099 87096
125121 121086 102059 144758
127967 161527 98621 97562
156197 116933 116307 110700
112393 113463 126651 124630
117968 121636 155566 108776
148193 144451 89859 105669
135193 103917 146867 120572
138921 152377 107236 94016
153908 107552 134788 114778
130637 155465 99506 102505
111534 119571 118051 131401
153268 103289 128364 116009
171248 115846 104542 116696
153711 127709 108873 96437
151230 108957 95347 151575
136684 108617 96817 149901
139469 134868 88636 112417
154785 120526 94762 135490
121844 114948 112004 130070
126825 114268 97819 145825
152966 124279 111989 109287
155184 132350 81552 123617
115441 152950 94569 118366
136267 120219 93995 147724
140001 101046 135712 116893
150677 142609 97141 90544
151376 112622 123567 120723
134309 108207 157064 120403
165259 123665 101642 110898
126113 121164 96577 133084
116643 115751 147798 121797
143409 140435 96104 104041
134914 106744 103576 146670
163488 113670 117130 108026
136799 167452 91807 94058
124138 136791 90587 124055
119893 114403 140476 116894
127575 147292 109914 107164
120550 122687 148971 110907
128739 138607 122217 100675
128575 119967 100125 138581
133180 117361 151139 102498
109177 118512 122387 123952
113196 135597 108507 130470
151390 117423 113198 107860
115891 135163 106831 127354
118930 145506 116678 121142
123702 109943 110616 125755
138450 151695 114347 95396
122465 156476 98685 104507
123262 115451 107778 111170
150277 140678 105645 98993
163948 125224 99886 116662
118711 144824 105107 128436
145706 128446 94317 101051
134748 160290 101200 96906
145189 122083 102571 113741
140759 142166 124954 86584
133860 125768 92679 149235
149749 126907 83139 123825
119448 136084 111279 117301
142057 106249 96235 154475
136399 149691 98129 98625
142637 124902 94482 126189
129550 146318 95635 119953
145533 139457 114715 92811
118847 150607 100698 102950
131336 102849 131250 125104
126999 105424 111615 143508
145965 146905 110554 89919
110678 119007 115674 136113
128721 159359 96570 109646
138742 156671 88186 95466
142365 123524 112833 108398
127162 148571 93745 122664
110678 119007 115674 136113
147318 144161 108012 91774
127791 148968 84002 110552
131881 138164 101408 115423
159290 126163 84249 123039
129274 150960 106014 97759
114768 111855 127055 129360
132153 160151 93786 104955
117610 115148 157434 117671
140340 143112 106273 103300
117968 121636 155566 108776
131336 102849 131250 125104
140759 142166 124954 86584
137204 135361 97346 117998
154775 133171 91483 113694
126999 105424 111615 143508
124457 168961 110401 95790
133976 133138 118408 108272
105413 122901 124141 123942
130272 122577 97719 130874
140491 126217 108189 107610
132531 163349 96661 95020
133860 125768 92679 149235
129019 134597 106646 125333
136149 143192 115123 105756
136241 129818 97547 110773
132252 148337 105199 110736
131562 136249 106557 114729
130522 138438 101149 113158
136103 146237 102906 108863
134401 144346 116896 105720
135088 137692 100339 120951
135088 137692 100339 120951
136103 146237 102906 108863
160450 123690 110379 122723
156321 136166 102143 131917
153618 129979 123485 116983
152086 130154 106184 107573
143583 128528 111816 139789
135332 153880 103169 134400
137776 149892 116649 110783
144834 150646 107571 113857
135739 139060 115195 130955
143382 136125 105893 117995
141097 137247 104446 122035
147245 130583 106317 108425
141829 149454 102547 125226
139181 140857 106836 115669
146532 145720 104183 122915
137125 149219 105733 132226
138152 130962 113591 122534
141297 142360 110986 111674
153735 128652 114524 115297
136349 143538 113856 124888
136507 146452 113375 122113
165696 130657 114235 120632
155813 129515 116139 122423
152218 138280 114736 107933
151961 146250 104492 124063
151705 130610 139011 126051
150770 152169 109525 118892
138543 145749 121218 142566
135958 146327 116025 133360
143630 138843 127878 119915
158214 139836 111318 122715
153413 132990 121777 118402
141185 146704 112531 134830
144596 143699 126079 122163
136600 147788 117630 126465
151757 134228 116884 112158
148777 149656 116661 108735
141872 144599 108931 132381
143251 151142 107868 130773
155662 146215 112244 110034
146357 151161 110005 127713
157070 142544 108491 129572
150206 135881 112977 120574
140878 136011 119962 124938
157165 141095 109268 120249
140581 146969 109851 128277
143857 146031 116776 114290
150638 147339 107847 121608
155962 136143 112004 115494
151934 142664 106308 118717
147258 145733 116404 116103
145600 131655 114776 125231
153804 137315 109106 126297
148899 138932 113620 115826
145392 136708 114245 125462
151150 142961 110833 125003
144275 137496 115027 130039
147398 137721 113711 122426
157536 130659 117499 120417
155922 142553 108592 117029
139011 138889 114765 122828
145661 138855 112556 123137
162646 155763 107107 125335
158127 129575 122078 129193
156084 153086 106463 129141
156036 148123 112384 112156
152195 137926 114370 144220
146445 160472 109902 128917
141341 151791 123426 125502
138800 151108 117754 136934
162079 132032 120809 121811
141748 157623 119468 128359
143753 143960 115587 134110
146078 136161 116693 127366
150720 151772 108146 124646
152941 138021 123399 116194
143922 139398 114793 136861
139868 140476 118173 129740
152492 138907 114924 131735
159041 146301 115815 117940
153091 142992 107478 121479
142262 141351 116547 128251
154943 141172 113471 123323
160565 137443 116850 120115
147194 141002 120843 126697
148053 143335 118078 122877
159544 138433 116185 119718
149367 145427 113793 123393
155934 150549 112553 120478
147595 147122 116900 119007
146746 144617 114205 129882
155582 136449 117638 119013
157281 137595 113594 121168
149298 142487 117736 121855
150265 140934 114091 118415
158058 136232 112660 125361
166826 141324 118108 124840
166240 146160 126224 116904
162658 136904 115304 128629
159191 151329 108955 128903
152706 159136 111533 128377
145213 151388 117066 140849
141321 152008 132872 135622
140076 142071 124147 139964
140826 154558 126894 130550
144713 148796 123612 133996
158235 138382 119845 119276
152664 147499 128197 122123
151032 158503 113785 126156
145485 150062 130451 130703
141476 150991 126782 137581
148959 141341 126209 127574
153697 148526 110661 122090
156054 145019 109887 125873
156519 140992 121279 126369
146786 139169 126232 136449
158083 139557 114773 129786
154725 142976 114137 132504
152776 144655 126520 124514
150223 148157 113821 131131
147797 143951 117123 132791
154405 140265 120934 132714
158753 137351 118622 133145
158706 143223 118890 126374
150774 151284 117806 124591
160826 147960 113554 127702
158995 147115 125742 122870
157252 141435 126458 127207
153982 152728 119208 127300
153221 148873 131342 127680
150102 143464 129863 142294
149467 144031 123952 133495
153981 145893 118039 138453
154672 145654 122967 142288
150668 142191 128921 133475
151174 151576 124496 127706
159242 148268 123483 128624
151865 152315 121437 128440
154142 152131 121912 136525
160768 143276 123782 136525
160101 145862 123107 127726
164547 145446 128684 131047
158572 153442 139326 130084
158300 157602 124994 130967
156883 144090 128788 135726
153485 150829 132678 132074
171388 115863 98869 117600
158358 128229 81435 122821
147522 143820 115131 85588
142057 106249 96235 154475
140001 101046 135712 116893
125233 118517 157960 109875
124457 168961 110401 95790
105413 122901 124141 123942
132531 163349 96661 95020
166340 131830 110152 92470
149036 137157 129099 87096
131336 102849 131250 125104
107143 128218 116609 119780
130482 104286 127174 139180
134309 108207 157064 120403
115613 120964 112644 141202
136799 167452 91807 94058
148662 139058 127858 88883
113797 117274 125956 129083
126999 105424 111615 143508
150677 142609 97141 90544
143877 119247 91263 137443
114790 157761 119695 109345
112621 121371 122845 114628
133148 127408 133453 105157
121844 114948 112004 130070
137710 151253 97449 104063
116643 115751 147798 121797
154260 117911 138064 101909
134914 106744 103576 146670
124814 155103 93931 105607
135193 103917 146867 120572
134822 124499 144330 105927
130904 109551 145491 119102
139965 152011 95177 99589
129543 134503 133843 102593
153268 103289 128364 116009
143538 111547 95213 152125
140759 142166 124954 86584
164181 119419 105869 113948
145533 139457 114715 92811
146826 113701 142847 108085
134810 138119 92449 144815
146512 106141 149745 114470
144466 112958 91724 143166
120550 122687 148971 110907
117968 121636 155566 108776
130063 158237 87326 110224
122465 156476 98685 104507
171388 115863 98869 117600
140276 147881 89069 114149
125905 153654 86381 113632
136684 108617 96817 149901
109177 118512 122387 123952
117161 150532 111120 106474
126825 114268 97819 145825
119893 114403 140476 116894
119346 116601 106594 128964
127791 148968 84002 110552
142932 145969 97605 115180
130026 135846 108283 102975
147318 144161 108012 91774
115441 152950 94569 118366
127967 161527 98621 97562
149749 126907 83139 123825
153711 127709 108873 96437
163488 113670 117130 108026
142057 106249 96235 154475
121145 110528 139921 119437
134748 160290 101200 96906
168453 116185 105003 112893
161478 131782 94340 109268
157289 126800 82255 123375
116974 117789 152308 113285
129340 106127 110724 135037
157634 112979 101324 133074
132430 144188 104134 98079
155459 117473 104197 133987
151230 108957 95347 151575
108766 121778 112965 113067
159316 113569 105419 131784
131714 102344 138443 132523
148352 128708 90441 118533
125678 101872 139305 127649
128575 119967 100125 138581
161980 135108 96193 108999
105413 122901 124141 123942
132443 162316 87758 99947
121357 110711 128657 129315
111534 119571 118051 131401
154785 120526 94762 135490
133860 125768 92679 149235
145745 129736 102115 131170
123683 138613 102566 100829
142968 149675 89782 107815
143242 123787 113898 110880
160153 114367 99511 122314
140859 127210 105025 125277
144755 120141 118811 111813
138346 132637 103337 108075
140001 101046 135712 116893
131688 141927 100706 112468
145965 146905 110554 89919
148262 136442 99308 101632
110678 119007 115674 136113
159290 126163 84249 123039
116974 117789 152308 113285
144412 124317 104549 126901
153979 111790 120097 127762
117968 121636 155566 108776
155723 135240 86256 112531
130603 133730 109729 121002
122038 149328 93142 128936
149467 140974 84964 121776
136799 167452 91807 94058
136267 120219 93995 147724
143553 144750 95433 127918
123310 130398 97045 122288
168453 116185 105003 112893
127856 160057 97060 102347
138933 143631 111496 94780
152312 130997 99394 115487
111973 109267 141475 140482
124401 138555 109489 116716
111973 109267 141475 140482
139103 137364 107268 107146
136253 146680 94895 124751
150934 117495 117823 126182
156788 122700 88049 128308
151363 116886 120677 107272
117409 156750 106097 107838
139313 140717 101597 121374
110678 119007 115674 136113
133968 133122 116032 110150
131080 129584 97615 148564
130568 130782 121451 111813
138653 121924 114464 108462
131806 147311 139261 97616
128739 138607 122217 100675
128203 154126 87606 102692
145941 140360 96114 119135
128271 136594 103858 111192
151467 114390 113409 126390
158358 128229 81435 122821
137067 147505 99970 110323
152178 126511 114598 104973
144657 141053 97907 114271
143571 129202 107360 121575
135899 130936 102453 109773
138742 156671 88186 95466
156133 125621 104823 122721
156133 125621 104823 122721
159169 134084 124710 116934
154597 130912 109906 136598
151116 128048 136075 129169
136956 147612 110460 108752
136390 137903 105193 126877
135037 153754 113925 120800
129386 143211 111392 121216
133702 142206 123177 120474
142421 131949 114869 122913
141331 129226 118020 121160
148306 148051 105224 126496
137346 144163 108293 115802
148367 130442 112411 127278
151222 151580 110240 111844
146749 132396 105604 119172
140383 135182 105745 112056
140363 140835 108883 119875
135449 145039 115796 116135
150309 151291 105313 120621
146326 142956 116695 111939
150919 137648 114519 111303
135907 136629 111602 129074
139262 135564 113675 116498
139785 147983 106238 117461
138590 141918 117022 121196
140106 143736 107063 120024
167937 146788 109050 126199
160626 134682 111444 143312
155523 147590 105924 127126
150458 149452 121920 112837
146815 130484 130201 125593
143963 159999 115725 123886
140087 145516 133306 125752
135123 152141 123289 127583
154182 133252 116325 135436
163750 143129 108619 129425
153233 133528 126247 123337
139818 152973 116683 127819
147565 146194 107394 133342
139839 158326 110063 127506
136114 146153 117433 116232
157889 150466 113223 118281
157013 158713 118321 114435
142994 137869 126704 126672
140877 141399 113175 128105
140362 144537 129264 125717
146250 132325 118137 129743
138701 144326 119931 126952
149409 145342 113864 118959
148231 149514 106557 131367
149320 138625 110537 127075
145048 142469 114576 123029
148569 143910 114780 120285
143467 148867 111333 131375
158425 144174 112577 123651
141736 138370 119219 128245
144234 136644 114911 115713
144638 148192 108897 121455
135203 148028 119858 124560
138946 138296 119161 135247
144603 136773 118561 115651
145246 131174 118917 123892
146112 147061 112151 123541
155385 131161 117063 127435
144898 143127 110927 126018
146903 138171 110979 126119
160620 131679 117651 130065
155575 140816 113205 142279
151799 147887 116164 115874
151721 154757 119215 121941
146048 150775 110154 123960
139280 145731 125071 131246
136216 147496 118600 122929
148049 135971 118348 136923
142037 152015 121491 119298
154443 146340 114134 124410
137764 149435 122537 120550
147004 143301 123186 126203
145346 154694 119870 121777
139335 144656 123728 127721
148644 152098 119380 116870
159230 138774 116806 133155
149608 145588 119126 135022
144647 137299 119611 130296
147242 137959 121055 116260
157496 148542 110486 129566
159144 140178 112112 129627
154885 147067 110787 128645
153032 141741 124832 116021
151266 148496 112841 122856
144650 140942 124236 119506
149028 136215 124658 126614
150250 140646 116430 131954
155291 145054 118347 127287
138684 151416 118563 128660
152679 140097 119665 123353
147911 149238 117613 131990
152867 139294 118383 132736
154881 144804 112365 132013
146008 151654 118385 129551
168944 146135 121884 121147
166326 135320 124205 134120
160067 140991 112980 131836
155269 161701 113753 133955
152648 150784 114933 138618
148977 137980 131481 116417
144969 145430 139023 127664
138362 151223 119426 126420
147172 148652 131653 122037
147875 153840 125076 121176
142414 150201 121423 125220
156527 147625 114979 136735
145467 159832 123220 121909
166525 137549 129371 132758
145009 144104 127252 130618
161633 145291 123018 123760
150546 147462 117204 134253
152890 144937 123134 117173
153311 138618 125896 137774
146572 151756 118918 124624
152090 145692 125934 122451
153270 142463 130614 124936
148908 140283 124291 126031
155742 151119 117387 130772
146868 141302 121884 133910
150034 147207 124798 124993
146284 145208 124722 132351
162525 143852 117786 134238
153279 148417 133923 120950
153149 147598 118494 139497
152011 157154 125684 125095
140415 155687 140757 132745
159828 146991 139446 122754
144811 155845 131494 126935
149844 148453 130209 137868
150337 149699 136717 129522
156205 157083 121255 136268
161349 154543 119627 129401
151765 151856 122687 128027
150090 152157 126872 133746
159829 147784 123069 135540
158393 153255 120383 133876
158241 150438 118401 138967
153402 150241 131078 136548
150778 148381 132617 126671
166630 160619 118524 148310
161751 150634 123597 140187
152558 155093 129365 131930
