6 0.559341
1.62462e+06 1.5669e+06
1.61457e+06 1.64494e+06
1.6264e+06 1.60356e+06
1.58108e+06 1.58894e+06
1.63691e+06 1.57821e+06
1.61086e+06 1.62716e+06
1.59878e+06 1.60591e+06
1.59661e+06 1.61584e+06
1.61889e+06 1.59407e+06
1.65533e+06 1.60053e+06
1.65071e+06 1.58903e+06
1.63954e+06 1.56982e+06
1.62422e+06 1.57963e+06
1.61678e+06 1.61829e+06
1.5997e+06 1.62325e+06
1.62418e+06 1.6182e+06
1.6288e+06 1.57752e+06
1.67361e+06 1.57752e+06
1.60725e+06 1.64503e+06
1.65157e+06 1.64727e+06
1.62889e+06 1.63365e+06
1.58866e+06 1.60513e+06
1.57313e+06 1.62739e+06
1.58539e+06 1.59849e+06
1.59711e+06 1.58767e+06
1.60753e+06 1.572e+06
1.59907e+06 1.60992e+06
1.65122e+06 1.57998e+06
1.64321e+06 1.60942e+06
1.6164e+06 1.63805e+06
1.63205e+06 1.61535e+06
1.62968e+06 1.62506e+06
1.6647e+06 1.6389e+06
1.62988e+06 1.57404e+06
1.66694e+06 1.54932e+06
1.6209e+06 1.5912e+06
1.56407e+06 1.61923e+06
1.63772e+06 1.54458e+06
1.63794e+06 1.57014e+06
1.60996e+06 1.60416e+06
1.60923e+06 1.58613e+06
1.64176e+06 1.58991e+06
1.61264e+06 1.5929e+06
1.6141e+06 1.6214e+06
1.64052e+06 1.58782e+06
1.63229e+06 1.62909e+06
1.63583e+06 1.61838e+06
1.65619e+06 1.60157e+06
1.62974e+06 1.61266e+06
1.62922e+06 1.58402e+06
1.62564e+06 1.60843e+06
1.62001e+06 1.54349e+06
1.6173e+06 1.60064e+06
1.66643e+06 1.6023e+06
1.63071e+06 1.58696e+06
1.61723e+06 1.59074e+06
1.64344e+06 1.60077e+06
1.65187e+06 1.58963e+06
1.64678e+06 1.6647e+06
1.5927e+06 1.6173e+06
1.63267e+06 1.59392e+06
1.64457e+06 1.63692e+06
1.62515e+06 1.62818e+06
1.64238e+06 1.58389e+06
1.6529e+06 1.63062e+06
1.63769e+06 1.5678e+06
1.60519e+06 1.57347e+06
1.61445e+06 1.56549e+06
1.61165e+06 1.6121e+06
1.66821e+06 1.59103e+06
1.60114e+06 1.62239e+06
1.61171e+06 1.60343e+06
1.61024e+06 1.59942e+06
1.63717e+06 1.63455e+06
1.6685e+06 1.63905e+06
1.6422e+06 1.61307e+06
1.6203e+06 1.62038e+06
1.61791e+06 1.54974e+06
1.62824e+06 1.62986e+06
1.63379e+06 1.5829e+06
1.62824e+06 1.62305e+06
1.59633e+06 1.56985e+06
1.60156e+06 1.61924e+06
1.63272e+06 1.61171e+06
1.61231e+06 1.57116e+06
1.61006e+06 1.62567e+06
1.63661e+06 1.64355e+06
1.58436e+06 1.61726e+06
1.61508e+06 1.59659e+06
1.68615e+06 1.58458e+06
1.64918e+06 1.60591e+06
1.55218e+06 1.57356e+06
1.65394e+06 1.57688e+06
1.6461e+06 1.59195e+06
1.64238e+06 1.61083e+06
1.60667e+06 1.59584e+06
1.60327e+06 1.56267e+06
1.63802e+06 1.63175e+06
1.66123e+06 1.6054e+06
1.65764e+06 1.59852e+06
1.57367e+06 1.59252e+06
1.62779e+06 1.60835e+06
1.6767e+06 1.602e+06
1.63317e+06 1.67123e+06
1.58443e+06 1.57072e+06
1.64424e+06 1.58678e+06
1.61757e+06 1.60855e+06
1.60472e+06 1.61173e+06
1.61606e+06 1.61568e+06
1.64794e+06 1.63352e+06
1.6254e+06 1.6099e+06
1.6649e+06 1.60851e+06
1.6093e+06 1.60943e+06
1.63868e+06 1.5896e+06
1.62444e+06 1.60575e+06
1.65446e+06 1.563e+06
1.62974e+06 1.5663e+06
1.65304e+06 1.5807e+06
1.64709e+06 1.58312e+06
1.61534e+06 1.60368e+06
1.62735e+06 1.58341e+06
1.61581e+06 1.55621e+06
1.65806e+06 1.59961e+06
1.63329e+06 1.65248e+06
1.61169e+06 1.56168e+06
1.68572e+06 1.59976e+06
1.6224e+06 1.59943e+06
1.58785e+06 1.5744e+06
1.62099e+06 1.5912e+06
1.63756e+06 1.61603e+06
1.60913e+06 1.59324e+06
1.61639e+06 1.60793e+06
1.64559e+06 1.62007e+06
1.62545e+06 1.62184e+06
1.65694e+06 1.58266e+06
1.57782e+06 1.57778e+06
1.67004e+06 1.59931e+06
1.60633e+06 1.59014e+06
1.62183e+06 1.59901e+06
1.64478e+06 1.61813e+06
1.64944e+06 1.5852e+06
1.6198e+06 1.61056e+06
1.64944e+06 1.56397e+06
1.64736e+06 1.61082e+06
1.61106e+06 1.63062e+06
1.60513e+06 1.61257e+06
1.62874e+06 1.65652e+06
1.61378e+06 1.62448e+06
1.60026e+06 1.62689e+06
1.63472e+06 1.59869e+06
1.65338e+06 1.63926e+06
1.60796e+06 1.5931e+06
1.5977e+06 1.60265e+06
1.6272e+06 1.59672e+06
1.62702e+06 1.63484e+06
1.61338e+06 1.62282e+06
1.61914e+06 1.61282e+06
1.62158e+06 1.61101e+06
1.67876e+06 1.5963e+06
1.62817e+06 1.58344e+06
1.62851e+06 1.59556e+06
1.62644e+06 1.6015e+06
1.61938e+06 1.60495e+06
1.60873e+06 1.62823e+06
1.61385e+06 1.57961e+06
1.65918e+06 1.63249e+06
1.64662e+06 1.58486e+06
1.63112e+06 1.59837e+06
1.60893e+06 1.62378e+06
1.65232e+06 1.61125e+06
1.62231e+06 1.61917e+06
1.64728e+06 1.59416e+06
1.64556e+06 1.61793e+06
1.6223e+06 1.58211e+06
1.61476e+06 1.55782e+06
1.63609e+06 1.61643e+06
1.66133e+06 1.59914e+06
1.63662e+06 1.62323e+06
1.57949e+06 1.57852e+06
1.6033e+06 1.61826e+06
1.63795e+06 1.55297e+06
1.64798e+06 1.5811e+06
1.60017e+06 1.57523e+06
1.62319e+06 1.65283e+06
1.62558e+06 1.61046e+06
1.6533e+06 1.6054e+06
1.6276e+06 1.6091e+06
1.63886e+06 1.61692e+06
1.59016e+06 1.58991e+06
1.62904e+06 1.59883e+06
1.61201e+06 1.58957e+06
1.66512e+06 1.64013e+06
1.61409e+06 1.59463e+06
1.65865e+06 1.59423e+06
1.63728e+06 1.61359e+06
1.67032e+06 1.63298e+06
1.60619e+06 1.61646e+06
1.62213e+06 1.59984e+06
1.65366e+06 1.64254e+06
1.63661e+06 1.56729e+06
1.6248e+06 1.64642e+06
1.61357e+06 1.56522e+06
1.64105e+06 1.59695e+06
1.61725e+06 1.56661e+06
1.57409e+06 1.61361e+06
1.63244e+06 1.59408e+06
1.63021e+06 1.60081e+06
1.64583e+06 1.56843e+06
1.63812e+06 1.5946e+06
1.63381e+06 1.61134e+06
1.63201e+06 1.59409e+06
1.63605e+06 1.61592e+06
1.60977e+06 1.57294e+06
1.64596e+06 1.60086e+06
1.61845e+06 1.61094e+06
1.60309e+06 1.60331e+06
1.65387e+06 1.5755e+06
1.65677e+06 1.62544e+06
1.62151e+06 1.62889e+06
1.66623e+06 1.62459e+06
1.57743e+06 1.62414e+06
1.65136e+06 1.62173e+06
1.60089e+06 1.56669e+06
1.66063e+06 1.59542e+06
1.61896e+06 1.62377e+06
1.61449e+06 1.54014e+06
1.6514e+06 1.61306e+06
1.62632e+06 1.58772e+06
1.66661e+06 1.61005e+06
1.63591e+06 1.62042e+06
1.65215e+06 1.61855e+06
1.63318e+06 1.58986e+06
1.6123e+06 1.61917e+06
1.62473e+06 1.59157e+06
1.65815e+06 1.56409e+06
1.61101e+06 1.60084e+06
1.5945e+06 1.55468e+06
1.56238e+06 1.55787e+06
1.64696e+06 1.61067e+06
1.61147e+06 1.57949e+06
1.58945e+06 1.55757e+06
1.64715e+06 1.61414e+06
1.62115e+06 1.61152e+06
1.64021e+06 1.59452e+06
1.6712e+06 1.60822e+06
1.60251e+06 1.55004e+06
1.63478e+06 1.68176e+06
1.64902e+06 1.59792e+06
1.63329e+06 1.6001e+06
1.5977e+06 1.61469e+06
1.64204e+06 1.6337e+06
1.59879e+06 1.57622e+06
1.64261e+06 1.56402e+06
1.64595e+06 1.62744e+06
1.62709e+06 1.64397e+06
1.60091e+06 1.61907e+06
1.61392e+06 1.62342e+06
1.61784e+06 1.62193e+06
1.62942e+06 1.60466e+06
1.61907e+06 1.60121e+06
1.62032e+06 1.61453e+06
1.61553e+06 1.63209e+06
1.62557e+06 1.60574e+06
1.58909e+06 1.61642e+06
1.64954e+06 1.58187e+06
1.63508e+06 1.58659e+06
1.62611e+06 1.61562e+06
1.67051e+06 1.61325e+06
1.66485e+06 1.5854e+06
1.61042e+06 1.57602e+06
1.63012e+06 1.61953e+06
1.61434e+06 1.56348e+06
1.65491e+06 1.59129e+06
1.60346e+06 1.61299e+06
1.69804e+06 1.61347e+06
1.6295e+06 1.61144e+06
1.64576e+06 1.62541e+06
1.68483e+06 1.57247e+06
1.63779e+06 1.60355e+06
1.66153e+06 1.61189e+06
1.60197e+06 1.61868e+06
1.6799e+06 1.62859e+06
1.57557e+06 1.61028e+06
1.61654e+06 1.55764e+06
1.60227e+06 1.59863e+06
1.59256e+06 1.60615e+06
1.62639e+06 1.5489e+06
1.62632e+06 1.5829e+06
1.61592e+06 1.62575e+06
1.59844e+06 1.62117e+06
1.61992e+06 1.64813e+06
1.65878e+06 1.57097e+06
1.63962e+06 1.59212e+06
1.63047e+06 1.59784e+06
1.6303e+06 1.59933e+06
1.63617e+06 1.62227e+06
1.63336e+06 1.59257e+06
1.60489e+06 1.57583e+06
1.62354e+06 1.54757e+06
1.61918e+06 1.62118e+06
