137 46.709
3.11387e+06 3.1663e+06 3.03361e+06
3.25742e+06 3.073e+06 3.0411e+06
3.09406e+06 3.20702e+06 3.05566e+06
3.04742e+06 3.05987e+06 3.19005e+06
3.14966e+06 3.08674e+06 3.02146e+06
3.03035e+06 3.19885e+06 3.08222e+06
3.05739e+06 3.13012e+06 3.11326e+06
3.15393e+06 3.09187e+06 3.02112e+06
3.02877e+06 3.11147e+06 3.1252e+06
3.07944e+06 3.05594e+06 3.14909e+06
3.07648e+06 3.17612e+06 3.06045e+06
3.07141e+06 3.08153e+06 3.12551e+06
3.02831e+06 3.11876e+06 3.132e+06
3.10496e+06 3.18089e+06 3.04073e+06
3.07691e+06 3.06176e+06 3.14402e+06
3.0738e+06 3.17669e+06 3.07603e+06
3.11412e+06 3.12467e+06 3.04488e+06
3.0705e+06 3.13727e+06 3.07751e+06
3.03893e+06 3.15891e+06 3.11598e+06
3.06366e+06 3.14079e+06 3.09236e+06
3.08211e+06 3.10122e+06 3.09192e+06
3.00429e+06 3.16623e+06 3.14004e+06
3.10203e+06 3.05754e+06 3.14521e+06
3.11764e+06 3.09142e+06 3.08042e+06
3.07728e+06 3.14115e+06 3.07455e+06
3.09133e+06 3.08362e+06 3.10514e+06
3.15078e+06 3.07126e+06 3.08206e+06
3.06366e+06 3.05296e+06 3.21721e+06
3.05833e+06 3.1361e+06 3.09728e+06
3.07621e+06 3.06204e+06 3.1558e+06
3.19349e+06 3.13557e+06 2.99182e+06
3.08175e+06 3.15206e+06 3.0731e+06
3.00116e+06 3.16872e+06 3.15843e+06
3.03787e+06 3.06326e+06 3.13896e+06
3.05389e+06 3.12028e+06 3.11382e+06
3.10608e+06 3.06231e+06 3.12846e+06
3.01772e+06 3.10813e+06 3.22751e+06
3.12358e+06 3.07665e+06 3.07607e+06
3.11861e+06 3.05297e+06 3.10859e+06
3.22902e+06 3.12334e+06 3.00181e+06
3.12858e+06 3.02507e+06 3.13454e+06
3.04802e+06 3.11746e+06 3.11608e+06
3.02691e+06 3.10164e+06 3.16009e+06
3.19073e+06 3.13717e+06 2.9889e+06
3.05279e+06 3.08966e+06 3.11633e+06
3.05996e+06 3.07782e+06 3.1283e+06
3.07539e+06 3.18124e+06 3.07176e+06
3.0314e+06 3.09386e+06 3.13557e+06
3.15793e+06 3.02324e+06 3.10573e+06
3.0828e+06 3.1266e+06 3.0808e+06
3.09886e+06 3.08744e+06 3.08998e+06
3.03081e+06 3.19169e+06 3.08506e+06
3.10744e+06 3.14458e+06 3.04783e+06
3.07132e+06 3.24847e+06 3.05829e+06
3.0617e+06 3.23354e+06 3.07219e+06
3.00875e+06 3.11594e+06 3.14358e+06
3.14657e+06 3.07351e+06 3.03654e+06
3.11306e+06 3.11434e+06 3.0564e+06
3.10622e+06 3.10033e+06 3.06045e+06
3.04568e+06 3.13103e+06 3.10953e+06
3.11452e+06 3.04344e+06 3.12432e+06
3.15067e+06 3.14843e+06 2.9879e+06
3.02905e+06 3.20521e+06 3.09071e+06
3.03296e+06 3.09205e+06 3.15494e+06
3.1175e+06 3.08157e+06 3.08417e+06
3.11181e+06 3.07341e+06 3.09797e+06
3.03414e+06 3.19843e+06 3.07809e+06
3.09184e+06 3.1701e+06 3.05698e+06
3.09761e+06 3.11814e+06 3.07488e+06
3.10215e+06 3.11141e+06 3.06396e+06
3.10594e+06 3.10282e+06 3.06135e+06
3.10105e+06 3.11081e+06 3.08188e+06
3.13778e+06 3.06583e+06 3.08923e+06
3.04053e+06 3.13442e+06 3.11729e+06
3.05748e+06 3.14446e+06 3.09276e+06
2.98892e+06 3.20405e+06 3.20258e+06
3.19373e+06 3.10083e+06 3.01193e+06
3.09777e+06 3.2064e+06 3.05301e+06
3.02393e+06 3.18324e+06 3.09566e+06
3.16012e+06 3.01867e+06 3.10135e+06
3.10016e+06 3.11444e+06 3.06748e+06
3.14207e+06 3.06934e+06 3.08857e+06
3.16044e+06 2.9978e+06 3.09246e+06
3.10497e+06 3.07687e+06 3.11237e+06
3.04345e+06 3.10692e+06 3.13231e+06
3.05966e+06 3.07033e+06 3.13012e+06
3.0004e+06 3.21694e+06 3.1379e+06
3.05796e+06 3.06283e+06 3.18553e+06
3.12151e+06 3.10802e+06 3.04309e+06
3.16389e+06 3.13817e+06 3.00878e+06
3.14416e+06 3.08122e+06 3.04919e+06
3.04117e+06 3.14174e+06 3.11433e+06
3.12779e+06 3.07908e+06 3.05842e+06
3.11996e+06 3.04369e+06 3.09088e+06
3.08933e+06 3.1297e+06 3.07689e+06
3.05019e+06 3.14514e+06 3.08505e+06
3.11621e+06 3.08058e+06 3.08585e+06
3.08651e+06 3.24239e+06 3.05499e+06
3.09299e+06 3.05138e+06 3.14916e+06
3.18492e+06 3.14103e+06 2.99005e+06
3.19189e+06 3.00572e+06 3.08691e+06
3.0258e+06 3.10971e+06 3.16241e+06
3.1566e+06 3.01985e+06 3.16529e+06
3.00465e+06 3.15074e+06 3.22408e+06
3.01023e+06 3.19018e+06 3.13596e+06
3.16784e+06 3.19292e+06 2.98592e+06
3.11416e+06 3.13477e+06 3.03101e+06
3.13119e+06 3.1016e+06 3.04562e+06
3.04516e+06 3.14892e+06 3.1004e+06
3.11926e+06 3.00772e+06 3.1672e+06
3.09099e+06 3.18503e+06 3.0566e+06
3.06894e+06 3.05386e+06 3.20623e+06
3.06029e+06 3.23358e+06 3.07151e+06
3.06599e+06 3.07584e+06 3.12966e+06
3.1056e+06 3.16792e+06 3.03424e+06
3.08332e+06 3.13562e+06 3.06441e+06
3.02095e+06 3.28098e+06 3.10556e+06
3.07871e+06 3.08984e+06 3.09797e+06
2.99792e+06 3.15656e+06 3.17457e+06
3.1018e+06 3.15578e+06 3.06279e+06
3.08521e+06 3.17759e+06 3.06008e+06
3.06522e+06 3.1459e+06 3.08495e+06
3.11366e+06 3.0443e+06 3.12048e+06
3.01444e+06 3.15581e+06 3.12298e+06
3.09834e+06 3.12521e+06 3.06908e+06
3.06932e+06 3.06201e+06 3.18216e+06
3.11196e+06 3.08814e+06 3.08874e+06
3.16e+06 3.06116e+06 3.05122e+06
3.07872e+06 3.07386e+06 3.11569e+06
3.09224e+06 3.12615e+06 3.07157e+06
3.1854e+06 3.13036e+06 3.00255e+06
3.20641e+06 3.03342e+06 3.07313e+06
3.04432e+06 3.13604e+06 3.11062e+06
3.058e+06 3.08791e+06 3.10068e+06
3.109e+06 3.1502e+06 3.04038e+06
3.18659e+06 3.10394e+06 3.00639e+06
3.1724e+06 3.07337e+06 3.03082e+06
3.07612e+06 3.075e+06 3.12889e+06
3.02843e+06 3.098e+06 3.20798e+06
3.2121e+06 3.03188e+06 3.05674e+06
3.12651e+06 3.10571e+06 3.0182e+06
3.15643e+06 3.02627e+06 3.10599e+06
3.14874e+06 3.07676e+06 3.03022e+06
3.07691e+06 3.1576e+06 3.06643e+06
3.15301e+06 3.06488e+06 3.08473e+06
3.10758e+06 3.1145e+06 3.05375e+06
3.11431e+06 3.07281e+06 3.11228e+06
3.09169e+06 3.03999e+06 3.18871e+06
3.13778e+06 3.10546e+06 3.03352e+06
3.08395e+06 3.18466e+06 3.05826e+06
3.15031e+06 3.15359e+06 2.98917e+06
3.15311e+06 3.03684e+06 3.05453e+06
3.14307e+06 3.08308e+06 3.03487e+06
3.03416e+06 3.08695e+06 3.14167e+06
3.10053e+06 3.08311e+06 3.1021e+06
3.11875e+06 3.1229e+06 3.04845e+06
3.03873e+06 3.21412e+06 3.07226e+06
3.04024e+06 3.15548e+06 3.11069e+06
3.08052e+06 3.22875e+06 3.05836e+06
3.14807e+06 3.09348e+06 3.02737e+06
3.02658e+06 3.10518e+06 3.17572e+06
3.11963e+06 3.11159e+06 3.04733e+06
3.10202e+06 3.11265e+06 3.057e+06
3.19953e+06 3.12595e+06 2.99564e+06
3.18301e+06 3.14138e+06 2.99615e+06
3.11997e+06 3.0876e+06 3.05052e+06
3.13173e+06 3.08988e+06 3.03394e+06
3.1701e+06 3.18838e+06 2.99344e+06
3.00337e+06 3.16836e+06 3.1832e+06
3.18585e+06 3.00285e+06 3.23493e+06
3.23283e+06 3.1267e+06 3.01857e+06
3.07185e+06 3.25987e+06 3.07317e+06
3.01089e+06 3.14148e+06 3.21866e+06
3.07166e+06 3.21712e+06 3.07531e+06
3.14927e+06 3.00958e+06 3.21055e+06
3.22256e+06 3.05605e+06 3.05565e+06
3.02715e+06 3.11118e+06 3.23269e+06
3.14435e+06 3.08725e+06 3.04975e+06
3.15608e+06 3.0133e+06 3.17553e+06
3.04292e+06 3.23341e+06 3.07666e+06
3.05449e+06 3.22577e+06 3.07802e+06
3.01796e+06 3.25649e+06 3.13691e+06
3.02383e+06 3.24446e+06 3.14281e+06
3.03566e+06 3.19605e+06 3.09055e+06
3.03055e+06 3.1909e+06 3.09623e+06
3.21405e+06 3.03336e+06 3.06199e+06
3.10102e+06 3.22964e+06 3.05542e+06
3.12863e+06 3.053e+06 3.1432e+06
3.07678e+06 3.24991e+06 3.06165e+06
3.04939e+06 3.18471e+06 3.10265e+06
3.13972e+06 3.09412e+06 3.03888e+06
3.04944e+06 3.12148e+06 3.13054e+06
3.22023e+06 3.03239e+06 3.06353e+06
3.00537e+06 3.17067e+06 3.161e+06
3.21062e+06 3.11266e+06 3.02572e+06
3.07782e+06 3.16351e+06 3.07318e+06
3.01055e+06 3.15719e+06 3.17829e+06
3.2006e+06 3.12758e+06 3.00997e+06
3.01332e+06 3.15338e+06 3.1912e+06
3.00909e+06 3.16867e+06 3.15961e+06
3.02104e+06 3.13673e+06 3.20434e+06
3.06836e+06 3.0667e+06 3.14993e+06
3.02027e+06 3.1472e+06 3.19512e+06
3.16618e+06 3.09376e+06 3.02854e+06
3.01278e+06 3.15371e+06 3.18798e+06
3.05247e+06 3.08513e+06 3.15489e+06
3.11185e+06 3.16786e+06 3.04392e+06
3.10529e+06 3.20387e+06 3.05788e+06
3.20847e+06 3.13898e+06 2.99822e+06
3.01326e+06 3.14641e+06 3.19845e+06
3.01628e+06 3.14932e+06 3.17135e+06
3.03328e+06 3.13842e+06 3.12927e+06
3.02112e+06 3.13322e+06 3.21606e+06
3.08209e+06 3.17457e+06 3.07122e+06
3.17717e+06 3.12862e+06 3.02389e+06
3.2057e+06 3.12878e+06 3.00878e+06
3.18997e+06 3.13327e+06 3.01538e+06
3.15287e+06 3.07687e+06 3.08726e+06
3.09666e+06 3.17182e+06 3.06133e+06
3.10826e+06 3.10668e+06 3.09448e+06
3.11712e+06 3.08151e+06 3.11152e+06
3.10984e+06 3.11754e+06 3.06412e+06
3.04018e+06 3.09279e+06 3.20777e+06
3.05493e+06 3.07063e+06 3.17942e+06
3.0984e+06 3.07097e+06 3.14218e+06
3.19378e+06 3.13289e+06 3.00584e+06
3.02494e+06 3.21033e+06 3.14283e+06
3.02853e+06 3.10365e+06 3.17311e+06
3.09188e+06 3.06645e+06 3.16366e+06
3.06377e+06 3.20145e+06 3.08943e+06
3.0833e+06 3.16058e+06 3.08527e+06
3.20423e+06 3.02001e+06 3.10988e+06
3.1232e+06 3.11078e+06 3.04717e+06
3.04286e+06 3.14858e+06 3.12439e+06
3.13497e+06 3.0309e+06 3.15646e+06
3.20005e+06 3.14366e+06 3.00269e+06
3.10239e+06 3.1049e+06 3.10504e+06
3.14724e+06 3.13901e+06 3.02619e+06
3.13619e+06 3.1756e+06 3.03274e+06
3.16953e+06 3.04145e+06 3.11483e+06
3.13202e+06 3.09989e+06 3.05908e+06
3.06509e+06 3.12558e+06 3.10808e+06
3.06274e+06 3.07739e+06 3.14672e+06
3.03614e+06 3.20863e+06 3.082e+06
3.11886e+06 3.06271e+06 3.12371e+06
3.13827e+06 3.09686e+06 3.06722e+06
3.0892e+06 3.16721e+06 3.07194e+06
3.16256e+06 3.03599e+06 3.11513e+06
3.1576e+06 3.02906e+06 3.13961e+06
3.16193e+06 3.01995e+06 3.16818e+06
3.076e+06 3.14029e+06 3.09451e+06
3.17919e+06 3.04597e+06 3.08489e+06
3.03258e+06 3.09599e+06 3.15288e+06
3.11429e+06 3.10151e+06 3.09158e+06
3.12487e+06 3.05774e+06 3.11946e+06
3.0865e+06 3.05961e+06 3.16406e+06
3.04106e+06 3.0635e+06 3.18455e+06
3.01845e+06 3.13582e+06 3.21038e+06
3.05959e+06 3.2448e+06 3.07534e+06
3.16564e+06 3.15177e+06 3.01478e+06
3.1869e+06 3.03869e+06 3.07145e+06
3.1832e+06 3.02747e+06 3.09945e+06
3.0452e+06 3.0886e+06 3.13969e+06
3.16553e+06 3.05387e+06 3.06426e+06
3.19586e+06 3.01836e+06 3.11732e+06
3.03806e+06 3.10593e+06 3.15038e+06
3.17279e+06 3.04658e+06 3.07957e+06
3.15053e+06 3.04064e+06 3.13577e+06
3.13299e+06 3.08411e+06 3.07797e+06
3.16242e+06 3.02401e+06 3.11585e+06
3.15999e+06 3.05457e+06 3.08848e+06
3.02593e+06 3.17708e+06 3.13317e+06
3.01172e+06 3.16211e+06 3.14863e+06
3.13144e+06 3.15048e+06 3.03689e+06
3.12119e+06 3.07384e+06 3.09271e+06
3.12291e+06 3.06429e+06 3.11228e+06
3.061e+06 3.18149e+06 3.09726e+06
3.12566e+06 3.09728e+06 3.06406e+06
3.05831e+06 3.1315e+06 3.10652e+06
3.05624e+06 3.09502e+06 3.12129e+06
3.15738e+06 3.05473e+06 3.06928e+06
3.17551e+06 3.0198e+06 3.13378e+06
3.10442e+06 3.09056e+06 3.10872e+06
3.1952e+06 3.14445e+06 3.00352e+06
3.19164e+06 3.0743e+06 3.03291e+06
3.04775e+06 3.20598e+06 3.07994e+06
3.16983e+06 3.01716e+06 3.14918e+06
3.02704e+06 3.2298e+06 3.11975e+06
3.1105e+06 3.18156e+06 3.03661e+06
3.181e+06 3.06363e+06 3.06206e+06
3.08502e+06 3.14326e+06 3.09147e+06
3.17394e+06 3.02169e+06 3.11553e+06
3.16564e+06 3.15073e+06 3.00022e+06
3.0272e+06 3.10621e+06 3.16507e+06
3.09381e+06 3.09573e+06 3.10709e+06
3.17351e+06 3.07513e+06 3.03552e+06
3.03676e+06 3.18857e+06 3.11718e+06
3.04307e+06 3.20717e+06 3.08943e+06
3.04635e+06 3.17818e+06 3.10618e+06
3.08841e+06 3.12385e+06 3.09768e+06
