8163 1863.46
196288 102529
195803 102546
194809 102713
193433 102794
193095 102848
185405 102927
185405 102927
185405 102927
184946 103123
183346 103262
183008 103316
182851 103341
182851 103341
180878 103521
180878 103521
180878 103521
180752 103733
180215 103817
179930 103897
178575 104013
178575 104013
178290 104093
178290 104093
178030 104287
178030 104287
178030 104287
177897 104473
177678 104593
165422 104612
165422 104612
165422 104612
165422 104612
165422 104612
164632 104653
164031 104670
164031 104670
164031 104670
164031 104670
164031 104670
163086 104987
162485 105004
162426 105051
161636 105092
161035 105109
161035 105109
158686 105213
158686 105213
158686 105213
158686 105213
158686 105213
158686 105213
158686 105213
158686 105213
158153 105619
158153 105619
158153 105619
158153 105619
157271 105869
157271 105869
157271 105869
157271 105869
157271 105869
157032 106110
157032 106110
156715 106214
156451 106261
156451 106261
156451 106261
156451 106261
156245 106460
155568 106521
155568 106521
155568 106521
155568 106521
155249 106699
155023 106765
155247 106806
155023 106765
155023 106765
154784 107006
154784 107006
154784 107006
154784 107006
154465 107184
154465 107184
154465 107184
154259 107383
154259 107383
154176 107444
154176 107444
154176 107444
154176 107444
153604 107724
153604 107724
153521 107785
153521 107785
153521 107785
153521 107785
153107 107979
152447 108050
152447 108050
152447 108050
152321 108138
152321 108138
152128 108228
152128 108228
152002 108316
151586 108390
149702 108378
151574 108401
149702 108378
149702 108378
149842 108495
149572 108511
149483 108532
149183 108558
148745 108574
148745 108574
148745 108574
148745 108574
148426 108752
148043 108776
148043 108776
148043 108776
147757 108894
147694 108905
147694 108905
147694 108905
147278 109058
147278 109058
147278 109058
146929 109187
146929 109187
146929 109187
146929 109187
146610 109365
146610 109365
146610 109365
146519 109526
146274 109528
146274 109528
146274 109528
145955 109706
145955 109706
145955 109706
145955 109706
145955 109706
145955 109706
145955 109706
145955 109706
145876 110090
145811 110131
145811 110131
145737 110242
145737 110242
145737 110242
145418 110420
145418 110420
145418 110420
145186 110568
145418 110420
145418 110420
144512 110712
144512 110712
144512 110712
143250 110715
143250 110715
143250 110715
143250 110715
143250 110715
143250 110715
143027 110865
142782 110867
142782 110867
142782 110867
142782 110867
142020 111061
142020 111061
142020 111061
141775 111063
141775 111063
141775 111063
141775 111063
140535 111214
140535 111214
140535 111214
140535 111214
140535 111214
140290 111216
140133 111241
140133 111241
140133 111241
140133 111241
139992 111414
139783 111470
139783 111470
139626 111495
139532 111540
139532 111540
139532 111540
139404 111661
139404 111661
139404 111661
139025 111794
139025 111794
139025 111794
138607 111911
138607 111911
138607 111911
138065 111969
138065 111969
138065 111969
138065 111969
138065 111969
138065 111969
137948 112135
137732 112161
137487 112163
137487 112163
137097 112200
137097 112200
136945 112221
136555 112258
136555 112258
136555 112258
136555 112258
136555 112258
136555 112258
136414 112431
136414 112431
136187 112545
136187 112545
135797 112582
135797 112582
135797 112582
135797 112582
135797 112582
135656 112755
135656 112755
135326 112810
135326 112810
135290 112836
135290 112836
135142 112923
135142 112923
135142 112923
135142 112923
135035 113088
135001 113096
134635 113177
134635 113177
134635 113177
134635 113177
134635 113177
134635 113177
134707 113452
134635 113177
134635 113177
134384 113593
134384 113593
134384 113593
134384 113593
134200 113706
134200 113706
134200 113706
134200 113706
134200 113706
134200 113706
133812 113980
133812 113980
133812 113980
133408 113994
133408 113994
133408 113994
133408 113994
133408 113994
133408 113994
133305 114234
133305 114234
133305 114234
133157 114321
133157 114321
133157 114321
133157 114321
132807 114550
132807 114550
132807 114550
132650 114575
132650 114575
132650 114575
132616 114629
132616 114629
132616 114629
132350 114857
132595 114899
132595 114899
132595 114899
132483 115086
132483 115086
132483 115086
131503 115215
131503 115215
131503 115215
131503 115215
131503 115215
131503 115215
131503 115215
131503 115215
131346 115240
131346 115240
130961 115273
130804 115298
130961 115273
130804 115298
130804 115298
130595 115383
130595 115383
130595 115383
130595 115383
130297 115552
130297 115552
130297 115552
130297 115552
130297 115552
130088 115637
130088 115637
129931 115662
129931 115662
129826 115743
129826 115743
128863 115760
129130 115787
129432 115860
128185 115851
128863 115760
129130 115787
127857 115787
128401 115875
128647 115736
127857 115787
127260 115760
127940 115853
128185 115851
128185 115851
127260 115760
127940 115853
127940 115853
126462 115824
127940 115853
127949 116009
126969 116034
127119 115933
126969 116034
126969 116034
126321 115997
126969 116034
126462 115824
126462 115824
126969 116034
126462 115824
126762 116076
126321 115997
126321 115997
126462 115824
126462 115824
126052 116163
126052 116163
126052 116163
126052 116163
126052 116163
126052 116163
125807 116165
125807 116165
125807 116165
125807 116165
125807 116165
125807 116165
125807 116165
125807 116165
125807 116165
125807 116165
125684 116621
125807 116165
125684 116621
125684 116621
125004 116528
125004 116528
125004 116528
125004 116528
125004 116528
125004 116528
125004 116528
125004 116528
124506 116844
124506 116844
124506 116844
124506 116844
124506 116844
124261 116846
124261 116846
124261 116846
124261 116846
124104 116871
124104 116871
124104 116871
124104 116871
123963 117044
123963 117044
123963 117044
123963 117044
123963 117044
123963 117044
123963 117044
123963 117044
123963 117044
123594 117493
123594 117493
123594 117493
123594 117493
123594 117493
123594 117493
123594 117493
123548 117634
123453 117666
123453 117666
123404 117713
123404 117713
123404 117713
123263 117886
123263 117886
123018 117888
123018 117888
123018 117888
123018 117888
123018 117888
123018 117888
123018 117888
123018 117888
123018 117888
123018 117888
123018 117888
123018 117888
123018 117888
122922 118569
122922 118569
122827 118601
122827 118601
122827 118601
122781 118742
122781 118742
122781 118742
122781 118742
122781 118742
122781 118742
122781 118742
122781 118742
122764 119180
122764 119180
122640 119252
122640 119252
122623 119353
122499 119425
122499 119425
122499 119425
122499 119425
122466 119581
122466 119581
122466 119581
122420 119722
122420 119722
122420 119722
122420 119722
122420 119722
122420 119722
122420 119722
122420 119722
122420 119722
122380 120321
122245 120381
122245 120381
122245 120381
122245 120381
122199 120522
122199 120522
122199 120522
122199 120522
122199 120522
122199 120522
122199 120522
122199 120522
122199 120522
122199 120522
122199 120522
122199 120522
122199 120522
122199 120522
122199 120522
122199 120522
122199 120522
121991 121626
122160 121832
122160 121832
122160 121832
122160 121832
121991 121626
122160 121832
122160 121832
122160 121832
122080 122459
122080 122459
122080 122459
122080 122459
121998 122638
121998 122638
121998 122638
121998 122638
121998 122638
121998 122638
121998 122638
121998 122638
121998 122638
121998 122638
121998 122638
121998 122638
121998 122638
121998 122638
121998 122638
121998 122638
121998 122638
121998 122638
121998 122638
121926 124146
121926 124146
121926 124146
121926 124146
121926 124146
121926 124146
121926 124146
121926 124146
121926 124146
121926 124146
121926 124146
121926 124146
121926 124146
121822 125257
121822 125257
121822 125257
121821 125415
121821 125415
121775 125556
121775 125556
121775 125556
121775 125556
121775 125556
121629 125971
121629 125971
121629 125971
121583 126112
121583 126112
121583 126112
121583 126112
121129 126408
121129 126408
121129 126408
121129 126408
121129 126408
121129 126408
121129 126408
121129 126408
120948 126609
120948 126609
120906 126631
120906 126631
120579 126668
120579 126668
120579 126668
120579 126668
120579 126668
120474 126749
120474 126749
120474 126749
120293 126950
120293 126950
120293 126950
120293 126950
120293 126950
120293 126950
120058 127290
120058 127290
120058 127290
120058 127290
119953 127371
119953 127371
119711 127411
119711 127411
119711 127411
119711 127411
119606 127492
119606 127492
119606 127492
119606 127492
119606 127492
119606 127492
119606 127492
119606 127492
119149 128114
119149 128114
119149 128114
119149 128114
119149 128114
119149 128114
119149 128114
119149 128114
119149 128114
119080 128425
118666 128475
119003 128479
118666 128475
118666 128475
118666 128475
118666 128475
118793 128683
118666 128475
118666 128475
118666 128475
118612 128884
118612 128884
118321 128931
118321 128931
118321 128931
118321 128931
118321 128931
118321 128931
118140 129132
118140 129132
118140 129132
118140 129132
118140 129132
118140 129132
118140 129132
118140 129132
118071 129761
118071 129761
117836 129926
117836 129926
117836 129926
117836 129926
117836 129926
117836 129926
117613 130182
117613 130182
117613 130182
117613 130182
117613 130182
117613 130182
117553 130558
117553 130558
117553 130558
117544 130811
117392 130920
117392 130920
117392 130920
117392 130920
117336 131142
117336 131142
117336 131142
117336 131142
117276 131518
117276 131518
117276 131518
117276 131518
117115 131880
117115 131880
117115 131880
117115 131880
117115 131880
117055 132256
117055 132256
116948 132391
116948 132391
116940 132425
116940 132425
116888 132767
116888 132767
116888 132767
116888 132767
116888 132767
116888 132767
116750 133413
116750 133413
116742 133447
116742 133447
116742 133447
116742 133447
116742 133447
116742 133447
116742 133447
116542 134517
116542 134517
116542 134517
116542 134517
116534 134551
116507 134759
116499 134793
116499 134793
116486 135029
116486 135029
116486 135029
116486 135029
116230 135719
116230 135719
116230 135719
116230 135719
116222 135753
116222 135753
116209 135989
116209 135989
116209 135989
116209 135989
116209 136619
116209 136619
116045 136969
116045 136969
116045 136969
115758 137137
115758 137137
115758 137137
115758 137137
115758 137137
115758 137137
115535 137393
115535 137393
115535 137393
115535 137393
115535 137393
115535 137393
115475 137769
115475 137769
115475 137769
115475 137769
115475 137769
115475 137769
115475 137769
115475 137769
115371 137925
115475 137769
115475 137769
115371 137925
115306 139732
115306 139732
115306 139732
115213 140130
115213 140130
115173 140227
115173 140227
115011 140393
115011 140393
114910 140435
114910 140435
114870 140532
114870 140532
114870 140532
114870 140532
114827 141202
114787 141299
114787 141299
114524 141507
114625 141465
114524 141507
114524 141507
114484 141604
114484 141604
114484 141604
114484 141604
114484 141604
114189 142534
114189 142534
114189 142534
114189 142534
114189 142534
114149 142631
113886 142839
113886 142839
113886 142839
113886 142839
113886 142839
113846 142936
113769 143180
113769 143180
113512 143314
113512 143314
113512 143314
113512 143314
113512 143314
113209 143619
113209 143619
113209 143619
113209 143619
113209 143619
113209 143619
113209 143619
112706 144199
112706 144199
112706 144199
112706 144199
112706 144199
112706 144199
112706 144199
112706 144199
112706 144199
112621 144493
112621 144493
112541 144653
112541 144653
112541 144653
112520 145207
112320 145271
112320 145271
112320 145271
112320 145271
112235 145565
112235 145565
112155 145725
112155 145725
112110 146168
112110 146168
112072 146367
112071 146599
112058 146978
111664 147042
111631 147177
111664 147042
111664 147042
111664 147042
111664 147042
111631 147177
111631 147177
111311 147302
111425 147254
111090 147445
111169 147322
111169 147322
111090 147445
111169 147322
111090 147445
111090 147445
110680 147713
110680 147713
110915 147600
110680 147713
110680 147713
110680 147713
110528 147718
110528 147718
110528 147718
110435 147786
110435 147786
109631 147658
110293 147806
110293 147806
110167 148034
110167 148034
109631 147658
110013 147730
109745 147978
109992 148189
109856 148681
109631 147658
109745 147978
109812 147985
109631 147658
109614 149120
108921 148946
109614 149120
109327 149459
108921 148946
108921 148946
108921 148946
108921 148946
108921 148946
108921 148946
109040 149717
108921 148946
109040 149717
108941 149777
108941 149777
108857 149839
108857 149839
108772 149965
108673 150025
108673 150025
108589 150087
108589 150087
108486 150112
108402 150174
108402 150174
108303 150234
108303 150234
108134 150422
108134 150422
108134 150422
108035 150482
108035 150482
108035 150482
107957 151102
107957 151102
107957 151102
107957 151102
107863 152564
107863 152564
107863 152564
107305 153737
107305 153737
107305 153737
107305 153737
107305 153737
107305 153737
107305 153737
107305 153737
107305 153737
107305 153737
106820 154044
106820 154044
106820 154044
106820 154044
106820 154044
106820 154044
106820 154044
106820 154044
106650 154078
106650 154078
106529 154090
106529 154090
106529 154090
106529 154090
106289 155058
106289 155058
106289 155058
106289 155058
106168 155070
106168 155070
106129 155101
106046 155568
106046 155568
105892 156188
105892 156188
105892 156188
105812 156635
105691 156647
105691 156647
105691 156647
105397 157680
105397 157680
105397 157680
105397 157680
105397 157680
105364 158288
105192 158817
105192 158817
105192 158817
105192 158817
105001 159978
105001 159978
105001 159978
105001 159978
104875 161571
104875 161571
104847 162403
104779 163697
104779 163697
104721 163996
104721 163996
104721 163996
104721 163996
104039 171603
104333 170570
104333 170570
104333 170570
104039 171603
104039 171603
104039 171603
104039 171603
104039 171603
103947 171642
103668 172050
103668 172050
103668 172050
103668 172050
103584 172802
103584 172802
103365 173319
103374 173083
103365 173319
103261 173248
103176 173472
102882 174505
102882 174505
102882 174505
102882 174505
102882 174505
