7035 1622.85
97146 44783
40859 110845
92982 45238
40942 109562
90938 45282
41171 104954
41134 107321
41129 108611
89187 45615
85443 46272
75380 48694
41134 107321
40859 110845
67075 52560
88213 45646
90564 45463
67173 52238
89615 45501
66261 52586
76112 48596
41129 108611
82438 46924
83160 46828
68380 51774
69153 51746
93204 45213
41171 104954
41292 104191
86999 46040
96439 44847
95740 44919
67888 52187
86180 46250
87754 46022
73049 49628
80066 47516
72786 50119
73049 49628
73680 49529
41756 100317
41721 101033
41503 101969
41455 102633
41404 103161
41326 103781
78224 47941
78784 47907
43395 91376
43396 90692
80522 47353
93728 45192
64905 53457
65323 53320
64217 53896
63863 54064
43186 92296
47359 74808
47330 75344
72532 50167
72122 50255
46370 77536
46385 76990
84060 46673
79721 47574
83608 46703
79269 47604
81986 46954
82438 46924
66061 52908
66261 52586
74622 49102
74172 49116
43211 91754
63164 54610
63504 54476
71223 50698
70926 50877
65633 53181
70915 50984
70595 51125
97146 44783
85035 46304
95724 44939
95316 44971
96738 44815
94617 45043
76981 48416
95017 45003
50600 68748
76580 48435
93728 45192
94118 45170
42329 97021
42339 96559
48932 71776
47920 73916
48494 72716
47499 74500
46946 76098
46525 76682
48634 72408
49072 71468
46385 76990
47359 74808
70199 51182
43630 89883
43598 90304
71223 50698
71704 50392
71582 50669
77077 48210
69781 51319
77436 48181
70140 51290
72063 50363
44204 86725
45850 78919
41687 101443
41721 101033
45884 78509
44447 85395
44413 85805
42508 95897
41292 104191
44799 83660
42767 94167
41438 102751
41404 103161
44833 83250
42733 94577
44170 87135
41326 103781
43530 90403
43396 90692
84736 46336
84313 46531
84060 46673
43984 88159
75103 48796
84587 46429
81264 47181
81538 47079
84313 46531
43799 89221
42524 95497
43815 88821
80392 47480
44019 87787
86657 46053
86999 46040
61993 55681
62293 55624
61594 56170
61294 56227
42716 94940
41687 101443
41656 101815
44634 84695
44648 84312
46699 76549
43001 93358
81115 47274
95017 45003
41921 99604
41931 99227
50577 69126
42733 94577
76162 48572
79767 47548
65633 53181
89316 45533
70498 51150
85035 46304
89615 45501
78970 47636
81986 46954
68220 52118
96439 44847
96738 44815
86657 46053
94318 45075
83309 46735
86358 46085
81687 46986
94617 45043
65334 53213
95316 44971
79269 47604
83608 46703
67921 52150
77473 48003
61294 56227
62836 54980
61205 56503
74143 49392
73873 49455
48913 72132
48932 71776
61719 55940
61922 55800
62418 55394
63781 54290
77772 47971
43022 93005
45850 78919
45823 79260
64480 53744
64706 53640
52479 66511
58170 59581
43143 92484
59407 58692
78821 47729
65933 53016
80821 47321
41890 99976
41897 99637
60206 57677
80821 47321
57631 60023
43693 89630
44058 87491
45743 79532
59210 58815
44019 87787
44262 86457
42524 95497
43815 88821
43873 88553
44833 83250
42582 95229
43022 93005
44891 82982
44204 86725
43751 89362
43080 92737
59537 58424
59735 58322
53532 64699
51476 67434
51627 67278
53683 64543
63589 54323
94118 45170
90938 45282
94318 45075
44711 84059
43630 89883
44648 84312
43873 88553
43936 88300
77772 47971
58388 59570
78023 47944
44058 87491
44140 87266
43693 89630
41833 100003
90738 45377
45635 79629
42038 98716
42053 98418
58787 59261
47924 73609
46950 75791
59865 58054
60066 57979
74143 49392
74172 49116
68351 52050
68380 51774
51349 67730
51935 66983
53991 64248
52804 65977
57832 59949
52062 66687
53405 64995
57504 60319
52263 66613
51148 67804
54319 63878
51734 67057
53790 64322
57303 60393
54118 63952
53204 65069
52603 66051
47673 74367
46730 76279
47704 74097
60351 57281
58798 59154
58986 59070
43345 91465
65933 53016
76411 48564
90738 45377
74678 49083
49589 70792
42901 93878
42925 93613
46244 78013
56453 61645
69732 51368
69691 51607
74921 49070
48077 73549
44946 82947
45434 80710
80392 47480
47704 74097
47784 73917
46810 76099
46730 76279
49152 71288
49072 71468
43265 91675
83160 46828
41819 100257
72753 50156
72532 50167
62621 55254
50571 69284
50394 69346
42004 98983
41955 99194
81538 47079
84587 46429
81687 46986
81264 47181
86209 46178
83309 46735
81115 47274
86358 46085
88064 45739
78970 47636
50696 68634
50821 68513
69280 51723
75103 48796
75052 49002
42204 97766
63075 54886
63153 54717
46325 77691
51024 68264
52496 66272
51041 68025
60077 57872
64898 53607
64706 53640
62610 55361
64288 53777
64480 53744
66050 53015
42152 98150
42160 97907
56885 60954
57034 60877
62876 54903
61205 56503
60877 56873
63075 54886
60678 56890
61006 56520
45068 82138
46024 78201
45996 78418
45210 81631
45609 79821
45461 80347
54746 63525
49602 70580
48231 73452
48234 73209
87754 46022
87860 45900
49292 70980
49248 71174
71704 50392
71641 50561
77014 48379
77077 48210
90564 45463
87860 45900
87936 45748
42645 94976
49388 70866
48634 72408
47924 73609
46950 75791
48787 72348
49541 70806
47103 75731
78023 47944
78224 47941
43183 92307
42998 93369
76580 48435
76451 48522
69453 51689
56299 61701
58017 59812
57863 59868
45762 79318
46263 77799
44526 85121
44498 85324
42208 97542
44325 86204
42446 96124
42402 96306
89316 45533
42271 97289
42296 97088
44954 82729
45072 82115
45469 80129
45347 80938
49292 70980
49713 70396
49248 71174
49388 70866
50118 69906
50832 68406
51638 67171
50696 68634
51723 67164
53108 65183
53779 64429
53193 65176
49152 71288
51052 67918
53436 64813
50917 68399
53694 64436
53521 64806
54022 64066
44756 83886
44711 84059
73713 49492
73873 49455
42086 98351
42126 98174
55053 63368
55185 63299
45495 79937
45102 81728
45347 80938
45042 82330
45435 80539
45252 81267
45469 80129
45226 81459
45102 81728
45495 79937
45373 80746
45076 81920
44954 82729
44980 82537
45884 78509
46136 78110
46024 78201
45996 78418
75052 49002
74921 49070
68220 52118
68351 52050
77436 48181
78784 47907
77473 48003
56464 61538
56608 61488
69453 51689
69571 51609
45339 81156
55775 62755
55643 62816
42958 93546
55509 63052
55624 62973
54425 63795
54563 63743
48414 72896
60077 57872
46370 77536
57535 60238
57620 60130
52369 66530
55509 63052
54425 63795
54947 63451
55053 63368
55403 63135
54319 63878
52263 66613
84736 46336
51137 67911
54881 63479
57194 60741
56717 61140
57045 60770
56866 61111
55202 63209
54729 63615
54574 63636
55357 63188
63863 54064
63792 54183
61982 55788
64217 53896
64288 53777
62407 55501
45461 80347
59526 58531
45041 82501
45076 81920
44412 85976
44376 86133
62787 55179
43781 89231
43936 88300
49809 70282
62787 55179
60217 57570
60337 57517
58623 59262
48482 72785
48414 72896
45216 81612
44587 85087
58028 59705
52835 65795
56210 62226
50577 69126
60505 57277
42402 96306
42217 97368
43089 92563
43080 92737
42393 96480
42636 95150
44316 86378
43984 88159
59042 59069
46324 77741
41568 101892
41656 101815
57202 60691
44614 84722
44602 84887
47151 75695
47237 75617
43530 90403
43598 90304
42208 97542
59119 58985
72063 50363
70140 51290
72122 50255
57213 60584
56627 61331
56050 62362
55971 62446
59447 58615
56706 61247
57292 60500
88213 45646
52931 65681
52877 65778
53009 65598
62333 55547
59111 59035
43265 91675
42004 98983
42019 98828
45435 80539
45042 82330
44413 85805
44412 85976
50361 69592
50041 70026
49974 70119
46136 78110
46525 76682
46201 78015
47499 74500
46590 76587
47564 74405
58084 59704
48342 73093
58567 59263
44769 83791
44799 83660
44170 87135
43751 89362
42481 96026
44140 87266
67173 52238
46590 76587
47564 74405
50571 69284
45226 81459
44597 84934
69273 51744
49809 70282
49633 70551
49698 70466
42490 95907
47784 73917
46810 76099
58396 59520
47237 75617
88064 45739
87936 45748
53080 65529
56061 62255
59199 58922
64905 53457
64898 53607
42767 94167
42856 94114
59184 58943
42898 94007
42891 94023
42183 97778
42160 97907
41568 101892
58556 59370
60964 56747
60966 56597
53009 65598
47262 75486
48345 73025
52369 66530
48903 72201
48817 72246
50214 69792
50265 69706
45603 79840
60678 56890
60639 56988
69691 51607
69153 51746
69571 51609
42271 97289
44316 86378
43089 92563
42582 95229
42636 95150
42217 97368
44262 86457
42339 96559
42393 96480
55952 62603
55852 62627
59825 58268
59854 58161
67075 52560
50600 68748
55808 62653
55775 62755
51024 68264
50928 68292
70595 51125
70498 51150
47330 75344
47278 75421
41438 102751
41455 102633
73680 49529
48787 72348
48817 72246
56224 62161
78821 47729
59210 58815
42019 98828
42038 98716
56239 61944
56280 61858
58452 59382
41756 100317
41819 100257
41503 101969
63578 54430
63504 54476
53093 65418
53097 65290
60636 57117
60340 57388
48345 73025
60639 56988
42901 93878
60337 57517
62787 55179
42856 94114
44376 86133
44498 85324
44447 85395
50299 69649
46263 77799
45823 79260
45762 79318
47673 74367
45635 79629
53082 65525
56105 62229
59825 58268
59761 58319
60917 56796
60966 56597
61594 56170
59442 58660
61634 56093
60545 57200
62293 55624
61705 55974
60505 57277
62876 54903
60877 56873
61665 56051
61006 56520
50372 69563
50383 69453
58159 59688
54574 63636
57292 60500
62621 55254
56877 61004
56608 61488
63153 54717
60066 57979
59537 58424
53790 64322
58017 59812
70915 50984
59854 58161
50394 69346
52051 66794
53425 64920
51955 66908
54011 64173
50821 68513
70926 50877
52496 66272
66061 52908
60206 57677
51966 66801
51380 67548
52507 66165
63164 54610
51465 67541
52592 66158
56619 61381
57034 60877
63578 54430
59865 58054
53532 64699
61993 55681
52603 66051
50928 68292
54118 63952
60340 57388
56050 62362
58164 59675
51148 67804
51627 67278
55624 62973
56706 61247
54563 63743
57303 60393
55635 62866
50383 69453
51041 68025
56717 61140
53683 64543
53097 65290
56280 61858
56239 61944
55952 62603
51734 67057
58798 59154
56464 61538
65334 53213
65323 53320
56228 62051
53093 65418
63792 54183
56291 61751
60217 57570
57620 60130
58561 59357
51369 67655
55963 62496
54107 64059
57045 60770
62610 55361
51476 67434
53204 65069
57213 60584
52824 65902
42702 94949
45743 79532
57535 60238
57504 60319
57832 59949
57863 59868
56228 62051
42958 93546
50214 69792
50044 69933
50140 69819
45252 81267
45284 81191
50140 69819
44756 83886
44769 83791
49878 70233
54729 63615
55185 63299
55202 63209
43211 91754
52913 65712
45038 82525
45373 80746
52062 66687
55357 63188
55403 63135
52051 66794
52507 66165
51380 67548
51966 66801
52592 66158
54107 64059
51465 67541
69781 51319
69732 51368
86180 46250
86209 46178
42296 97088
42086 98351
42053 98418
42925 93613
42329 97021
44581 85106
54881 63479
54947 63451
48125 73513
48178 73470
60917 56796
60636 57117
60964 56747
45603 79840
49878 70233
58452 59382
58402 59426
42460 96038
42446 96124
71608 50598
71582 50669
70199 51182
58402 59426
60589 57166
45284 81191
44891 82982
51955 66908
53405 64995
53425 64920
51349 67730
54011 64173
52804 65977
53991 64248
52824 65902
51369 67655
51935 66983
40859 110845
48318 73162
59526 58531
50265 69706
50299 69649
50041 70026
50044 69933
49942 70176
49974 70119
47262 75486
41890 99976
47103 75731
48112 73547
47151 75695
60589 57166
76411 48564
76451 48522
43345 91465
43394 91434
49713 70396
49698 70466
60545 57200
74622 49102
74678 49083
49930 70210
47278 75421
48494 72716
48482 72785
76112 48596
62347 55513
61922 55800
44325 86204
56218 62176
48913 72132
48903 72201
48265 73180
48231 73452
48318 73162
48178 73470
44980 82537
79721 47574
79767 47548
44526 85121
61634 56093
61665 56051
56105 62229
55808 62653
55852 62627
72753 50156
67921 52150
77014 48379
72786 50119
71608 50598
73713 49492
67888 52187
71641 50561
46699 76549
57631 60023
59407 58692
49541 70806
56453 61645
58623 59262
58986 59070
54746 63525
48265 73180
49633 70551
48234 73209
45339 81156
43211 91754
41955 99194
41897 99637
41931 99227
41921 99604
56874 61061
57194 60741
56627 61331
55971 62446
55963 62496
56619 61381
56885 60954
56866 61111
56299 61701
55635 62866
56874 61061
56291 61751
43395 91376
43394 91434
76981 48416
42152 98150
42126 98174
44597 84934
44602 84887
46201 78015
52931 65681
52913 65712
59447 58615
44634 84695
44614 84722
61719 55940
62347 55513
61705 55974
55643 62816
48125 73513
49930 70210
49942 70176
80821 47321
63589 54323
44946 82947
45339 81156
49602 70580
41833 100003
50372 69563
52479 66511
56061 62255
95740 44919
95724 44939
47673 74367
42645 94976
42183 97778
42460 96038
59761 58319
59735 58322
80821 47321
43799 89221
