1 0.0634678
377915 308526 311785 311252
357855 337440 282938 319859
337243 294053 326513 318594
335889 321234 311824 282614
333606 309042 306716 342786
320233 342293 337589 300625
316051 351457 315736 306302
306854 338548 317911 322260
362402 316110 323824 305612
318728 307430 315973 324372
310525 317702 286221 312802
328749 309985 334806 315269
342241 320485 294223 310029
331674 301533 313969 309409
333850 350534 300251 309562
335865 295503 327368 305479
357855 337440 282938 319859
353090 327137 305868 303329
347471 313787 295097 316309
336638 327803 311213 289205
331480 330648 305534 299680
334986 339252 296967 305821
325419 332434 310303 289288
340179 306839 309048 313307
322263 343482 299296 311177
345701 316933 313530 286332
339416 306283 314130 307774
348352 338253 301710 306762
333484 340235 301381 309863
323972 325832 320042 307716
308774 327516 321947 308036
322838 325431 323842 309500
342264 316416 310164 294793
310525 317702 286221 312802
322263 343482 299296 311177
343789 331996 305303 302610
326821 321971 318454 300220
354539 311959 307128 313007
341042 332817 301727 296614
336079 319373 314540 297931
329111 311887 317619 322164
331901 318947 317519 308983
319056 351250 303395 295997
345701 316933 313530 286332
324887 312930 314131 321594
318728 307430 315973 324372
335634 297157 302228 319836
322397 335169 310053 308071
327042 315863 336471 312755
306854 338548 317911 322260
355060 333907 299478 309700
328757 309658 325678 304422
343531 331333 304513 302864
347020 319285 303881 305233
335634 297157 302228 319836
328749 309985 334806 315269
331893 336264 302577 309039
320022 320698 325313 310788
327520 313493 300143 315492
326821 321971 318454 300220
342264 316416 310164 294793
335865 295503 327368 305479
323170 332547 320535 309066
308198 332349 316112 312045
325029 319475 320524 307865
308198 332349 316112 312045
327638 338103 304842 311554
342241 320485 294223 310029
327042 315863 336471 312755
355060 333907 299478 309700
320022 320698 325313 310788
327638 338103 304842 311554
331554 319089 306633 300498
339416 306283 314130 307774
331554 319089 306633 300498
323170 332547 320535 309066
371624 305738 335579 320528
347749 301970 316403 322136
339268 328103 324749 291137
333638 342590 288435 321623
329661 330674 336666 308700
329112 317878 319569 341504
329074 375409 313333 303849
310639 332616 322621 321533
330896 364559 312605 307377
359455 323679 298080 323325
329074 375409 313333 303849
341285 341424 296130 327650
344448 309825 335951 331732
334593 355450 308468 311598
351841 333200 305644 297390
322239 324368 333851 317126
343065 312079 302417 328319
350273 316834 314028 321209
356072 321378 306023 305912
329917 345547 297774 339389
322728 319057 300897 314611
314414 328546 315374 334706
347809 311652 320966 311468
345132 308652 316899 318476
318876 324321 335439 312865
316459 325642 301176 325017
333277 315109 319203 331139
332436 352095 316082 293263
342085 337249 317273 299317
328783 346864 317508 301402
356267 321166 323823 309267
327138 317204 326351 340311
332436 352095 316082 293263
333652 323347 300147 316204
329659 327735 329372 313422
315691 325363 310384 323845
316522 322520 326403 321815
320596 324987 325683 318454
310639 332616 322621 321533
313958 330123 308177 315739
339268 328103 324749 291137
335607 334291 316453 308298
314414 328546 315374 334706
346738 321536 317804 295568
351745 308747 326984 312945
351740 340872 306170 302468
333089 324966 298670 318361
325843 343432 318758 309641
334593 355450 308468 311598
328940 348245 315570 311395
329659 327735 329372 313422
346738 321536 317804 295568
332481 336811 305052 311615
332187 323757 307536 314448
325843 343432 318758 309641
343413 324838 300635 310711
322412 333374 303700 321111
322239 324368 333851 317126
345797 321356 318637 306425
347326 311965 322061 313467
332928 340174 320050 306145
326878 329036 298156 321455
329917 345547 297774 339389
341614 327609 297602 327201
336359 312744 307990 327271
342790 326995 310004 301738
341285 341424 296130 327650
337472 342641 309762 311223
356238 327762 297537 315891
340686 312020 326937 315249
337400 341939 303768 312412
331014 338868 316721 307336
329112 317878 319569 341504
340764 324450 322312 302139
332581 341051 311319 307497
342972 347485 308869 306898
340121 326142 312618 307664
337308 335430 316320 310064
341799 331483 316697 306215
336233 315317 312794 324539
329345 336361 317510 314031
332332 328716 323809 314120
343346 314198 315099 314536
336828 314013 324429 310141
337472 342641 309762 311223
322622 338155 312953 313975
342972 347485 308869 306898
332508 332843 325865 301547
336828 314013 324429 310141
341660 331195 318681 298270
337400 341939 303768 312412
332581 341051 311319 307497
341744 337059 306700 309068
340121 326142 312618 307664
336130 330929 335558 301675
313958 330123 308177 315739
332924 340517 324212 297670
341744 337059 306700 309068
336233 315317 312794 324539
332924 340517 324212 297670
331014 338868 316721 307336
343346 314198 315099 314536
322622 338155 312953 313975
328940 348245 315570 311395
337308 335430 316320 310064
341660 331195 318681 298270
332332 328716 323809 314120
333192 321452 317635 302390
332373 321375 303707 312823
333192 321452 317635 302390
341614 327609 297602 327201
351745 308747 326984 312945
332373 321375 303707 312823
365848 320035 323264 318215
356735 350271 290516 324436
346616 314687 327112 310164
345197 315611 336124 323067
343355 331199 324309 298972
341587 360359 306001 311757
327735 340919 311926 349009
315770 334512 315055 328265
329226 322143 311944 338104
344810 355766 317681 300943
360359 328034 297834 320755
328419 328180 314485 329801
323866 321042 314751 322784
343490 341427 315210 302115
352151 323920 333834 305573
325372 349780 321091 321827
331343 326125 309648 318391
338502 335178 329930 314542
338972 316155 322859 328897
327494 345575 326820 318142
350765 315799 326104 323879
360359 328034 297834 320755
347705 325364 306010 314628
352703 322296 302455 326171
337269 337773 320806 306696
330063 320995 304966 326460
361839 323289 307463 311858
352587 350843 306606 305527
324659 329448 312756 326131
330206 328568 322044 320296
326443 339084 334427 314950
353872 322982 311210 317898
327794 338745 302478 316602
328483 319105 319118 322586
328068 332834 310933 318197
334535 340358 329354 308264
338702 339788 317070 313796
338567 330328 327855 308379
340713 318812 334403 310586
335567 344866 309869 312438
345942 327009 313623 305118
345704 335727 315897 306808
329922 319459 328672 317453
334561 336655 323440 305482
341747 338173 315653 312561
332864 328812 305984 315511
343008 337825 325152 305413
335567 344866 309869 312438
332963 323674 309730 315553
344359 322991 311416 321694
345942 327009 313623 305118
361839 323289 307463 311858
345690 320157 314592 323903
340713 318812 334403 310586
341627 329085 324747 311912
352587 350843 306606 305527
363588 339021 304875 323046
362282 317083 358287 314398
357686 343831 303687 321326
352017 355256 337501 301772
339101 358533 335075 309468
326243 324689 332969 343823
325776 328579 316745 326638
327612 345379 348384 326176
339917 334751 310231 333629
353986 320480 332619 322511
358467 330812 319730 306344
339037 350998 305656 342454
349141 342044 343277 310270
362311 330191 323549 310126
342047 336535 306674 331083
329327 350569 311499 330326
333509 325872 322716 316009
336516 328429 318477 315650
343823 339376 333505 312223
330117 324082 312405 330374
334483 321994 319563 326432
349479 326521 306233 323621
346200 321193 313745 328506
338037 332953 318239 317637
329780 340643 314983 325967
347291 338326 317507 313799
344348 344893 315206 313646
338226 326531 317880 321048
330066 333533 315863 318229
329679 336645 311457 328033
342534 329163 312732 329451
333822 334587 313132 317866
344014 329396 312764 316229
349332 350939 313978 313827
338609 333446 317546 323147
352289 331666 306619 324358
344623 349275 330672 313649
344381 328948 318565 320389
333744 332170 326190 335122
335371 334884 328188 328509
334059 342069 315064 318393
337781 337673 325048 315743
349867 333131 323022 317323
347534 330041 313632 319390
341913 332527 326631 319524
343234 329718 323520 321013
333908 338412 320919 318371
347420 331736 314172 318318
356997 336958 322083 320610
352688 337871 322586 327873
343620 350897 315921 321119
340488 344823 340387 317088
335266 352762 333871 321596
355729 343965 323543 320036
336135 338506 322539 325325
366740 302522 300331 298006
339201 337462 284274 293283
333199 299887 319750 302510
323403 344163 309121 311291
322415 322395 328039 288639
320457 308125 317776 334187
311478 328184 332300 327694
307588 335384 324814 316652
365674 315980 293672 303647
351519 312048 313126 311699
330906 326905 301813 300395
315574 334324 306740 311766
331827 322111 315116 290586
324541 338795 310163 303195
333486 323565 296751 315760
326336 309003 309207 313375
325631 317030 331895 300841
335337 325819 300217 312936
323101 308185 295161 329833
322415 322395 328039 288639
334818 313462 316996 294142
345335 325284 295008 304613
318285 320121 317981 325658
314581 334130 313271 298998
366740 302522 300331 298006
335117 307362 303316 317494
337427 328854 292575 298683
320457 308125 317776 334187
347347 321209 308888 293584
351187 330618 287090 324382
348345 320152 290302 320217
320401 310495 315671 320737
321030 301274 318728 306768
324553 337488 303175 307894
323910 329085 293299 310403
339080 318285 310728 306644
323938 323574 320743 301155
314244 329599 324719 324290
313482 329948 309765 327045
334968 321784 304303 305240
351519 312048 313126 311699
311930 323158 324109 324453
325450 312970 327938 304928
337718 324851 302753 301324
311478 328184 332300 327694
338649 310098 294660 312953
346632 327908 288705 317993
346632 327908 288705 317993
320930 326051 309071 328051
324010 314245 303430 307180
313943 332862 310119 305988
312865 334998 303142 319802
314165 330726 318329 320197
326195 321707 325453 301563
333199 299887 319750 302510
350745 312762 324995 294000
320401 310495 315671 320737
311930 323158 324109 324453
323618 319358 318512 314213
323101 308185 295161 329833
348345 320152 290302 320217
323618 319358 318512 314213
313943 332862 310119 305988
345335 325284 295008 304613
334087 317864 316083 305181
326198 313275 316689 303599
320662 328714 310446 325732
334087 317864 316083 305181
326195 321707 325453 301563
335117 307362 303316 317494
324010 314245 303430 307180
312865 334998 303142 319802
323938 323574 320743 301155
350745 312762 324995 294000
320662 328714 310446 325732
314244 329599 324719 324290
365040 322046 312370 308603
359402 312979 334602 303215
358572 303041 326421 312241
352068 344895 291884 320728
351051 341553 306725 293982
344527 321962 301782 335421
335560 357526 315168 302628
313967 336073 331249 313102
360357 318047 304591 331623
350209 340535 296341 315615
316619 332209 321401 326464
326972 346485 299062 329869
336508 352283 322192 294831
327720 323248 310940 328677
341606 339134 299630 318949
353672 326751 329361 297312
317973 340231 313513 332691
342169 316232 323131 298034
333057 322639 333854 305725
335560 357526 315168 302628
333312 345929 314797 303978
322524 326629 318770 319898
333845 307684 321274 310292
332678 347458 301628 318027
317215 342349 312291 322782
313967 336073 331249 313102
365040 322046 312370 308603
336914 337223 318006 299299
337003 310244 311732 324871
321048 326472 320516 310713
353672 326751 329361 297312
328613 326217 319505 321282
336508 352283 322192 294831
332254 327893 305921 326950
348162 342761 324281 297022
324756 328060 317867 332661
338338 348915 307133 300726
339763 329353 293143 324556
352851 332596 302618 308015
329054 348417 302327 310469
331301 321279 320208 318583
332066 314430 311953 325213
326342 315085 314465 324782
330401 316541 308316 321680
346378 339558 293722 320614
350059 317151 310428 320582
351058 317070 316115 314909
331065 332764 316744 306245
324168 350422 330337 302379
333158 323052 332307 301585
344571 328452 316788 299374
348162 342761 324281 297022
338221 329858 301870 308718
338680 327215 309371 314245
334048 334727 314283 307769
360129 309478 321112 310158
327379 340485 303700 312182
337722 319116 320745 300302
319710 344597 312311 314567
330886 342645 308017 307538
324168 350422 330337 302379
331670 334946 304041 313651
335326 327447 321071 299649
319076 332908 312573 316929
346402 323186 305574 321192
327950 319617 323410 317583
326554 342831 313157 313737
347402 314978 320093 318858
319650 335541 311069 315405
352432 334162 299244 317922
348841 326727 313412 302209
338953 318179 315389 309274
317687 335644 332605 324006
346060 307706 318819 332503
330234 350216 299291 317874
333585 322561 322380 301985
347567 327039 310367 307778
319076 332908 312573 316929
346060 307706 318819 332503
333597 319864 311594 311637
336753 319524 315616 309308
342623 327143 299474 317127
351051 341553 306725 293982
330490 346732 315761 302807
317687 335644 332605 324006
327760 329505 318491 320911
331818 329191 319340 308535
333597 319864 311594 311637
328406 327462 312295 317293
320166 336535 306275 325139
339609 336561 311865 300294
339293 336759 305798 300701
320166 336535 306275 325139
346378 339558 293722 320614
340620 347326 299583 300514
360129 309478 321112 310158
338468 348617 308929 299535
317432 346690 315717 307666
338468 348617 308929 299535
340535 322907 299277 321308
326554 342831 313157 313737
338221 329858 301870 308718
340620 347326 299583 300514
342623 327143 299474 317127
330886 342645 308017 307538
340535 322907 299277 321308
331818 329191 319340 308535
339454 314559 305759 320679
330234 350216 299291 317874
339454 314559 305759 320679
344571 328452 316788 299374
361796 326259 301473 323830
353536 331868 295628 329380
346571 308138 333085 322438
345466 344939 308318 301895
334552 327492 308342 337147
334370 311881 334273 318715
328499 351596 304615 315807
320048 336036 320549 319104
324447 348289 324424 312997
357035 339306 311758 304822
361796 326259 301473 323830
331036 341287 310547 318666
336333 320037 332844 319837
347682 323941 325620 306753
336560 326489 321309 335951
340003 314164 324385 311788
337175 323652 311834 330609
331251 334113 327881 315893
352508 330348 319983 304895
333471 328098 317072 327472
354336 344488 297275 324642
347119 320464 314478 320175
331584 329982 329108 310934
343160 317409 312610 336496
331748 322738 323215 325671
327481 343301 306953 313822
322233 350569 328902 310449
344172 316884 323626 311501
350038 323561 306523 324808
349819 310888 321865 322716
338470 343140 312394 315247
341812 323721 325028 308012
343431 337484 315751 303422
337509 332928 323492 302687
332249 335468 324916 321414
346571 308138 333085 322438
354336 344488 297275 324642
345466 344939 308318 301895
349803 336217 307111 323692
341561 341770 309154 303840
348336 328548 309019 320990
341017 350078 302324 329109
322233 350569 328902 310449
340694 334032 314791 327981
341017 350078 302324 329109
337024 333476 320391 314328
348860 327807 304693 336488
337290 339051 308481 319072
345885 333706 316752 311450
334598 336121 315086 315150
351708 330338 309527 313736
333882 330237 322447 320981
352142 336688 309145 311295
340106 317147 315959 322616
340992 326894 312524 325386
334370 311881 334273 318715
337323 341678 315648 315094
333875 311268 322774 321492
341812 323721 325028 308012
351708 330338 309527 313736
348860 327807 304693 336488
333875 311268 322774 321492
368690 337564 306953 336372
353380 344012 316412 303956
348178 316172 328096 324428
342076 326900 325297 338891
333883 336033 337260 316288
325519 359185 334421 331558
324486 337835 336043 325218
336836 350773 329751 311821
356116 331803 319115 319574
347446 318059 318577 330215
344529 333927 315425 329014
327942 344234 323247 319018
341470 320861 329080 315060
340078 339178 332412 308473
335838 328581 335838 324990
342741 346706 315173 306919
348706 334798 310681 334755
332424 341294 325107 323823
349842 344123 313256 307054
338605 346961 321292 314090
338061 341141 320882 326016
343387 340032 309084 332476
340652 336260 325912 308831
355605 338272 318875 322774
353967 331818 326354 321192
334660 340518 326811 316693
344424 343613 311526 320643
353725 341419 313946 313127
344406 323131 323980 324029
340043 322535 326631 332164
348019 341310 321449 318327
340095 342348 309309 320898
336693 340770 322929 318464
344292 340164 319903 324492
348112 324468 315236 332349
349640 341372 310809 330906
348710 342068 323189 312443
375469 336132 311028 334829
356745 361373 318388 309941
352009 345103 319060 307425
345059 356647 321590 335558
342520 335501 332831 319755
349979 347851 332481 313587
343939 343525 329101 332297
362445 335983 317937 330073
356146 339521 329707 318467
345589 346554 317169 325388
349740 345507 319587 327422
352435 346357 318221 326568
356981 353814 319998 329378
348902 347338 322185 327145
355217 298728 296024 313632
345913 326371 306947 289879
331940 293027 290221 343249
330660 325390 285024 335962
326959 315646 337415 309228
322536 363903 333699 295659
306952 345792 314740 322590
311246 347177 327239 298129
322536 363903 333699 295659
320824 356686 299762 308335
353090 345205 290792 327376
350144 328562 291642 321701
319159 330369 329155 299595
332157 346451 310319 292115
335535 303907 307309 328497
315670 343057 321840 302082
307567 336874 317194 331332
327655 330417 327006 296289
308733 326194 314512 313403
330506 321262 292879 314428
343071 307497 303319 310358
328153 302665 324505 290387
328153 302665 324505 290387
317215 322300 321310 320567
321697 329039 322049 311347
318460 305034 325249 311200
340107 341346 294536 299468
318497 328587 297946 339769
319017 334408 317889 296673
334516 326607 290912 324277
338342 358240 301505 297252
307567 336874 317194 331332
324519 325863 294411 318973
338386 313671 318580 303458
339566 311392 294850 320998
326824 323492 311399 312295
318512 339517 307224 302531
318141 322628 318158 337923
338177 310708 314659 324833
336308 325912 312576 304299
311246 347177 327239 298129
314827 324757 301584 313998
347449 309369 305179 305783
324317 330331 312489 305044
330841 316388 300127 338100
322798 325694 309343 312166
343071 307497 303319 310358
340785 309980 308282 311523
326015 319472 317464 306467
347449 309369 305179 305783
318497 328587 297946 339769
325484 310714 307813 314006
341163 315465 300856 312184
341912 317359 311787 310916
330371 315615 315840 304527
334303 335222 305495 303735
314827 324757 301584 313998
330506 321262 292879 314428
328048 319093 319346 309789
321138 338265 300175 300325
339778 307056 315223 325746
339778 307056 315223 325746
324519 325863 294411 318973
324500 326488 316816 308703
335820 314260 319571 313351
338342 358240 301505 297252
339470 324681 294032 301717
320824 356686 299762 308335
317215 322300 321310 320567
321218 324206 304800 313731
331682 327917 315048 304068
321138 338265 300175 300325
333356 314602 305372 321333
326081 328455 310333 301603
335820 314260 319571 313351
331210 324684 318618 304296
332374 334750 308782 305565
341912 317359 311787 310916
333356 314602 305372 321333
339468 334846 312351 299614
326015 319472 317464 306467
326081 328455 310333 301603
334453 317147 305409 312088
334303 335222 305495 303735
330371 315615 315840 304527
321218 324206 304800 313731
332374 334750 308782 305565
328048 319093 319346 309789
339468 334846 312351 299614
338377 322840 317224 296305
331682 327917 315048 304068
336308 325912 312576 304299
338377 322840 317224 296305
369651 329866 324116 300868
346653 355854 325836 290517
333778 327063 296017 325030
330025 305616 326189 328888
322685 360656 310220 319980
321941 315106 345385 316425
314316 326584 327467 338914
343803 349976 316757 297157
349515 330790 320827 304684
318611 330531 340242 318102
356275 312107 311724 314680
316522 341264 311197 330576
363388 335049 299838 318941
344179 335336 326520 293802
358004 315784 317333 310700
318544 346835 317891 304240
330638 351762 320733 300157
364985 321906 300898 314782
368185 311137 334068 311809
318190 348051 303742 326785
340738 326754 299386 323628
344568 310378 320812 333640
321941 315106 345385 316425
366698 309341 305904 330219
331107 339900 325480 291540
343959 325297 304402 324757
322685 360656 310220 319980
336164 313286 328988 325340
327577 319663 318850 314892
322655 332616 305807 338419
345595 328150 302849 319773
329746 329629 307004 334529
323032 329210 337094 315874
346403 333961 312437 298573
326890 321835 312865 336523
332787 318976 321884 317875
325604 338109 297450 322169
321841 329240 310375 326177
345500 335991 297725 320068
327217 326006 309316 317775
322720 338321 303766 301156
345377 339605 307696 300647
323738 316062 325610 312268
348469 318655 320271 307430
324093 327483 320016 321536
334550 317642 312052 323390
338386 324324 325487 302394
345081 337623 312801 308015
329640 311014 331019 314950
340672 318283 328584 307457
337832 325019 308864 316634
325730 341128 318506 300798
328733 331816 303255 321956
335235 315036 316943 315361
326751 335071 323400 299817
317560 347852 319845 314575
348068 318593 310339 323303
338873 308720 326250 314957
333381 337089 299429 323484
357526 321869 315960 307445
314323 328499 334194 320232
334832 317980 323355 320295
339719 323328 314745 313999
316522 341264 311197 330576
331107 339900 325480 291540
346943 326712 310715 306269
318995 331682 332488 318758
339719 323328 314745 313999
335491 327122 336020 298017
344890 323619 307472 316811
337261 318119 313733 315119
338662 313052 310201 329498
318995 331682 332488 318758
326890 321835 312865 336523
323032 329210 337094 315874
330121 328550 306492 314851
336241 323990 311479 330303
328885 322680 322008 309531
333778 327063 296017 325030
344397 330930 334514 302365
369651 329866 324116 300868
346943 326712 310715 306269
335231 319440 323585 311090
319970 339854 313552 318788
346175 327494 314730 314568
322179 339830 314644 323598
344397 330930 334514 302365
322655 332616 305807 338419
318544 346835 317891 304240
335612 331464 310341 309669
322033 334971 322745 316792
338873 308720 326250 314957
324968 324736 319607 317991
329640 311014 331019 314950
330696 323180 320773 307795
335491 327122 336020 298017
337433 324020 313385 315157
336164 313286 328988 325340
328885 322680 322008 309531
346894 334195 309172 298140
323738 316062 325610 312268
324968 324736 319607 317991
338662 313052 310201 329498
344964 330273 322789 304477
322042 337948 318697 310029
319970 339854 313552 318788
328955 324653 313100 321889
325690 319390 316121 325048
328955 324653 313100 321889
345682 322245 306906 323388
345682 322245 306906 323388
346894 334195 309172 298140
322042 337948 318697 310029
344964 330273 322789 304477
325690 319390 316121 325048
335231 315953 320808 311868
335231 315953 320808 311868
367043 315513 316739 318901
348431 324768 316938 341509
347379 343249 317026 299433
344773 322302 341082 316726
343873 330584 296355 329714
331468 313375 330832 329822
330621 364131 306421 323336
323770 361885 308168 325297
358933 342752 318941 306380
349022 326656 317634 336518
335689 347402 311524 308285
339927 337439 326817 304696
330978 357767 317568 313974
327412 320702 319374 331910
333963 326567 339162 309027
346707 339520 333206 300433
353587 339811 313046 308724
337910 339772 302398 322415
336610 338429 328312 302928
328463 335365 312750 327278
331972 354270 318972 307251
327765 341212 321048 320173
342608 326295 327161 310195
337194 317016 324209 319067
353197 345254 310444 307160
325608 342890 319816 311671
335708 330904 304857 340791
331571 342123 300224 328810
325375 344887 323595 324759
350953 329658 313358 331401
323911 354719 320831 314160
337216 319429 322386 331465
338055 345109 304564 310915
346029 327439 320324 316358
333007 332085 307515 316315
348273 325027 327904 303316
344764 334463 314182 309906
327859 329290 325718 331846
335764 330911 331618 308332
336570 342750 305437 318236
330746 333001 306596 326171
331468 313375 330832 329822
333614 334210 310589 315699
346707 339520 333206 300433
336947 332791 316270 311045
329869 334857 312225 322884
334267 326413 319400 323620
331571 342123 300224 328810
351173 326993 325912 306905
331813 322168 322612 317234
331974 332183 308623 316594
330357 334044 314015 322813
330391 337529 308199 317245
333666 343293 322396 308797
324505 345081 318973 303303
324081 332761 312299 331895
351173 326993 325912 306905
331974 332183 308623 316594
364425 357787 314978 312650
346944 372750 310040 321321
346072 349058 323302 304097
340140 319037 326309 325322
335608 326711 329768 327353
331395 352465 332750 321988
329770 352816 325954 323564
341714 350351 320381 309369
336092 359763 327786 313421
352152 326977 332112 312565
348816 337164 318006 311772
339695 341831 319444 316641
345081 327234 323016 325817
338603 320238 328817 320002
337193 339485 324646 314710
338880 347864 311233 321167
350985 335262 331768 310594
337392 334503 321414 316807
336909 335642 326477 319150
333510 333628 322190 327268
341259 347657 322321 310012
333742 336874 326473 327032
365541 340102 321720 320817
352290 335345 326249 333695
345976 338492 343397 318362
342870 326185 326826 327289
340247 355780 325622 316169
334981 333729 326771 331732
345611 341024 325068 320735
340649 339382 324547 320949
348534 357234 327278 341784
345847 328405 328124 334653
