2 0.36053
1.61238e+06 1.61918e+06 1.6353e+06 1.59003e+06
1.63524e+06 1.56842e+06 1.64161e+06 1.61454e+06
1.61172e+06 1.57211e+06 1.59776e+06 1.63797e+06
1.68207e+06 1.60182e+06 1.64778e+06 1.61252e+06
1.6281e+06 1.57681e+06 1.59703e+06 1.60792e+06
1.62103e+06 1.60583e+06 1.59603e+06 1.60894e+06
1.65384e+06 1.57486e+06 1.5797e+06 1.6488e+06
1.62892e+06 1.59364e+06 1.59153e+06 1.61078e+06
1.64717e+06 1.60462e+06 1.63876e+06 1.59122e+06
1.61228e+06 1.60631e+06 1.58648e+06 1.61635e+06
1.64327e+06 1.59219e+06 1.62807e+06 1.63492e+06
1.62204e+06 1.5893e+06 1.62544e+06 1.67964e+06
1.64277e+06 1.61186e+06 1.56127e+06 1.63807e+06
1.65374e+06 1.59452e+06 1.6329e+06 1.63635e+06
1.58843e+06 1.60688e+06 1.58907e+06 1.64053e+06
1.61746e+06 1.56522e+06 1.64516e+06 1.62517e+06
1.63069e+06 1.59456e+06 1.65125e+06 1.60427e+06
1.60788e+06 1.60773e+06 1.62285e+06 1.66564e+06
1.61518e+06 1.58592e+06 1.57691e+06 1.65385e+06
1.61959e+06 1.56806e+06 1.58787e+06 1.63182e+06
1.59992e+06 1.61651e+06 1.58644e+06 1.61629e+06
1.64277e+06 1.61186e+06 1.56127e+06 1.63807e+06
1.60466e+06 1.64716e+06 1.62287e+06 1.60798e+06
1.58372e+06 1.55268e+06 1.61982e+06 1.61805e+06
1.59316e+06 1.59161e+06 1.60525e+06 1.58294e+06
1.62977e+06 1.59256e+06 1.60545e+06 1.63352e+06
1.6271e+06 1.58927e+06 1.61215e+06 1.61757e+06
1.59772e+06 1.58015e+06 1.62828e+06 1.65692e+06
1.56774e+06 1.58833e+06 1.63475e+06 1.64774e+06
1.61104e+06 1.60271e+06 1.5722e+06 1.62764e+06
1.64757e+06 1.59213e+06 1.60966e+06 1.62466e+06
1.5809e+06 1.61281e+06 1.61681e+06 1.656e+06
1.62949e+06 1.59037e+06 1.55277e+06 1.64357e+06
1.63189e+06 1.62789e+06 1.63327e+06 1.6326e+06
1.63191e+06 1.58552e+06 1.65456e+06 1.6431e+06
1.59694e+06 1.59774e+06 1.64831e+06 1.60575e+06
1.61442e+06 1.57356e+06 1.61388e+06 1.61716e+06
1.60982e+06 1.5832e+06 1.62747e+06 1.67884e+06
1.64751e+06 1.57332e+06 1.63164e+06 1.6503e+06
1.66069e+06 1.5773e+06 1.59076e+06 1.64114e+06
1.61104e+06 1.60271e+06 1.5722e+06 1.62764e+06
1.58894e+06 1.58492e+06 1.62185e+06 1.60755e+06
1.65162e+06 1.58226e+06 1.60596e+06 1.65281e+06
1.67983e+06 1.5694e+06 1.62664e+06 1.61413e+06
1.62463e+06 1.57434e+06 1.61231e+06 1.63653e+06
1.65118e+06 1.60808e+06 1.60168e+06 1.59343e+06
1.59011e+06 1.60885e+06 1.59067e+06 1.637e+06
1.64971e+06 1.62263e+06 1.6145e+06 1.62849e+06
1.60319e+06 1.61552e+06 1.58984e+06 1.60998e+06
1.68207e+06 1.60182e+06 1.64778e+06 1.61252e+06
1.62563e+06 1.622e+06 1.68336e+06 1.62739e+06
1.56774e+06 1.58833e+06 1.63475e+06 1.64774e+06
1.62265e+06 1.62278e+06 1.60255e+06 1.67871e+06
1.6551e+06 1.55751e+06 1.58652e+06 1.62818e+06
1.60251e+06 1.62645e+06 1.60452e+06 1.62277e+06
1.63575e+06 1.58708e+06 1.59211e+06 1.62098e+06
1.63524e+06 1.56842e+06 1.64161e+06 1.61454e+06
1.62165e+06 1.56944e+06 1.60651e+06 1.61325e+06
1.6412e+06 1.61222e+06 1.62213e+06 1.66223e+06
1.57791e+06 1.58774e+06 1.57439e+06 1.6199e+06
1.62599e+06 1.57747e+06 1.64067e+06 1.65776e+06
1.64327e+06 1.59219e+06 1.62807e+06 1.63492e+06
1.6281e+06 1.57681e+06 1.59703e+06 1.60792e+06
1.59115e+06 1.59176e+06 1.61284e+06 1.6562e+06
1.64836e+06 1.58904e+06 1.54611e+06 1.63617e+06
1.61786e+06 1.58105e+06 1.62024e+06 1.66154e+06
1.61786e+06 1.5913e+06 1.5997e+06 1.62176e+06
1.63642e+06 1.54844e+06 1.60756e+06 1.6474e+06
1.61506e+06 1.57304e+06 1.57475e+06 1.62146e+06
1.62064e+06 1.56441e+06 1.53722e+06 1.63348e+06
1.63186e+06 1.5908e+06 1.64047e+06 1.58446e+06
1.5996e+06 1.59044e+06 1.60362e+06 1.63382e+06
1.6355e+06 1.56493e+06 1.60349e+06 1.61746e+06
1.6142e+06 1.587e+06 1.62904e+06 1.61218e+06
1.6012e+06 1.59823e+06 1.60431e+06 1.64666e+06
1.58527e+06 1.58824e+06 1.66905e+06 1.58475e+06
1.57606e+06 1.62687e+06 1.63372e+06 1.62449e+06
1.60887e+06 1.59852e+06 1.62762e+06 1.60819e+06
1.59782e+06 1.60424e+06 1.64045e+06 1.60382e+06
1.63885e+06 1.59167e+06 1.59994e+06 1.63875e+06
1.63327e+06 1.59739e+06 1.60025e+06 1.67804e+06
1.61097e+06 1.60342e+06 1.61727e+06 1.6253e+06
1.68716e+06 1.63027e+06 1.6003e+06 1.64714e+06
1.6104e+06 1.64137e+06 1.64426e+06 1.61974e+06
1.5956e+06 1.55656e+06 1.60105e+06 1.63225e+06
1.66193e+06 1.62334e+06 1.59153e+06 1.6202e+06
1.64013e+06 1.54827e+06 1.62344e+06 1.62797e+06
1.63248e+06 1.61776e+06 1.59152e+06 1.63595e+06
1.60466e+06 1.57745e+06 1.62022e+06 1.63093e+06
1.60243e+06 1.61668e+06 1.64336e+06 1.61454e+06
1.60372e+06 1.62858e+06 1.60628e+06 1.61614e+06
1.62582e+06 1.61841e+06 1.61805e+06 1.6425e+06
1.66069e+06 1.5773e+06 1.59076e+06 1.64114e+06
1.61517e+06 1.65537e+06 1.57973e+06 1.65046e+06
1.62428e+06 1.59856e+06 1.60722e+06 1.5716e+06
1.64836e+06 1.58904e+06 1.54611e+06 1.63617e+06
1.63581e+06 1.58008e+06 1.64032e+06 1.62726e+06
1.67616e+06 1.61011e+06 1.59741e+06 1.65564e+06
1.6408e+06 1.59134e+06 1.64318e+06 1.60242e+06
1.58372e+06 1.55268e+06 1.61982e+06 1.61805e+06
1.61097e+06 1.60329e+06 1.61876e+06 1.62584e+06
1.6143e+06 1.62007e+06 1.57975e+06 1.64593e+06
1.5956e+06 1.55656e+06 1.60105e+06 1.63225e+06
1.6039e+06 1.59097e+06 1.56975e+06 1.64049e+06
1.61502e+06 1.60034e+06 1.61043e+06 1.6283e+06
1.59011e+06 1.60885e+06 1.59067e+06 1.637e+06
1.60379e+06 1.54503e+06 1.60027e+06 1.63799e+06
1.63041e+06 1.58233e+06 1.58488e+06 1.62699e+06
1.61553e+06 1.61259e+06 1.57387e+06 1.60883e+06
1.58172e+06 1.58006e+06 1.64978e+06 1.60947e+06
1.65162e+06 1.58226e+06 1.60596e+06 1.65281e+06
1.63266e+06 1.60252e+06 1.61362e+06 1.64089e+06
1.62265e+06 1.56119e+06 1.57036e+06 1.63414e+06
1.61518e+06 1.58592e+06 1.57691e+06 1.65385e+06
1.61505e+06 1.59886e+06 1.62482e+06 1.61521e+06
1.59399e+06 1.58017e+06 1.61773e+06 1.61172e+06
1.61834e+06 1.62357e+06 1.63975e+06 1.62499e+06
1.60761e+06 1.56355e+06 1.60918e+06 1.63686e+06
1.5809e+06 1.61281e+06 1.61681e+06 1.656e+06
1.62331e+06 1.61003e+06 1.63377e+06 1.6147e+06
1.61941e+06 1.61599e+06 1.61995e+06 1.60698e+06
1.65793e+06 1.54351e+06 1.57691e+06 1.64388e+06
1.61553e+06 1.61259e+06 1.57387e+06 1.60883e+06
1.57924e+06 1.57634e+06 1.63424e+06 1.66182e+06
1.67206e+06 1.6429e+06 1.61417e+06 1.61952e+06
1.58761e+06 1.61456e+06 1.61202e+06 1.60176e+06
1.63248e+06 1.61776e+06 1.59152e+06 1.63595e+06
1.6017e+06 1.58596e+06 1.64926e+06 1.60369e+06
1.69015e+06 1.55256e+06 1.60631e+06 1.66858e+06
1.59038e+06 1.59946e+06 1.59992e+06 1.59418e+06
1.60434e+06 1.59351e+06 1.65066e+06 1.59751e+06
1.65288e+06 1.60343e+06 1.60143e+06 1.61304e+06
1.61786e+06 1.5913e+06 1.5997e+06 1.62176e+06
1.64543e+06 1.62234e+06 1.58135e+06 1.58212e+06
1.60218e+06 1.6007e+06 1.58311e+06 1.63235e+06
1.61021e+06 1.61924e+06 1.61319e+06 1.61877e+06
1.61074e+06 1.61171e+06 1.57817e+06 1.63552e+06
1.59238e+06 1.56353e+06 1.59974e+06 1.6204e+06
1.59694e+06 1.59774e+06 1.64831e+06 1.60575e+06
1.59574e+06 1.59306e+06 1.68477e+06 1.62103e+06
1.64737e+06 1.62455e+06 1.61866e+06 1.62568e+06
1.62119e+06 1.59522e+06 1.62605e+06 1.6135e+06
1.60339e+06 1.64929e+06 1.60495e+06 1.64292e+06
1.60434e+06 1.59351e+06 1.65066e+06 1.59751e+06
1.59173e+06 1.61236e+06 1.62256e+06 1.6613e+06
1.62237e+06 1.57392e+06 1.61169e+06 1.63447e+06
1.58761e+06 1.61456e+06 1.61202e+06 1.60176e+06
1.62052e+06 1.61995e+06 1.61952e+06 1.65005e+06
1.62853e+06 1.5914e+06 1.58439e+06 1.60483e+06
1.63642e+06 1.54844e+06 1.60756e+06 1.6474e+06
1.61517e+06 1.65537e+06 1.57973e+06 1.65046e+06
1.58098e+06 1.62438e+06 1.53405e+06 1.67076e+06
1.60218e+06 1.6007e+06 1.58311e+06 1.63235e+06
1.59074e+06 1.6133e+06 1.61472e+06 1.60395e+06
1.63251e+06 1.58406e+06 1.60708e+06 1.67096e+06
1.67258e+06 1.5688e+06 1.64136e+06 1.67261e+06
1.68716e+06 1.63027e+06 1.6003e+06 1.64714e+06
1.63251e+06 1.58406e+06 1.60708e+06 1.67096e+06
1.61502e+06 1.60034e+06 1.61043e+06 1.6283e+06
1.60302e+06 1.58992e+06 1.60854e+06 1.63518e+06
1.59173e+06 1.61236e+06 1.62256e+06 1.6613e+06
1.64067e+06 1.59185e+06 1.6376e+06 1.62975e+06
1.57339e+06 1.61039e+06 1.62356e+06 1.62054e+06
1.6431e+06 1.58468e+06 1.5761e+06 1.61988e+06
1.5996e+06 1.59044e+06 1.60362e+06 1.63382e+06
1.63398e+06 1.59245e+06 1.61919e+06 1.65009e+06
1.61479e+06 1.59991e+06 1.64024e+06 1.62352e+06
1.67292e+06 1.60849e+06 1.60654e+06 1.66729e+06
1.60118e+06 1.53049e+06 1.61032e+06 1.6734e+06
1.61749e+06 1.5632e+06 1.60692e+06 1.64928e+06
1.6246e+06 1.57992e+06 1.61327e+06 1.6025e+06
1.61786e+06 1.56084e+06 1.6663e+06 1.65562e+06
1.60319e+06 1.61552e+06 1.58984e+06 1.60998e+06
1.64737e+06 1.62455e+06 1.61866e+06 1.62568e+06
1.60321e+06 1.56615e+06 1.61654e+06 1.61318e+06
1.57791e+06 1.58774e+06 1.57439e+06 1.6199e+06
1.60466e+06 1.64716e+06 1.62287e+06 1.60798e+06
1.62911e+06 1.57968e+06 1.64367e+06 1.61111e+06
1.61646e+06 1.58178e+06 1.59303e+06 1.62578e+06
1.61479e+06 1.59991e+06 1.64024e+06 1.62352e+06
1.63042e+06 1.57148e+06 1.63431e+06 1.59625e+06
1.6142e+06 1.587e+06 1.62904e+06 1.61218e+06
1.63041e+06 1.58233e+06 1.58488e+06 1.62699e+06
1.64114e+06 1.5663e+06 1.60678e+06 1.63491e+06
1.6474e+06 1.57618e+06 1.61397e+06 1.6247e+06
1.67689e+06 1.5892e+06 1.60114e+06 1.6549e+06
1.6565e+06 1.58295e+06 1.60102e+06 1.63152e+06
1.59486e+06 1.61765e+06 1.61806e+06 1.62941e+06
1.59584e+06 1.59928e+06 1.64039e+06 1.61859e+06
1.64214e+06 1.57795e+06 1.61021e+06 1.61214e+06
1.6017e+06 1.58596e+06 1.64926e+06 1.60369e+06
1.60142e+06 1.56263e+06 1.61364e+06 1.63497e+06
1.59642e+06 1.60147e+06 1.60785e+06 1.62445e+06
1.60589e+06 1.60626e+06 1.58268e+06 1.59517e+06
1.61236e+06 1.59154e+06 1.59394e+06 1.63073e+06
1.63439e+06 1.65946e+06 1.58824e+06 1.66614e+06
1.64888e+06 1.5989e+06 1.59536e+06 1.63648e+06
1.63069e+06 1.59456e+06 1.65125e+06 1.60427e+06
1.64034e+06 1.59658e+06 1.59976e+06 1.6431e+06
1.61568e+06 1.58217e+06 1.62451e+06 1.62768e+06
1.6483e+06 1.56803e+06 1.64021e+06 1.66662e+06
1.63668e+06 1.63479e+06 1.60936e+06 1.6115e+06
1.58894e+06 1.58492e+06 1.62185e+06 1.60755e+06
1.61133e+06 1.57653e+06 1.614e+06 1.62659e+06
1.63855e+06 1.58751e+06 1.60428e+06 1.63423e+06
1.59852e+06 1.5652e+06 1.64557e+06 1.62409e+06
1.60468e+06 1.66318e+06 1.65206e+06 1.6074e+06
1.65575e+06 1.57414e+06 1.6114e+06 1.66439e+06
1.64543e+06 1.62234e+06 1.58135e+06 1.58212e+06
1.59238e+06 1.56353e+06 1.59974e+06 1.6204e+06
1.62353e+06 1.60073e+06 1.6649e+06 1.61971e+06
1.67704e+06 1.58015e+06 1.60426e+06 1.6062e+06
1.58583e+06 1.55845e+06 1.60851e+06 1.62682e+06
1.62265e+06 1.62278e+06 1.60255e+06 1.67871e+06
1.61044e+06 1.63303e+06 1.61838e+06 1.62379e+06
1.62428e+06 1.59856e+06 1.60722e+06 1.5716e+06
1.65118e+06 1.60808e+06 1.60168e+06 1.59343e+06
1.61442e+06 1.57356e+06 1.61388e+06 1.61716e+06
1.63013e+06 1.57412e+06 1.60186e+06 1.6311e+06
1.65205e+06 1.59527e+06 1.6099e+06 1.60529e+06
1.61956e+06 1.61696e+06 1.63009e+06 1.61483e+06
1.61941e+06 1.61599e+06 1.61995e+06 1.60698e+06
1.62707e+06 1.63194e+06 1.59463e+06 1.589e+06
1.6528e+06 1.59998e+06 1.59801e+06 1.6672e+06
1.59115e+06 1.59176e+06 1.61284e+06 1.6562e+06
1.60793e+06 1.59096e+06 1.59872e+06 1.62082e+06
1.59354e+06 1.5973e+06 1.5919e+06 1.66012e+06
1.59782e+06 1.60424e+06 1.64045e+06 1.60382e+06
1.61749e+06 1.5632e+06 1.60692e+06 1.64928e+06
1.61242e+06 1.59009e+06 1.64143e+06 1.67254e+06
1.6104e+06 1.64137e+06 1.64426e+06 1.61974e+06
1.61296e+06 1.58194e+06 1.66856e+06 1.6547e+06
1.62463e+06 1.57434e+06 1.61231e+06 1.63653e+06
1.60321e+06 1.56615e+06 1.61654e+06 1.61318e+06
1.58143e+06 1.65034e+06 1.62241e+06 1.65087e+06
1.63861e+06 1.6025e+06 1.60779e+06 1.66403e+06
1.63191e+06 1.58552e+06 1.65456e+06 1.6431e+06
1.65266e+06 1.56878e+06 1.62667e+06 1.61992e+06
1.62707e+06 1.63194e+06 1.59463e+06 1.589e+06
1.63954e+06 1.59556e+06 1.59956e+06 1.62885e+06
1.64119e+06 1.57008e+06 1.63031e+06 1.67722e+06
1.61536e+06 1.64562e+06 1.62401e+06 1.65352e+06
1.59829e+06 1.60786e+06 1.61061e+06 1.61523e+06
1.63397e+06 1.6145e+06 1.6609e+06 1.62121e+06
1.55708e+06 1.58299e+06 1.5899e+06 1.62649e+06
1.65266e+06 1.56878e+06 1.62667e+06 1.61992e+06
1.60676e+06 1.61748e+06 1.65141e+06 1.62588e+06
1.60302e+06 1.58992e+06 1.60854e+06 1.63518e+06
1.61788e+06 1.63428e+06 1.58983e+06 1.62683e+06
1.63369e+06 1.56464e+06 1.64948e+06 1.65792e+06
1.61538e+06 1.63873e+06 1.59227e+06 1.62778e+06
1.65793e+06 1.54351e+06 1.57691e+06 1.64388e+06
1.6551e+06 1.55751e+06 1.58652e+06 1.62818e+06
1.68911e+06 1.564e+06 1.55698e+06 1.67969e+06
1.59564e+06 1.62124e+06 1.60194e+06 1.64068e+06
1.63398e+06 1.59245e+06 1.61919e+06 1.65009e+06
1.63266e+06 1.60252e+06 1.61362e+06 1.64089e+06
1.62344e+06 1.58355e+06 1.5956e+06 1.62565e+06
1.65881e+06 1.61608e+06 1.63234e+06 1.62521e+06
1.61788e+06 1.63428e+06 1.58983e+06 1.62683e+06
1.57924e+06 1.57634e+06 1.63424e+06 1.66182e+06
1.61242e+06 1.59009e+06 1.64143e+06 1.67254e+06
1.55225e+06 1.57944e+06 1.58123e+06 1.59762e+06
1.62599e+06 1.57747e+06 1.64067e+06 1.65776e+06
1.58527e+06 1.58824e+06 1.66905e+06 1.58475e+06
1.62949e+06 1.59037e+06 1.55277e+06 1.64357e+06
1.66193e+06 1.62334e+06 1.59153e+06 1.6202e+06
1.59399e+06 1.58017e+06 1.61773e+06 1.61172e+06
1.63396e+06 1.57592e+06 1.61859e+06 1.63536e+06
1.61295e+06 1.60028e+06 1.66015e+06 1.59622e+06
1.59038e+06 1.59946e+06 1.59992e+06 1.59418e+06
1.61834e+06 1.62357e+06 1.63975e+06 1.62499e+06
1.61505e+06 1.59886e+06 1.62482e+06 1.61521e+06
1.62293e+06 1.62543e+06 1.58764e+06 1.61279e+06
1.67689e+06 1.5892e+06 1.60114e+06 1.6549e+06
1.6122e+06 1.59737e+06 1.61064e+06 1.6781e+06
1.6474e+06 1.57618e+06 1.61397e+06 1.6247e+06
1.59832e+06 1.59834e+06 1.61457e+06 1.68067e+06
1.61097e+06 1.60342e+06 1.61727e+06 1.6253e+06
1.6346e+06 1.55786e+06 1.64726e+06 1.61614e+06
1.605e+06 1.59432e+06 1.65089e+06 1.62636e+06
1.62237e+06 1.57392e+06 1.61169e+06 1.63447e+06
1.62401e+06 1.62578e+06 1.61929e+06 1.66283e+06
1.62e+06 1.59202e+06 1.59219e+06 1.58582e+06
1.60681e+06 1.61018e+06 1.61938e+06 1.58036e+06
1.55225e+06 1.57944e+06 1.58123e+06 1.59762e+06
1.61788e+06 1.63428e+06 1.58983e+06 1.62683e+06
1.62204e+06 1.5893e+06 1.62544e+06 1.67964e+06
1.63251e+06 1.58406e+06 1.60708e+06 1.67096e+06
1.63581e+06 1.58008e+06 1.64032e+06 1.62726e+06
1.6346e+06 1.55786e+06 1.64726e+06 1.61614e+06
1.59316e+06 1.59161e+06 1.60525e+06 1.58294e+06
1.60531e+06 1.59716e+06 1.60038e+06 1.57968e+06
1.63013e+06 1.57412e+06 1.60186e+06 1.6311e+06
1.60761e+06 1.56355e+06 1.60918e+06 1.63686e+06
1.59074e+06 1.6133e+06 1.61472e+06 1.60395e+06
1.61757e+06 1.57478e+06 1.63669e+06 1.61105e+06
1.6039e+06 1.59097e+06 1.56975e+06 1.64049e+06
1.59564e+06 1.62124e+06 1.60194e+06 1.64068e+06
1.61788e+06 1.63428e+06 1.58983e+06 1.62683e+06
