59 0.77749
120890 112887
120890 112887
160160 102681
133890 103780
165570 102082
129614 105746
137476 102827
124999 112558
127008 108526
114847 123874
126389 109804
133890 103780
120890 112887
165570 102082
127008 108526
120890 112887
136940 102888
115719 115181
129718 104006
165570 102082
126272 112727
126204 112866
126846 110734
134028 103915
127201 110165
127166 110530
121320 113586
124506 113146
121316 114012
139351 103734
118414 123292
120184 115885
120053 120614
116446 127283
120184 115885
133013 105557
133090 105478
131139 105769
130764 108197
130059 109092
175489 102217
166810 103220
168969 102929
169446 102242
135936 104077
128364 110499
128154 113549
122820 115880
124847 115684
128028 114489
128028 114489
128028 114489
128101 114386
127795 114525
124972 114893
119833 125166
118644 132099
118644 132099
120337 124493
120563 117561
135210 106680
132570 106833
131095 109282
131095 109282
130784 110212
167151 103564
167151 103564
170793 102988
169803 103259
169803 103259
169803 103259
169803 103259
172667 102267
136897 104530
129290 110591
128712 112797
128712 112797
126026 116819
126647 116339
127405 115009
127221 116163
120335 126411
118940 134456
118940 134456
118940 134456
120304 132333
119327 132389
121721 121088
121721 121088
122014 120704
121721 121088
123131 117925
122417 119752
123131 117925
134178 107040
132608 107896
132310 109978
132310 109978
167890 103957
167795 104329
167921 103573
169963 103482
172131 103439
173812 102746
137253 105596
158454 104802
130327 110672
129645 113412
129099 113701
129009 113713
127116 117235
127489 116029
128188 115121
120542 126860
120254 133552
120232 134736
119616 140102
120232 134736
122182 120981
121972 122618
124044 118057
123378 119995
136604 107823
136730 107480
134633 108523
134851 107945
134155 109566
169004 104302
169155 104024
169004 104302
170481 103493
170252 103508
176011 103202
176011 103202
138730 106244
137349 106598
140173 105692
165392 104939
130923 111717
132257 111361
130826 112007
130923 111717
130421 112793
129951 113635
130196 113478
129171 113827
127706 116415
128510 115295
120748 127508
121938 127403
120586 129100
120421 133914
120421 133914
122337 122546
122109 125725
122044 126421
122044 126421
125847 118689
126022 118175
123841 120657
123841 120657
123841 120657
136769 107790
135404 108645
134673 110035
134618 110822
170010 104138
169929 104430
169929 104430
169929 104430
169929 104430
171482 103566
171482 103566
171281 104128
171281 104128
177546 103385
139720 106304
139720 106304
141867 105771
168993 105411
168294 105448
168294 105448
130949 111816
130451 113386
129849 114481
129847 115201
128308 117716
128326 116857
128736 116170
121060 131942
121538 129199
120628 134021
120434 138563
122939 122592
122273 126057
122199 128626
125884 120645
126098 118789
128273 118428
125306 122321
125731 120828
125360 120937
135630 108742
135565 110121
134872 110509
134710 111668
170971 104157
169945 104697
175418 103795
173724 104058
178489 103652
166558 105846
153249 107112
169734 105446
132594 112111
131306 112180
131296 114405
129978 114837
129081 116208
120766 136554
120907 134264
123403 123979
124535 122994
124535 122994
124172 123784
122997 125935
124535 122994
122325 128045
122850 127140
122325 128045
122376 127406
127433 119048
128032 118967
127433 119048
128032 118967
126416 120798
128367 118494
128654 118487
125616 121380
125806 121153
125616 121380
135703 109019
136207 108779
135105 110637
171135 104269
169948 104856
170406 104764
177056 104066
175697 104112
177489 104088
120948 138948
144858 109734
164434 107656
154379 108740
154304 109403
130168 115614
139125 109738
122545 130297
121219 134272
121171 134531
129586 117403
131516 112799
174837 104328
133627 112332
123699 125518
167535 106397
165033 107287
123512 127157
128395 118842
135369 110868
136329 110148
123374 128409
127766 120210
172025 104459
124260 124277
168252 106080
170189 105862
125996 121905
170239 105178
123358 129457
127990 119374
125717 122863
125489 123795
126514 120830
126510 120845
171174 104640
125345 124226
132280 112381
136244 110705
122896 129934
171285 104469
135701 110765
125846 122313
131829 112398
122780 130002
125846 122313
131829 112398
131829 112398
125846 122313
125846 122313
