717 49.4139
811737 744549 777978 771536
776548 760749 772895 780686
782611 751987 752357 826434
795414 737530 780580 826241
798580 801175 758668 749432
780978 762070 763372 801767
744505 790228 798573 792836
803767 799346 734549 794276
819925 761993 757941 787062
755478 782261 789215 799200
794476 756336 802393 761306
802885 765601 784295 762713
769234 775874 777047 797166
814218 772156 764013 773128
806160 791446 743433 782036
784670 792303 764705 768198
773210 758685 795413 790023
787483 790970 755155 782004
780889 776312 788637 761665
806932 771077 772689 767788
807720 790073 776177 757489
776742 781373 798477 758846
833058 767721 747355 804413
837002 774199 743291 795820
796628 772377 790224 758091
780201 741091 808352 819847
828907 770671 790097 755157
747226 776054 800617 822187
802617 756978 761060 814190
815426 778215 751588 795814
774235 790201 759711 814570
770390 799627 774921 771801
800185 755749 778187 782898
796926 782063 758465 786588
799746 793057 748832 780430
764756 768537 800343 803785
760503 775032 789434 812288
823770 754456 805690 756850
802835 750799 784726 795457
819343 783224 743096 813767
766675 797892 767403 809588
800853 785672 748028 813845
797857 791926 743023 815554
793601 784119 766047 776951
823466 751444 767674 817547
802690 770437 758597 801977
783705 771168 793249 770989
767707 796145 798188 773555
764321 782586 806042 787237
806737 746548 792126 800988
770545 769792 787841 807841
777394 759664 779554 802582
766600 795163 777500 795766
801076 764352 767409 795677
777535 770971 767676 815993
781578 792041 783140 764062
814327 794912 741912 798768
786272 755799 795169 811319
817132 793835 729838 841289
818780 806221 801005 741774
817132 793835 729838 841289
852199 735017 814446 818958
742413 801869 815258 842118
810507 847723 812558 795913
792959 754417 807622 819709
813193 795334 820355 825014
801443 773820 817707 776260
833999 795646 804163 836270
823336 827011 821962 797633
853351 819507 794377 837928
818822 800765 810805 806275
818072 807528 805082 814278
828621 810343 824393 804058
828237 822348 789997 811057
848237 781896 801801 816288
821999 827493 778583 816819
800519 827247 812390 834193
819695 838063 789359 810597
840154 790217 831471 800219
826181 819081 811565 824632
812386 800631 802140 845167
830288 785528 808001 834372
809126 817860 816406 805837
793021 808340 808896 832060
859448 793570 794896 825101
818996 798614 786507 816257
841301 787086 801027 790686
818418 795660 816774 803254
786963 813261 822724 839125
844857 826680 807853 821693
824170 805972 783057 795835
798708 807630 814692 802729
787780 793530 822052 816679
800384 819409 788745 785664
806961 786010 833899 784846
818605 820184 815325 822622
783163 804868 809339 803411
811569 799438 798125 839481
811587 810680 849527 815306
837449 797186 814679 779961
813806 816661 814309 783094
832587 814151 808807 817750
847611 806830 800331 791788
805543 814172 801996 797226
817975 801003 755076 854127
815856 794484 796876 790074
831398 818128 797324 789440
827044 819534 829528 812610
809470 814097 818298 818699
848031 818822 813730 823897
851631 779923 796153 794108
812303 794314 819240 813007
795344 837185 824334 873594
834146 801102 813968 760796
832573 801781 794075 856923
818152 806967 783999 827220
826939 806238 811214 823937
822320 813680 794429 821986
820974 785484 824877 827315
824387 828202 786323 810614
839004 812948 769930 848124
812413 817902 807555 781881
812101 772749 789762 818107
822646 811353 818628 844036
842680 797030 807514 812647
822006 828881 820260 821807
824353 802483 807602 822471
809289 779592 831076 808454
832365 834364 830649 827829
794181 803523 835492 845422
835525 808063 785540 798960
829140 790760 803012 827929
783876 794885 827215 849326
816533 796114 801624 810054
788578 792274 793765 789350
830006 792173 823163 870823
836809 820735 800347 820704
798864 820073 746558 822784
846370 836975 840050 813165
809158 836047 805431 775103
799251 834063 798155 798965
813878 843116 766626 843135
811768 831921 824464 817497
810361 798261 828490 841205
799400 840701 800720 806977
838984 791047 792657 844766
843803 795938 810991 814516
833583 808870 820673 815347
831335 813520 819895 818011
851762 802336 790690 826952
851884 840390 819061 821225
805501 839339 806060 814935
806325 833839 807241 804105
831148 831027 788413 842289
814080 802994 802709 836429
832841 828371 801828 795771
807101 821214 818513 835970
814122 800236 827185 846618
829963 828502 835183 804414
837426 814592 829611 840337
821076 794469 844276 824535
810690 782721 821016 821852
800521 827164 799433 801938
855405 787250 817434 829300
889012 824755 806291 810498
810499 800579 796748 843194
853085 807586 764093 806563
780612 826215 806176 793622
828805 813947 817079 800840
833585 816684 830936 807136
836758 830892 787251 799786
785353 794818 815560 826287
835019 838775 809564 850714
822046 781162 755010 792475
807565 825269 812894 826054
821109 813084 814003 804184
814552 842503 814765 824193
808033 823019 796660 795225
794650 844904 766110 842998
831365 806557 788108 827735
834770 817342 785943 802450
828277 824347 791302 829235
811264 811828 837309 814353
786458 821897 801422 809875
808382 832035 784301 828748
847186 794776 805596 809845
799880 781158 814538 804335
827470 788879 816176 848404
808130 800832 793690 821725
849587 796953 812292 823603
819322 806604 807655 856148
829526 814813 824659 846435
840615 830907 804214 783825
827348 798522 809754 799928
801406 806847 812008 798481
826818 804807 825426 829407
810231 809366 815023 799315
819878 783306 782055 847647
826498 802179 821268 794851
833025 796613 828172 809302
865174 794466 816802 788156
828682 799576 790110 810051
762420 803186 818503 789543
838878 821910 798670 819949
812420 818206 812034 818112
816160 808844 811840 813942
799006 803890 840133 838172
818724 788997 817159 817506
814915 809458 788904 825652
831392 784510 790213 825810
835963 808430 774030 817721
810961 781139 793241 819851
838843 839081 821731 805224
808110 801065 787321 830733
812846 830485 798645 789901
832825 781100 767619 815094
859503 790877 809366 779277
819017 809589 801670 792441
810884 809491 822536 800727
829811 812448 797781 779047
814111 823110 805249 807473
841397 817677 822421 813673
827978 804449 806039 830860
838453 823180 805688 793646
842197 831322 806267 795118
804606 839909 801540 821265
807545 800775 818860 818633
823095 813571 811960 818883
867670 823936 841708 808343
841820 792184 821890 824617
818873 811742 783748 848321
808463 820339 780023 839405
840011 799276 829603 803552
820682 800230 825755 801901
825987 819091 820372 827180
805651 796230 825207 825517
820289 801620 810521 824278
839694 801277 796791 784523
802539 836586 813613 834737
827244 814529 837739 830695
799651 788754 812538 831975
808745 831261 808082 803809
781403 833255 777025 823498
820780 818601 808855 831136
803526 787521 802697 809028
814596 816377 801792 821324
837503 796497 818799 812500
811411 812031 836864 787620
791575 843080 782326 799314
820169 798133 803237 814004
826895 795343 799399 794127
822323 824649 777079 823974
839757 831354 798135 825668
805685 798513 775138 819274
833430 829393 846633 818615
819917 807696 801091 791119
814024 814286 831495 837384
854514 798714 819845 807349
833129 799397 781193 835768
828862 794873 819467 828422
821614 781748 801722 794234
831550 781501 837576 821341
818913 798620 802366 834098
798856 780577 795565 805360
832827 843797 823215 821930
811645 799201 793262 822829
813255 812694 803355 836978
842279 807206 786948 807799
806449 801654 838733 831470
822990 808831 834780 812207
819543 827583 803656 790224
828612 804195 820147 831698
790410 796188 801820 802900
839402 845781 802349 809987
845689 815181 824845 817882
825470 807060 811702 818020
827549 792544 821932 827064
845974 808413 813390 780370
809532 792659 789180 835684
804124 824515 785572 818782
816566 806792 839331 841280
795487 832840 803649 811606
798127 802624 835202 819606
830926 801041 788113 840148
792449 796418 817585 830635
826164 805170 810865 801842
831485 820841 781716 798728
822324 797605 805885 799846
819039 808756 814303 847126
829073 836741 793762 807261
831968 793397 820609 786624
805405 805869 831544 827814
810649 804905 814296 802083
871219 799260 792238 809031
858797 778135 802756 814656
855224 790471 804921 816006
798758 827277 803347 808581
838660 802848 806370 814314
804142 787715 779426 825274
821072 822610 813947 788614
