4 0.0958304
166873 141398
145792 153638
145792 153638
164981 146921
157371 151493
157371 151493
162200 151249
162944 150375
163076 149039
163076 149039
162200 151249
189998 142001
147036 169400
170150 144335
148079 166068
156495 154733
151265 156620
150347 158836
165626 151302
160464 153919
165626 151302
169277 148139
160464 153919
150347 158836
168551 149308
168551 149308
169277 148139
168551 149308
168551 149308
168551 149308
150347 158836
150347 158836
170331 144547
147166 174103
168297 151437
148895 171745
157145 156050
151951 158086
151206 162733
156757 156424
151206 162733
169542 148807
157145 156050
169542 148807
151951 158086
151206 162733
151206 162733
151206 162733
183060 144862
148997 175852
148997 175852
171150 145010
152056 165760
169678 152039
165043 156340
154059 163259
158923 156756
155325 159572
156942 158880
158535 158198
168526 156003
155325 159572
169210 153579
169210 153579
169122 154908
168928 155326
168928 155326
158923 156756
168526 156003
169122 154908
158923 156756
155325 159572
155325 159572
155325 159572
185242 149544
149557 178840
149557 178840
171246 151011
152059 168381
158719 159380
168665 156087
154989 166100
166354 156351
156258 160510
156019 161257
155031 165091
162789 157558
152059 168381
152640 167582
170786 152964
161795 159376
169932 153925
161917 159209
164597 156921
164597 156921
152640 167582
169932 153925
155031 165091
156019 161257
162789 157558
170524 153116
170524 153116
161795 159376
161795 159376
161795 159376
161795 159376
173915 151432
151998 181373
151998 181373
152290 168649
172858 152905
166813 156724
163484 158138
170222 154946
169791 156534
161206 159450
157150 162687
155082 167665
156255 164623
158326 162007
165210 157790
155622 167122
159194 160131
165210 157790
159844 159881
160610 159542
158326 162007
169993 155049
156385 163946
155082 167665
156385 163946
159194 160131
155622 167122
169993 155049
165210 157790
165210 157790
165210 157790
159194 160131
159194 160131
159194 160131
158326 162007
158326 162007
158326 162007
156385 163946
156385 163946
156385 163946
151998 181373
151998 181373
151998 181373
184704 151670
184704 151670
152413 176500
152413 176500
177111 151769
170113 156600
173514 153881
156679 166402
161377 159613
157160 163566
174419 152793
153785 170903
166926 157061
156216 168514
161221 162037
152729 173524
165408 158234
153529 171211
156216 168514
158914 162745
152729 173524
161256 160591
158914 162745
165408 158234
165863 157877
165863 157877
165408 158234
165408 158234
165408 158234
178969 152230
178969 152230
153344 177631
156421 170664
157305 163633
162112 159885
154056 172651
171784 156880
166600 159379
159437 163339
153670 175423
161673 162267
177122 152938
173959 154251
168830 157218
177122 152938
166617 157912
167651 157455
173650 154739
173650 154739
173959 154251
161673 162267
168830 157218
168830 157218
168830 157218
168830 157218
180332 152382
157215 177051
174915 154382
169764 158150
157314 164493
161950 164194
165847 159954
162291 160332
158715 164372
164918 160051
162291 160332
180182 158853
157457 167080
162321 162364
157921 165389
167968 161387
173245 160921
173450 159432
176883 159127
177211 159607
158057 170129
162445 163520
158552 167526
170438 161441
168204 161510
172527 161575
159487 169438
163135 163631
171757 162905
164995 163559
173274 161608
159913 174016
166408 163594
164018 167020
165557 165021
161855 170019
160288 172565
161453 171395
161657 170334
173476 162664
160333 173152
164374 167835
170683 167710
172149 166045
189513 162965
161644 180698
179533 164539
188654 163064
161911 179609
173164 167161
163052 173743
164682 172165
176094 166276
166975 168860
167523 168206
163671 173563
167203 168342
183944 165812
164062 174140
169010 173484
180612 167378
169651 169062
174256 167684
172336 168979
173692 167938
183684 168572
164261 183360
170196 169890
164998 176026
179340 169375
168570 174869
186151 168930
165173 180917
171624 169943
168879 175312
165482 178034
165397 178635
177997 170387
169735 184612
171795 172173
173872 170616
173870 172014
179777 171162
171915 175698
173985 172252
177241 173119
174136 181060
174623 174968
179265 174758
174984 178066
183512 176427
183157 180899
183262 179928
183563 178840
183987 180520
188871 180978
177532 142981
177532 142981
140346 183314
147487 161309
146598 174619
157234 149635
152444 155655
152444 155655
168409 145257
162591 148141
174305 144982
146758 169359
162591 148141
157234 149635
168409 145257
143329 182526
146758 169359
144340 179270
144340 179270
174305 144982
143329 182526
162591 148141
162591 148141
162591 148141
143329 182526
143329 182526
143329 182526
170545 146967
170545 146967
146462 180275
165964 148487
147431 178944
157924 151406
149227 162897
153900 158900
157332 156864
149789 162112
156599 158396
149789 162112
156599 158396
149789 162112
149789 162112
149789 162112
185249 147779
149354 163166
149354 163166
174102 147890
158551 154130
157314 159224
163221 151790
154933 162951
166845 149020
155642 160307
160176 153811
167892 148966
162889 153131
157059 160116
167892 148966
162889 153131
154933 162951
178789 149156
178789 149156
149678 167195
158042 159421
171893 149719
156294 163166
150568 165656
160974 158618
166988 151151
161173 156937
153661 165222
161742 155204
154616 163391
171893 149719
163016 154370
166672 152102
163495 153394
164220 153234
166988 151151
164220 153234
166672 152102
156294 163166
153661 165222
164220 153234
164220 153234
164220 153234
153661 165222
153661 165222
153661 165222
180809 149740
180809 149740
151476 175089
152934 165740
158389 160669
170962 152218
174073 152048
151580 169349
174073 152048
154826 163841
154826 163841
166647 154269
159813 159602
151584 169273
168781 153899
162237 157286
163814 154309
161611 158474
163381 154551
168781 153899
162881 156127
161611 158474
162881 156127
159444 160149
151584 169273
159444 160149
174073 152048
174073 152048
174073 152048
159444 160149
159444 160149
159444 160149
151584 169273
151584 169273
151584 169273
182672 151739
151609 175784
151609 175784
174943 153065
151929 171047
153409 169923
155497 164250
166897 155118
164819 159858
164197 161394
170404 154074
160553 161460
158880 162537
165555 157423
158596 163630
165555 157423
153409 169923
169269 154476
156171 164064
170404 154074
155497 164250
169269 154476
160553 161460
156171 164064
158596 163630
170404 154074
170404 154074
160553 161460
160553 161460
160553 161460
192301 152108
151968 174135
179286 153771
164879 160900
179286 153771
170636 154294
160592 161870
166356 157468
159282 164350
152983 171544
168718 157409
155113 170836
152962 173957
155907 165977
155882 168206
155882 168206
169820 155899
157101 164787
169820 155899
160592 161870
158557 164499
153979 170914
155907 165977
170636 154294
157101 164787
166356 157468
153979 170914
155113 170836
155882 168206
155882 168206
155882 168206
155113 170836
155113 170836
155113 170836
153979 170914
153979 170914
153979 170914
180554 154178
152096 184640
153862 171859
171536 154367
163755 162416
155922 168152
160546 165452
156030 166131
166596 158690
169782 158417
170376 157112
160546 165452
171011 154828
166340 161488
165769 162366
166029 161773
156030 166131
174046 154496
154052 182993
168039 162631
161477 165770
156077 167110
155655 175570
171298 157726
154392 178358
168533 162304
156882 166437
161309 165793
172898 154691
171445 156267
155655 175570
155655 175570
155655 175570
155655 175570
174312 154552
154548 180299
154548 180299
171774 158802
168113 164867
157004 173925
159270 167336
165272 166543
173867 154846
166124 166387
158612 171168
157147 171949
158655 168814
186532 157192
155564 183488
157257 175478
178798 160224
159226 170067
169127 166231
167740 166808
160964 168011
172900 162317
176758 161249
173798 161834
160956 169669
185812 160566
157342 176479
174659 166851
174687 162992
159792 173213
162543 168045
182189 160677
162249 169399
175818 163223
160851 180281
172959 168096
165987 169507
163277 172093
161725 177698
162173 173631
181504 165450
162042 183739
162869 176990
163383 172793
177265 167944
167801 171547
173103 169211
170371 169821
174957 168344
169111 171141
185440 166775
164752 174783
175784 169268
179266 168239
171892 173757
172056 171963
171909 172277
176605 170061
165500 178875
169232 175697
173418 172872
172097 174335
179308 170855
169204 179190
175478 173773
179111 171533
172470 176083
169457 177028
173376 174351
181656 170950
173657 180538
179673 173128
183014 173586
181637 174150
183986 173939
189349 139677
141187 167652
148036 157038
170125 142458
169682 143424
157426 144530
155528 148157
150436 155658
154532 153074
153344 153157
156658 145209
170125 142458
170899 144485
142139 172032
157889 144800
157746 153650
148351 163233
148351 163233
152226 160088
154605 156219
152792 158476
154287 156796
176131 144619
146109 172204
154698 157565
157982 151496
148648 169652
151060 165445
167428 144868
153677 161643
164280 146355
152730 163730
158644 148661
162078 146769
167428 144868
160570 148359
160808 147523
160808 147523
160570 148359
167428 144868
167428 144868
167428 144868
160570 148359
160570 148359
160570 148359
170616 145142
170616 145142
150851 174260
167760 147556
163838 147747
157985 156688
153722 166118
158507 153202
162571 148552
153724 162309
152905 167595
160762 149337
151604 172146
154913 159406
158954 151965
156668 158006
154787 161648
151604 172146
156452 159119
160266 150869
152905 167595
160266 150869
151604 172146
151604 172146
151604 172146
188289 145236
151384 181865
151384 181865
172841 146682
155108 160016
151925 173276
158820 156153
162653 149420
172684 147790
153241 170110
154519 165305
167162 148454
160660 152952
161682 151412
154519 165305
167162 148454
153034 171115
159323 154874
159323 154874
172841 146682
159323 154874
159323 154874
159323 154874
154519 165305
154519 165305
154519 165305
151384 181865
151384 181865
151384 181865
174586 148406
152179 174846
152179 174846
168237 148652
163044 149729
155370 161233
153691 170430
155063 166434
161843 152414
160019 160237
153546 171584
153054 174465
155063 166434
158585 160599
160530 157739
157761 161198
161323 153580
160970 156382
160687 157415
161301 155037
152302 174805
161165 156078
161301 155037
157761 161198
161165 156078
157761 161198
157761 161198
157761 161198
155063 166434
155063 166434
180021 149388
152236 180662
155768 177031
171211 149744
160832 159276
156331 163982
165075 150035
156961 163088
162716 155731
164172 154554
155231 180637
156703 163734
156331 163982
185019 149702
156507 168926
176065 150157
170794 150198
167964 153140
162838 157072
162175 162483
157393 164030
156515 167136
165192 154300
161387 163988
165050 155773
164159 157048
161576 162669
191744 152950
156690 167142
181397 153649
164094 159999
164874 157588
162852 162685
176211 153671
170507 154114
168362 156382
159097 165703
168945 155310
162560 164275
160260 164842
161095 164670
184930 153727
157495 179302
157613 167330
169038 155817
177405 154896
162688 164461
179713 154004
166269 158225
165065 163432
165466 162067
165724 160107
165679 160301
187490 154364
157630 182969
170989 156273
157895 170998
168621 160780
163359 167187
167097 163840
166617 166100
170663 158079
158631 168851
160259 167557
159803 168168
175668 156851
158008 174174
159875 172579
166982 167139
169192 162426
161928 167972
169847 160932
172933 157578
164555 167634
171750 159404
163368 167650
172403 158456
172087 159188
185988 157012
158817 186251
170654 161142
163542 168788
160669 180641
161185 174212
177111 157480
172984 159213
162962 170931
175953 157759
179635 158820
161291 176343
173675 160179
163145 171228
170996 168905
172562 163070
171377 164538
165876 169175
168679 169081
164517 170475
172148 164391
182013 160896
163678 173909
167687 171086
171412 167300
173525 163973
176086 161415
164242 172722
171535 165334
175677 161711
164019 173467
178375 162086
164413 185244
171867 166528
164443 175928
167792 171829
176956 166169
167759 173275
177171 162711
179836 163019
166734 179812
177848 165288
170966 171848
174576 166878
167728 176747
170007 174972
172182 168220
168921 175824
173295 167177
172262 167788
181369 164686
167130 183105
170560 175031
177772 167076
173749 167919
172796 174491
172852 169617
179771 165553
182149 166876
170577 179412
178153 167123
171594 175684
175847 168848
172941 172904
172871 175172
174407 168917
173037 169889
173322 169756
179927 168572
170581 182411
172235 177042
173953 174711
175659 169026
170596 180589
174542 172276
175023 169177
176507 169747
172550 180779
174001 178477
175789 174385
175352 176660
175390 174550
179453 170154
176241 177757
178416 177384
178879 173424
179140 170200
182296 171709
177292 184461
179196 179907
180206 173012
182182 172610
183489 172541
