5338 1443.95
171582 94070
93156 167567
168470 94081
93197 164332
171582 94070
93325 162120
95510 149372
93197 164332
94973 152515
126881 113711
126749 115251
95716 148107
95179 151092
160585 95225
158985 95340
96829 144383
96549 145711
93593 160800
93843 158326
93619 159507
95351 150056
99298 140131
99847 139339
97393 144374
97892 142397
93729 159392
96535 146413
93435 162005
93461 160870
167357 94195
113409 124454
114757 124162
94473 155654
94535 154587
113707 124250
94550 154229
94604 153244
163911 94758
162844 94791
166326 94227
167357 94195
128650 112111
128019 112481
97620 143081
94381 156292
94156 157016
136896 104058
166195 94277
112656 124749
117070 123038
102070 136300
95849 147635
96209 147141
98958 140882
99004 140811
94046 158030
116512 123416
127239 113358
164186 94690
129170 111497
129521 111092
137570 103999
132813 108287
132319 108556
94108 157357
136070 104849
126386 116314
95241 151037
96549 145711
165479 94317
161731 94905
162447 94865
99192 140279
102509 136004
135455 105594
135704 105135
126881 113711
97394 143694
103227 135583
102528 135603
127901 113038
128019 112481
104756 133543
109011 127593
108686 127949
126494 115762
161371 95138
165160 94485
164505 94522
160716 95175
98732 141495
136778 104594
117070 123038
119160 122603
118580 122698
126749 115251
126568 115715
98732 141495
94867 152867
94604 153244
146127 99327
133436 107456
133169 107825
95261 150452
146569 99151
117563 122917
94425 155995
129693 110988
128875 111741
128650 112111
155800 96271
138310 103483
136474 104706
111682 125562
134523 106275
134285 106596
116512 123416
96829 144383
130285 110357
129913 110543
132319 108556
131915 108699
137906 103626
137703 103909
117824 122826
115000 123932
115432 123838
98156 142390
98207 141940
97620 143081
97569 143531
107828 128868
107683 129225
144964 100048
98694 141911
98207 141940
95261 150452
129882 110687
137906 103626
105869 131632
105729 131972
153087 96990
164505 94522
118179 122788
118580 122698
130504 109967
127712 113339
154386 96660
144109 100269
143727 100366
147019 98933
147401 98836
157368 95830
156925 95869
98694 141911
154885 96449
155268 96357
96521 146850
116051 123433
145977 99535
162713 94841
153948 96689
95849 147635
95782 148009
152380 97130
133726 107170
133783 106791
112014 125324
156374 95999
102509 136004
102528 135603
101042 138041
101697 137101
101735 136720
101080 137660
94535 154587
156761 95977
155399 96307
101697 137101
100590 139092
101415 137240
136476 104666
149594 98014
149269 98102
158381 95477
158789 95468
101042 138041
100873 138273
133851 106724
134165 106628
128875 111741
129102 111564
94108 157357
94156 157016
112133 125159
151114 97434
152682 96993
151975 97133
144559 100051
153948 96689
153543 96692
151519 97431
94550 154229
118179 122788
138733 103356
135025 106080
135073 105757
130285 110357
130400 110103
156055 96167
156322 96058
131264 109489
119959 121636
124267 117723
136810 104333
127239 113358
132881 108220
133002 107986
130625 109733
127780 113272
142144 101272
127901 113038
157942 95558
94381 156292
94929 152812
106588 130415
105869 131632
105933 131355
105391 132639
105327 132916
106524 130692
100601 138957
100606 138626
109521 127010
109694 126837
104583 133716
131422 109306
115844 123700
115983 123500
109694 126837
104931 133380
113707 124250
114932 123999
112481 124912
99847 139339
107683 129225
100022 139176
109869 126674
107508 129388
113532 124413
108686 127949
163911 94758
138393 103358
134715 106110
135025 106080
147851 98618
140607 101909
148159 98587
158250 95527
140299 101940
146127 99327
139743 102312
158985 95340
158789 95468
111370 125579
103547 135063
93887 158187
103418 135239
103547 135063
111733 125357
123244 118477
125035 117191
123128 118664
112656 124749
165160 94485
157811 95608
153224 96860
165348 94367
161559 95020
157623 95726
153412 96742
161412 95073
131135 109576
136039 105026
135772 105068
123626 118342
142408 101254
136810 104333
115432 123838
115686 123787
108511 128112
140026 102142
139286 102658
139006 103154
140168 101990
139428 102506
141312 101587
141570 101544
124580 117582
124767 117474
139133 102842
130776 109631
131029 109590
135292 105686
135073 105757
101910 136557
102002 136367
103685 134886
105327 132916
105294 133160
119309 122505
162447 94865
145829 99667
145572 99698
145527 99753
145289 99800
139559 102456
133565 107236
131780 108953
141711 101412
141570 101544
122279 119317
122105 119418
101255 137497
150282 97749
150512 97704
125417 117056
143277 100584
143187 100759
153093 96910
100319 139096
124919 117378
125187 117095
123396 118381
98156 142390
124230 117928
112481 124912
112372 125064
101347 137307
120951 120559
111733 125357
114757 124162
105658 132286
105661 132039
131847 108766
119981 121408
125689 116906
110515 126120
110740 126085
94464 155788
105119 133323
148864 98265
149088 98233
119349 122302
121953 119514
126021 116642
121916 119719
121346 120001
121309 120206
120988 120354
126058 116437
115844 123700
115686 123787
104931 133380
107339 129592
107440 129455
142855 101009
100022 139176
100251 139163
139559 102456
93435 162005
139100 103028
133726 107170
94046 158030
134697 106189
139100 103028
142549 101109
142724 101059
101080 137660
101178 137539
112240 125152
112372 125064
110936 125951
110847 126078
131591 109254
131422 109306
133455 107313
131257 109510
144240 100219
150101 97787
141312 101587
149920 97918
144421 100181
141131 101625
150282 97749
136039 105026
131696 109089
117563 122917
117756 122893
143596 100416
138312 103443
131780 108953
106656 130348
106268 130935
103882 134643
111370 125579
97569 143531
104515 133783
109346 127173
111263 125675
101910 136557
106001 131288
109186 127430
108163 128448
108270 128352
105566 132476
103989 134547
103288 135576
110340 126283
105459 132572
101803 136653
97462 143627
106108 131192
107896 128801
110447 126187
106375 130839
96521 146850
106923 129995
109079 127526
107030 129899
104408 133879
108003 128705
103402 135420
103418 135239
124419 117627
124580 117582
145242 99913
150643 97654
148733 98315
148377 98496
150962 97486
152551 97043
150983 97484
93461 160870
126210 116341
143187 100759
143129 100896
143129 100896
143005 100971
100808 138344
100769 138498
108487 128235
108338 128285
110248 126473
110099 126523
122618 119113
122526 119216
148581 98367
104248 134136
104230 134307
133070 107919
133169 107825
106176 131125
104169 134416
108511 128112
156055 96167
155928 96231
120286 121182
103685 134886
93887 158187
141842 101362
143005 100971
141992 101324
120339 121055
129882 110687
129913 110543
158381 95477
145938 99628
140168 101990
140727 101877
149138 98152
151114 97434
154885 96449
161600 94955
140738 101859
139286 102658
153412 96742
147720 98668
151656 97301
157623 95726
137572 103959
165348 94367
144109 100269
157492 95776
151975 97133
154656 96578
154754 96499
154525 96628
147851 98618
141842 101362
139743 102312
165479 94317
141000 101675
138827 103230
147532 98786
142418 101159
146569 99151
142806 101013
140299 101940
141131 101625
157811 95608
166326 94227
147401 98836
158250 95527
147019 98933
152511 97080
144559 100051
153224 96860
142109 101320
139155 102708
150831 97536
162844 94791
141711 101412
143727 100366
146888 98983
142549 101109
150784 97649
149269 98102
160716 95175
137701 103949
152399 97095
151645 97348
150512 97704
143277 100584
148864 98265
146700 99101
148534 98480
151844 97183
143408 100534
139428 102506
140026 102142
150101 97787
144240 100219
144428 100101
161731 94905
155361 96352
160585 95225
153543 96692
152682 96993
156892 95927
149970 97837
139895 102192
139874 102262
154656 96578
154754 96499
157492 95776
157368 95830
104057 134480
96414 146946
106763 130252
109453 127077
122618 119113
122637 118964
125421 117054
151776 97298
146838 99064
146700 99101
147670 98749
143546 100497
149782 97955
143408 100534
147532 98786
104184 134413
140879 101727
141000 101675
120644 120829
112656 124749
148414 98483
129521 111092
129657 111057
154407 96658
138393 103358
145003 99979
133436 107456
125537 117002
119732 121813
120739 120759
120799 120655
119792 121709
155928 96231
96275 147043
96209 147141
95782 148009
109453 127077
96414 146946
106763 130252
119732 121813
119707 121949
120739 120759
145253 99866
113532 124413
106443 130772
106524 130692
124919 117378
138738 103311
124845 117425
122960 118783
123054 118711
157942 95558
101347 137307
145101 99918
103790 134833
120133 121312
120208 121231
120566 120878
120491 120959
100674 138559
100769 138498
104230 134307
138958 103180
148262 98535
148159 98587
110248 126473
110337 126409
131591 109254
131622 109136
148262 98535
104316 134069
103814 134710
105658 132286
106855 130062
109254 127363
109278 127240
104340 133946
106831 130185
106200 131002
108071 128638
105634 132409
103790 134833
108487 128235
108095 128515
100601 138957
130693 109666
156761 95977
99230 140198
112014 125324
134165 106628
140858 101827
134285 106596
140607 101909
94473 155654
94464 155788
145829 99667
154525 96628
136896 104058
145101 99918
150664 97652
105187 133256
119543 122114
119498 122204
103334 135487
100873 138273
100808 138344
135772 105068
105634 132409
109869 126674
106831 130185
100319 139096
108071 128638
132881 108220
107271 129659
104057 134480
105661 132039
108095 128515
106268 130935
100606 138626
133070 107919
108338 128285
106375 130839
106200 131002
133783 106791
100251 139163
107896 128801
106923 129995
101803 136653
103402 135420
106108 131192
97462 143627
111195 125742
111111 125788
109521 127010
134591 106208
105566 132476
110515 126120
105459 132572
103882 134643
108163 128448
111263 125675
101415 137240
107339 129592
117756 122893
105391 132639
131847 108766
104515 133783
103989 134547
109079 127526
100674 138559
109346 127173
115983 123500
103334 135487
114932 123999
101735 136720
97394 143694
106588 130415
108270 128352
110099 126523
104248 134136
111043 125855
109186 127430
135704 105135
107508 129388
106001 131288
127712 113339
107828 128868
106443 130772
104316 134069
103814 134710
105729 131972
107030 129899
131915 108699
135387 105661
109254 127363
129102 111564
109011 127593
134523 106275
135455 105594
104583 133716
106656 130348
109278 127240
132813 108287
129170 111497
104340 133946
107440 129455
133851 106724
110031 126590
109937 126607
133002 107986
107241 129741
104408 133879
108003 128705
130625 109733
105933 131355
102002 136367
110447 126187
127780 113272
107098 129832
99298 140131
106855 130062
116051 123433
115000 123932
96346 147013
133523 107246
133497 107303
107173 129808
145960 99617
122886 118830
121595 119867
121498 119905
122789 118868
110340 126283
110337 126409
101255 137497
126386 116314
146888 98983
149088 98233
147670 98749
146838 99064
147720 98668
149138 98152
151844 97183
143546 100497
149963 97917
151794 97264
125700 116790
131696 109089
148712 98317
111195 125742
111111 125788
142724 101059
124345 117674
123663 118339
124341 117676
126132 116390
120417 121006
120059 121359
123322 118428
120946 120568
123822 118179
123318 118430
126136 116388
125109 117144
122526 119216
123818 118181
122976 118760
124829 117448
120055 121361
123038 118734
121062 120307
120413 121008
123983 118029
122711 118917
120282 121184
122789 118868
119695 122018
121669 119820
125774 116743
125778 116741
120640 120831
121420 119954
121842 119766
122448 119265
123987 118027
119617 122067
121235 120253
122031 119465
125947 116689
122027 119467
121066 120305
121424 119952
121673 119818
125113 117142
119423 122255
119427 122253
119234 122556
105119 133323
125565 116910
140858 101827
140879 101727
134591 106208
125565 116910
125537 117002
130474 110056
99192 140279
111022 125915
110936 125951
121747 119771
124061 117980
122279 119317
123396 118381
121140 120258
123744 118228
125187 117095
122353 119270
120208 121231
119981 121408
119617 122067
123128 118664
121346 120001
119866 121662
123244 118477
125852 116694
119349 122302
130400 110103
121953 119514
126058 116437
121309 120206
126021 116642
119792 121709
121916 119719
124419 117627
126210 116341
120339 121055
119543 122114
121498 119905
121595 119867
122886 118830
120799 120655
125700 116790
123909 118076
122711 118917
119234 122556
126568 115715
125035 117191
126494 115762
130474 110056
123896 118132
120491 120959
120133 121312
120566 120878
122105 119418
131622 109136
120988 120354
119160 122603
122637 118964
124222 117935
119498 122204
151525 97351
120873 120608
101178 137539
98958 140882
105233 133185
135292 105686
135387 105661
142013 101322
131029 109590
119870 121660
95179 151092
94867 152867
93681 159452
94929 152812
93619 159507
130776 109631
149651 98005
107241 129741
107271 129659
105187 133256
120873 120608
156322 96058
124156 117975
112240 125152
110847 126078
110740 126085
138802 103265
110031 126590
109937 126607
93681 159452
93729 159392
142411 101230
161600 94955
161371 95138
129657 111057
99230 140198
123704 118293
123744 118228
145289 99800
150795 97602
150831 97536
148545 98433
145003 99979
145572 99698
145527 99753
143596 100416
96275 147043
96346 147013
134715 106110
138958 103180
149725 97964
107173 129808
107098 129832
122353 119270
124152 117977
122448 119265
121838 119768
125943 116691
121231 120255
155268 96357
139134 102778
139155 102708
139895 102192
139874 102262
106176 131125
156892 95927
156925 95869
119309 122505
121140 120258
121747 119771
125852 116694
124061 117980
144428 100101
149970 97837
144421 100181
151519 97431
151525 97351
123704 118293
124767 117474
148581 98367
105294 133160
105233 133185
155399 96307
119707 121949
119695 122018
111022 125915
111043 125855
149725 97964
142418 101159
152530 97045
156374 95999
148712 98317
123896 118132
123909 118076
139134 102778
103227 135583
130693 109666
149782 97955
149651 98005
149594 98014
138827 103230
138802 103265
150795 97602
148545 98433
