11 1.54438
1.54734e+06 1.57483e+06 1.59164e+06
1.55746e+06 1.54813e+06 1.6115e+06
1.58954e+06 1.54512e+06 1.56888e+06
1.6269e+06 1.56892e+06 1.5414e+06
1.61972e+06 1.51582e+06 1.60817e+06
1.60936e+06 1.54988e+06 1.55979e+06
1.6e+06 1.52716e+06 1.61847e+06
1.57713e+06 1.59968e+06 1.56461e+06
1.60619e+06 1.59683e+06 1.55618e+06
1.57329e+06 1.57363e+06 1.57962e+06
1.57212e+06 1.62666e+06 1.56914e+06
1.60973e+06 1.63845e+06 1.55208e+06
1.64273e+06 1.51738e+06 1.59881e+06
1.61566e+06 1.54085e+06 1.59237e+06
1.57803e+06 1.5813e+06 1.571e+06
1.64208e+06 1.54209e+06 1.57196e+06
1.58785e+06 1.55689e+06 1.59352e+06
1.63956e+06 1.53884e+06 1.58976e+06
1.63191e+06 1.58884e+06 1.5412e+06
1.60303e+06 1.59099e+06 1.56253e+06
1.58561e+06 1.57334e+06 1.57269e+06
1.59923e+06 1.62448e+06 1.56304e+06
1.60944e+06 1.54809e+06 1.56713e+06
1.60419e+06 1.57874e+06 1.56586e+06
1.57167e+06 1.61124e+06 1.58967e+06
1.59986e+06 1.66388e+06 1.56152e+06
1.60532e+06 1.60666e+06 1.56173e+06
1.60397e+06 1.5716e+06 1.56806e+06
1.59167e+06 1.59032e+06 1.56878e+06
1.65413e+06 1.5595e+06 1.55624e+06
1.54397e+06 1.67216e+06 1.64429e+06
1.55288e+06 1.58213e+06 1.5918e+06
1.59174e+06 1.5691e+06 1.5707e+06
1.6327e+06 1.552e+06 1.5649e+06
1.61142e+06 1.57723e+06 1.56382e+06
1.62323e+06 1.52801e+06 1.62685e+06
1.58017e+06 1.57517e+06 1.58602e+06
1.60569e+06 1.54566e+06 1.58443e+06
1.58496e+06 1.55588e+06 1.61992e+06
1.5789e+06 1.58365e+06 1.57785e+06
1.60358e+06 1.54767e+06 1.58551e+06
1.60195e+06 1.5421e+06 1.62583e+06
1.63751e+06 1.58747e+06 1.55537e+06
1.57519e+06 1.55534e+06 1.64281e+06
1.60159e+06 1.56234e+06 1.58278e+06
1.63197e+06 1.60328e+06 1.5527e+06
1.57369e+06 1.59956e+06 1.58185e+06
1.64401e+06 1.57441e+06 1.5528e+06
1.62482e+06 1.5371e+06 1.61992e+06
1.61092e+06 1.54071e+06 1.62337e+06
1.56711e+06 1.58126e+06 1.60687e+06
1.62952e+06 1.54478e+06 1.59507e+06
1.58389e+06 1.57023e+06 1.61258e+06
1.58483e+06 1.60377e+06 1.57187e+06
1.5917e+06 1.55811e+06 1.61694e+06
1.60436e+06 1.59828e+06 1.56894e+06
1.59095e+06 1.56793e+06 1.60522e+06
1.62977e+06 1.56831e+06 1.56833e+06
1.58972e+06 1.57025e+06 1.60409e+06
1.61774e+06 1.54347e+06 1.62e+06
1.59717e+06 1.5569e+06 1.61733e+06
1.57623e+06 1.60695e+06 1.58043e+06
1.62379e+06 1.53923e+06 1.62212e+06
1.62599e+06 1.58306e+06 1.6665e+06
1.66967e+06 1.59588e+06 1.61126e+06
1.65522e+06 1.59096e+06 1.62434e+06
1.61968e+06 1.59656e+06 1.61566e+06
1.6232e+06 1.6289e+06 1.61524e+06
1.58106e+06 1.63499e+06 1.59677e+06
1.62066e+06 1.5968e+06 1.61291e+06
1.64304e+06 1.6393e+06 1.59925e+06
1.65012e+06 1.63343e+06 1.62453e+06
1.65894e+06 1.63235e+06 1.61651e+06
1.65201e+06 1.60682e+06 1.60945e+06
1.60842e+06 1.59994e+06 1.61178e+06
1.63732e+06 1.60506e+06 1.58129e+06
1.63848e+06 1.58612e+06 1.65802e+06
1.64517e+06 1.58952e+06 1.63807e+06
1.63536e+06 1.57627e+06 1.62487e+06
1.63837e+06 1.58607e+06 1.64443e+06
1.63705e+06 1.62642e+06 1.63877e+06
1.60482e+06 1.60555e+06 1.60364e+06
1.64369e+06 1.61364e+06 1.62521e+06
1.61162e+06 1.58685e+06 1.5921e+06
1.6309e+06 1.58633e+06 1.62376e+06
1.57486e+06 1.54718e+06 1.58057e+06
1.64067e+06 1.60525e+06 1.57274e+06
1.67799e+06 1.57857e+06 1.59052e+06
1.62153e+06 1.60379e+06 1.66386e+06
1.65087e+06 1.62642e+06 1.63394e+06
1.67635e+06 1.58938e+06 1.62482e+06
1.64946e+06 1.62566e+06 1.59831e+06
1.62118e+06 1.56838e+06 1.63473e+06
1.64215e+06 1.59054e+06 1.59024e+06
1.62078e+06 1.635e+06 1.6049e+06
1.61243e+06 1.59735e+06 1.63766e+06
1.67055e+06 1.58577e+06 1.6096e+06
1.63558e+06 1.61526e+06 1.64356e+06
1.62162e+06 1.62256e+06 1.65955e+06
1.63219e+06 1.59576e+06 1.65315e+06
1.63362e+06 1.5677e+06 1.61308e+06
1.58348e+06 1.57858e+06 1.62815e+06
1.62325e+06 1.61674e+06 1.64512e+06
1.64475e+06 1.62063e+06 1.61091e+06
1.63688e+06 1.5919e+06 1.60568e+06
1.64282e+06 1.62663e+06 1.62267e+06
1.68834e+06 1.63098e+06 1.60666e+06
1.56581e+06 1.62396e+06 1.65202e+06
1.65835e+06 1.60898e+06 1.63732e+06
1.64959e+06 1.57911e+06 1.59443e+06
1.61087e+06 1.59692e+06 1.60892e+06
1.62542e+06 1.60133e+06 1.65487e+06
1.61949e+06 1.63313e+06 1.63352e+06
1.62834e+06 1.61002e+06 1.59687e+06
1.63635e+06 1.55958e+06 1.61214e+06
1.62892e+06 1.56254e+06 1.63814e+06
1.66382e+06 1.60776e+06 1.63508e+06
1.629e+06 1.59348e+06 1.63004e+06
1.64609e+06 1.63777e+06 1.60953e+06
1.66791e+06 1.65907e+06 1.65974e+06
1.59007e+06 1.62925e+06 1.61424e+06
1.59987e+06 1.61883e+06 1.60628e+06
1.63938e+06 1.55965e+06 1.58294e+06
1.6588e+06 1.6131e+06 1.62965e+06
1.66663e+06 1.59798e+06 1.60737e+06
1.64241e+06 1.61123e+06 1.58872e+06
1.59443e+06 1.63762e+06 1.62702e+06
1.63361e+06 1.6119e+06 1.59258e+06
1.65864e+06 1.58818e+06 1.67659e+06
1.58301e+06 1.62035e+06 1.62364e+06
1.62832e+06 1.61478e+06 1.63792e+06
1.60994e+06 1.6241e+06 1.59898e+06
1.65475e+06 1.63219e+06 1.63766e+06
1.63688e+06 1.60631e+06 1.61043e+06
1.63066e+06 1.59678e+06 1.58799e+06
1.60721e+06 1.61179e+06 1.63178e+06
1.61303e+06 1.60321e+06 1.59893e+06
1.63442e+06 1.55822e+06 1.58466e+06
1.63439e+06 1.60995e+06 1.62535e+06
1.61236e+06 1.59262e+06 1.63607e+06
1.62614e+06 1.56913e+06 1.64066e+06
1.67125e+06 1.58285e+06 1.63673e+06
1.657e+06 1.57912e+06 1.60999e+06
1.58073e+06 1.64074e+06 1.68437e+06
1.62527e+06 1.61787e+06 1.64111e+06
1.6188e+06 1.59014e+06 1.64522e+06
1.63392e+06 1.59644e+06 1.61037e+06
1.61489e+06 1.60501e+06 1.5794e+06
1.61505e+06 1.5738e+06 1.64385e+06
1.62286e+06 1.59369e+06 1.62752e+06
1.58731e+06 1.60628e+06 1.66607e+06
1.63467e+06 1.61612e+06 1.64995e+06
1.64292e+06 1.63076e+06 1.63896e+06
1.64822e+06 1.65917e+06 1.66297e+06
1.65873e+06 1.60656e+06 1.61391e+06
1.57917e+06 1.61015e+06 1.58615e+06
1.55587e+06 1.58735e+06 1.61304e+06
1.64024e+06 1.60257e+06 1.61864e+06
1.67152e+06 1.60956e+06 1.5753e+06
1.57144e+06 1.6298e+06 1.62664e+06
1.61061e+06 1.58293e+06 1.61656e+06
1.61081e+06 1.60103e+06 1.59302e+06
1.65461e+06 1.61914e+06 1.6002e+06
1.61495e+06 1.64164e+06 1.65001e+06
1.64655e+06 1.60378e+06 1.60015e+06
1.63882e+06 1.5972e+06 1.63254e+06
1.63267e+06 1.59387e+06 1.61304e+06
1.66265e+06 1.58278e+06 1.61118e+06
1.61282e+06 1.59948e+06 1.62992e+06
1.61574e+06 1.62597e+06 1.58389e+06
1.63157e+06 1.6049e+06 1.66662e+06
1.6036e+06 1.62663e+06 1.60371e+06
1.61074e+06 1.58611e+06 1.63012e+06
1.61948e+06 1.58698e+06 1.64743e+06
1.62567e+06 1.60324e+06 1.59123e+06
1.59142e+06 1.56945e+06 1.6089e+06
1.59456e+06 1.58716e+06 1.61271e+06
1.59344e+06 1.62172e+06 1.62114e+06
1.63792e+06 1.63285e+06 1.63599e+06
1.60917e+06 1.60726e+06 1.6463e+06
1.6219e+06 1.54728e+06 1.61278e+06
1.64614e+06 1.60326e+06 1.62926e+06
1.6349e+06 1.62389e+06 1.57866e+06
1.56795e+06 1.59226e+06 1.61842e+06
1.62592e+06 1.57043e+06 1.61482e+06
1.63267e+06 1.59825e+06 1.63061e+06
1.61428e+06 1.56829e+06 1.58364e+06
1.63259e+06 1.61872e+06 1.64083e+06
1.65478e+06 1.60793e+06 1.62756e+06
1.64254e+06 1.60075e+06 1.61672e+06
1.65603e+06 1.60678e+06 1.60674e+06
1.66261e+06 1.62222e+06 1.55003e+06
1.61929e+06 1.58174e+06 1.60691e+06
1.62696e+06 1.58541e+06 1.6495e+06
1.64023e+06 1.55945e+06 1.63824e+06
1.63154e+06 1.59356e+06 1.65814e+06
1.62118e+06 1.57452e+06 1.59451e+06
1.62453e+06 1.59254e+06 1.61471e+06
1.65014e+06 1.61106e+06 1.61234e+06
1.60337e+06 1.60228e+06 1.68313e+06
1.63158e+06 1.61396e+06 1.63542e+06
1.64324e+06 1.60716e+06 1.60441e+06
1.62842e+06 1.54353e+06 1.62913e+06
1.65248e+06 1.63932e+06 1.6252e+06
1.63878e+06 1.61098e+06 1.60631e+06
1.624e+06 1.60841e+06 1.62372e+06
1.63597e+06 1.6129e+06 1.59088e+06
1.6316e+06 1.62519e+06 1.62661e+06
1.634e+06 1.59295e+06 1.62217e+06
1.59245e+06 1.58618e+06 1.60032e+06
1.59405e+06 1.62293e+06 1.61047e+06
1.63117e+06 1.61855e+06 1.63364e+06
1.64305e+06 1.60551e+06 1.58332e+06
1.63683e+06 1.57153e+06 1.63904e+06
1.65141e+06 1.57094e+06 1.61951e+06
1.63837e+06 1.588e+06 1.6392e+06
1.67346e+06 1.57632e+06 1.61362e+06
1.65568e+06 1.6018e+06 1.63211e+06
1.61642e+06 1.60072e+06 1.5652e+06
1.60438e+06 1.59433e+06 1.63522e+06
1.61914e+06 1.60126e+06 1.61801e+06
1.61334e+06 1.58067e+06 1.63966e+06
1.64224e+06 1.60674e+06 1.65377e+06
1.66452e+06 1.64186e+06 1.63663e+06
1.64066e+06 1.57478e+06 1.65307e+06
1.60005e+06 1.61575e+06 1.61685e+06
1.60978e+06 1.58331e+06 1.62304e+06
1.62796e+06 1.60248e+06 1.58674e+06
1.66129e+06 1.56889e+06 1.56239e+06
1.61782e+06 1.57522e+06 1.6503e+06
1.63306e+06 1.61459e+06 1.60663e+06
1.62765e+06 1.58586e+06 1.60798e+06
1.60629e+06 1.60563e+06 1.64511e+06
1.62564e+06 1.58468e+06 1.63953e+06
1.66068e+06 1.66528e+06 1.61244e+06
1.59876e+06 1.61717e+06 1.57548e+06
1.60951e+06 1.61259e+06 1.62986e+06
1.59198e+06 1.59707e+06 1.6114e+06
1.67561e+06 1.59544e+06 1.62384e+06
1.58849e+06 1.63234e+06 1.6353e+06
1.60065e+06 1.57491e+06 1.64612e+06
1.64405e+06 1.59625e+06 1.57906e+06
1.66112e+06 1.6117e+06 1.6127e+06
1.62123e+06 1.59915e+06 1.6326e+06
1.63878e+06 1.59018e+06 1.61328e+06
1.62401e+06 1.58746e+06 1.5968e+06
1.65103e+06 1.63214e+06 1.62809e+06
1.63981e+06 1.63076e+06 1.59566e+06
1.62582e+06 1.55888e+06 1.63693e+06
1.64196e+06 1.5885e+06 1.59184e+06
1.65459e+06 1.57054e+06 1.62376e+06
1.62364e+06 1.61286e+06 1.64011e+06
1.61235e+06 1.59414e+06 1.59892e+06
1.65327e+06 1.61161e+06 1.60199e+06
1.62858e+06 1.61162e+06 1.60525e+06
1.62224e+06 1.56417e+06 1.57817e+06
1.62508e+06 1.60369e+06 1.63139e+06
1.6517e+06 1.62079e+06 1.62589e+06
1.64792e+06 1.60197e+06 1.59753e+06
1.63827e+06 1.60397e+06 1.66779e+06
1.61288e+06 1.65753e+06 1.6596e+06
1.65062e+06 1.58927e+06 1.60362e+06
1.622e+06 1.57226e+06 1.62317e+06
1.63417e+06 1.65044e+06 1.63639e+06
1.64703e+06 1.62596e+06 1.61662e+06
1.64419e+06 1.61436e+06 1.56147e+06
1.61133e+06 1.60031e+06 1.57927e+06
1.60339e+06 1.58955e+06 1.67513e+06
1.61752e+06 1.5955e+06 1.59191e+06
1.64075e+06 1.63539e+06 1.65055e+06
1.62013e+06 1.57759e+06 1.64433e+06
1.63198e+06 1.60772e+06 1.61535e+06
1.66176e+06 1.6249e+06 1.63338e+06
1.60925e+06 1.5613e+06 1.63541e+06
1.62965e+06 1.59018e+06 1.61101e+06
1.61238e+06 1.58246e+06 1.61744e+06
1.61054e+06 1.5774e+06 1.62969e+06
1.64937e+06 1.59616e+06 1.63574e+06
1.62385e+06 1.57742e+06 1.62003e+06
1.63796e+06 1.61122e+06 1.61394e+06
1.5981e+06 1.58514e+06 1.65215e+06
1.65054e+06 1.59886e+06 1.59247e+06
1.62547e+06 1.55857e+06 1.657e+06
1.62441e+06 1.60621e+06 1.63698e+06
1.62826e+06 1.57512e+06 1.6172e+06
1.61374e+06 1.57872e+06 1.64868e+06
1.65188e+06 1.61365e+06 1.63238e+06
1.60624e+06 1.57974e+06 1.65031e+06
1.6433e+06 1.56882e+06 1.66305e+06
1.63794e+06 1.59524e+06 1.65762e+06
1.60727e+06 1.60682e+06 1.63126e+06
1.63673e+06 1.60913e+06 1.598e+06
1.64272e+06 1.61735e+06 1.68127e+06
1.63636e+06 1.57027e+06 1.59895e+06
1.65843e+06 1.55899e+06 1.64466e+06
1.60804e+06 1.6101e+06 1.59649e+06
1.58687e+06 1.63021e+06 1.65692e+06
1.66337e+06 1.60322e+06 1.69863e+06
1.6293e+06 1.6108e+06 1.628e+06
1.62645e+06 1.61221e+06 1.61087e+06
