24 13.5426
3.31699e+06 3.24314e+06 3.13329e+06 3.13586e+06
3.26272e+06 3.09697e+06 3.24915e+06 3.21002e+06
3.24733e+06 3.35274e+06 3.10056e+06 3.19004e+06
3.24572e+06 3.20245e+06 3.1076e+06 3.27402e+06
3.23489e+06 3.2284e+06 3.22509e+06 3.08035e+06
3.19252e+06 3.23742e+06 3.06907e+06 3.26749e+06
3.17848e+06 3.20594e+06 3.31058e+06 3.11009e+06
3.11365e+06 3.20558e+06 3.20092e+06 3.18232e+06
3.13029e+06 3.19146e+06 3.26925e+06 3.18632e+06
3.17848e+06 3.20594e+06 3.31058e+06 3.11009e+06
3.23759e+06 3.26521e+06 3.09883e+06 3.21233e+06
3.19252e+06 3.23742e+06 3.06907e+06 3.26749e+06
3.26022e+06 3.30457e+06 3.11129e+06 3.15494e+06
3.15627e+06 3.15497e+06 3.23159e+06 3.2507e+06
3.1718e+06 3.31901e+06 3.17724e+06 3.12603e+06
3.12609e+06 3.234e+06 3.1938e+06 3.22074e+06
3.29743e+06 3.24639e+06 3.12726e+06 3.13637e+06
3.24733e+06 3.35274e+06 3.10056e+06 3.19004e+06
3.169e+06 3.16528e+06 3.16877e+06 3.23456e+06
3.2135e+06 3.33142e+06 3.15655e+06 3.14148e+06
3.16739e+06 3.2545e+06 3.22344e+06 3.12707e+06
3.13163e+06 3.17572e+06 3.22797e+06 3.20436e+06
3.30705e+06 3.28046e+06 3.1706e+06 3.10743e+06
3.20176e+06 3.32268e+06 3.13173e+06 3.17145e+06
3.24095e+06 3.13329e+06 3.16571e+06 3.23508e+06
3.288e+06 3.19307e+06 3.1861e+06 3.1484e+06
3.2643e+06 3.22803e+06 3.17284e+06 3.10455e+06
3.15842e+06 3.16125e+06 3.22601e+06 3.26491e+06
3.14074e+06 3.27567e+06 3.19694e+06 3.21174e+06
3.19932e+06 3.13064e+06 3.14714e+06 3.24513e+06
3.15368e+06 3.199e+06 3.12355e+06 3.18241e+06
3.23174e+06 3.2024e+06 3.1444e+06 3.15052e+06
3.2208e+06 3.13755e+06 3.19264e+06 3.20288e+06
3.27915e+06 3.15459e+06 3.18453e+06 3.18822e+06
3.1145e+06 3.26983e+06 3.19139e+06 3.24181e+06
3.25527e+06 3.18672e+06 3.14021e+06 3.14901e+06
3.19152e+06 3.17374e+06 3.24153e+06 3.19186e+06
3.20946e+06 3.28479e+06 3.15504e+06 3.17499e+06
3.17438e+06 3.21811e+06 3.19927e+06 3.15256e+06
3.24157e+06 3.10443e+06 3.20556e+06 3.19636e+06
3.21843e+06 3.29322e+06 3.12244e+06 3.17293e+06
3.17845e+06 3.18008e+06 3.21989e+06 3.22771e+06
3.12836e+06 3.23169e+06 3.19646e+06 3.21362e+06
3.18237e+06 3.17501e+06 3.21676e+06 3.22572e+06
3.18971e+06 3.29169e+06 3.15492e+06 3.14667e+06
3.25321e+06 3.14719e+06 3.25674e+06 3.12337e+06
3.11769e+06 3.21256e+06 3.25338e+06 3.1773e+06
3.14482e+06 3.26259e+06 3.19042e+06 3.21214e+06
3.18786e+06 3.18493e+06 3.21811e+06 3.10611e+06
3.20013e+06 3.10142e+06 3.25056e+06 3.14313e+06
3.22613e+06 3.11701e+06 3.22842e+06 3.21919e+06
3.26938e+06 3.28061e+06 3.19858e+06 3.08993e+06
3.28217e+06 3.15008e+06 3.23982e+06 3.15493e+06
3.20619e+06 3.2977e+06 3.11931e+06 3.18652e+06
3.28466e+06 3.2087e+06 3.15551e+06 3.13177e+06
3.11893e+06 3.2254e+06 3.23328e+06 3.11351e+06
3.14911e+06 3.2228e+06 3.18732e+06 3.19915e+06
3.14958e+06 3.24488e+06 3.18026e+06 3.19642e+06
3.24797e+06 3.17085e+06 3.23198e+06 3.13898e+06
3.25698e+06 3.19555e+06 3.1351e+06 3.21664e+06
3.21204e+06 3.20959e+06 3.17504e+06 3.09827e+06
3.29819e+06 3.24519e+06 3.2132e+06 3.08704e+06
3.19837e+06 3.21913e+06 3.10699e+06 3.2018e+06
3.2135e+06 3.33142e+06 3.15655e+06 3.14148e+06
3.24598e+06 3.22634e+06 3.11537e+06 3.15718e+06
3.18088e+06 3.24702e+06 3.13208e+06 3.17923e+06
3.24913e+06 3.18463e+06 3.18964e+06 3.13458e+06
3.19395e+06 3.1831e+06 3.21408e+06 3.19617e+06
3.24572e+06 3.20245e+06 3.1076e+06 3.27402e+06
3.27066e+06 3.17663e+06 3.10182e+06 3.2258e+06
3.20363e+06 3.25998e+06 3.15855e+06 3.14885e+06
3.23494e+06 3.26976e+06 3.11572e+06 3.19143e+06
3.20128e+06 3.1709e+06 3.20769e+06 3.19025e+06
3.22101e+06 3.24204e+06 3.16798e+06 3.16196e+06
3.30367e+06 3.25936e+06 3.14726e+06 3.11485e+06
3.22613e+06 3.11701e+06 3.22842e+06 3.21919e+06
3.21693e+06 3.17591e+06 3.1979e+06 3.1233e+06
3.29819e+06 3.24519e+06 3.2132e+06 3.08704e+06
3.21204e+06 3.20959e+06 3.17504e+06 3.09827e+06
3.20538e+06 3.15955e+06 3.17158e+06 3.19994e+06
3.15891e+06 3.19798e+06 3.16956e+06 3.16683e+06
3.16352e+06 3.22301e+06 3.26416e+06 3.13546e+06
3.2274e+06 3.2992e+06 3.14709e+06 3.13218e+06
3.27228e+06 3.15094e+06 3.22581e+06 3.16706e+06
3.16419e+06 3.27691e+06 3.14842e+06 3.17609e+06
3.30367e+06 3.25936e+06 3.14726e+06 3.11485e+06
3.25927e+06 3.2286e+06 3.14648e+06 3.13246e+06
3.25683e+06 3.2708e+06 3.17426e+06 3.14816e+06
3.27187e+06 3.27484e+06 3.1011e+06 3.14417e+06
3.22912e+06 3.15695e+06 3.16251e+06 3.19743e+06
3.21397e+06 3.18111e+06 3.23084e+06 3.16747e+06
3.25321e+06 3.14719e+06 3.25674e+06 3.12337e+06
3.1559e+06 3.21109e+06 3.26263e+06 3.16443e+06
3.26938e+06 3.28061e+06 3.19858e+06 3.08993e+06
3.16665e+06 3.2232e+06 3.16944e+06 3.16545e+06
3.19512e+06 3.19823e+06 3.215e+06 3.15913e+06
3.26006e+06 3.21927e+06 3.15058e+06 3.14566e+06
3.20148e+06 3.19541e+06 3.15217e+06 3.21744e+06
3.15842e+06 3.16125e+06 3.22601e+06 3.26491e+06
3.11893e+06 3.2254e+06 3.23328e+06 3.11351e+06
3.208e+06 3.27792e+06 3.18983e+06 3.11943e+06
3.23836e+06 3.17969e+06 3.15007e+06 3.16193e+06
3.20803e+06 3.12416e+06 3.19748e+06 3.21869e+06
3.20803e+06 3.12416e+06 3.19748e+06 3.21869e+06
3.22912e+06 3.15695e+06 3.16251e+06 3.19743e+06
3.25446e+06 3.20819e+06 3.17611e+06 3.13519e+06
3.19859e+06 3.1513e+06 3.21686e+06 3.22675e+06
3.22302e+06 3.17354e+06 3.23808e+06 3.1239e+06
3.22299e+06 3.13281e+06 3.20374e+06 3.16818e+06
3.22302e+06 3.17354e+06 3.23808e+06 3.1239e+06
3.208e+06 3.27792e+06 3.18983e+06 3.11943e+06
3.25766e+06 3.18084e+06 3.22204e+06 3.1073e+06
3.22299e+06 3.13281e+06 3.20374e+06 3.16818e+06
3.17213e+06 3.23803e+06 3.2211e+06 3.1639e+06
3.18088e+06 3.24702e+06 3.13208e+06 3.17923e+06
3.17332e+06 3.15559e+06 3.26672e+06 3.18733e+06
3.20566e+06 3.21312e+06 3.18422e+06 3.16402e+06
3.20206e+06 3.19126e+06 3.19256e+06 3.13245e+06
3.24157e+06 3.10443e+06 3.20556e+06 3.19636e+06
3.17332e+06 3.15559e+06 3.26672e+06 3.18733e+06
3.19512e+06 3.19823e+06 3.215e+06 3.15913e+06
3.20566e+06 3.21312e+06 3.18422e+06 3.16402e+06
3.1559e+06 3.21109e+06 3.26263e+06 3.16443e+06
3.17213e+06 3.23803e+06 3.2211e+06 3.1639e+06
3.23836e+06 3.17969e+06 3.15007e+06 3.16193e+06
3.20206e+06 3.19126e+06 3.19256e+06 3.13245e+06
3.25321e+06 3.14719e+06 3.25674e+06 3.12337e+06
3.24572e+06 3.20245e+06 3.1076e+06 3.27402e+06
3.22613e+06 3.11701e+06 3.22842e+06 3.21919e+06
3.19252e+06 3.23742e+06 3.06907e+06 3.26749e+06
3.31989e+06 3.18614e+06 3.18016e+06 3.19543e+06
3.27393e+06 3.31024e+06 3.14849e+06 3.20278e+06
3.24692e+06 3.22003e+06 3.12238e+06 3.22424e+06
3.22315e+06 3.1501e+06 3.23437e+06 3.25884e+06
3.21125e+06 3.28406e+06 3.25768e+06 3.10841e+06
3.20605e+06 3.23022e+06 3.31268e+06 3.16548e+06
3.19778e+06 3.20508e+06 3.14598e+06 3.2939e+06
3.13508e+06 3.27042e+06 3.25622e+06 3.21448e+06
3.1526e+06 3.24355e+06 3.27303e+06 3.11703e+06
3.2302e+06 3.21882e+06 3.18494e+06 3.28165e+06
3.24111e+06 3.1699e+06 3.21704e+06 3.25011e+06
3.26866e+06 3.28339e+06 3.15922e+06 3.17662e+06
3.19275e+06 3.29223e+06 3.14152e+06 3.21922e+06
3.27649e+06 3.26464e+06 3.24592e+06 3.12049e+06
3.24951e+06 3.21395e+06 3.18305e+06 3.12411e+06
3.29192e+06 3.25055e+06 3.1684e+06 3.16695e+06
3.24619e+06 3.30866e+06 3.15055e+06 3.17103e+06
3.29945e+06 3.21507e+06 3.17219e+06 3.19962e+06
3.22595e+06 3.15514e+06 3.23624e+06 3.19028e+06
3.22596e+06 3.18242e+06 3.242e+06 3.18109e+06
3.20115e+06 3.21806e+06 3.13568e+06 3.29378e+06
3.22478e+06 3.2716e+06 3.26695e+06 3.14184e+06
3.25557e+06 3.26148e+06 3.17678e+06 3.15193e+06
3.27047e+06 3.16739e+06 3.21784e+06 3.22904e+06
3.22938e+06 3.23343e+06 3.2213e+06 3.14932e+06
3.21715e+06 3.18806e+06 3.21319e+06 3.15178e+06
3.1996e+06 3.29452e+06 3.17603e+06 3.15283e+06
3.20458e+06 3.19891e+06 3.25384e+06 3.23232e+06
3.18306e+06 3.22572e+06 3.18457e+06 3.21622e+06
3.24295e+06 3.21809e+06 3.19395e+06 3.14275e+06
3.20269e+06 3.19516e+06 3.26694e+06 3.19821e+06
3.16119e+06 3.26448e+06 3.23389e+06 3.21903e+06
3.29838e+06 3.20928e+06 3.17339e+06 3.24323e+06
3.15838e+06 3.20892e+06 3.24884e+06 3.18349e+06
3.21515e+06 3.23587e+06 3.14998e+06 3.2036e+06
3.2114e+06 3.24841e+06 3.261e+06 3.16874e+06
3.22139e+06 3.27487e+06 3.18401e+06 3.15441e+06
3.19608e+06 3.20714e+06 3.20089e+06 3.19216e+06
3.21165e+06 3.18654e+06 3.22608e+06 3.23876e+06
3.20982e+06 3.20133e+06 3.20519e+06 3.20232e+06
3.27098e+06 3.18431e+06 3.23838e+06 3.16334e+06
3.17092e+06 3.23687e+06 3.17594e+06 3.2159e+06
3.21351e+06 3.28057e+06 3.13573e+06 3.21503e+06
3.22292e+06 3.26812e+06 3.18002e+06 3.15818e+06
3.17702e+06 3.24105e+06 3.17514e+06 3.23688e+06
3.16582e+06 3.20624e+06 3.2406e+06 3.19884e+06
3.1768e+06 3.28186e+06 3.21098e+06 3.19575e+06
3.17911e+06 3.27203e+06 3.22363e+06 3.18474e+06
3.18069e+06 3.22037e+06 3.16963e+06 3.22899e+06
3.20253e+06 3.25534e+06 3.20185e+06 3.15339e+06
3.23016e+06 3.22331e+06 3.16674e+06 3.21536e+06
3.24814e+06 3.21142e+06 3.20852e+06 3.15735e+06
3.20153e+06 3.25766e+06 3.2247e+06 3.17554e+06
3.23621e+06 3.21147e+06 3.18375e+06 3.18371e+06
3.24214e+06 3.20972e+06 3.18957e+06 3.17572e+06
3.17773e+06 3.22962e+06 3.22475e+06 3.20218e+06
3.19413e+06 3.22342e+06 3.17691e+06 3.17592e+06
3.20381e+06 3.25011e+06 3.1729e+06 3.17132e+06
3.2427e+06 3.21195e+06 3.18333e+06 3.17131e+06
3.28894e+06 3.16859e+06 3.29913e+06 3.24199e+06
3.27809e+06 3.2539e+06 3.23535e+06 3.13272e+06
3.25412e+06 3.23058e+06 3.15175e+06 3.23497e+06
3.20274e+06 3.27387e+06 3.18092e+06 3.26924e+06
3.1965e+06 3.30504e+06 3.20735e+06 3.19603e+06
3.17761e+06 3.26077e+06 3.29772e+06 3.15043e+06
3.22438e+06 3.27741e+06 3.26776e+06 3.16738e+06
3.23828e+06 3.18934e+06 3.25447e+06 3.24507e+06
3.24034e+06 3.24437e+06 3.15708e+06 3.25856e+06
3.24647e+06 3.23569e+06 3.20382e+06 3.1586e+06
3.18861e+06 3.29711e+06 3.21596e+06 3.19918e+06
3.26068e+06 3.216e+06 3.18683e+06 3.1495e+06
3.21302e+06 3.26708e+06 3.28269e+06 3.15217e+06
3.24117e+06 3.26733e+06 3.17455e+06 3.22174e+06
3.26167e+06 3.25579e+06 3.17503e+06 3.17968e+06
3.17787e+06 3.26562e+06 3.21364e+06 3.22705e+06
3.23376e+06 3.20476e+06 3.27139e+06 3.1925e+06
3.20519e+06 3.21581e+06 3.22995e+06 3.21262e+06
3.22024e+06 3.19628e+06 3.23394e+06 3.26406e+06
3.20426e+06 3.26155e+06 3.17632e+06 3.24838e+06
3.20197e+06 3.22189e+06 3.25619e+06 3.22359e+06
3.21927e+06 3.22524e+06 3.24366e+06 3.17423e+06
3.2007e+06 3.2585e+06 3.19276e+06 3.23254e+06
3.25346e+06 3.23171e+06 3.21244e+06 3.16665e+06
3.22148e+06 3.22805e+06 3.23645e+06 3.18525e+06
3.24665e+06 3.19506e+06 3.21873e+06 3.17535e+06
3.2099e+06 3.2412e+06 3.22506e+06 3.18698e+06
3.23258e+06 3.2117e+06 3.21676e+06 3.22011e+06
3.20947e+06 3.2097e+06 3.21762e+06 3.20427e+06
3.23165e+06 3.26075e+06 3.18494e+06 3.19729e+06
3.20648e+06 3.2994e+06 3.23093e+06 3.19149e+06
3.2351e+06 3.25338e+06 3.23028e+06 3.1807e+06
3.20078e+06 3.24768e+06 3.21087e+06 3.19436e+06
3.19908e+06 3.22237e+06 3.24565e+06 3.19445e+06
3.21179e+06 3.23365e+06 3.22271e+06 3.19331e+06
3.23616e+06 3.24035e+06 3.2066e+06 3.19536e+06
3.21392e+06 3.20638e+06 3.22032e+06 3.22204e+06
3.23469e+06 3.21019e+06 3.20848e+06 3.23802e+06
3.19902e+06 3.29996e+06 3.20774e+06 3.19663e+06
3.25474e+06 3.24495e+06 3.17515e+06 3.23272e+06
3.19367e+06 3.22984e+06 3.2212e+06 3.22228e+06
3.23187e+06 3.22497e+06 3.21191e+06 3.23243e+06
3.18976e+06 3.24497e+06 3.23548e+06 3.20379e+06
3.19062e+06 3.22897e+06 3.22159e+06 3.23331e+06
3.20402e+06 3.24353e+06 3.21971e+06 3.22488e+06
3.19625e+06 3.25405e+06 3.23619e+06 3.17653e+06
3.23174e+06 3.22543e+06 3.18209e+06 3.19878e+06
3.2363e+06 3.20697e+06 3.20772e+06 3.23943e+06
3.23659e+06 3.22288e+06 3.23434e+06 3.17652e+06
3.20416e+06 3.22992e+06 3.24394e+06 3.2e+06
3.29696e+06 3.26782e+06 3.17843e+06 3.21935e+06
3.287e+06 3.23404e+06 3.25658e+06 3.16911e+06
3.26842e+06 3.27067e+06 3.15223e+06 3.25465e+06
3.26073e+06 3.21005e+06 3.26059e+06 3.20787e+06
3.2326e+06 3.30721e+06 3.27952e+06 3.17783e+06
3.22232e+06 3.30028e+06 3.28824e+06 3.19903e+06
3.21171e+06 3.22875e+06 3.25336e+06 3.26423e+06
3.17897e+06 3.30575e+06 3.21977e+06 3.25898e+06
3.22429e+06 3.27265e+06 3.19151e+06 3.2509e+06
3.18567e+06 3.28886e+06 3.26162e+06 3.22954e+06
3.26215e+06 3.28548e+06 3.16179e+06 3.24323e+06
3.20091e+06 3.29084e+06 3.22204e+06 3.20804e+06
3.26964e+06 3.28319e+06 3.20775e+06 3.18902e+06
3.25618e+06 3.2645e+06 3.2501e+06 3.17631e+06
3.20684e+06 3.26115e+06 3.22613e+06 3.21806e+06
3.203e+06 3.24783e+06 3.23065e+06 3.21099e+06
3.22927e+06 3.22333e+06 3.21904e+06 3.22534e+06
3.23411e+06 3.26996e+06 3.267e+06 3.17949e+06
3.28423e+06 3.26772e+06 3.18202e+06 3.18604e+06
3.27137e+06 3.30719e+06 3.16185e+06 3.23589e+06
3.27256e+06 3.23619e+06 3.19132e+06 3.2348e+06
3.24497e+06 3.24042e+06 3.23589e+06 3.19274e+06
3.25197e+06 3.29934e+06 3.18415e+06 3.25748e+06
3.25457e+06 3.25601e+06 3.23384e+06 3.18104e+06
3.24867e+06 3.2179e+06 3.22091e+06 3.22156e+06
3.23925e+06 3.24985e+06 3.22839e+06 3.19725e+06
3.23219e+06 3.23664e+06 3.18609e+06 3.20035e+06
3.26686e+06 3.21437e+06 3.25639e+06 3.18285e+06
3.24234e+06 3.24304e+06 3.21113e+06 3.20021e+06
3.26084e+06 3.22501e+06 3.23562e+06 3.17236e+06
3.23879e+06 3.22955e+06 3.26058e+06 3.18946e+06
3.29009e+06 3.22931e+06 3.2147e+06 3.1997e+06
3.2703e+06 3.23288e+06 3.21407e+06 3.19277e+06
3.24687e+06 3.22925e+06 3.21982e+06 3.18746e+06
3.23908e+06 3.24205e+06 3.25307e+06 3.18249e+06
3.29194e+06 3.31042e+06 3.24169e+06 3.19289e+06
3.25948e+06 3.26833e+06 3.18974e+06 3.21445e+06
3.25311e+06 3.24238e+06 3.2585e+06 3.18409e+06
3.25309e+06 3.24408e+06 3.28554e+06 3.18531e+06
3.24344e+06 3.25372e+06 3.22266e+06 3.27638e+06
3.23289e+06 3.22959e+06 3.2647e+06 3.2731e+06
3.21263e+06 3.27934e+06 3.22771e+06 3.2534e+06
3.24592e+06 3.2929e+06 3.20086e+06 3.20042e+06
3.28404e+06 3.23392e+06 3.21832e+06 3.24389e+06
3.21636e+06 3.27355e+06 3.25952e+06 3.2179e+06
3.26876e+06 3.2652e+06 3.22163e+06 3.20104e+06
3.2649e+06 3.26293e+06 3.20685e+06 3.22847e+06
3.26109e+06 3.24848e+06 3.25157e+06 3.23807e+06
3.24551e+06 3.27591e+06 3.23724e+06 3.21248e+06
3.26569e+06 3.2303e+06 3.23108e+06 3.23744e+06
3.25914e+06 3.25835e+06 3.22778e+06 3.2521e+06
3.25973e+06 3.25251e+06 3.24447e+06 3.19038e+06
3.26106e+06 3.26411e+06 3.20951e+06 3.2483e+06
3.30513e+06 3.29708e+06 3.28646e+06 3.19473e+06
3.2875e+06 3.30942e+06 3.20192e+06 3.22105e+06
3.27577e+06 3.26082e+06 3.24586e+06 3.26391e+06
3.26039e+06 3.27363e+06 3.20067e+06 3.22349e+06
3.24614e+06 3.29726e+06 3.22869e+06 3.21755e+06
3.25817e+06 3.27466e+06 3.27288e+06 3.22658e+06
3.30621e+06 3.2787e+06 3.22308e+06 3.22453e+06
3.29868e+06 3.28235e+06 3.23238e+06 3.23208e+06
3.31984e+06 3.12898e+06 3.10731e+06 3.15994e+06
3.25777e+06 3.06501e+06 3.21698e+06 3.21084e+06
3.22792e+06 3.21849e+06 3.08275e+06 3.15397e+06
3.18354e+06 3.20048e+06 3.22515e+06 3.05543e+06
3.15916e+06 3.28522e+06 3.09225e+06 3.17204e+06
3.15223e+06 3.15922e+06 3.18985e+06 3.27796e+06
3.15e+06 3.14195e+06 3.28881e+06 3.24444e+06
3.10744e+06 3.14639e+06 3.23719e+06 3.24403e+06
3.20452e+06 3.2675e+06 3.11193e+06 3.20027e+06
3.22567e+06 3.08196e+06 3.16317e+06 3.25272e+06
3.1716e+06 3.12664e+06 3.27036e+06 3.1768e+06
3.22586e+06 3.24378e+06 3.17927e+06 3.06718e+06
3.11974e+06 3.16949e+06 3.17898e+06 3.21184e+06
3.23486e+06 3.06805e+06 3.23151e+06 3.206e+06
3.25228e+06 3.12116e+06 3.27995e+06 3.14861e+06
3.27527e+06 3.17402e+06 3.21433e+06 3.08714e+06
3.2165e+06 3.08314e+06 3.2476e+06 3.23094e+06
3.30068e+06 3.09106e+06 3.1148e+06 3.22541e+06
3.25664e+06 3.10069e+06 3.17709e+06 3.12323e+06
3.31984e+06 3.12898e+06 3.10731e+06 3.15994e+06
3.29581e+06 3.11932e+06 3.13503e+06 3.17312e+06
3.1946e+06 3.11886e+06 3.2065e+06 3.22622e+06
3.22613e+06 3.09475e+06 3.27037e+06 3.15514e+06
3.16858e+06 3.12422e+06 3.18185e+06 3.26346e+06
3.2888e+06 3.10563e+06 3.1191e+06 3.21029e+06
3.19118e+06 3.2266e+06 3.18501e+06 3.103e+06
3.25095e+06 3.13628e+06 3.14298e+06 3.27363e+06
3.10837e+06 3.17242e+06 3.15061e+06 3.14723e+06
3.18933e+06 3.23246e+06 3.19755e+06 3.07161e+06
3.15573e+06 3.14746e+06 3.19069e+06 3.2611e+06
3.16349e+06 3.18471e+06 3.1982e+06 3.13127e+06
3.265e+06 3.12994e+06 3.09379e+06 3.19592e+06
3.15724e+06 3.23716e+06 3.18779e+06 3.13486e+06
3.28709e+06 3.15761e+06 3.11347e+06 3.16287e+06
3.13129e+06 3.15919e+06 3.21745e+06 3.18384e+06
3.2165e+06 3.08314e+06 3.2476e+06 3.23094e+06
3.1727e+06 3.26899e+06 3.15267e+06 3.10983e+06
3.24937e+06 3.23341e+06 3.19189e+06 3.07768e+06
3.2662e+06 3.1041e+06 3.13185e+06 3.20526e+06
3.22792e+06 3.21849e+06 3.08275e+06 3.15397e+06
3.17796e+06 3.1542e+06 3.16104e+06 3.19857e+06
3.14835e+06 3.27368e+06 3.14933e+06 3.1507e+06
3.15229e+06 3.20848e+06 3.20513e+06 3.06011e+06
3.24649e+06 3.08904e+06 3.19423e+06 3.19023e+06
3.19694e+06 3.15731e+06 3.12971e+06 3.21963e+06
3.20853e+06 3.19134e+06 3.14117e+06 3.11141e+06
3.28918e+06 3.11086e+06 3.0899e+06 3.17728e+06
3.17189e+06 3.14887e+06 3.15888e+06 3.23661e+06
3.20683e+06 3.12074e+06 3.18731e+06 3.1677e+06
3.18684e+06 3.23122e+06 3.11554e+06 3.13532e+06
3.13539e+06 3.18226e+06 3.1983e+06 3.09998e+06
3.22586e+06 3.24378e+06 3.17927e+06 3.06718e+06
3.27172e+06 3.11415e+06 3.10676e+06 3.20339e+06
3.14108e+06 3.19084e+06 3.12754e+06 3.17404e+06
3.2436e+06 3.15033e+06 3.14894e+06 3.16899e+06
3.28918e+06 3.11086e+06 3.0899e+06 3.17728e+06
3.24551e+06 3.11254e+06 3.16681e+06 3.21309e+06
3.23808e+06 3.14091e+06 3.16999e+06 3.09376e+06
3.25498e+06 3.13198e+06 3.18366e+06 3.16215e+06
3.2493e+06 3.19246e+06 3.13819e+06 3.16821e+06
3.2327e+06 3.14662e+06 3.14698e+06 3.23845e+06
3.22152e+06 3.15147e+06 3.16904e+06 3.13708e+06
3.10744e+06 3.14639e+06 3.23719e+06 3.24403e+06
3.20973e+06 3.17227e+06 3.12606e+06 3.23239e+06
3.15e+06 3.14195e+06 3.28881e+06 3.24444e+06
3.13255e+06 3.14506e+06 3.21627e+06 3.22257e+06
3.13539e+06 3.18226e+06 3.1983e+06 3.09998e+06
3.2002e+06 3.08524e+06 3.20423e+06 3.20495e+06
3.22422e+06 3.08316e+06 3.22144e+06 3.22428e+06
3.21852e+06 3.22534e+06 3.16314e+06 3.0897e+06
3.21458e+06 3.21138e+06 3.13105e+06 3.14771e+06
3.257e+06 3.20373e+06 3.10346e+06 3.20447e+06
3.21816e+06 3.21268e+06 3.10877e+06 3.13193e+06
3.22578e+06 3.20126e+06 3.10109e+06 3.24635e+06
3.20264e+06 3.19628e+06 3.13895e+06 3.13859e+06
3.23192e+06 3.11776e+06 3.21913e+06 3.15671e+06
3.16609e+06 3.11431e+06 3.21541e+06 3.19304e+06
3.14835e+06 3.27368e+06 3.14933e+06 3.1507e+06
3.2126e+06 3.15971e+06 3.14386e+06 3.09738e+06
3.14284e+06 3.14268e+06 3.2139e+06 3.16243e+06
3.28066e+06 3.09938e+06 3.21758e+06 3.1719e+06
3.16564e+06 3.12993e+06 3.15703e+06 3.24326e+06
3.24592e+06 3.13508e+06 3.2199e+06 3.14382e+06
3.22578e+06 3.20126e+06 3.10109e+06 3.24635e+06
3.22341e+06 3.1506e+06 3.17549e+06 3.21697e+06
3.23592e+06 3.11685e+06 3.1787e+06 3.21829e+06
3.18755e+06 3.17125e+06 3.14985e+06 3.1889e+06
3.1912e+06 3.16516e+06 3.18232e+06 3.13631e+06
3.15701e+06 3.205e+06 3.19143e+06 3.09874e+06
3.27665e+06 3.08273e+06 3.14147e+06 3.18411e+06
3.22902e+06 3.19623e+06 3.1111e+06 3.17661e+06
3.18533e+06 3.18429e+06 3.14601e+06 3.18102e+06
3.17671e+06 3.1527e+06 3.15472e+06 3.21479e+06
3.264e+06 3.1444e+06 3.10673e+06 3.17014e+06
3.28066e+06 3.09938e+06 3.21758e+06 3.1719e+06
3.26283e+06 3.12384e+06 3.15192e+06 3.19114e+06
3.30068e+06 3.09106e+06 3.1148e+06 3.22541e+06
3.19831e+06 3.16318e+06 3.14324e+06 3.21526e+06
3.23409e+06 3.11212e+06 3.19518e+06 3.19244e+06
3.23808e+06 3.14091e+06 3.16999e+06 3.09376e+06
3.19972e+06 3.19624e+06 3.20123e+06 3.09679e+06
3.15229e+06 3.20848e+06 3.20513e+06 3.06011e+06
3.17579e+06 3.15465e+06 3.23525e+06 3.14143e+06
3.26142e+06 3.14317e+06 3.14946e+06 3.18912e+06
3.15223e+06 3.15922e+06 3.18985e+06 3.27796e+06
3.19928e+06 3.12983e+06 3.17801e+06 3.18522e+06
3.17274e+06 3.17368e+06 3.15417e+06 3.12665e+06
3.18226e+06 3.16113e+06 3.20266e+06 3.15362e+06
3.21852e+06 3.22534e+06 3.16314e+06 3.0897e+06
3.17579e+06 3.15465e+06 3.23525e+06 3.14143e+06
3.24937e+06 3.23341e+06 3.19189e+06 3.07768e+06
3.217e+06 3.16749e+06 3.1233e+06 3.20452e+06
3.26358e+06 3.13892e+06 3.17349e+06 3.15562e+06
3.14108e+06 3.19084e+06 3.12754e+06 3.17404e+06
3.16972e+06 3.13488e+06 3.18262e+06 3.20634e+06
3.14284e+06 3.14268e+06 3.2139e+06 3.16243e+06
3.22422e+06 3.1366e+06 3.18188e+06 3.1525e+06
3.25328e+06 3.15053e+06 3.12673e+06 3.15043e+06
3.25736e+06 3.13629e+06 3.15668e+06 3.20239e+06
3.217e+06 3.16749e+06 3.1233e+06 3.20452e+06
3.17274e+06 3.17368e+06 3.15417e+06 3.12665e+06
3.20853e+06 3.19134e+06 3.14117e+06 3.11141e+06
3.21065e+06 3.12985e+06 3.23284e+06 3.15869e+06
3.18533e+06 3.18429e+06 3.14601e+06 3.18102e+06
3.26358e+06 3.13892e+06 3.17349e+06 3.15562e+06
3.18226e+06 3.16113e+06 3.20266e+06 3.15362e+06
3.20264e+06 3.19628e+06 3.13895e+06 3.13859e+06
3.16972e+06 3.13488e+06 3.18262e+06 3.20634e+06
3.21816e+06 3.21268e+06 3.10877e+06 3.13193e+06
3.21065e+06 3.12985e+06 3.23284e+06 3.15869e+06
3.22902e+06 3.19623e+06 3.1111e+06 3.17661e+06
3.31984e+06 3.12898e+06 3.10731e+06 3.15994e+06
3.22586e+06 3.24378e+06 3.17927e+06 3.06718e+06
3.22578e+06 3.20126e+06 3.10109e+06 3.24635e+06
3.21852e+06 3.22534e+06 3.16314e+06 3.0897e+06
3.10744e+06 3.14639e+06 3.23719e+06 3.24403e+06
3.29992e+06 3.11451e+06 3.11205e+06 3.21485e+06
3.27024e+06 3.17442e+06 3.23713e+06 3.1e+06
3.25544e+06 3.22006e+06 3.09334e+06 3.19368e+06
3.23762e+06 3.27684e+06 3.22939e+06 3.11305e+06
3.22937e+06 3.1423e+06 3.18379e+06 3.2549e+06
3.22548e+06 3.14689e+06 3.28912e+06 3.17691e+06
3.20139e+06 3.09034e+06 3.24601e+06 3.22843e+06
3.1332e+06 3.19541e+06 3.19687e+06 3.18883e+06
3.23854e+06 3.22491e+06 3.1886e+06 3.12997e+06
3.21814e+06 3.23654e+06 3.21805e+06 3.11363e+06
3.22635e+06 3.09608e+06 3.2793e+06 3.16709e+06
3.20179e+06 3.1077e+06 3.26128e+06 3.21116e+06
3.24164e+06 3.12946e+06 3.19503e+06 3.23927e+06
3.1555e+06 3.17591e+06 3.23224e+06 3.16348e+06
3.20619e+06 3.24244e+06 3.16479e+06 3.16679e+06
3.17195e+06 3.26846e+06 3.1745e+06 3.17463e+06
3.19942e+06 3.13929e+06 3.2524e+06 3.19859e+06
3.27064e+06 3.214e+06 3.11685e+06 3.2345e+06
3.28406e+06 3.22063e+06 3.1854e+06 3.13781e+06
3.22909e+06 3.12566e+06 3.22457e+06 3.20817e+06
3.27782e+06 3.16521e+06 3.13336e+06 3.16331e+06
3.22432e+06 3.19647e+06 3.15025e+06 3.17621e+06
3.21462e+06 3.26079e+06 3.12064e+06 3.21891e+06
3.25847e+06 3.21057e+06 3.15981e+06 3.15982e+06
3.14002e+06 3.16132e+06 3.22263e+06 3.2022e+06
3.21462e+06 3.26079e+06 3.12064e+06 3.21891e+06
3.26291e+06 3.19402e+06 3.19563e+06 3.1507e+06
3.21168e+06 3.19125e+06 3.13526e+06 3.17781e+06
3.24623e+06 3.14584e+06 3.20028e+06 3.22338e+06
3.19979e+06 3.17135e+06 3.14704e+06 3.24869e+06
3.18323e+06 3.21394e+06 3.21745e+06 3.17143e+06
3.26444e+06 3.10102e+06 3.22191e+06 3.17774e+06
3.18841e+06 3.13666e+06 3.23055e+06 3.25302e+06
3.2245e+06 3.18724e+06 3.20836e+06 3.15362e+06
3.16506e+06 3.17529e+06 3.22149e+06 3.18648e+06
3.16725e+06 3.26178e+06 3.19842e+06 3.16577e+06
3.18654e+06 3.19298e+06 3.19799e+06 3.13432e+06
3.27402e+06 3.16079e+06 3.14785e+06 3.16803e+06
3.19001e+06 3.19427e+06 3.16745e+06 3.1399e+06
3.23897e+06 3.16511e+06 3.19997e+06 3.24768e+06
3.18004e+06 3.22331e+06 3.2034e+06 3.18695e+06
3.22292e+06 3.17951e+06 3.18671e+06 3.19648e+06
3.13978e+06 3.17466e+06 3.22585e+06 3.21172e+06
3.25072e+06 3.16215e+06 3.17441e+06 3.15746e+06
3.25913e+06 3.15359e+06 3.21589e+06 3.15896e+06
3.23191e+06 3.16875e+06 3.19984e+06 3.14239e+06
3.2206e+06 3.1557e+06 3.20369e+06 3.20858e+06
3.22527e+06 3.15607e+06 3.21581e+06 3.1941e+06
3.23219e+06 3.1721e+06 3.15975e+06 3.19201e+06
3.23405e+06 3.22078e+06 3.17338e+06 3.13736e+06
3.24786e+06 3.16965e+06 3.17049e+06 3.1977e+06
3.23889e+06 3.11221e+06 3.2185e+06 3.20205e+06
3.2316e+06 3.1849e+06 3.16235e+06 3.18089e+06
3.17507e+06 3.18952e+06 3.25067e+06 3.14052e+06
3.17535e+06 3.18786e+06 3.17217e+06 3.22462e+06
3.25006e+06 3.15889e+06 3.18444e+06 3.21104e+06
3.20097e+06 3.1839e+06 3.17736e+06 3.18499e+06
3.17513e+06 3.15365e+06 3.18052e+06 3.25165e+06
3.20175e+06 3.18394e+06 3.15481e+06 3.21831e+06
3.21876e+06 3.18331e+06 3.18308e+06 3.15952e+06
3.21372e+06 3.19427e+06 3.15599e+06 3.16596e+06
3.23052e+06 3.17822e+06 3.17759e+06 3.21391e+06
3.20815e+06 3.17544e+06 3.19504e+06 3.22554e+06
3.26433e+06 3.18919e+06 3.13515e+06 3.15461e+06
3.25755e+06 3.18989e+06 3.16354e+06 3.16188e+06
3.25688e+06 3.11318e+06 3.17862e+06 3.17874e+06
3.23205e+06 3.1768e+06 3.17858e+06 3.20354e+06
3.23327e+06 3.16818e+06 3.16085e+06 3.20336e+06
3.20782e+06 3.16559e+06 3.19883e+06 3.18787e+06
3.2571e+06 3.18566e+06 3.16774e+06 3.16343e+06
3.31922e+06 3.17953e+06 3.16e+06 3.18875e+06
3.24372e+06 3.11306e+06 3.28209e+06 3.22158e+06
3.22136e+06 3.23279e+06 3.13982e+06 3.17956e+06
3.21948e+06 3.17304e+06 3.19706e+06 3.29166e+06
3.21781e+06 3.22966e+06 3.24254e+06 3.14191e+06
3.18805e+06 3.2649e+06 3.23119e+06 3.17115e+06
3.16414e+06 3.2271e+06 3.20337e+06 3.23308e+06
3.29719e+06 3.16412e+06 3.17868e+06 3.19338e+06
3.24291e+06 3.25131e+06 3.17244e+06 3.15653e+06
3.31368e+06 3.13228e+06 3.1839e+06 3.22753e+06
3.26986e+06 3.14498e+06 3.19237e+06 3.27436e+06
3.18288e+06 3.20459e+06 3.19055e+06 3.25354e+06
3.24889e+06 3.18049e+06 3.26486e+06 3.17423e+06
3.27587e+06 3.19563e+06 3.25163e+06 3.14195e+06
3.16604e+06 3.17846e+06 3.23914e+06 3.23653e+06
3.23105e+06 3.23182e+06 3.1552e+06 3.24787e+06
3.26686e+06 3.19405e+06 3.15934e+06 3.25697e+06
3.2578e+06 3.18277e+06 3.18523e+06 3.27836e+06
3.2669e+06 3.13984e+06 3.23267e+06 3.18366e+06
3.30015e+06 3.16921e+06 3.17688e+06 3.22876e+06
3.20798e+06 3.19269e+06 3.26113e+06 3.15298e+06
3.23874e+06 3.15053e+06 3.25252e+06 3.2125e+06
3.2354e+06 3.22923e+06 3.15052e+06 3.2105e+06
3.27006e+06 3.19756e+06 3.16571e+06 3.19443e+06
3.20604e+06 3.20989e+06 3.16752e+06 3.20522e+06
3.30602e+06 3.1477e+06 3.16014e+06 3.22552e+06
3.22352e+06 3.2145e+06 3.21285e+06 3.16746e+06
3.22432e+06 3.21817e+06 3.18491e+06 3.20388e+06
3.22338e+06 3.19465e+06 3.22622e+06 3.17542e+06
3.19866e+06 3.20236e+06 3.21686e+06 3.22582e+06
3.21221e+06 3.19627e+06 3.21746e+06 3.15727e+06
3.19265e+06 3.22889e+06 3.19083e+06 3.1449e+06
3.23186e+06 3.22286e+06 3.17478e+06 3.18471e+06
3.27428e+06 3.18413e+06 3.20109e+06 3.17999e+06
3.23748e+06 3.22976e+06 3.14235e+06 3.19053e+06
3.24058e+06 3.14735e+06 3.24595e+06 3.2135e+06
3.19358e+06 3.2162e+06 3.20876e+06 3.17692e+06
3.20609e+06 3.19244e+06 3.25489e+06 3.17273e+06
3.24004e+06 3.21168e+06 3.19026e+06 3.15928e+06
3.25475e+06 3.17333e+06 3.20497e+06 3.25623e+06
3.21032e+06 3.21829e+06 3.19672e+06 3.1591e+06
3.25964e+06 3.17883e+06 3.18294e+06 3.24037e+06
3.26152e+06 3.22664e+06 3.20924e+06 3.15798e+06
3.24103e+06 3.1912e+06 3.18936e+06 3.177e+06
3.2313e+06 3.18596e+06 3.24182e+06 3.22115e+06
3.2393e+06 3.18936e+06 3.20485e+06 3.21673e+06
3.2377e+06 3.18437e+06 3.1617e+06 3.21825e+06
3.18914e+06 3.23062e+06 3.24365e+06 3.21772e+06
3.21939e+06 3.18064e+06 3.20979e+06 3.23796e+06
3.21122e+06 3.20413e+06 3.18228e+06 3.20675e+06
3.22125e+06 3.21442e+06 3.16538e+06 3.20808e+06
3.2538e+06 3.17885e+06 3.21673e+06 3.19045e+06
3.20782e+06 3.2234e+06 3.1673e+06 3.23438e+06
3.25907e+06 3.1767e+06 3.18347e+06 3.20915e+06
3.26989e+06 3.20243e+06 3.16003e+06 3.18993e+06
3.32092e+06 3.168e+06 3.18322e+06 3.20776e+06
3.29716e+06 3.14092e+06 3.27123e+06 3.19595e+06
3.26934e+06 3.21842e+06 3.16895e+06 3.22852e+06
3.21507e+06 3.18338e+06 3.25771e+06 3.26285e+06
3.19658e+06 3.25079e+06 3.20049e+06 3.14762e+06
3.19303e+06 3.27121e+06 3.19238e+06 3.20032e+06
3.19075e+06 3.23673e+06 3.25866e+06 3.2311e+06
3.20923e+06 3.23334e+06 3.18783e+06 3.23446e+06
3.30245e+06 3.18892e+06 3.18367e+06 3.2284e+06
3.28155e+06 3.18602e+06 3.18563e+06 3.24459e+06
3.23696e+06 3.2178e+06 3.2301e+06 3.21011e+06
3.22941e+06 3.2087e+06 3.23438e+06 3.17868e+06
3.24292e+06 3.24432e+06 3.20772e+06 3.15257e+06
3.21258e+06 3.21884e+06 3.24855e+06 3.20233e+06
3.21365e+06 3.2013e+06 3.24718e+06 3.16236e+06
3.24811e+06 3.20232e+06 3.19754e+06 3.19926e+06
3.24095e+06 3.24828e+06 3.20367e+06 3.17423e+06
3.27666e+06 3.19012e+06 3.22611e+06 3.18958e+06
3.24482e+06 3.20417e+06 3.21999e+06 3.18664e+06
3.24116e+06 3.19446e+06 3.21409e+06 3.19234e+06
3.23192e+06 3.23921e+06 3.23344e+06 3.19348e+06
3.28588e+06 3.2017e+06 3.19054e+06 3.19304e+06
3.24695e+06 3.2105e+06 3.20104e+06 3.18458e+06
3.24775e+06 3.23441e+06 3.21611e+06 3.16279e+06
3.27774e+06 3.20215e+06 3.22671e+06 3.18142e+06
3.24182e+06 3.21872e+06 3.21706e+06 3.17551e+06
3.30375e+06 3.21002e+06 3.19817e+06 3.19884e+06
3.28196e+06 3.28248e+06 3.23628e+06 3.14915e+06
3.26482e+06 3.19831e+06 3.22206e+06 3.25157e+06
3.23715e+06 3.23638e+06 3.21609e+06 3.26103e+06
3.22269e+06 3.20795e+06 3.24813e+06 3.24986e+06
3.25413e+06 3.21072e+06 3.22718e+06 3.23531e+06
3.22474e+06 3.21372e+06 3.2476e+06 3.17327e+06
3.22645e+06 3.27536e+06 3.20037e+06 3.2085e+06
3.272e+06 3.19984e+06 3.24049e+06 3.19568e+06
3.22922e+06 3.27335e+06 3.21822e+06 3.1972e+06
3.30971e+06 3.23804e+06 3.24524e+06 3.22283e+06
3.24501e+06 3.25143e+06 3.26378e+06 3.18138e+06
3.22625e+06 3.22033e+06 3.26424e+06 3.24307e+06
3.31023e+06 3.17189e+06 3.16332e+06 3.20822e+06
3.25626e+06 3.31813e+06 3.16016e+06 3.10756e+06
3.24752e+06 3.16118e+06 3.15641e+06 3.30013e+06
3.24657e+06 3.21541e+06 3.10408e+06 3.25512e+06
3.21968e+06 3.10838e+06 3.25585e+06 3.18431e+06
3.19663e+06 3.20292e+06 3.29846e+06 3.16824e+06
3.19649e+06 3.25144e+06 3.23475e+06 3.06373e+06
3.10207e+06 3.2659e+06 3.16733e+06 3.22698e+06
3.24711e+06 3.23297e+06 3.29051e+06 3.08624e+06
3.27576e+06 3.13871e+06 3.17813e+06 3.20352e+06
3.12031e+06 3.23514e+06 3.22774e+06 3.19309e+06
3.14115e+06 3.2592e+06 3.27089e+06 3.13421e+06
3.20097e+06 3.21464e+06 3.13365e+06 3.26978e+06
3.30317e+06 3.2295e+06 3.19143e+06 3.07542e+06
3.17931e+06 3.1322e+06 3.25591e+06 3.20759e+06
3.20168e+06 3.25048e+06 3.11963e+06 3.14894e+06
3.19726e+06 3.15691e+06 3.2215e+06 3.18409e+06
3.15274e+06 3.2228e+06 3.16432e+06 3.24832e+06
3.29013e+06 3.20439e+06 3.1097e+06 3.19306e+06
3.12803e+06 3.22915e+06 3.24261e+06 3.2213e+06
3.23081e+06 3.20408e+06 3.12939e+06 3.29224e+06
3.26749e+06 3.18049e+06 3.277e+06 3.1116e+06
3.20388e+06 3.23245e+06 3.26637e+06 3.11794e+06
3.18627e+06 3.12135e+06 3.22404e+06 3.19366e+06
3.21092e+06 3.15862e+06 3.27828e+06 3.16397e+06
3.18588e+06 3.18913e+06 3.17271e+06 3.2187e+06
3.22934e+06 3.28116e+06 3.18834e+06 3.11413e+06
3.24291e+06 3.22401e+06 3.12911e+06 3.16481e+06
3.22017e+06 3.28955e+06 3.18948e+06 3.09929e+06
3.19496e+06 3.19962e+06 3.14028e+06 3.27881e+06
3.21642e+06 3.30795e+06 3.15153e+06 3.12102e+06
3.28877e+06 3.25254e+06 3.16063e+06 3.096e+06
3.1573e+06 3.23001e+06 3.24524e+06 3.2098e+06
3.13842e+06 3.26654e+06 3.16593e+06 3.15747e+06
3.22123e+06 3.20375e+06 3.14395e+06 3.23304e+06
3.22901e+06 3.29169e+06 3.22571e+06 3.0936e+06
3.21346e+06 3.31663e+06 3.18663e+06 3.12151e+06
3.24657e+06 3.21541e+06 3.10408e+06 3.25512e+06
3.23885e+06 3.27092e+06 3.2217e+06 3.08146e+06
3.1635e+06 3.19639e+06 3.23194e+06 3.19268e+06
3.24445e+06 3.16376e+06 3.10706e+06 3.23921e+06
3.26228e+06 3.24539e+06 3.15595e+06 3.11894e+06
3.16773e+06 3.2046e+06 3.25332e+06 3.13868e+06
3.14635e+06 3.16368e+06 3.20084e+06 3.21106e+06
3.1719e+06 3.27731e+06 3.15447e+06 3.18124e+06
3.2494e+06 3.18604e+06 3.15181e+06 3.15873e+06
3.2082e+06 3.16705e+06 3.21664e+06 3.17425e+06
3.19394e+06 3.21955e+06 3.25016e+06 3.16954e+06
3.28236e+06 3.13013e+06 3.1947e+06 3.23508e+06
3.13234e+06 3.24297e+06 3.18845e+06 3.1367e+06
3.16368e+06 3.18424e+06 3.16843e+06 3.24091e+06
3.20328e+06 3.27247e+06 3.20415e+06 3.12281e+06
3.1885e+06 3.13832e+06 3.19395e+06 3.23487e+06
3.22569e+06 3.20577e+06 3.20976e+06 3.1317e+06
3.19038e+06 3.21643e+06 3.15895e+06 3.20084e+06
3.10912e+06 3.25178e+06 3.16766e+06 3.20643e+06
3.20555e+06 3.20647e+06 3.11434e+06 3.19314e+06
3.21968e+06 3.10838e+06 3.25585e+06 3.18431e+06
3.21872e+06 3.24895e+06 3.2461e+06 3.10479e+06
3.13447e+06 3.23126e+06 3.25456e+06 3.16581e+06
3.19676e+06 3.21577e+06 3.14268e+06 3.27802e+06
3.27406e+06 3.29928e+06 3.15722e+06 3.0769e+06
3.14591e+06 3.22026e+06 3.20071e+06 3.22641e+06
3.24031e+06 3.25324e+06 3.16362e+06 3.12992e+06
3.27744e+06 3.12449e+06 3.23375e+06 3.19331e+06
3.18153e+06 3.25123e+06 3.1524e+06 3.19623e+06
3.214e+06 3.16816e+06 3.23904e+06 3.16154e+06
3.2448e+06 3.19365e+06 3.15794e+06 3.17017e+06
3.19649e+06 3.25144e+06 3.23475e+06 3.06373e+06
3.26434e+06 3.15966e+06 3.1841e+06 3.18824e+06
3.15056e+06 3.2327e+06 3.20639e+06 3.16819e+06
3.18793e+06 3.20889e+06 3.22815e+06 3.17722e+06
3.12684e+06 3.23027e+06 3.25581e+06 3.18906e+06
3.1867e+06 3.20808e+06 3.15709e+06 3.29822e+06
3.23945e+06 3.27468e+06 3.17929e+06 3.07761e+06
3.30551e+06 3.29393e+06 3.13095e+06 3.08477e+06
3.28048e+06 3.18985e+06 3.23288e+06 3.10839e+06
3.19864e+06 3.22252e+06 3.15837e+06 3.2179e+06
3.21976e+06 3.2103e+06 3.20166e+06 3.17391e+06
3.23043e+06 3.26184e+06 3.13557e+06 3.13527e+06
3.24835e+06 3.21844e+06 3.2148e+06 3.10001e+06
3.14183e+06 3.22017e+06 3.25589e+06 3.23296e+06
3.22904e+06 3.17052e+06 3.23669e+06 3.15594e+06
3.16505e+06 3.22572e+06 3.24681e+06 3.19021e+06
3.234e+06 3.17278e+06 3.13769e+06 3.20855e+06
3.10912e+06 3.25178e+06 3.16766e+06 3.20643e+06
3.21642e+06 3.30795e+06 3.15153e+06 3.12102e+06
3.27268e+06 3.20167e+06 3.21085e+06 3.12731e+06
3.20069e+06 3.17573e+06 3.22377e+06 3.15922e+06
3.20975e+06 3.15879e+06 3.2137e+06 3.18281e+06
3.19663e+06 3.20292e+06 3.29846e+06 3.16824e+06
3.31023e+06 3.17189e+06 3.16332e+06 3.20822e+06
3.27225e+06 3.18183e+06 3.13124e+06 3.14466e+06
3.21772e+06 3.1686e+06 3.20845e+06 3.17696e+06
3.22079e+06 3.19687e+06 3.16873e+06 3.23522e+06
3.27225e+06 3.18183e+06 3.13124e+06 3.14466e+06
3.30551e+06 3.29393e+06 3.13095e+06 3.08477e+06
3.27337e+06 3.2125e+06 3.20493e+06 3.11149e+06
3.18123e+06 3.2434e+06 3.17967e+06 3.20324e+06
3.21738e+06 3.23942e+06 3.18451e+06 3.1522e+06
3.22882e+06 3.22139e+06 3.17142e+06 3.12804e+06
3.17561e+06 3.27727e+06 3.22389e+06 3.12855e+06
3.17042e+06 3.30209e+06 3.18098e+06 3.1218e+06
3.19707e+06 3.26243e+06 3.21482e+06 3.13108e+06
3.23326e+06 3.1274e+06 3.19747e+06 3.12875e+06
3.21444e+06 3.21462e+06 3.21009e+06 3.1536e+06
3.23767e+06 3.17661e+06 3.17103e+06 3.1647e+06
3.20578e+06 3.2126e+06 3.19515e+06 3.18512e+06
3.21738e+06 3.23942e+06 3.18451e+06 3.1522e+06
3.21189e+06 3.23219e+06 3.21974e+06 3.14112e+06
3.17042e+06 3.30209e+06 3.18098e+06 3.1218e+06
3.17181e+06 3.24635e+06 3.27737e+06 3.10787e+06
3.17671e+06 3.19816e+06 3.18287e+06 3.19895e+06
3.19934e+06 3.2126e+06 3.19693e+06 3.15898e+06
3.20143e+06 3.22026e+06 3.21122e+06 3.15462e+06
3.30317e+06 3.2295e+06 3.19143e+06 3.07542e+06
3.2051e+06 3.19058e+06 3.22061e+06 3.11525e+06
3.20708e+06 3.17231e+06 3.18119e+06 3.18142e+06
3.17671e+06 3.19816e+06 3.18287e+06 3.19895e+06
3.23326e+06 3.1274e+06 3.19747e+06 3.12875e+06
3.19496e+06 3.19962e+06 3.14028e+06 3.27881e+06
3.21189e+06 3.23219e+06 3.21974e+06 3.14112e+06
3.23767e+06 3.17661e+06 3.17103e+06 3.1647e+06
3.21824e+06 3.25032e+06 3.16846e+06 3.19114e+06
3.16505e+06 3.22572e+06 3.24681e+06 3.19021e+06
3.2051e+06 3.19058e+06 3.22061e+06 3.11525e+06
3.234e+06 3.17278e+06 3.13769e+06 3.20855e+06
3.31023e+06 3.17189e+06 3.16332e+06 3.20822e+06
3.32985e+06 3.25758e+06 3.12155e+06 3.22263e+06
3.23962e+06 3.25224e+06 3.24643e+06 3.10686e+06
3.23712e+06 3.28341e+06 3.2036e+06 3.13812e+06
3.22496e+06 3.15465e+06 3.26313e+06 3.20709e+06
3.22175e+06 3.22701e+06 3.18037e+06 3.2546e+06
3.21209e+06 3.21048e+06 3.26904e+06 3.19885e+06
3.16412e+06 3.26535e+06 3.21343e+06 3.18632e+06
3.30282e+06 3.25005e+06 3.16159e+06 3.21327e+06
3.26752e+06 3.25108e+06 3.20157e+06 3.11974e+06
3.23047e+06 3.26148e+06 3.14282e+06 3.16644e+06
3.2417e+06 3.20266e+06 3.15305e+06 3.25245e+06
3.29227e+06 3.24002e+06 3.16249e+06 3.22988e+06
3.2048e+06 3.26714e+06 3.16293e+06 3.15077e+06
3.25492e+06 3.18099e+06 3.25327e+06 3.16442e+06
3.22628e+06 3.16426e+06 3.2048e+06 3.22828e+06
3.19812e+06 3.2747e+06 3.24994e+06 3.15001e+06
3.17903e+06 3.22946e+06 3.25717e+06 3.21747e+06
3.22053e+06 3.28224e+06 3.24805e+06 3.12179e+06
3.19079e+06 3.21272e+06 3.22996e+06 3.23302e+06
3.16888e+06 3.2756e+06 3.19064e+06 3.23153e+06
3.20191e+06 3.17252e+06 3.23424e+06 3.20774e+06
3.18475e+06 3.19807e+06 3.24378e+06 3.25087e+06
3.26255e+06 3.2009e+06 3.17553e+06 3.17629e+06
3.21726e+06 3.1922e+06 3.24173e+06 3.14563e+06
3.30277e+06 3.18977e+06 3.20364e+06 3.15424e+06
3.23018e+06 3.19808e+06 3.26565e+06 3.13373e+06
3.29696e+06 3.17781e+06 3.22696e+06 3.16662e+06
3.22766e+06 3.21995e+06 3.22163e+06 3.15031e+06
3.22336e+06 3.23595e+06 3.22355e+06 3.13656e+06
3.22749e+06 3.22774e+06 3.18767e+06 3.23755e+06
3.20182e+06 3.27764e+06 3.22527e+06 3.14426e+06
3.25037e+06 3.1708e+06 3.23364e+06 3.1998e+06
3.22998e+06 3.22551e+06 3.18221e+06 3.17278e+06
3.21329e+06 3.26066e+06 3.19759e+06 3.19406e+06
3.21102e+06 3.20589e+06 3.20532e+06 3.21864e+06
3.29544e+06 3.24417e+06 3.19783e+06 3.15812e+06
3.25197e+06 3.19468e+06 3.2044e+06 3.19826e+06
3.26111e+06 3.20426e+06 3.17769e+06 3.22059e+06
3.1891e+06 3.22355e+06 3.24319e+06 3.18823e+06
3.20629e+06 3.21265e+06 3.21368e+06 3.20011e+06
3.17825e+06 3.2637e+06 3.22558e+06 3.22012e+06
3.18431e+06 3.25584e+06 3.21613e+06 3.15586e+06
3.29472e+06 3.24362e+06 3.17621e+06 3.16918e+06
3.2474e+06 3.1985e+06 3.18671e+06 3.21313e+06
3.18768e+06 3.24044e+06 3.20856e+06 3.20699e+06
3.18386e+06 3.25524e+06 3.19855e+06 3.1819e+06
3.2191e+06 3.23804e+06 3.18756e+06 3.19489e+06
3.24695e+06 3.2108e+06 3.19805e+06 3.23734e+06
3.23265e+06 3.20148e+06 3.23096e+06 3.18326e+06
3.26529e+06 3.19986e+06 3.21161e+06 3.17162e+06
3.25617e+06 3.17948e+06 3.24474e+06 3.16662e+06
3.19951e+06 3.22714e+06 3.25561e+06 3.17851e+06
3.2118e+06 3.26166e+06 3.19768e+06 3.20469e+06
3.2642e+06 3.19103e+06 3.2106e+06 3.17803e+06
3.20524e+06 3.22178e+06 3.19455e+06 3.20758e+06
3.17859e+06 3.26305e+06 3.19533e+06 3.18581e+06
3.23337e+06 3.22185e+06 3.20478e+06 3.15727e+06
3.18326e+06 3.26067e+06 3.20183e+06 3.18594e+06
3.24797e+06 3.1914e+06 3.24296e+06 3.2069e+06
3.23826e+06 3.20548e+06 3.19811e+06 3.14482e+06
3.30499e+06 3.29933e+06 3.18193e+06 3.16602e+06
3.27351e+06 3.21474e+06 3.18901e+06 3.28511e+06
3.26625e+06 3.27388e+06 3.22759e+06 3.13958e+06
3.25865e+06 3.2039e+06 3.34421e+06 3.18302e+06
3.24242e+06 3.27252e+06 3.17439e+06 3.27738e+06
3.24031e+06 3.16783e+06 3.21098e+06 3.22933e+06
3.22466e+06 3.32397e+06 3.17587e+06 3.16005e+06
3.17902e+06 3.27908e+06 3.21465e+06 3.2449e+06
3.21287e+06 3.2336e+06 3.30634e+06 3.20332e+06
3.18466e+06 3.23918e+06 3.28073e+06 3.23683e+06
3.29559e+06 3.26656e+06 3.19615e+06 3.21223e+06
3.20037e+06 3.2996e+06 3.23966e+06 3.24103e+06
3.23822e+06 3.2167e+06 3.2663e+06 3.14272e+06
3.26379e+06 3.18144e+06 3.20925e+06 3.23394e+06
3.19005e+06 3.28764e+06 3.26052e+06 3.17507e+06
3.23623e+06 3.21633e+06 3.29696e+06 3.17404e+06
3.24386e+06 3.26595e+06 3.19815e+06 3.15054e+06
3.25147e+06 3.22183e+06 3.18281e+06 3.26368e+06
3.2056e+06 3.22577e+06 3.24359e+06 3.25079e+06
3.19138e+06 3.27222e+06 3.2543e+06 3.19648e+06
3.30288e+06 3.19037e+06 3.22728e+06 3.1921e+06
3.22798e+06 3.19442e+06 3.2061e+06 3.23965e+06
3.22278e+06 3.23278e+06 3.25896e+06 3.18142e+06
3.26181e+06 3.23046e+06 3.22464e+06 3.15612e+06
3.23337e+06 3.25447e+06 3.19583e+06 3.22019e+06
3.22835e+06 3.25052e+06 3.22383e+06 3.20607e+06
3.21083e+06 3.23989e+06 3.20399e+06 3.21384e+06
3.25213e+06 3.24612e+06 3.23249e+06 3.17674e+06
3.24266e+06 3.2047e+06 3.2519e+06 3.19767e+06
3.21543e+06 3.21942e+06 3.20626e+06 3.23738e+06
3.30254e+06 3.2414e+06 3.19038e+06 3.22117e+06
3.25041e+06 3.2783e+06 3.18425e+06 3.2272e+06
3.23974e+06 3.20996e+06 3.19878e+06 3.18721e+06
3.21507e+06 3.22385e+06 3.24724e+06 3.26025e+06
3.24031e+06 3.24326e+06 3.19451e+06 3.25935e+06
3.2305e+06 3.24656e+06 3.22811e+06 3.17996e+06
3.20672e+06 3.26236e+06 3.22632e+06 3.1704e+06
3.26347e+06 3.20985e+06 3.22147e+06 3.1639e+06
3.25414e+06 3.23215e+06 3.24236e+06 3.16109e+06
3.27092e+06 3.20465e+06 3.19134e+06 3.22931e+06
3.22988e+06 3.27125e+06 3.21805e+06 3.17107e+06
3.20694e+06 3.22429e+06 3.21684e+06 3.25425e+06
3.23423e+06 3.22931e+06 3.23893e+06 3.17342e+06
3.20101e+06 3.28389e+06 3.24119e+06 3.16934e+06
3.20776e+06 3.28315e+06 3.20883e+06 3.22679e+06
3.23274e+06 3.25279e+06 3.21274e+06 3.19384e+06
3.22802e+06 3.27518e+06 3.17901e+06 3.2273e+06
3.20811e+06 3.28508e+06 3.19757e+06 3.17632e+06
3.23697e+06 3.27972e+06 3.17524e+06 3.17326e+06
3.24342e+06 3.24164e+06 3.21221e+06 3.18683e+06
3.25812e+06 3.21487e+06 3.2394e+06 3.16981e+06
3.21044e+06 3.27897e+06 3.22192e+06 3.24022e+06
3.30696e+06 3.20538e+06 3.22294e+06 3.23171e+06
3.29116e+06 3.18567e+06 3.24019e+06 3.24545e+06
3.27774e+06 3.21575e+06 3.29956e+06 3.19276e+06
3.27167e+06 3.24656e+06 3.18949e+06 3.26876e+06
3.26025e+06 3.23274e+06 3.24798e+06 3.17121e+06
3.23785e+06 3.2665e+06 3.22865e+06 3.30426e+06
3.22536e+06 3.33123e+06 3.2217e+06 3.21928e+06
3.21161e+06 3.28368e+06 3.22423e+06 3.22323e+06
3.21557e+06 3.26275e+06 3.29395e+06 3.23068e+06
3.25201e+06 3.2745e+06 3.21475e+06 3.28422e+06
3.22952e+06 3.19864e+06 3.25097e+06 3.25705e+06
3.24064e+06 3.24345e+06 3.26658e+06 3.18562e+06
3.30468e+06 3.22041e+06 3.19802e+06 3.23187e+06
3.23561e+06 3.25649e+06 3.24293e+06 3.28767e+06
3.25729e+06 3.19056e+06 3.23116e+06 3.2619e+06
3.23096e+06 3.23687e+06 3.26069e+06 3.18731e+06
3.24369e+06 3.30308e+06 3.217e+06 3.19931e+06
3.26881e+06 3.21054e+06 3.21749e+06 3.2046e+06
3.21955e+06 3.2879e+06 3.24969e+06 3.20957e+06
3.26403e+06 3.22971e+06 3.22872e+06 3.2222e+06
3.25058e+06 3.29982e+06 3.19787e+06 3.22943e+06
3.21177e+06 3.3029e+06 3.19958e+06 3.23217e+06
3.25274e+06 3.26521e+06 3.20228e+06 3.23043e+06
3.22501e+06 3.26467e+06 3.23753e+06 3.21264e+06
3.23699e+06 3.29554e+06 3.22521e+06 3.17999e+06
3.25429e+06 3.26824e+06 3.22608e+06 3.1773e+06
3.28611e+06 3.23778e+06 3.23072e+06 3.18487e+06
3.28493e+06 3.23369e+06 3.1992e+06 3.18863e+06
3.22685e+06 3.25304e+06 3.249e+06 3.21918e+06
3.21492e+06 3.2474e+06 3.24363e+06 3.2606e+06
3.23592e+06 3.29775e+06 3.24763e+06 3.17484e+06
3.23558e+06 3.28336e+06 3.2286e+06 3.1998e+06
3.24436e+06 3.24267e+06 3.23337e+06 3.22888e+06
3.22358e+06 3.27214e+06 3.24922e+06 3.2092e+06
3.23451e+06 3.28413e+06 3.24816e+06 3.19506e+06
3.24236e+06 3.24666e+06 3.21828e+06 3.22779e+06
3.24411e+06 3.21674e+06 3.2658e+06 3.2229e+06
3.23998e+06 3.27324e+06 3.23034e+06 3.20663e+06
3.24522e+06 3.23698e+06 3.22185e+06 3.19008e+06
3.25983e+06 3.24878e+06 3.21578e+06 3.19032e+06
3.24274e+06 3.24893e+06 3.24875e+06 3.19732e+06
3.23554e+06 3.23034e+06 3.25062e+06 3.19888e+06
3.32858e+06 3.21896e+06 3.24366e+06 3.21897e+06
3.28745e+06 3.27045e+06 3.21202e+06 3.22102e+06
3.27317e+06 3.26438e+06 3.28194e+06 3.18922e+06
3.25829e+06 3.26635e+06 3.28653e+06 3.19708e+06
3.25602e+06 3.24728e+06 3.22222e+06 3.24827e+06
3.24566e+06 3.30791e+06 3.23077e+06 3.21505e+06
3.22356e+06 3.30537e+06 3.27679e+06 3.23338e+06
3.30116e+06 3.22839e+06 3.27604e+06 3.20791e+06
3.24302e+06 3.26734e+06 3.25555e+06 3.24051e+06
3.25827e+06 3.27449e+06 3.23142e+06 3.20447e+06
3.27616e+06 3.2439e+06 3.27187e+06 3.20456e+06
3.28101e+06 3.23091e+06 3.23851e+06 3.24303e+06
3.27141e+06 3.25307e+06 3.21764e+06 3.20486e+06
3.26248e+06 3.24722e+06 3.24697e+06 3.19536e+06
3.24867e+06 3.26936e+06 3.23634e+06 3.21446e+06
3.26745e+06 3.25286e+06 3.23842e+06 3.22899e+06
3.26594e+06 3.23971e+06 3.24012e+06 3.22052e+06
3.2679e+06 3.26958e+06 3.23026e+06 3.19294e+06
