2424 97.0727
799794 801358 842425 801558
807999 835550 777522 796611
830825 799080 839262 827285
816360 813815 780990 788591
831058 790246 792442 834212
818601 790741 793585 813882
793487 814365 776350 790239
850521 801460 814051 816751
820655 803043 792991 838777
815586 819212 800907 829153
799897 817797 794627 814619
832309 791194 794388 806561
798440 814328 836690 814073
800483 771423 817051 816498
825366 814053 816958 829152
827653 801454 773407 809906
806561 803001 801617 816082
793473 819227 818392 828257
819895 846391 821950 798064
844093 808229 805250 801164
831747 794187 814534 804219
829908 810616 804927 800997
813456 833795 827956 824425
810583 848942 811762 814439
863270 784035 807229 797913
790022 804510 813220 820716
816938 783341 791347 823001
781987 796147 797839 796714
843839 789134 809278 829204
823328 818558 835395 823427
817692 791072 788869 805932
824189 821648 804688 808360
804052 769404 787632 797806
829836 832120 813898 809839
818404 797594 828657 779526
825672 780740 822122 783723
811973 831772 802225 820764
822651 812512 811902 823082
817773 806402 803850 841647
818810 801285 793474 824802
827258 807096 783678 839143
815368 772585 824790 806337
812021 822135 806636 810466
790005 815392 797679 801594
815667 807600 787007 802267
834813 817520 808212 840307
780172 805316 804792 822902
838293 815045 810010 859229
812645 813798 797557 787970
819103 802471 825678 829638
795978 801806 825630 824881
821716 814435 818781 794501
812199 806786 782931 825330
815585 808689 817855 827740
821590 831232 785698 829486
805301 797382 800434 797307
803782 786876 829774 813686
832116 801453 811696 814525
821256 802788 800589 817762
839562 832303 802325 822742
829750 828335 759130 798611
830710 816998 781203 816038
813005 832884 804266 815684
814931 781994 779587 795138
830717 800885 798582 810056
800266 817906 779962 811854
834549 771366 767751 816056
786209 796605 801725 821099
797801 804858 807024 819781
842708 798932 786163 805261
838184 816514 789992 798202
779132 800698 781630 801493
828456 799338 816784 810576
818376 800045 820756 812231
789846 790488 808754 822400
809743 821798 825105 819382
832790 792341 817259 845679
811124 806933 791321 810289
799379 831985 792012 818215
820948 837477 795248 803502
796215 812197 813212 816890
796564 828006 825747 825643
818169 814694 855530 824896
839904 792088 789442 796110
804475 820436 820350 810292
821387 814314 806702 809322
848777 797196 785202 793990
835899 831871 787442 798022
819311 828257 762943 809988
806917 836687 801016 828849
815005 781530 801760 805262
836369 797843 823970 801890
822689 846181 787565 813162
810125 827034 804113 824117
804908 804029 821657 833556
830927 816305 814287 813301
842738 804927 808219 801917
837096 793998 762135 822772
807448 812452 784452 808086
822334 754938 793830 804847
827099 818544 802743 823407
835879 800696 820809 819287
825495 836988 776327 821109
790997 825809 783084 819696
820071 786470 811339 843453
826498 815090 814257 827970
809116 786358 814105 814768
812688 813569 802231 779377
841554 808578 840140 847487
802199 792039 804260 771465
774185 806496 798878 788153
826700 800783 829954 807332
826202 811548 799009 803859
804484 793910 834832 859345
808901 820583 796327 811369
836150 782632 810827 809969
802437 820716 812809 833804
861063 800349 810918 807232
815353 821034 783758 834669
840360 828516 793934 801952
783433 804984 800888 821984
807936 809674 783534 807736
831057 784557 789323 813107
845877 799388 799081 813744
780628 789633 809401 812150
817867 818261 807209 801730
807382 798270 814711 819059
812950 823253 816198 839695
806184 804975 825565 835977
819226 788792 826318 778970
802627 802585 802089 794114
797560 784941 781319 805726
802907 796249 795300 797461
837781 793988 817117 780182
823855 786954 804522 835306
812262 822228 778457 806064
829026 804043 796529 842567
815562 782360 829360 850198
819083 784925 795097 812292
816277 785577 805139 786817
794186 796654 828764 829926
823215 811795 815134 815943
837068 811788 796050 808995
795663 829571 802196 804930
830702 799637 823141 812871
830599 792378 820898 787762
831532 823407 785623 837729
806797 817333 828121 804473
829135 808162 803083 819615
840939 800061 799231 806395
825055 788716 834774 802273
825691 828526 811365 807414
816998 790967 803331 798095
780847 806088 782864 803114
830488 811372 834543 806606
795960 807086 770475 826933
820574 844071 811283 823270
831751 783738 780681 779758
860715 793745 828876 801835
820172 797360 786956 821342
798887 821352 806920 839022
815610 803082 810826 839223
806424 814709 806890 815702
817642 814121 801834 819214
780294 794310 796323 805071
816260 796150 831741 795181
812749 826530 778189 818993
802123 788880 839267 827283
802261 830339 811699 830655
818008 790906 795226 833217
863141 832733 795064 780172
838957 827776 802971 805063
831593 833114 802793 817163
833579 821991 812614 821034
837176 829488 825771 830353
825862 822575 812956 821654
826410 834594 816204 813339
831625 816313 767266 797498
814879 769024 811204 819580
811894 798734 817155 862606
818205 819812 809724 815812
810728 773855 807974 785451
864028 802288 796060 832341
831304 824725 815556 813073
825846 802756 826526 806464
818305 816994 789379 782519
841720 776439 819814 824695
815811 821244 792372 813285
805768 823762 799146 807181
858255 818995 839345 822907
824231 798061 816747 775473
798644 820480 816566 819462
820916 818121 837118 828442
826871 804234 797587 822358
815419 800241 815814 828484
846658 787303 824257 840157
820397 785848 790839 804637
815154 813028 775378 819900
794340 824990 800978 828846
806270 824431 827161 835704
859928 794593 791168 824816
793893 776491 806517 795146
804657 817629 799379 812175
824986 810156 826936 830109
780080 777972 800889 813239
812101 824339 802822 818152
821569 806355 765764 848836
826359 839375 777493 817288
831846 810490 802619 789900
789338 811755 805426 828580
810639 776011 799007 802919
803932 785310 812070 860287
800096 784963 846231 817328
845011 800912 763972 783009
787759 790029 830001 814439
811951 827698 769773 835034
804533 789224 824877 792637
815355 815784 826825 787533
794748 781877 819924 819548
821355 808840 813378 793380
791201 786022 794809 812403
841961 782086 804640 812653
817009 827803 816723 794047
808235 802448 822223 795200
791335 806457 799714 787331
805630 779899 790080 831540
836984 789427 802252 826856
824636 787747 791883 851720
807227 800439 811063 813695
811143 798391 811908 818172
805923 820017 822396 808387
827650 804139 795729 816670
814701 825563 774982 820751
829847 813894 780689 814824
808523 790214 781853 810187
790865 787343 796140 825845
836824 801952 789290 818653
811435 784657 819995 811766
814251 801845 805145 787394
812387 817776 809146 823010
812062 809325 831131 793062
826492 813953 801905 808898
860472 827935 823198 811060
807355 826975 795626 797960
834414 770869 809826 842811
809174 827782 798657 830639
790091 782469 774280 788132
862759 815670 820099 840940
816060 828503 809744 799228
807865 820974 793764 834583
813910 810262 803342 798285
802328 790135 789491 823273
821647 806284 801948 785318
847789 789423 798869 824057
794921 839240 824836 832522
823408 821628 825841 776007
804127 801328 813303 802287
819214 794535 796722 840001
817738 828375 801475 777993
838145 825546 790462 793470
844000 811920 770387 796487
809520 785620 829292 817090
808257 816863 781626 801856
854565 804632 814919 831240
797383 797168 827885 831895
832759 783767 818983 831282
781613 801428 794611 858248
825785 821199 816349 762436
806159 823856 830917 815717
800972 791333 803191 817723
810986 835825 806084 822166
808977 823823 807573 813744
828107 794777 762592 851289
817123 812975 807246 814393
808451 779334 774243 818262
808482 804294 817592 818853
804066 817963 839109 813363
796803 830920 803355 832310
804920 825970 808906 813893
861755 813630 819969 789432
826349 785159 827558 805094
828260 824022 800780 802927
817959 769127 826660 791305
808709 797857 816532 803759
859747 827033 805825 804589
797774 794820 821826 837125
806949 784496 820497 834550
782552 786935 797754 806839
844830 807402 808010 802859
785219 801589 808630 807741
813416 816545 804198 822982
816963 823778 786956 780990
827970 809185 780684 754420
791431 777179 802037 817449
833094 811032 812102 823966
813131 817091 794174 834229
804512 800416 794787 825764
827419 809843 799195 788178
823070 822784 799482 799021
824159 786234 798106 825473
