2369 245.423
626597 481491 507928
623019 521850 465439
618472 474325 545473
577654 538367 487955
566139 528072 545620
561646 530277 504289
597397 482044 536777
577654 538367 487955
622930 475375 530124
561646 530277 504289
580532 497687 523193
574038 532090 498453
611457 505963 470870
617901 479195 535272
566139 528072 545620
569246 520752 511717
604596 481769 530468
591178 509580 485564
608393 486769 515339
619346 484931 497843
615245 487901 501332
571659 523587 502904
612605 483891 513733
626185 479365 516191
621917 491093 492524
581934 499169 497546
619346 477705 520071
571834 518073 506213
601934 491510 491270
608909 527245 471684
611973 523984 468737
568512 512630 522100
588461 519377 477119
599030 524950 475654
609290 480355 520999
576150 500844 491861
582146 495727 491124
596799 489622 498614
608909 527245 471684
593544 490283 501957
590016 491103 494741
571834 518073 506213
600951 489061 516881
588879 492950 501822
585740 516044 481935
585507 493695 501793
599030 524950 475654
569246 520752 511717
611973 523984 468737
573740 521905 504171
621917 491093 492524
588825 511862 482427
605467 515922 474636
588406 485649 521066
622930 475375 530124
568850 513839 521589
588663 500444 489098
590679 513502 479504
574038 532090 498453
581435 519334 483123
595477 507085 483620
600040 502609 486903
615245 487901 501332
586286 515732 480326
586286 515732 480326
580532 497687 523193
599699 488577 519221
583674 503482 486352
574225 508447 505144
605675 497425 484096
589501 503592 485738
619346 477705 520071
617258 499262 482615
583674 503482 486352
603356 486549 518376
589917 489439 518321
579215 500232 506931
606114 495488 483421
594196 504930 484184
607239 507436 480288
613128 486548 506874
608660 487729 508335
613303 484439 502794
609290 480355 520999
607239 507436 480288
573740 521905 504171
582146 495727 491124
597397 482044 536777
568512 512630 522100
618472 474325 545473
601843 499619 485144
626185 479365 516191
617901 479195 535272
590016 491103 494741
574225 508447 505144
612605 483891 513733
612630 488486 507292
579215 500232 506931
594196 504930 484184
604596 481769 530468
593544 490283 501957
587843 491282 503096
605280 488042 516956
600266 505764 481257
587843 491282 503096
588729 493973 488885
603253 484558 519450
606114 495488 483421
576150 500844 491861
590679 513502 479504
595477 507085 483620
600266 505764 481257
617258 499262 482615
575526 503258 508708
613303 484439 502794
575021 524500 491958
596820 513459 476290
575331 505084 488904
596820 513459 476290
591178 509580 485564
603298 488541 510342
608522 484636 509404
596177 498097 487348
596697 498181 487275
605467 515922 474636
593821 502988 488266
568850 513839 521589
596177 498097 487348
575021 524500 491958
601843 499619 485144
575192 509139 503087
588825 511862 482427
593821 502988 488266
600040 502609 486903
596697 498181 487275
585740 516044 481935
605280 488042 516956
589501 503592 485738
603298 488541 510342
588729 493973 488885
581435 519334 483123
605675 497425 484096
608522 484636 509404
575526 503258 508708
588461 519377 477119
571659 523587 502904
603253 484558 519450
575192 509139 503087
581934 499169 497546
585507 493695 501793
617317 509923 518480
614853 498561 526919
592223 529072 488094
591184 544637 511495
587547 517859 520313
608424 516722 495169
602150 520208 488176
610567 506436 519743
612461 511512 499120
598570 514614 512705
597191 525758 510573
600273 510751 502675
604750 516535 502670
597701 527460 510249
636435 525453 500264
631490 509944 536611
629072 529228 491393
593035 543770 507359
598211 541812 497784
607652 519759 516657
598932 532940 526341
620472 518366 504115
633508 514770 503844
617433 512234 511856
596757 521135 530202
601048 532640 527189
605908 521728 523057
611599 528371 493644
605480 525788 523538
614431 518575 511295
611132 529348 511399
619404 520596 509324
637292 536409 499899
625016 513786 532627
609537 525800 558948
594709 550059 509140
600904 532375 549716
606933 542784 538469
611224 525414 517210
630486 520027 505393
621087 515173 527153
618501 542150 507366
627963 519484 510270
607269 543682 516747
619920 538746 501894
607744 541414 524079
621976 529341 500508
619351 539725 513233
625820 514826 521043
619621 521128 515733
620942 534115 509098
608295 532258 519896
618556 527820 516252
621607 530416 515103
619685 531165 510332
634800 521501 528946
628827 518484 529509
622317 541971 501660
618898 550728 512816
610399 542176 549768
609258 546861 523974
631441 532034 504476
620930 522458 534527
613028 529015 523295
630419 530375 510499
627076 538321 503977
610457 539693 533894
615426 525630 522826
616685 543641 517570
620355 526591 516464
617264 542979 521106
626981 531643 513639
623443 539890 515022
632974 522751 515613
628103 521982 525399
622532 522823 525369
624212 531864 515221
627151 522287 518897
619842 530722 521519
615977 531221 522786
636694 553550 508141
630178 519201 533624
617159 560705 521768
614166 537072 564783
612919 555112 544878
622824 528456 547597
629417 543342 510447
633536 535099 509699
620499 554664 518588
613620 544721 536787
625533 524524 532856
629027 519654 537200
616066 532458 531811
623253 527223 533488
617046 530884 525224
614438 535462 527112
626650 528297 521306
621612 535514 519240
621722 535254 523381
628376 528337 518673
652668 543481 516734
648716 522745 547331
638930 528051 548947
632289 556034 513449
614410 556845 540824
639373 524934 541211
616126 536439 533909
629772 530379 521931
619042 533623 526642
624472 531640 528629
622864 538790 525699
626808 531175 531259
622332 541959 519357
636502 537652 518566
635246 533927 519319
625904 528119 533263
622993 536542 519589
651465 524468 555051
627265 548660 521223
626174 551473 521939
621413 537662 551839
643679 545526 521385
632913 531689 526830
646168 527296 553418
622651 534824 542144
630395 533367 538659
628450 534397 532277
625187 543757 528462
631546 530857 527243
624386 549420 522511
623692 536999 528624
626296 548805 521846
650185 555138 526450
642866 531750 543739
626669 538155 567537
624325 554158 536923
624759 539353 532652
631992 535657 527405
637357 535130 535493
653214 558185 527412
648609 533945 548280
632575 536593 556858
625888 552005 535375
643280 536782 530284
631235 541107 533242
629870 552657 535008
665256 562057 532184
650624 540814 535813
634505 549670 533414
656557 548851 545019
627880 487161 499595
623019 521850 465439
618472 474325 545473
577654 538367 487955
566139 528072 545620
561646 530277 504289
580532 497687 523193
597397 482044 536777
609153 537820 474890
626185 479365 516191
622930 475375 530124
617901 479195 535272
561646 530277 504289
581934 499169 497546
575103 510139 542666
609425 532235 467711
604596 481769 530468
610611 480937 511065
584389 524700 489161
613303 484439 502794
582146 495727 491124
575103 510139 542666
615245 487901 501332
611457 505963 470870
568850 513839 521589
566139 528072 545620
619346 477705 520071
619346 477705 520071
608522 484636 509404
571659 523587 502904
623019 521850 465439
588461 519377 477119
612449 512104 466950
586286 515732 480326
571834 518073 506213
627880 487161 499595
586133 519130 489094
611117 521224 472904
596820 513459 476290
609528 528910 468470
599416 486076 511054
621917 491093 492524
607196 492850 500080
621917 491093 492524
606512 488194 507594
568512 512630 522100
594196 504930 484184
614313 493073 494810
586286 515732 480326
573740 521905 504171
614313 493073 494810
576150 500844 491861
626185 479365 516191
580673 527123 484294
601791 493625 496938
591178 509580 485564
584389 524700 489161
576150 500844 491861
587976 508430 489140
601791 493625 496938
626597 481491 507928
622930 475375 530124
609425 532235 467711
580673 527123 484294
589917 489439 518321
616393 494627 487884
591178 509580 485564
592909 508932 486050
578739 517760 491743
603298 488541 510342
592943 505532 477841
622154 504145 482600
573740 521905 504171
611457 505963 470870
603298 488541 510342
587745 494397 522137
588950 490243 518158
600514 495282 492145
593054 489555 505596
593821 502988 488266
599416 486076 511054
610240 492417 504881
592909 508932 486050
578739 517760 491743
594196 504930 484184
577654 538367 487955
618472 474325 545473
600626 494579 491113
612449 512104 466950
608121 489366 505894
597316 502180 483035
616393 494627 487884
617901 479195 535272
588950 490243 518158
610801 527811 473284
609290 480355 520999
604596 481769 530468
597316 502180 483035
593821 502988 488266
601101 489458 510677
610000 516746 475699
622510 495244 481191
597397 482044 536777
622154 504145 482600
600695 528325 475777
610000 516746 475699
609528 528910 468470
606512 488194 507594
596820 513459 476290
611436 490079 503430
587745 494397 522137
622510 495244 481191
611117 521224 472904
626597 481491 507928
592943 505532 477841
568512 512630 522100
568850 513839 521589
610801 527811 473284
589917 489439 518321
609153 537820 474890
609290 480355 520999
571659 523587 502904
609178 524055 475550
587976 508430 489140
597054 495041 505002
609178 524055 475550
611436 490079 503430
571834 518073 506213
597054 495041 505002
608121 489366 505894
609329 492543 504864
609329 492543 504864
600695 528325 475777
627880 487161 499595
626597 481491 507928
626185 479365 516191
623019 521850 465439
623019 521850 465439
623019 521850 465439
623019 521850 465439
623019 521850 465439
623019 521850 465439
623019 521850 465439
612449 512104 466950
612449 512104 466950
612449 512104 466950
612449 512104 466950
612449 512104 466950
612449 512104 466950
612449 512104 466950
636237 522403 502502
623744 531751 489037
617766 507281 511970
597349 544343 533930
597108 546093 510784
610593 511277 502804
600237 535386 495202
632789 525754 498337
601833 525806 495530
636628 520590 504982
634178 537779 495524
617673 517267 505218
612054 527115 527147
605652 553825 525262
607827 549225 521170
632338 530711 502127
623676 536198 496521
617097 538259 497869
611994 534829 512588
615816 537382 510136
617377 525716 515373
617137 529972 516946
607295 535012 521858
616802 538044 507478
629791 539981 504647
624028 519180 527452
610736 558845 537222
608246 539234 544414
613815 554101 536652
619662 519625 517320
618059 531778 506813
628163 519322 522086
616001 536866 525005
616836 532112 538387
613882 539150 517352
655177 526302 520901
630624 519815 526646
624324 540703 507453
618753 540781 559081
614156 560581 522612
638638 530478 524450
622813 536452 544755
654525 540182 508498
619562 546604 525424
628423 524832 535340
620267 542880 519857
624639 527865 541544
630316 531685 531912
623972 535503 510898
626036 535056 509132
628556 533121 519911
659821 521150 538075
645691 544977 507919
632923 530206 565650
615130 566484 523048
621263 565134 535043
627839 546894 513918
657032 523239 532920
622967 538714 550377
627588 532395 551752
641977 521419 540560
630290 536714 516432
637882 534551 521682
624636 543290 524504
645274 545377 512671
637155 532487 537145
643541 531017 526211
621507 544400 531443
640250 533740 525567
624670 536817 515173
633869 527558 539395
642756 527360 533090
627907 535712 533635
643565 527912 531556
658127 523921 533397
638102 534186 543299
634605 557636 515221
624679 546808 535428
651220 530552 533606
640641 534114 528162
625395 541836 521513
626640 555984 516759
649076 532559 542838
628684 538383 540487
630086 536982 529999
643479 538502 516944
631648 538915 518372
630549 545459 520789
626376 540356 535804
649886 539071 522892
644874 535444 538699
638780 569464 518988
636896 539253 545093
627304 542556 525053
632844 549957 524441
645452 540471 528618
632665 541900 536625
643115 535593 531942
639084 541964 527170
636048 549655 521177
637927 546293 522062
637443 539542 534351
644227 544026 523938
635365 542550 527674
639024 541324 531932
657189 549777 521764
648815 539158 545389
640439 541177 554419
632233 556655 526278
628011 542626 540250
649823 548612 529493
637412 553180 526452
633815 545083 536183
635615 542390 545823
646157 551160 522436
639410 544030 531829
644388 539519 538658
639464 546434 531373
638555 542129 538052
647029 540217 538409
676769 539996 545073
673409 550271 526264
639342 543726 546623
632545 564603 531650
629786 550058 541563
648301 547698 531733
637069 556711 528095
637623 553994 532596
646174 545413 535507
646164 541701 540026
637031 549185 538694
641680 548711 536732
639835 547709 542294
631376 548703 545465
654707 546506 546428
648885 568874 529938
632210 552622 557236
632022 555629 544248
647601 557567 535070
637879 549327 538916
637404 568563 536064
650622 555925 531769
632660 568823 534860
666206 547532 546780
657235 550163 540601
635342 559972 565530
654458 551037 551763
645371 550660 553148
659240 559321 549627
657940 574209 542495
627880 487161 499595
623019 521850 465439
618472 474325 545473
583773 538683 485787
566139 528072 545620
561646 530277 504289
561646 530277 504289
580532 497687 523193
581934 499169 497546
620045 526556 469663
575103 510139 542666
604596 481769 530468
577654 538367 487955
585581 533694 488923
585581 533694 488923
597397 482044 536777
589917 489439 518321
597397 482044 536777
568512 512630 522100
621917 491093 492524
566139 528072 545620
588461 519377 477119
614313 493073 494810
568850 513839 521589
571659 523587 502904
619346 477705 520071
603366 503005 478007
582146 495727 491124
620045 526556 469663
575103 510139 542666
599847 508484 475135
593657 494752 507610
571834 518073 506213
609290 480355 520999
617788 505255 472610
603298 488541 510342
614313 493073 494810
612605 483891 513733
600514 495282 492145
571659 523587 502904
578739 517760 491743
605697 483370 525529
624371 480274 515305
617788 505255 472610
572763 515894 508198
612079 497592 481414
608041 482862 517134
615300 478060 527645
604019 501406 483920
573740 521905 504171
594909 502243 487665
626185 479365 516191
597983 488543 513974
591644 505976 490144
591178 509580 485564
603298 488541 510342
611457 505963 470870
583274 519761 489667
613303 484439 502794
622930 475375 530124
608522 484636 509404
605697 483370 525529
587873 494929 506081
621917 491093 492524
611323 519529 471317
586286 515732 480326
615245 487901 501332
622930 475375 530124
594196 504930 484184
612134 478481 528402
595766 485726 528109
627880 487161 499595
596820 513459 476290
612079 497592 481414
578739 517760 491743
613456 480239 527057
594196 504930 484184
585906 490249 543370
568512 512630 522100
626185 479365 516191
618472 474325 545473
613430 493681 491004
583274 519761 489667
576150 500844 491861
598999 486050 515750
586868 494089 515077
606880 488278 503285
593821 502988 488266
626597 481491 507928
576273 527873 489891
626597 481491 507928
586092 515304 485644
594909 502243 487665
597700 487745 518507
607049 506894 476390
619346 477705 520071
607708 506823 475804
576273 527873 489891
615245 487901 501332
586286 515732 480326
593913 507267 487827
595766 485726 528109
598616 490729 505027
599901 500044 490165
600449 494173 498831
573740 521905 504171
598616 490729 505027
604019 501406 483920
611323 519529 471317
577654 538367 487955
609272 483974 508924
613456 480239 527057
572763 515894 508198
599982 483557 529637
600449 494173 498831
586868 494089 515077
599847 508484 475135
587936 509108 487986
568850 513839 521589
599982 483557 529637
597419 490218 507619
608393 486769 515339
591178 509580 485564
607452 482906 520817
598999 486050 515750
597700 487745 518507
596820 513459 476290
612605 483891 513733
599901 500044 490165
583773 538683 485787
585906 490249 543370
604394 490495 503572
576150 500844 491861
597344 494149 507646
615300 478060 527645
609272 483974 508924
607452 482906 520817
608393 486769 515339
604394 490495 503572
603366 503005 478007
607708 506823 475804
604596 481769 530468
586092 515304 485644
587936 509108 487986
612134 478481 528402
608522 484636 509404
591644 505976 490144
606880 488278 503285
600514 495282 492145
593913 507267 487827
609243 503704 525440
602665 514110 532882
598393 516122 492014
596310 552403 508401
584578 541966 517746
597822 535100 507550
592757 514306 514342
631370 525483 492602
627683 508534 526216
609434 520663 535098
594840 557746 518080
611407 547141 503527
622591 537844 496651
595665 535062 519198
603836 533148 507788
615874 522907 526905
606135 527123 522568
615478 528619 497576
619643 521705 506748
613216 532044 510179
613763 527589 513211
618765 524439 517940
618877 524904 515333
613192 528526 522060
654852 524082 529954
646879 535313 500197
630931 517736 545564
609858 557756 514841
603259 547433 535878
634558 525946 510355
606853 549658 520826
626615 535287 506860
608755 538376 526130
631435 523059 534932
611900 533586 522613
614217 528077 516873
610008 544097 515319
619956 536367 515436
618818 526776 521903
627564 526644 517992
613645 538162 517685
640857 551471 511834
632951 521204 549584
628778 527542 550034
608219 558497 534493
611471 539641 539481
626066 534890 517078
635512 538391 511924
620765 530226 525186
611363 543222 532903
614710 532830 549383
609651 547777 526939
619601 533072 528546
634700 526440 526406
616253 533991 519185
634700 532115 522178
615654 551217 518686
641451 546938 515526
639362 523387 556063
634578 530543 562262
617205 563922 525625
612492 555744 529257
635808 529463 544165
613370 554944 536267
639290 555832 518696
616861 534898 540726
620901 549500 522863
634999 529669 550856
617961 540374 524044
628022 534634 520840
623498 534386 521383
630256 530635 531364
630842 545578 519695
621429 539770 524773
631822 531478 525941
622422 530982 537520
640742 530882 526229
630932 533205 529610
655806 561319 521874
637858 532082 529932
614448 567030 550545
618117 564400 536491
617278 557124 547658
649445 552837 522600
617433 542994 541139
623038 543330 532124
624379 534414 545845
631615 539971 522860
626641 552652 526379
651243 539165 526836
622377 547398 526475
654734 549011 522420
630126 543265 528607
625763 540720 529798
624235 536307 529860
655222 532540 540943
641632 547816 524027
640583 534142 553346
618819 550802 550711
653475 540689 531426
636121 545004 536605
638793 538095 533227
637857 538689 544637
623749 544126 540423
644654 533853 542946
630418 542719 542053
625330 550268 536327
626328 550426 527594
630424 550276 527392
619626 550779 541928
642497 544498 532593
642172 533784 543920
660303 538655 541899
658329 537639 552358
645134 538440 555986
644076 558396 526874
620558 569300 549811
628338 544552 543758
652017 541252 534900
641907 552002 533632
624212 554647 552398
648409 544398 533615
650565 551977 528113
627352 554525 528618
643814 540549 544377
656603 543815 536180
644826 561166 533765
640363 544614 565275
628083 561019 536539
638367 549106 549316
655390 544109 554807
646972 545307 543836
632663 556122 536815
631305 552697 561346
630403 558224 546989
645382 546643 559241
639693 555693 544051
642755 546286 562879
640770 546358 564993
655836 548467 545507
633936 556908 558115
628991 561440 542484
636385 557204 552145
647515 549531 557685
649894 548544 546713
661030 567769 551718
660799 585152 545677
640137 572734 570150
643144 568382 551784
652241 569824 547110
