6073 378.481
803409 659275 637372 663606
762300 667932 691654 589424
749219 601111 680070 665409
711409 688335 616957 676271
685289 749377 661002 651120
678244 634465 658815 753029
666156 653555 741033 687857
639966 732398 682217 657613
682523 727658 652332 667788
709668 622851 730726 648261
646132 712503 720864 694901
794927 641267 624296 683951
700826 662109 646716 724089
645063 718741 697094 670055
715445 635710 737534 642808
781873 607970 662324 667249
710823 626085 678274 747654
729770 677475 627354 696513
793811 635008 632706 700603
758807 618335 671909 716919
685289 749377 661002 651120
716220 621992 715936 642706
648274 734889 678754 651638
659335 741717 663674 676242
709835 643291 644359 734571
735196 671566 719072 594032
680145 720860 677771 642882
771218 663848 640425 654384
753636 649571 634688 709942
780615 651134 626771 672240
775585 630992 681895 628199
787203 660954 643513 639816
788640 648514 659433 629736
673564 707665 665948 660321
751073 604204 684405 637767
687830 705708 629214 678058
671094 714920 657033 658317
690443 632835 680114 744801
663450 675844 723772 663487
793225 679213 621697 689072
698305 722776 641918 663154
684480 738543 658248 652645
798506 614558 694109 623744
720638 692007 631940 670767
665767 724240 703694 644106
705970 670392 668423 613297
784124 653800 656017 627298
703924 653089 656100 739170
671231 709674 654904 680133
714916 680999 642775 675206
723697 729771 642047 638626
743831 653625 663475 712629
769566 648295 685503 601060
692620 674526 738731 682763
703236 690769 706614 609051
738799 655848 666917 717234
639966 732398 682217 657613
721457 700728 654593 634784
756233 611483 686451 632892
721974 683730 618865 687216
759178 661871 629898 685933
750854 673941 674927 590150
683651 647335 669937 732334
750201 646650 658589 707833
725572 655765 705837 616481
669036 708237 657932 673734
656571 706188 672742 676008
712709 638398 637993 729957
731998 694027 620853 670362
701664 633715 689574 703127
712333 695650 701139 607577
712718 679330 712017 603298
734358 616081 700616 659194
768775 656005 634112 679528
661717 717439 667987 673318
729029 627967 656502 741710
657808 697642 665354 676945
744834 640230 714230 597845
662793 735392 663207 656996
707121 651857 707629 620758
726356 645493 728632 596536
737769 645932 709191 598887
695728 629965 669620 743563
757979 643798 670505 633494
799747 653110 622175 692708
695068 683723 699464 664388
667603 701672 670312 672233
733526 654731 710677 595368
719937 667347 675891 681506
746991 636403 677030 688540
737832 678199 648775 628171
694340 704601 697821 626176
719248 698353 682916 605725
652656 711544 692192 647617
774082 639848 667480 644730
766156 625121 688399 625866
717621 663761 696273 635935
762264 624252 639195 663886
678244 634465 658815 753029
802663 630169 681329 617396
742833 608825 683786 726784
739553 620044 713445 635542
721616 684932 623466 691721
736087 614500 690725 672679
760722 669777 664549 607256
703493 638058 719044 629459
756057 642440 673856 630726
693610 687302 690416 646644
700219 666434 693307 642085
764821 615004 709691 632390
732411 686550 647206 649820
740695 668392 688426 610469
686138 691092 673136 645275
697038 638732 707281 631511
739709 645124 694401 619218
781287 645631 687835 611757
763821 630394 652671 647749
709433 628765 739995 644477
760022 673263 648358 655740
708425 662591 692395 655804
745958 652743 680592 604821
752490 665546 647108 691012
711409 688335 616957 676271
722585 664535 664919 624861
728681 650823 695340 682788
745422 626513 698594 650006
733384 658425 681421 703580
726356 645493 728632 596536
676682 717767 704058 644620
714218 660393 688887 678461
735146 670247 702161 621238
754967 637154 672238 655104
741969 602742 691482 657306
718825 665819 645218 691263
675130 694107 642337 703420
663450 675844 723772 663487
738937 701469 636379 658875
730115 649156 712776 605602
705310 655545 702161 694510
713210 632541 703679 688003
750444 612028 672558 638864
728832 656977 682202 662045
742833 608825 683786 726784
728982 646500 705014 641783
659335 741717 663674 676242
738751 657904 685698 637309
652656 711544 692192 647617
738040 659035 678917 652645
733344 650187 697828 693308
741651 632657 694716 665973
786689 677182 686216 676348
774936 644107 702949 668004
767551 694411 659940 686250
758980 673409 688448 641242
741677 679424 676817 710806
735836 689203 736698 699412
731874 704624 710526 682447
730542 684160 709942 705590
738514 672908 725519 674325
739735 698011 691148 656491
749817 675211 719994 650111
743974 654118 698688 679204
773342 658186 719729 663629
735925 688698 735961 695214
750838 662747 687009 664023
770159 661661 680629 707456
768922 659757 681698 703276
743950 678917 684246 692332
751929 677102 686355 679366
738797 703985 688169 679987
771832 673286 682989 687896
741345 687581 700603 667328
738740 655034 700794 664558
742212 658220 690960 666832
792583 682769 697133 667718
783713 648222 729095 675034
763690 702643 700300 648369
759979 700592 688003 678612
740153 711540 737171 735497
739153 696189 743706 688285
737316 710891 742631 716983
767132 665934 692785 712893
753190 679704 722626 657596
766390 655989 717011 706773
743349 679288 725707 726820
776251 709375 697297 668608
769785 675337 704867 651508
772169 670213 741727 673484
757475 684758 693556 690771
762175 658514 741643 677234
758521 659318 705884 683379
747440 671667 730250 684829
747703 672462 705307 698089
764951 687491 688128 714496
744987 687761 693844 669195
782507 673751 727779 650079
744772 698570 698972 680197
746079 656407 728641 696473
764295 685279 714220 669059
778895 673157 714743 668411
742226 681092 707588 710391
750663 677539 722934 679597
741861 683373 707815 688098
758860 683451 703743 670632
765707 673483 697430 656305
752280 671215 694539 671058
759085 685105 717541 668537
763410 670222 696875 687276
751907 672247 723395 684154
740902 672526 726181 674339
796053 677557 699344 740257
776328 679048 751645 658152
765941 680266 767545 684670
761279 667678 747379 699633
761202 705360 690530 722097
754855 735511 708763 677189
744465 702014 731009 694984
790811 708372 714855 666087
755584 683978 716886 716566
756366 680283 713703 738118
781544 677587 720181 669309
750610 692222 723558 678378
756679 689061 720488 703436
764754 697513 739978 665124
746003 689729 694261 681985
791943 687334 706904 668993
771222 677920 696281 690347
751583 687790 727479 674004
758071 671555 704199 702360
768189 678043 742887 697157
765587 697405 737366 666654
763109 679329 726357 690036
754899 675906 732383 700103
768707 684959 711099 699028
767002 705554 701011 681244
758228 682324 714714 678369
754087 698933 717956 681791
769285 672816 708422 679019
765653 706246 690759 687268
768528 699358 735511 670551
769971 684154 697965 672050
758043 688021 695308 687200
745625 678981 734901 703392
769192 677269 720044 672203
791100 701874 729326 677547
770633 711509 725418 673651
769644 671487 755004 716185
765443 700480 694359 686719
746273 695448 726157 706164
754950 690685 715997 700101
786656 674508 724947 708912
763403 697145 739154 685963
775755 701979 712167 677659
781580 691075 717099 679615
782210 684240 713551 682754
782152 677393 736511 674149
766385 672349 714810 709108
760641 690883 700448 695592
750294 703848 726333 694977
749734 710237 703895 704462
770432 678554 708560 682810
762354 682735 706076 714928
752466 699658 722103 683618
748661 709546 718866 688081
756510 697426 701322 713493
781996 696756 705744 691736
758702 697740 722029 684892
747806 705230 713712 688505
756466 695631 720041 688716
760853 682745 720380 705434
793976 691628 707169 710979
788448 685187 738412 676769
775710 731193 718232 689149
773734 681090 730339 692114
767411 710621 694480 692773
761172 702275 753522 732198
756158 695569 737410 742116
754861 716947 734839 691898
764155 699181 723781 722135
768944 689967 730279 717057
780940 693792 709066 706955
769827 713222 723952 688416
777843 707348 704462 709237
763687 686796 717890 736643
780461 681280 710203 686358
773431 705707 704481 702544
762924 709776 734573 694974
778185 704600 714463 694203
780288 701374 711932 697692
779016 683507 718220 698547
777876 710672 704697 689249
786901 709999 725752 715098
781006 683324 729175 697275
780553 683655 750190 686463
780459 711766 714469 703681
775043 715124 729288 724986
780854 698214 736934 687075
780968 689306 723274 717029
796903 686519 732827 715275
787610 703668 726134 724137
819679 632139 654177 661077
762300 667932 691654 589424
749219 601111 680070 665409
730870 644987 755517 629980
711409 688335 616957 676271
685289 749377 661002 651120
678244 634465 658815 753029
639966 732398 682217 657613
666156 653555 741033 687857
730870 644987 755517 629980
740295 606043 701624 658126
742833 608825 683786 726784
733526 654731 710677 595368
744834 640230 714230 597845
771145 633394 651534 669915
657808 697642 665354 676945
802663 630169 681329 617396
817544 634772 651854 664311
702742 670970 728562 638188
694340 704601 697821 626176
794927 641267 624296 683951
684480 738543 658248 652645
661717 717439 667987 673318
716753 646199 732214 638646
725037 635934 664582 705328
705710 659727 736638 635740
673564 707665 665948 660321
648274 734889 678754 651638
807561 634723 680029 633265
667603 701672 670312 672233
777743 661642 698567 603432
731998 694027 620853 670362
700826 662109 646716 724089
703282 617016 719982 649940
731059 661209 637660 719006
721616 684932 623466 691721
679361 646004 690881 750835
659335 741717 663674 676242
756255 611935 686205 627682
710823 626085 678274 747654
738497 681527 639684 666559
747648 639655 739222 613675
646132 712503 720864 694901
737832 678199 648775 628171
756348 665208 706772 610297
733050 660509 712321 603323
645063 718741 697094 670055
665767 724240 703694 644106
793811 635008 632706 700603
663450 675844 723772 663487
720230 699476 647106 641808
747604 644385 688724 646259
677928 664126 675888 697443
730115 649156 712776 605602
680145 720860 677771 642882
782546 621379 682640 653351
705368 701155 650474 640683
706823 659284 653066 706602
713565 713625 699906 613940
727862 657610 656775 636858
753636 649571 634688 709942
721974 683730 618865 687216
760240 638059 717043 620023
685289 749377 661002 651120
715973 623427 666830 690023
726985 628949 660860 736731
690443 632835 680114 744801
790922 618433 675012 636009
703924 653089 656100 739170
723092 682420 629899 711142
683651 647335 669937 732334
671231 709674 654904 680133
663512 665751 631164 696234
653875 673605 675290 663729
687830 705708 629214 678058
729476 621929 721849 647669
662793 735392 663207 656996
714004 627289 684979 682721
698818 643412 679639 722996
690294 635119 699277 713596
711512 648083 727890 638842
750854 673941 674927 590150
688964 690167 669315 659621
788028 617363 673416 655710
758230 661867 644459 686245
639966 732398 682217 657613
732631 641580 643487 728182
780615 651134 626771 672240
723697 729771 642047 638626
698305 722776 641918 663154
651139 712547 697650 677675
695728 629965 669620 743563
709835 643291 644359 734571
715161 687985 634268 674336
786566 635915 674763 647209
793225 679213 621697 689072
799747 653110 622175 692708
718900 679698 653499 654432
768561 638637 638427 642637
676682 717767 704058 644620
682523 727658 652332 667788
671231 709674 654904 680133
699455 639980 659739 716956
779704 645474 696995 623296
743708 639526 692824 632172
659335 741717 663674 676242
717467 611991 673796 678802
723985 692528 672286 649980
728480 693689 635485 656564
708501 671799 703269 678738
660405 683100 715022 644699
697707 691561 691034 631474
729770 677475 627354 696513
710497 706951 710340 604019
729029 627967 656502 741710
686235 620155 656554 752992
764835 637849 681623 641321
759285 659959 677525 615271
752199 646234 694409 625413
712709 638398 637993 729957
758865 654052 705161 619811
798506 614558 694109 623744
755491 631237 712969 621219
748927 667532 700861 630986
749219 601111 680070 665409
750268 630880 685136 635063
761664 640752 676662 659270
734759 631728 661613 695340
727139 621364 656714 701970
682523 727658 652332 667788
807561 634723 680029 633265
739040 650470 707350 638960
727395 674500 693921 662675
751980 625061 658940 693306
707121 651857 707629 620758
712323 687355 703514 646787
798506 614558 694109 623744
727831 676073 705821 644767
728963 672555 680244 610470
702895 652597 681532 716043
758422 662781 680583 629055
746994 642635 680582 665564
718316 672830 695516 664695
731492 651448 709065 661276
754579 628691 695993 655796
767317 624656 670505 650206
747040 620411 709193 650957
767317 624656 670505 650206
735180 637699 700493 655896
735180 637699 700493 655896
767317 624656 670505 650206
786694 666351 691779 665471
754688 689875 682070 682281
748119 673630 685415 713931
739804 657503 708230 690400
729328 662897 737673 678443
728394 725527 719848 693433
727861 676812 729607 640230
736018 712059 722548 655151
779898 696024 690695 650845
746480 702709 687635 675012
770603 667411 697596 690047
777688 665042 704318 666076
752001 661260 701509 672934
742797 700323 711332 683913
760545 663401 723645 652135
766561 690701 692985 664900
759532 665019 699368 668442
753556 668806 730797 660769
737229 670575 718194 674238
764425 675538 708847 647951
764444 676784 683879 705635
741983 681748 692573 699303
744649 671520 695378 662088
734755 675361 709549 702524
742023 679930 702895 686649
730874 669316 702831 703961
753933 684386 692084 682495
753558 699336 718961 661311
807234 670021 726453 678732
772306 696312 693199 723685
766419 690796 730820 644131
757158 667924 732158 678238
750855 724491 704451 698232
745379 722348 744569 688869
729825 697812 737403 689454
790066 670061 728993 671806
751489 686182 736922 660045
771436 677076 697414 710030
772593 712962 695211 698614
755853 690307 698735 704914
754224 707960 710180 664565
733615 681524 735443 692435
745083 669904 721979 691038
757055 702352 708107 675565
760488 676424 704801 668487
740089 697214 715152 692879
733373 685838 712578 707766
747938 697473 707214 682665
781973 694614 695691 669195
780987 668971 698167 690642
747420 699789 712838 694515
766661 681120 697266 689828
759500 693137 710085 676624
757364 674289 725479 670384
744414 673377 714489 697883
739978 711881 714121 690892
757768 696788 706249 664314
756617 697260 694090 700971
752883 670569 711597 673941
752532 694838 696231 679049
744512 711404 715059 692285
766604 671325 712813 672853
781220 696245 693456 694495
752581 722445 726149 678240
807745 684889 713939 702732
782125 670981 714822 683183
773860 709042 694882 717592
763593 706345 730591 670301
747990 722059 711924 690598
744643 712974 732402 722601
736966 700965 747115 704149
738098 721405 733533 715974
775963 705510 696862 706399
789130 692193 717324 673306
743489 696034 741533 721570
803223 701386 713870 671687
767120 676691 717164 684872
754002 686729 738510 670498
786702 689393 714636 698920
771787 674388 719979 688693
783971 707349 702637 684836
759278 672794 731464 695576
773051 707188 698883 720231
764339 710169 707610 674687
755429 686475 725869 691187
756698 714927 708774 680401
761795 714013 721579 700279
780762 707669 713527 685427
764403 686179 719268 676261
748192 714598 711922 701892
759304 674330 729180 676257
755819 717606 708636 690620
756554 695242 724240 690029
751897 693688 725076 704405
764296 694685 714771 679815
762628 716664 713431 675013
760624 672329 724622 683790
755936 672403 715759 705442
751567 705876 712759 704362
751706 708555 729557 690529
794306 703211 716787 702385
779319 713869 705990 713911
776243 758872 730937 673843
764607 675243 750168 691217
758890 714333 740891 744595
755853 692562 754427 689973
758778 726560 720280 688609
758313 695590 744158 719206
787033 678296 719451 700853
765247 693692 716130 716104
760397 716771 711037 704429
775309 689453 734881 684566
775112 679206 724779 714541
769614 717276 724902 677463
761276 710842 744346 683391
770797 701669 725277 678098
764128 689558 722381 710917
779056 696349 748096 680676
759856 688072 728813 693022
784392 689575 718371 691497
781252 694912 718101 682022
777804 701485 717098 693147
762516 690837 727736 701283
778911 696255 725115 693550
770127 714209 709225 688980
780815 695827 721610 683665
762740 677098 728246 689551
776077 717178 716678 688594
796043 683878 731976 700901
792888 700517 729196 682301
783955 676723 751927 691701
781972 714131 718063 713797
779401 686356 766915 703469
778805 719000 720110 719993
769832 723260 732611 688080
761499 703609 730822 705926
772742 691539 742194 697517
787497 708058 755059 683144
781682 693935 755270 690052
770762 716719 723133 706539
791519 689988 720920 715279
765795 701823 728328 697880
776372 696223 737652 700879
775092 712096 726106 702815
777263 700302 740627 686980
781534 716450 739939 705947
780198 725948 724391 707385
763375 707920 731119 714925
803664 711861 745268 717812
819679 632139 654177 661077
762300 667932 691654 589424
749219 601111 680070 665409
730870 644987 755517 629980
711409 688335 616957 676271
685289 749377 661002 651120
678244 634465 658815 753029
639966 732398 682217 657613
666156 653555 741033 687857
730870 644987 755517 629980
817544 634772 651854 664311
803409 659275 637372 663606
709668 622851 730726 648261
768561 638637 638427 642637
798506 614558 694109 623744
758807 618335 671909 716919
794927 641267 624296 683951
675130 694107 642337 703420
703282 617016 719982 649940
713565 713625 699906 613940
694340 704601 697821 626176
775585 630992 681895 628199
646132 712503 720864 694901
726356 645493 728632 596536
730115 649156 712776 605602
645063 718741 697094 670055
661717 717439 667987 673318
750854 673941 674927 590150
729770 677475 627354 696513
665767 724240 703694 644106
705710 659727 736638 635740
690443 632835 680114 744801
793225 679213 621697 689072
802663 630169 681329 617396
784293 612609 704680 634562
692721 664109 683947 712311
687830 705708 629214 678058
705050 653263 640380 730771
755172 644316 676191 632620
710823 626085 678274 747654
656571 706188 672742 676008
685289 749377 661002 651120
682523 727658 652332 667788
729647 656741 724629 610712
663450 675844 723772 663487
703924 653089 656100 739170
733526 654731 710677 595368
657808 697642 665354 676945
679361 646004 690881 750835
736004 647476 709133 612173
788640 648514 659433 629736
648571 727946 680653 658806
747455 627183 702223 636991
756348 665208 706772 610297
639966 732398 682217 657613
739943 659434 710411 597967
659335 741717 663674 676242
740295 606043 701624 658126
776536 636675 648102 669528
733050 660509 712321 603323
676706 639089 694886 636395
673564 707665 665948 660321
763273 641941 649145 656597
680145 720860 677771 642882
660405 683100 715022 644699
698305 722776 641918 663154
671231 709674 654904 680133
691929 642431 671936 742995
749184 658453 698844 619715
709835 643291 644359 734571
779095 624654 663850 664382
669036 708237 657932 673734
721974 683730 618865 687216
717467 611991 673796 678802
667603 701672 670312 672233
731059 661209 637660 719006
648274 734889 678754 651638
781873 607970 662324 667249
760246 682486 633925 681789
708251 675015 679967 699404
712890 613611 701180 710395
764575 606436 706383 631044
716220 621992 715936 642706
699684 662159 655309 735451
741396 668646 688686 668265
787406 659687 635701 668839
728239 690623 687358 630687
745920 666656 669459 674739
751976 646686 684419 653548
725256 654165 656471 707479
715445 635710 737534 642808
662793 735392 663207 656996
738497 681527 639684 666559
742833 608825 683786 726784
737604 680344 667203 652965
723697 729771 642047 638626
744604 686114 704790 621485
732631 641580 643487 728182
780615 651134 626771 672240
671575 655953 681227 724553
799747 653110 622175 692708
766755 645022 660089 627559
713186 610181 687441 683823
727139 621364 656714 701970
721616 684932 623466 691721
695728 629965 669620 743563
739553 620044 713445 635542
793811 635008 632706 700603
723092 682420 629899 711142
731998 694027 620853 670362
706792 661819 719070 635477
722008 692369 686427 639141
709183 686770 677548 661475
709569 628731 675349 722080
705368 701155 650474 640683
707121 651857 707629 620758
652656 711544 692192 647617
749219 601111 680070 665409
753053 663310 684789 647042
726985 628949 660860 736731
733139 670056 634913 690397
706823 659284 653066 706602
761050 667148 696333 622094
684480 738543 658248 652645
718825 665819 645218 691263
717910 662529 670444 693741
713751 651091 692799 644278
777743 661642 698567 603432
749539 699294 696120 630295
735038 637385 711220 613154
711409 688335 616957 676271
798693 637564 645364 680531
710785 698396 631738 688779
756625 700725 665874 640339
698818 643412 679639 722996
720638 692007 631940 670767
764500 672584 664946 637869
734064 657200 689653 643685
712498 645660 637253 725912
753353 671780 675171 670936
678244 634465 658815 753029
652656 711544 692192 647617
758585 670525 659267 680605
659335 741717 663674 676242
723688 673176 685385 662968
753112 653369 661998 686119
819679 632139 654177 661077
684480 738543 658248 652645
742926 652245 690064 678229
709433 628765 739995 644477
817675 660237 685651 670813
776257 692168 673956 668355
769689 648526 750417 680975
750812 728980 700445 734976
746230 671660 739276 637420
736596 679812 714319 661304
795450 668345 723222 650325
756103 704579 703054 708318
764572 662117 692235 657655
750421 683734 709853 676402
775870 691928 719776 645194
753600 676931 730693 698202
772849 680230 675115 686381
742881 692579 726749 646636
761659 675517 703176 702875
755327 665254 705632 667550
755574 700031 725418 657985
757592 678488 677369 646481
745695 678556 732489 669468
744122 678483 731233 685428
786832 686166 707547 667466
782371 669474 729132 679387
760076 701944 687965 648103
748123 684173 722834 703808
742199 716029 746408 689403
742088 681569 724260 699011
748828 705248 731523 648193
777421 688034 744589 659432
761028 675248 741943 660727
779008 675317 698161 670078
752738 703984 717276 691860
771716 690238 690446 648167
763109 682012 732297 669878
786481 670251 721998 666412
766686 690650 707096 675108
754984 683559 714602 679941
760714 697170 700860 690960
765599 692699 711040 669597
767308 678985 712690 685667
768237 670678 713626 685786
756374 681734 725142 691623
769994 699084 688027 689987
770331 687668 710325 673270
768629 678401 731272 668043
752311 687267 722744 666423
767655 692661 700621 689625
818869 693816 696484 703999
780117 672794 736979 700863
776939 704066 688501 675386
770372 718255 710617 677793
767994 710110 713604 654256
763035 676612 748799 686992
761121 697813 709738 725795
752668 689906 739086 699741
805240 689203 703970 689548
771941 679706 734307 706698
798452 685526 735597 681576
776025 707430 743066 658417
771975 688047 724915 719952
787466 694871 692317 690767
796405 697468 721150 679003
755199 717106 724074 697315
758823 695482 717924 690862
774968 677796 719531 695780
761056 699741 738734 666628
783665 673878 727047 686859
783792 691678 732727 671490
785643 703878 702853 685895
754573 702483 746194 689254
775178 691358 731751 675575
780845 709106 720698 672216
785264 708131 724434 663998
765600 704195 709939 688344
772514 689276 715848 683832
762454 693498 724039 680743
765014 686844 737022 686276
766991 700071 726807 679855
796719 701559 724641 664132
755096 703365 715515 706271
756351 688885 724532 685007
808835 690163 722115 695205
807154 702595 759211 674335
791603 727935 697374 686635
789550 707820 697359 704505
786125 716938 716620 727420
775358 680244 725221 712562
774966 712442 732301 672243
758753 708972 742155 696004
788904 702590 702382 693708
762764 718610 738271 682238
771342 709222 755509 674861
762287 727054 724007 706723
798756 690622 729549 688852
765766 697981 743413 692588
788185 695747 699001 700743
760253 698752 737609 686138
769872 706783 757429 677172
774527 685258 738944 711928
782980 714819 719134 698419
793318 709185 740149 676384
784730 706784 718330 680509
785356 683540 729986 704972
765221 703446 735199 686397
776699 683676 731904 708273
782198 710915 731785 673573
778933 704228 719591 695182
766774 701082 725117 687122
768946 692259 724944 697296
781649 690775 741371 702887
777692 698600 727501 691930
785019 693810 741890 689179
785269 689733 733376 703958
789468 680287 743202 712190
790767 688511 722221 704150
790433 687890 728941 689143
777870 709515 720233 676349
780240 691252 721909 712322
776357 700844 729109 692023
773743 702972 728773 681958
792963 693307 720527 692491
773736 691384 719760 695691
792442 691957 724659 692203
784091 702677 719398 688981
777458 691387 742329 688878
806955 705137 740601 687732
794305 704105 711496 706737
784513 691241 754106 710534
772173 724913 729148 695492
762599 720180 753933 718177
803533 715309 715138 700679
769303 698319 748163 704365
780271 699786 720988 708531
789506 707871 728790 689585
785560 724304 724213 696688
797785 695031 741861 695921
782411 719904 726853 691934
805174 694258 743433 697455
773981 703125 727770 700357
777303 719731 728397 697312
795971 703513 734693 698164
793392 705866 731546 689051
792957 698752 733926 698353
794257 713028 729741 700281
786203 700896 722281 724027
780264 724957 729981 705041
776378 703770 749122 710617
784142 704362 727765 714694
800003 712715 749141 713642
785313 725697 740897 708725
783257 725531 741235 728280
