434 21.1792
801465 790852 719474
768636 779816 759727
747626 809829 784020
796899 756411 756269
774136 752303 795987
745197 774180 833349
809761 736675 807571
754337 791437 786312
781188 748631 802292
785115 797637 750282
764578 795155 771995
779060 770159 758247
795382 785285 746680
786539 760860 770626
759426 785944 789731
800280 746775 786565
799496 797233 738031
808842 751282 772566
762313 776799 805752
784745 752994 790157
766301 766103 805483
789775 783638 752937
777385 807252 756848
819180 735776 788233
809143 772728 748914
817849 734440 806539
814956 777838 744942
781378 751643 794266
804393 773622 752191
765565 772891 801856
756662 806252 783559
779275 767000 783977
773910 775021 777236
771978 776451 778058
770846 773875 793467
809543 749088 782977
761289 778482 821454
779327 769582 767456
770228 766844 800641
764108 805695 779541
807772 783260 746353
794193 764259 764975
766930 767584 802647
819001 752312 768184
802499 746704 793253
792472 777879 757210
758541 790276 809588
791872 766117 767940
818485 743740 796000
807504 756045 769853
776296 776814 775361
789953 770006 759797
814824 746512 800539
798665 782545 755508
783603 767236 783630
762133 785233 810536
754326 799830 806194
808492 755752 785900
769564 838596 751888
821280 748947 776389
801465 790852 719474
820943 718553 842553
742667 797020 811815
827764 770420 800221
818026 826505 800719
822840 825970 809862
797707 803892 794293
801641 809139 823682
814382 827793 822566
829159 800300 817638
833368 805292 806641
824530 824564 790258
814962 824811 781707
854719 831483 832609
800858 797441 831174
842051 816168 811234
826290 797318 826985
801808 796731 812864
781136 845628 787040
827374 801337 815090
776071 782057 827209
804501 800499 820894
808024 806850 820450
851578 782552 796610
819062 801215 813838
872813 838973 812958
831981 794811 804320
827838 802356 801528
831307 806087 775466
822059 801035 815097
828758 805670 817875
804430 819058 795610
832144 800964 817480
816423 830829 787139
805158 789221 811184
794272 816775 808229
829749 800437 822855
828006 811764 802924
814838 805665 819976
850380 783183 803389
820423 824262 813447
796115 827556 809725
816616 781119 842251
783812 805764 775631
841085 826923 801888
819280 814929 814323
832869 824362 824465
814837 782533 837589
815999 814863 787313
818347 843241 798401
808285 821646 818343
839226 826059 819781
845009 812495 797573
842782 797594 791349
829740 814245 785969
812775 814010 807133
836310 805611 791775
818749 797386 774578
824250 839088 815543
780063 819231 821084
805414 787796 779976
797818 791783 799661
817059 793120 812144
806499 787377 801917
804675 773657 805559
815206 805989 786659
838157 810127 802922
827427 779631 782921
810525 800965 825045
816923 817404 822372
831493 824526 800862
824556 821087 810156
837866 785353 822670
844804 805491 795151
816421 802184 799700
806700 801459 823107
799947 802350 809887
799262 805813 793253
804960 842159 821564
808091 813000 828686
850350 780247 820805
778027 816647 811611
835076 810808 804183
797943 783024 829795
810196 841240 798370
849403 770682 764989
815724 810613 809391
806831 795561 762169
794668 785307 817609
810384 847509 831525
814606 788397 795252
808733 842409 790099
787177 809738 812069
851755 818298 810452
806067 804186 813581
833584 827306 780444
805030 796438 811479
818712 805623 821834
823286 797388 797246
805212 829139 832648
777757 811720 848970
838015 757606 819401
786585 793317 825416
838575 777730 799023
814029 811800 786699
782664 798863 825004
831073 811303 784128
824770 820501 822019
825526 798675 834382
831376 810159 802010
827091 790040 800733
830120 842077 820503
842684 809654 795913
839151 821631 796297
810885 816958 763939
823247 799279 830724
840718 802466 786596
826375 805720 803989
813368 822691 774736
802880 794045 822585
818940 822093 826169
820199 814742 805286
836378 787668 794880
794933 793485 789437
834692 785644 797342
801342 828577 785479
797287 794055 785075
834859 845028 787616
816383 800763 809958
815388 833456 812136
838848 839387 793174
792606 824182 786221
838229 814942 795536
847762 838634 796627
817623 824315 813982
843791 814559 815122
825024 797464 808596
812224 803500 827785
848513 848686 818065
820971 814921 822093
837635 801953 802752
815346 816661 789584
793918 776831 800790
789900 805174 822301
829785 791450 815122
822272 818466 766288
863186 802767 823913
838599 823644 811483
815065 809694 815478
786650 778045 817799
803841 787043 795786
804640 810994 780232
831108 808782 795980
796606 794125 829320
810655 808243 792863
792422 799918 780329
765433 843693 787513
823502 773987 793110
831731 797904 818628
837048 800021 766955
796621 822849 790376
808750 825901 829232
817879 793748 761348
824136 806788 799647
822073 789599 819942
793508 835728 821395
797925 788019 798837
803376 796597 794117
816783 784388 811934
824534 790035 795869
832790 776442 829299
831982 810996 772270
804732 829887 805330
827278 794701 832482
826489 833409 781789
778757 782891 790712
819910 821315 810301
833329 827958 806915
806148 772494 797192
822031 826748 798948
814708 798014 801344
838485 781617 813721
801732 821041 803790
840133 805331 841088
820550 793485 807131
801933 827515 808522
805858 813331 807144
814296 803968 819202
802413 792056 840368
848613 800818 812076
785172 828865 798678
817361 810319 823766
829217 812025 788700
855479 808325 813349
828667 784751 834570
825489 843213 812468
807766 831150 837822
839929 835095 797516
835882 798433 807836
822937 823730 764028
846586 802773 772324
810851 816280 816154
813067 817964 794335
823052 808896 761728
808064 826126 796956
802466 838291 799635
804918 818947 794464
815155 802844 761103
829445 850651 828893
833860 801054 819329
819018 805962 799675
831777 817360 827823
807832 794215 809066
792748 816127 800351
815908 816542 768345
834197 794787 814781
797396 802622 812208
825453 774537 804845
831047 809210 822090
837553 786743 827129
827862 768460 779050
826255 821162 770778
836193 833004 833575
832949 787067 820243
808573 817112 801235
830700 816855 808667
801828 794469 811318
818516 827740 801714
827878 820354 803781
808697 823440 780228
823616 819134 795954
812282 782393 825870
831614 795581 808993
812760 832950 777896
827958 782407 814568
852917 819585 814998
818588 796888 817407
815301 818575 799646
804556 798232 816184
831866 799291 811124
