2866 311.934
1.54127e+06 1.35061e+06 1.4225e+06 1.35518e+06
1.46253e+06 1.33685e+06 1.34762e+06 1.45571e+06
1.44356e+06 1.38712e+06 1.47876e+06 1.30789e+06
1.38404e+06 1.25668e+06 1.43505e+06 1.42458e+06
1.34723e+06 1.32485e+06 1.52261e+06 1.37975e+06
1.33936e+06 1.44962e+06 1.41926e+06 1.42861e+06
1.32736e+06 1.3465e+06 1.43579e+06 1.5211e+06
1.30319e+06 1.38086e+06 1.41679e+06 1.47522e+06
1.42474e+06 1.33332e+06 1.51554e+06 1.3525e+06
1.41274e+06 1.35486e+06 1.47734e+06 1.31904e+06
1.44504e+06 1.37588e+06 1.4525e+06 1.32834e+06
1.45375e+06 1.2639e+06 1.42181e+06 1.49097e+06
1.43514e+06 1.32276e+06 1.51163e+06 1.36784e+06
1.52986e+06 1.35704e+06 1.44838e+06 1.3499e+06
1.31069e+06 1.44339e+06 1.43912e+06 1.46052e+06
1.36308e+06 1.32225e+06 1.50494e+06 1.38068e+06
1.37383e+06 1.40992e+06 1.46924e+06 1.39804e+06
1.35229e+06 1.31854e+06 1.41793e+06 1.50371e+06
1.46643e+06 1.28502e+06 1.49464e+06 1.36194e+06
1.43876e+06 1.31328e+06 1.38965e+06 1.51142e+06
1.41787e+06 1.30506e+06 1.39673e+06 1.49435e+06
1.38253e+06 1.3299e+06 1.36299e+06 1.45633e+06
1.38056e+06 1.38924e+06 1.4729e+06 1.338e+06
1.514e+06 1.27169e+06 1.46419e+06 1.41168e+06
1.34274e+06 1.40242e+06 1.45588e+06 1.41111e+06
1.39504e+06 1.29167e+06 1.42628e+06 1.50857e+06
1.44356e+06 1.38712e+06 1.47876e+06 1.30789e+06
1.48249e+06 1.2672e+06 1.43231e+06 1.41441e+06
1.32225e+06 1.43611e+06 1.43758e+06 1.41506e+06
1.48163e+06 1.279e+06 1.39247e+06 1.46666e+06
1.35511e+06 1.42304e+06 1.36981e+06 1.43063e+06
1.32061e+06 1.44805e+06 1.43908e+06 1.44856e+06
1.51412e+06 1.28912e+06 1.41748e+06 1.43185e+06
1.4148e+06 1.38221e+06 1.36898e+06 1.42161e+06
1.31258e+06 1.42517e+06 1.46422e+06 1.45715e+06
1.33264e+06 1.41926e+06 1.46381e+06 1.40671e+06
1.32736e+06 1.3465e+06 1.43579e+06 1.5211e+06
1.47446e+06 1.36334e+06 1.35338e+06 1.44766e+06
1.43154e+06 1.29271e+06 1.41581e+06 1.46489e+06
1.47144e+06 1.32888e+06 1.41047e+06 1.40813e+06
1.43758e+06 1.28588e+06 1.49134e+06 1.36515e+06
1.4025e+06 1.27582e+06 1.42388e+06 1.39638e+06
1.36543e+06 1.42954e+06 1.39056e+06 1.39074e+06
1.36649e+06 1.26225e+06 1.42788e+06 1.42514e+06
1.48988e+06 1.29807e+06 1.48937e+06 1.37128e+06
1.49936e+06 1.3432e+06 1.42276e+06 1.35379e+06
1.33921e+06 1.35885e+06 1.38667e+06 1.48203e+06
1.37858e+06 1.30194e+06 1.40292e+06 1.46824e+06
1.41751e+06 1.35118e+06 1.48607e+06 1.34687e+06
1.37073e+06 1.32584e+06 1.50263e+06 1.35412e+06
1.47419e+06 1.36772e+06 1.43123e+06 1.34312e+06
1.52833e+06 1.29533e+06 1.4114e+06 1.41485e+06
1.37734e+06 1.38563e+06 1.48368e+06 1.37309e+06
1.48913e+06 1.29555e+06 1.39546e+06 1.4332e+06
1.33665e+06 1.33518e+06 1.40744e+06 1.44574e+06
1.4806e+06 1.34283e+06 1.47044e+06 1.33456e+06
1.50691e+06 1.31274e+06 1.41647e+06 1.40073e+06
1.40207e+06 1.38338e+06 1.40005e+06 1.43706e+06
1.3685e+06 1.3e+06 1.41187e+06 1.47782e+06
1.42332e+06 1.34432e+06 1.49995e+06 1.36235e+06
1.47894e+06 1.35918e+06 1.35582e+06 1.4354e+06
1.47479e+06 1.34377e+06 1.46068e+06 1.32352e+06
1.48284e+06 1.37775e+06 1.37229e+06 1.42043e+06
1.40351e+06 1.41736e+06 1.42346e+06 1.34673e+06
1.4927e+06 1.29031e+06 1.44658e+06 1.3821e+06
1.3615e+06 1.3511e+06 1.40223e+06 1.50008e+06
1.46253e+06 1.33685e+06 1.34762e+06 1.45571e+06
1.44873e+06 1.36142e+06 1.42816e+06 1.38899e+06
1.53958e+06 1.3442e+06 1.42631e+06 1.34979e+06
1.36756e+06 1.31017e+06 1.41245e+06 1.50945e+06
1.47889e+06 1.39303e+06 1.44404e+06 1.33065e+06
1.38984e+06 1.29874e+06 1.42321e+06 1.48568e+06
1.34723e+06 1.32485e+06 1.52261e+06 1.37975e+06
1.44747e+06 1.34842e+06 1.48067e+06 1.33176e+06
1.49556e+06 1.34579e+06 1.37889e+06 1.35621e+06
1.35895e+06 1.34923e+06 1.41843e+06 1.44333e+06
1.30551e+06 1.40627e+06 1.43491e+06 1.46641e+06
1.41408e+06 1.36557e+06 1.44944e+06 1.3932e+06
1.43335e+06 1.34774e+06 1.3753e+06 1.40461e+06
1.41487e+06 1.3267e+06 1.47446e+06 1.37625e+06
1.42954e+06 1.4437e+06 1.38202e+06 1.42052e+06
1.31789e+06 1.43257e+06 1.44771e+06 1.42998e+06
1.44093e+06 1.3309e+06 1.35961e+06 1.42729e+06
1.32783e+06 1.34104e+06 1.4336e+06 1.45887e+06
1.38891e+06 1.35376e+06 1.48327e+06 1.34929e+06
1.4498e+06 1.28154e+06 1.40931e+06 1.44148e+06
1.42651e+06 1.30582e+06 1.40527e+06 1.45141e+06
1.37549e+06 1.39138e+06 1.4801e+06 1.40247e+06
1.4073e+06 1.40112e+06 1.4358e+06 1.3779e+06
1.34456e+06 1.31963e+06 1.4248e+06 1.46607e+06
1.43672e+06 1.31475e+06 1.45993e+06 1.38149e+06
1.42669e+06 1.31668e+06 1.38357e+06 1.45418e+06
1.38059e+06 1.42672e+06 1.37797e+06 1.42992e+06
1.5109e+06 1.34314e+06 1.38154e+06 1.41541e+06
1.31926e+06 1.401e+06 1.44171e+06 1.44244e+06
1.47483e+06 1.3066e+06 1.38528e+06 1.47234e+06
1.36993e+06 1.41223e+06 1.38961e+06 1.4348e+06
1.38649e+06 1.37228e+06 1.44673e+06 1.38043e+06
1.41274e+06 1.35486e+06 1.47734e+06 1.31904e+06
1.48557e+06 1.33914e+06 1.409e+06 1.39823e+06
1.33209e+06 1.43431e+06 1.42512e+06 1.41859e+06
1.44657e+06 1.31145e+06 1.48853e+06 1.3813e+06
1.34012e+06 1.41573e+06 1.38868e+06 1.43687e+06
1.41787e+06 1.28678e+06 1.42043e+06 1.50117e+06
1.45656e+06 1.32364e+06 1.3609e+06 1.45357e+06
1.44224e+06 1.42557e+06 1.43392e+06 1.34159e+06
1.33045e+06 1.41409e+06 1.46014e+06 1.4176e+06
1.44091e+06 1.39861e+06 1.43092e+06 1.37575e+06
1.46992e+06 1.32339e+06 1.40173e+06 1.44729e+06
1.45624e+06 1.36998e+06 1.44115e+06 1.35753e+06
1.39207e+06 1.34214e+06 1.44892e+06 1.3993e+06
1.38404e+06 1.25668e+06 1.43505e+06 1.42458e+06
1.34892e+06 1.42226e+06 1.4532e+06 1.37569e+06
1.41954e+06 1.36911e+06 1.37552e+06 1.44537e+06
1.31067e+06 1.39578e+06 1.40046e+06 1.4693e+06
1.31493e+06 1.41566e+06 1.4535e+06 1.42787e+06
1.4213e+06 1.35292e+06 1.40623e+06 1.43917e+06
1.42896e+06 1.31532e+06 1.39071e+06 1.4808e+06
1.32424e+06 1.42815e+06 1.40588e+06 1.45786e+06
1.45759e+06 1.37986e+06 1.42646e+06 1.37909e+06
1.37413e+06 1.37838e+06 1.46129e+06 1.41751e+06
1.50743e+06 1.33233e+06 1.40566e+06 1.36923e+06
1.42381e+06 1.39872e+06 1.44488e+06 1.38462e+06
1.47703e+06 1.37766e+06 1.39879e+06 1.39505e+06
1.52159e+06 1.30735e+06 1.42568e+06 1.36986e+06
1.46427e+06 1.33397e+06 1.43623e+06 1.36422e+06
1.46141e+06 1.37833e+06 1.39907e+06 1.40306e+06
1.38765e+06 1.32686e+06 1.45426e+06 1.42324e+06
1.52159e+06 1.30735e+06 1.42568e+06 1.36986e+06
1.42587e+06 1.28397e+06 1.40718e+06 1.47185e+06
1.43526e+06 1.37128e+06 1.41433e+06 1.38077e+06
1.44224e+06 1.30369e+06 1.379e+06 1.48522e+06
1.43863e+06 1.36605e+06 1.44592e+06 1.35976e+06
1.47694e+06 1.38409e+06 1.37915e+06 1.38568e+06
1.32343e+06 1.40696e+06 1.40727e+06 1.44001e+06
1.33263e+06 1.30651e+06 1.49735e+06 1.44558e+06
1.3487e+06 1.40464e+06 1.40219e+06 1.45539e+06
1.3945e+06 1.37971e+06 1.44369e+06 1.40646e+06
1.40664e+06 1.34976e+06 1.45452e+06 1.36423e+06
1.43326e+06 1.38938e+06 1.43695e+06 1.37464e+06
1.3423e+06 1.36971e+06 1.38092e+06 1.50099e+06
1.31067e+06 1.39578e+06 1.40046e+06 1.4693e+06
1.34636e+06 1.38056e+06 1.47953e+06 1.44488e+06
1.30319e+06 1.38086e+06 1.41679e+06 1.47522e+06
1.42822e+06 1.36e+06 1.42332e+06 1.42614e+06
1.45098e+06 1.38401e+06 1.39577e+06 1.37512e+06
1.42162e+06 1.3079e+06 1.44713e+06 1.39554e+06
1.4867e+06 1.33081e+06 1.40893e+06 1.39548e+06
1.4386e+06 1.36543e+06 1.44756e+06 1.38699e+06
1.45472e+06 1.316e+06 1.44525e+06 1.35685e+06
1.48054e+06 1.36194e+06 1.40708e+06 1.40023e+06
1.43156e+06 1.36406e+06 1.40962e+06 1.42467e+06
1.3945e+06 1.37971e+06 1.44369e+06 1.40646e+06
1.5277e+06 1.34352e+06 1.4628e+06 1.43737e+06
1.4911e+06 1.32315e+06 1.45135e+06 1.46063e+06
1.48497e+06 1.33969e+06 1.50977e+06 1.44387e+06
1.47084e+06 1.34918e+06 1.44155e+06 1.4732e+06
1.44224e+06 1.39186e+06 1.38131e+06 1.41266e+06
1.44143e+06 1.40079e+06 1.43978e+06 1.42815e+06
1.43945e+06 1.35509e+06 1.48267e+06 1.38403e+06
1.40318e+06 1.37979e+06 1.42389e+06 1.4653e+06
1.49914e+06 1.32555e+06 1.43056e+06 1.46086e+06
1.46723e+06 1.35841e+06 1.40857e+06 1.41988e+06
1.44079e+06 1.39443e+06 1.45429e+06 1.40538e+06
1.41994e+06 1.36862e+06 1.4979e+06 1.45669e+06
1.40802e+06 1.38567e+06 1.48994e+06 1.42558e+06
1.45013e+06 1.38473e+06 1.4292e+06 1.38738e+06
1.46333e+06 1.35886e+06 1.47004e+06 1.42078e+06
1.47512e+06 1.34798e+06 1.4163e+06 1.46394e+06
1.43287e+06 1.36094e+06 1.47688e+06 1.45197e+06
1.43742e+06 1.37718e+06 1.49159e+06 1.43795e+06
1.42243e+06 1.38914e+06 1.45842e+06 1.44598e+06
1.44954e+06 1.3601e+06 1.43938e+06 1.4493e+06
1.4685e+06 1.37639e+06 1.48167e+06 1.40832e+06
1.45888e+06 1.35046e+06 1.45535e+06 1.46003e+06
1.43801e+06 1.35712e+06 1.49324e+06 1.43482e+06
1.47166e+06 1.35493e+06 1.46899e+06 1.41832e+06
1.48091e+06 1.34227e+06 1.41694e+06 1.46708e+06
1.43504e+06 1.39817e+06 1.46038e+06 1.44455e+06
1.44636e+06 1.36756e+06 1.43233e+06 1.46896e+06
1.48362e+06 1.3451e+06 1.45171e+06 1.43307e+06
1.43263e+06 1.38461e+06 1.44596e+06 1.44508e+06
1.40319e+06 1.35233e+06 1.44174e+06 1.4698e+06
1.45192e+06 1.37299e+06 1.43345e+06 1.46053e+06
1.44918e+06 1.389e+06 1.4255e+06 1.42876e+06
1.44994e+06 1.38675e+06 1.44396e+06 1.44625e+06
1.44406e+06 1.36572e+06 1.45996e+06 1.44424e+06
1.43534e+06 1.36176e+06 1.46306e+06 1.45877e+06
1.47258e+06 1.35459e+06 1.45527e+06 1.41298e+06
1.44002e+06 1.37154e+06 1.46482e+06 1.42973e+06
1.46516e+06 1.34332e+06 1.44795e+06 1.45511e+06
1.48022e+06 1.37462e+06 1.46228e+06 1.38679e+06
1.44217e+06 1.34717e+06 1.46497e+06 1.43228e+06
1.47118e+06 1.35454e+06 1.41859e+06 1.44521e+06
1.45589e+06 1.34918e+06 1.46391e+06 1.43122e+06
1.44155e+06 1.38428e+06 1.48186e+06 1.40758e+06
1.47852e+06 1.34415e+06 1.44507e+06 1.43752e+06
1.45322e+06 1.3528e+06 1.43309e+06 1.43692e+06
1.4445e+06 1.3531e+06 1.44027e+06 1.45762e+06
1.45059e+06 1.37518e+06 1.45042e+06 1.44594e+06
1.4395e+06 1.38144e+06 1.45136e+06 1.41274e+06
1.44245e+06 1.35871e+06 1.45907e+06 1.45489e+06
1.40578e+06 1.37482e+06 1.45886e+06 1.45838e+06
1.44194e+06 1.34916e+06 1.49252e+06 1.45155e+06
1.43832e+06 1.37644e+06 1.4577e+06 1.45671e+06
1.5039e+06 1.3877e+06 1.45284e+06 1.41529e+06
1.46636e+06 1.39789e+06 1.43096e+06 1.45475e+06
1.45042e+06 1.36498e+06 1.51226e+06 1.39809e+06
1.44718e+06 1.35573e+06 1.51394e+06 1.45625e+06
1.44696e+06 1.37589e+06 1.45221e+06 1.49334e+06
1.44211e+06 1.38134e+06 1.51971e+06 1.41957e+06
1.41628e+06 1.41652e+06 1.5006e+06 1.44264e+06
1.43765e+06 1.37998e+06 1.45076e+06 1.48068e+06
1.43432e+06 1.39403e+06 1.49821e+06 1.43206e+06
1.49922e+06 1.36141e+06 1.43258e+06 1.43591e+06
1.48189e+06 1.36246e+06 1.43719e+06 1.44602e+06
1.47517e+06 1.40125e+06 1.49039e+06 1.41198e+06
1.43878e+06 1.40615e+06 1.45238e+06 1.4598e+06
1.4388e+06 1.38397e+06 1.46828e+06 1.46724e+06
1.43874e+06 1.41247e+06 1.45433e+06 1.45443e+06
1.45588e+06 1.36845e+06 1.50547e+06 1.45295e+06
1.47092e+06 1.36025e+06 1.45742e+06 1.43385e+06
1.44607e+06 1.35689e+06 1.49243e+06 1.46358e+06
1.46206e+06 1.36629e+06 1.49942e+06 1.41127e+06
1.4726e+06 1.3611e+06 1.47319e+06 1.42748e+06
1.44258e+06 1.38661e+06 1.48133e+06 1.42825e+06
1.46343e+06 1.37436e+06 1.46364e+06 1.44944e+06
1.46359e+06 1.3848e+06 1.4429e+06 1.446e+06
1.45294e+06 1.3857e+06 1.43741e+06 1.42959e+06
1.46693e+06 1.36728e+06 1.47015e+06 1.44096e+06
1.44979e+06 1.37088e+06 1.4664e+06 1.44292e+06
1.46046e+06 1.37263e+06 1.43537e+06 1.4558e+06
1.44695e+06 1.38928e+06 1.49896e+06 1.41232e+06
1.45515e+06 1.36574e+06 1.46214e+06 1.45635e+06
1.44255e+06 1.39339e+06 1.48287e+06 1.43089e+06
1.47286e+06 1.38392e+06 1.43688e+06 1.42462e+06
1.47497e+06 1.37824e+06 1.49847e+06 1.42294e+06
1.44879e+06 1.37557e+06 1.48607e+06 1.44548e+06
1.4686e+06 1.37852e+06 1.46242e+06 1.43348e+06
1.45828e+06 1.35676e+06 1.48763e+06 1.45445e+06
1.44598e+06 1.38486e+06 1.45217e+06 1.41983e+06
1.45738e+06 1.37176e+06 1.46226e+06 1.45268e+06
1.46526e+06 1.36624e+06 1.48412e+06 1.4414e+06
1.43804e+06 1.38465e+06 1.4315e+06 1.4659e+06
1.49955e+06 1.3868e+06 1.46088e+06 1.46307e+06
1.49272e+06 1.36403e+06 1.46117e+06 1.44007e+06
1.48932e+06 1.39163e+06 1.50879e+06 1.41728e+06
1.46192e+06 1.37061e+06 1.51717e+06 1.45401e+06
1.45004e+06 1.42857e+06 1.47318e+06 1.43863e+06
1.44827e+06 1.3983e+06 1.43824e+06 1.49e+06
1.44816e+06 1.38341e+06 1.45433e+06 1.5133e+06
1.43797e+06 1.39616e+06 1.5061e+06 1.49362e+06
1.48244e+06 1.39406e+06 1.48436e+06 1.42701e+06
1.4463e+06 1.40726e+06 1.50061e+06 1.45216e+06
1.44084e+06 1.39886e+06 1.50901e+06 1.47484e+06
1.45028e+06 1.41771e+06 1.49454e+06 1.43888e+06
1.45439e+06 1.398e+06 1.47407e+06 1.44655e+06
1.46189e+06 1.42232e+06 1.46229e+06 1.42251e+06
1.46342e+06 1.38427e+06 1.44956e+06 1.48224e+06
1.47301e+06 1.40579e+06 1.44476e+06 1.47183e+06
1.46939e+06 1.37936e+06 1.48923e+06 1.4574e+06
1.48062e+06 1.37882e+06 1.48956e+06 1.42926e+06
1.45234e+06 1.3881e+06 1.51123e+06 1.49347e+06
1.46465e+06 1.39258e+06 1.45032e+06 1.43196e+06
1.45571e+06 1.37593e+06 1.46744e+06 1.45832e+06
1.49358e+06 1.36897e+06 1.45299e+06 1.46564e+06
1.47577e+06 1.38343e+06 1.4636e+06 1.46782e+06
1.49708e+06 1.39241e+06 1.44472e+06 1.4637e+06
1.45854e+06 1.3904e+06 1.49702e+06 1.45572e+06
1.49018e+06 1.37501e+06 1.45236e+06 1.4638e+06
1.49265e+06 1.37585e+06 1.49346e+06 1.43755e+06
1.46138e+06 1.38626e+06 1.46503e+06 1.43843e+06
1.44717e+06 1.39043e+06 1.45904e+06 1.45646e+06
1.4724e+06 1.37012e+06 1.50918e+06 1.4491e+06
1.47411e+06 1.38378e+06 1.49807e+06 1.44891e+06
1.45627e+06 1.3966e+06 1.44961e+06 1.45314e+06
1.49143e+06 1.37015e+06 1.49798e+06 1.45725e+06
1.49417e+06 1.41612e+06 1.45174e+06 1.45314e+06
1.47845e+06 1.39309e+06 1.46239e+06 1.50749e+06
1.47412e+06 1.37437e+06 1.52255e+06 1.45456e+06
1.46962e+06 1.41971e+06 1.47523e+06 1.44284e+06
1.45065e+06 1.3978e+06 1.49941e+06 1.47031e+06
1.45524e+06 1.39055e+06 1.47279e+06 1.48245e+06
1.45806e+06 1.40061e+06 1.45379e+06 1.45966e+06
1.46396e+06 1.39344e+06 1.46468e+06 1.49873e+06
1.47228e+06 1.38695e+06 1.47675e+06 1.45468e+06
1.46367e+06 1.39823e+06 1.49089e+06 1.46451e+06
1.47137e+06 1.39567e+06 1.50067e+06 1.44546e+06
1.49439e+06 1.41658e+06 1.47411e+06 1.46335e+06
1.49416e+06 1.39646e+06 1.47958e+06 1.48462e+06
1.47686e+06 1.41916e+06 1.52646e+06 1.45108e+06
1.4635e+06 1.42484e+06 1.4618e+06 1.48195e+06
1.46189e+06 1.41464e+06 1.46522e+06 1.48879e+06
1.45817e+06 1.4153e+06 1.48536e+06 1.48004e+06
1.48233e+06 1.40474e+06 1.49765e+06 1.46663e+06
1.47141e+06 1.40924e+06 1.47585e+06 1.46149e+06
1.45854e+06 1.41233e+06 1.46598e+06 1.46924e+06
1.47985e+06 1.40456e+06 1.4656e+06 1.47862e+06
1.49526e+06 1.41289e+06 1.47968e+06 1.47498e+06
1.48552e+06 1.42212e+06 1.50256e+06 1.47538e+06
1.54127e+06 1.35061e+06 1.4225e+06 1.35518e+06
1.46253e+06 1.33685e+06 1.34762e+06 1.45571e+06
1.44356e+06 1.38712e+06 1.47876e+06 1.30789e+06
1.38404e+06 1.25668e+06 1.43505e+06 1.42458e+06
1.34723e+06 1.32485e+06 1.52261e+06 1.37975e+06
1.33936e+06 1.44962e+06 1.41926e+06 1.42861e+06
1.32736e+06 1.3465e+06 1.43579e+06 1.5211e+06
1.30319e+06 1.38086e+06 1.41679e+06 1.47522e+06
1.34012e+06 1.41573e+06 1.38868e+06 1.43687e+06
1.32225e+06 1.43611e+06 1.43758e+06 1.41506e+06
1.39753e+06 1.41041e+06 1.40363e+06 1.3922e+06
1.38121e+06 1.31518e+06 1.40849e+06 1.51337e+06
1.36308e+06 1.32225e+06 1.50494e+06 1.38068e+06
1.44224e+06 1.42557e+06 1.43392e+06 1.34159e+06
1.4358e+06 1.29262e+06 1.41829e+06 1.50716e+06
1.32061e+06 1.44805e+06 1.43908e+06 1.44856e+06
1.43758e+06 1.28588e+06 1.49134e+06 1.36515e+06
1.38976e+06 1.42003e+06 1.38565e+06 1.41468e+06
1.44685e+06 1.26934e+06 1.46722e+06 1.402e+06
1.44033e+06 1.32072e+06 1.5012e+06 1.34393e+06
1.31067e+06 1.39578e+06 1.40046e+06 1.4693e+06
1.53958e+06 1.3442e+06 1.42631e+06 1.34979e+06
1.41274e+06 1.35486e+06 1.47734e+06 1.31904e+06
1.4073e+06 1.40112e+06 1.4358e+06 1.3779e+06
1.31868e+06 1.31135e+06 1.46145e+06 1.41612e+06
1.50206e+06 1.34078e+06 1.41258e+06 1.37593e+06
1.36649e+06 1.26225e+06 1.42788e+06 1.42514e+06
1.51412e+06 1.28912e+06 1.41748e+06 1.43185e+06
1.39957e+06 1.29986e+06 1.51241e+06 1.40543e+06
1.49556e+06 1.34579e+06 1.37889e+06 1.35621e+06
1.30787e+06 1.37208e+06 1.42967e+06 1.45244e+06
1.52986e+06 1.35704e+06 1.44838e+06 1.3499e+06
1.39957e+06 1.29986e+06 1.51241e+06 1.40543e+06
1.48913e+06 1.29555e+06 1.39546e+06 1.4332e+06
1.32343e+06 1.40696e+06 1.40727e+06 1.44001e+06
1.514e+06 1.27169e+06 1.46419e+06 1.41168e+06
1.48163e+06 1.279e+06 1.39247e+06 1.46666e+06
1.33378e+06 1.3349e+06 1.45011e+06 1.4979e+06
1.33263e+06 1.30651e+06 1.49735e+06 1.44558e+06
1.34723e+06 1.32485e+06 1.52261e+06 1.37975e+06
1.33209e+06 1.43431e+06 1.42512e+06 1.41859e+06
1.39137e+06 1.37857e+06 1.49333e+06 1.33962e+06
1.36161e+06 1.34828e+06 1.39189e+06 1.4877e+06
1.48385e+06 1.36917e+06 1.40558e+06 1.36915e+06
1.4927e+06 1.29031e+06 1.44658e+06 1.3821e+06
1.41988e+06 1.27608e+06 1.49636e+06 1.36262e+06
1.48988e+06 1.29807e+06 1.48937e+06 1.37128e+06
1.38231e+06 1.31876e+06 1.35524e+06 1.45871e+06
1.31547e+06 1.35282e+06 1.42093e+06 1.45467e+06
1.47446e+06 1.36334e+06 1.35338e+06 1.44766e+06
1.35229e+06 1.31854e+06 1.41793e+06 1.50371e+06
1.38056e+06 1.38924e+06 1.4729e+06 1.338e+06
1.34708e+06 1.32871e+06 1.41238e+06 1.48465e+06
1.45375e+06 1.2639e+06 1.42181e+06 1.49097e+06
1.42398e+06 1.29712e+06 1.48176e+06 1.38251e+06
1.37458e+06 1.36407e+06 1.3686e+06 1.41981e+06
1.50992e+06 1.27957e+06 1.43743e+06 1.394e+06
1.38703e+06 1.343e+06 1.43512e+06 1.38571e+06
1.44504e+06 1.37588e+06 1.4525e+06 1.32834e+06
1.52833e+06 1.29533e+06 1.4114e+06 1.41485e+06
1.35974e+06 1.32026e+06 1.42606e+06 1.46383e+06
1.39782e+06 1.40475e+06 1.4013e+06 1.39754e+06
1.42411e+06 1.35818e+06 1.45928e+06 1.32382e+06
1.45718e+06 1.35874e+06 1.4857e+06 1.31315e+06
1.4967e+06 1.36728e+06 1.35776e+06 1.42622e+06
1.42669e+06 1.31668e+06 1.38357e+06 1.45418e+06
1.45788e+06 1.28644e+06 1.36248e+06 1.44235e+06
1.42392e+06 1.371e+06 1.37546e+06 1.39078e+06
1.39413e+06 1.357e+06 1.36596e+06 1.41692e+06
1.4498e+06 1.28154e+06 1.40931e+06 1.44148e+06
1.35405e+06 1.37738e+06 1.39451e+06 1.47958e+06
1.36923e+06 1.36557e+06 1.45735e+06 1.40436e+06
1.41114e+06 1.38149e+06 1.47262e+06 1.335e+06
1.34936e+06 1.32438e+06 1.45576e+06 1.47118e+06
1.44356e+06 1.38712e+06 1.47876e+06 1.30789e+06
1.46969e+06 1.32976e+06 1.39144e+06 1.42225e+06
1.47894e+06 1.35918e+06 1.35582e+06 1.4354e+06
1.47423e+06 1.29296e+06 1.39843e+06 1.4263e+06
1.40177e+06 1.27701e+06 1.48736e+06 1.39496e+06
1.43144e+06 1.33121e+06 1.47426e+06 1.33296e+06
1.41787e+06 1.30506e+06 1.39673e+06 1.49435e+06
1.33024e+06 1.33937e+06 1.44237e+06 1.49225e+06
1.44093e+06 1.3309e+06 1.35961e+06 1.42729e+06
1.46814e+06 1.33853e+06 1.39922e+06 1.37677e+06
1.42418e+06 1.33306e+06 1.42835e+06 1.35963e+06
1.41888e+06 1.34467e+06 1.37144e+06 1.41909e+06
1.4759e+06 1.31331e+06 1.38529e+06 1.43e+06
1.37073e+06 1.32584e+06 1.50263e+06 1.35412e+06
1.35748e+06 1.30085e+06 1.43252e+06 1.4828e+06
1.45362e+06 1.30406e+06 1.4642e+06 1.36142e+06
1.44381e+06 1.36296e+06 1.41456e+06 1.37208e+06
1.46376e+06 1.36681e+06 1.4558e+06 1.32941e+06
1.44781e+06 1.323e+06 1.46926e+06 1.35178e+06
1.41019e+06 1.38498e+06 1.41002e+06 1.3461e+06
1.42964e+06 1.39048e+06 1.40693e+06 1.38495e+06
1.43339e+06 1.29744e+06 1.42372e+06 1.38399e+06
1.42776e+06 1.30834e+06 1.42972e+06 1.39631e+06
1.505e+06 1.31628e+06 1.40804e+06 1.3654e+06
1.33535e+06 1.34017e+06 1.41736e+06 1.49582e+06
1.32736e+06 1.3465e+06 1.43579e+06 1.5211e+06
1.4001e+06 1.28068e+06 1.4426e+06 1.38767e+06
1.45556e+06 1.34883e+06 1.47632e+06 1.32274e+06
1.35587e+06 1.33812e+06 1.44112e+06 1.46871e+06
1.47889e+06 1.39303e+06 1.44404e+06 1.33065e+06
1.40308e+06 1.30247e+06 1.4061e+06 1.42104e+06
1.38253e+06 1.3299e+06 1.36299e+06 1.45633e+06
1.37846e+06 1.30704e+06 1.45473e+06 1.35705e+06
1.40157e+06 1.3932e+06 1.41083e+06 1.39999e+06
1.3423e+06 1.36971e+06 1.38092e+06 1.50099e+06
1.46076e+06 1.36353e+06 1.41988e+06 1.36845e+06
1.42227e+06 1.35383e+06 1.45282e+06 1.34727e+06
1.38404e+06 1.25668e+06 1.43505e+06 1.42458e+06
1.41376e+06 1.36198e+06 1.41401e+06 1.41312e+06
1.33411e+06 1.32802e+06 1.44835e+06 1.47816e+06
1.37072e+06 1.35619e+06 1.402e+06 1.46453e+06
1.4996e+06 1.33715e+06 1.39051e+06 1.4112e+06
1.37258e+06 1.38577e+06 1.44434e+06 1.41088e+06
1.50754e+06 1.31248e+06 1.42038e+06 1.39853e+06
1.39404e+06 1.26688e+06 1.47006e+06 1.42074e+06
1.46253e+06 1.33685e+06 1.34762e+06 1.45571e+06
1.36543e+06 1.42954e+06 1.39056e+06 1.39074e+06
1.52159e+06 1.30735e+06 1.42568e+06 1.36986e+06
1.38188e+06 1.39688e+06 1.38715e+06 1.40829e+06
1.30485e+06 1.39897e+06 1.43043e+06 1.45505e+06
1.45144e+06 1.31361e+06 1.40794e+06 1.4028e+06
1.37824e+06 1.38342e+06 1.43424e+06 1.40962e+06
1.45718e+06 1.35874e+06 1.4857e+06 1.31315e+06
1.35023e+06 1.35728e+06 1.44557e+06 1.44332e+06
1.41733e+06 1.33112e+06 1.37373e+06 1.41676e+06
1.30521e+06 1.37413e+06 1.44596e+06 1.41774e+06
1.52159e+06 1.30735e+06 1.42568e+06 1.36986e+06
1.32605e+06 1.3028e+06 1.45709e+06 1.45248e+06
1.39103e+06 1.27479e+06 1.42704e+06 1.41498e+06
1.41496e+06 1.3123e+06 1.44949e+06 1.35998e+06
1.3423e+06 1.36971e+06 1.38092e+06 1.50099e+06
1.44922e+06 1.36439e+06 1.47002e+06 1.32141e+06
1.32061e+06 1.44805e+06 1.43908e+06 1.44856e+06
1.41186e+06 1.33162e+06 1.47546e+06 1.34054e+06
1.34985e+06 1.32696e+06 1.45171e+06 1.48111e+06
1.37629e+06 1.37765e+06 1.44353e+06 1.3528e+06
1.46205e+06 1.36085e+06 1.42145e+06 1.37956e+06
1.42173e+06 1.3748e+06 1.46264e+06 1.34709e+06
1.33921e+06 1.35885e+06 1.38667e+06 1.48203e+06
1.32396e+06 1.38032e+06 1.39149e+06 1.44707e+06
1.40767e+06 1.32738e+06 1.43163e+06 1.40763e+06
1.48249e+06 1.2672e+06 1.43231e+06 1.41441e+06
1.36543e+06 1.42954e+06 1.39056e+06 1.39074e+06
1.42099e+06 1.38237e+06 1.43077e+06 1.40648e+06
1.39288e+06 1.28974e+06 1.43988e+06 1.40558e+06
1.36375e+06 1.37778e+06 1.38195e+06 1.44226e+06
1.48579e+06 1.36886e+06 1.39238e+06 1.459e+06
1.45307e+06 1.33299e+06 1.51411e+06 1.43275e+06
1.44974e+06 1.3976e+06 1.47933e+06 1.39191e+06
1.44032e+06 1.35822e+06 1.43632e+06 1.465e+06
1.43115e+06 1.32991e+06 1.45364e+06 1.43897e+06
1.42842e+06 1.40318e+06 1.41333e+06 1.43624e+06
1.393e+06 1.38962e+06 1.46871e+06 1.46295e+06
1.46241e+06 1.34591e+06 1.42912e+06 1.41668e+06
1.41346e+06 1.36915e+06 1.4019e+06 1.4472e+06
1.42551e+06 1.34232e+06 1.45052e+06 1.41315e+06
1.4053e+06 1.36002e+06 1.4311e+06 1.44286e+06
1.41135e+06 1.37711e+06 1.461e+06 1.42305e+06
1.45246e+06 1.33472e+06 1.4751e+06 1.42508e+06
1.39905e+06 1.35286e+06 1.46586e+06 1.4008e+06
1.44488e+06 1.38148e+06 1.46352e+06 1.40127e+06
1.44164e+06 1.38644e+06 1.46111e+06 1.40691e+06
1.45382e+06 1.35849e+06 1.45535e+06 1.39566e+06
1.44122e+06 1.35324e+06 1.4347e+06 1.41422e+06
1.49896e+06 1.36568e+06 1.47663e+06 1.4058e+06
1.47654e+06 1.42609e+06 1.44352e+06 1.43008e+06
1.45882e+06 1.36983e+06 1.48326e+06 1.39812e+06
1.45298e+06 1.33579e+06 1.48404e+06 1.42767e+06
1.44896e+06 1.36244e+06 1.49549e+06 1.43889e+06
1.44624e+06 1.38776e+06 1.41609e+06 1.47544e+06
1.40386e+06 1.36357e+06 1.46989e+06 1.43564e+06
1.43674e+06 1.40691e+06 1.42763e+06 1.44211e+06
1.43022e+06 1.35856e+06 1.46991e+06 1.46004e+06
1.44241e+06 1.38952e+06 1.45575e+06 1.41344e+06
1.47596e+06 1.34946e+06 1.44446e+06 1.45318e+06
1.47049e+06 1.38173e+06 1.44775e+06 1.44178e+06
1.48467e+06 1.35436e+06 1.46022e+06 1.4466e+06
1.49122e+06 1.39873e+06 1.44208e+06 1.43977e+06
1.46206e+06 1.37344e+06 1.42814e+06 1.44984e+06
1.49547e+06 1.35707e+06 1.47395e+06 1.42188e+06
1.41178e+06 1.37734e+06 1.47595e+06 1.42065e+06
1.42454e+06 1.37223e+06 1.48108e+06 1.40227e+06
1.44006e+06 1.3751e+06 1.46358e+06 1.41752e+06
1.40706e+06 1.36191e+06 1.44016e+06 1.44431e+06
1.45205e+06 1.35962e+06 1.486e+06 1.43391e+06
1.44215e+06 1.37896e+06 1.43678e+06 1.44574e+06
1.42167e+06 1.37393e+06 1.46449e+06 1.44334e+06
1.44107e+06 1.38457e+06 1.46111e+06 1.43287e+06
1.49265e+06 1.36044e+06 1.45822e+06 1.44851e+06
1.45072e+06 1.36694e+06 1.43277e+06 1.44557e+06
1.44721e+06 1.4007e+06 1.44321e+06 1.43057e+06
1.45803e+06 1.3741e+06 1.46546e+06 1.40025e+06
1.49137e+06 1.36808e+06 1.46966e+06 1.4264e+06
1.47294e+06 1.36714e+06 1.48594e+06 1.42035e+06
1.42315e+06 1.37319e+06 1.4668e+06 1.42078e+06
1.45206e+06 1.35741e+06 1.48e+06 1.44535e+06
1.44764e+06 1.36942e+06 1.45996e+06 1.44339e+06
1.424e+06 1.36992e+06 1.48363e+06 1.4332e+06
1.52651e+06 1.39109e+06 1.45893e+06 1.42677e+06
1.4851e+06 1.40685e+06 1.43284e+06 1.45703e+06
1.48199e+06 1.3894e+06 1.46752e+06 1.41633e+06
1.46232e+06 1.3924e+06 1.50698e+06 1.42283e+06
1.4603e+06 1.34675e+06 1.48478e+06 1.45565e+06
1.45408e+06 1.41929e+06 1.46007e+06 1.42175e+06
1.45176e+06 1.37668e+06 1.4449e+06 1.47449e+06
1.41538e+06 1.38219e+06 1.46951e+06 1.4485e+06
1.44994e+06 1.36147e+06 1.49459e+06 1.46338e+06
1.47762e+06 1.35854e+06 1.45648e+06 1.46424e+06
1.50826e+06 1.3668e+06 1.4462e+06 1.4445e+06
1.4434e+06 1.38252e+06 1.44803e+06 1.44446e+06
1.45821e+06 1.40007e+06 1.4382e+06 1.467e+06
1.49228e+06 1.38803e+06 1.49029e+06 1.42669e+06
1.4652e+06 1.36893e+06 1.4433e+06 1.45167e+06
1.43139e+06 1.4164e+06 1.4712e+06 1.42666e+06
1.43845e+06 1.40787e+06 1.48997e+06 1.42231e+06
1.42354e+06 1.38032e+06 1.47857e+06 1.43352e+06
1.47246e+06 1.39149e+06 1.4734e+06 1.42002e+06
1.45385e+06 1.37791e+06 1.48166e+06 1.43201e+06
1.4185e+06 1.38996e+06 1.47474e+06 1.43608e+06
1.4474e+06 1.40292e+06 1.45981e+06 1.42346e+06
1.46219e+06 1.36635e+06 1.47374e+06 1.43842e+06
1.45072e+06 1.36386e+06 1.46765e+06 1.4711e+06
1.43952e+06 1.37898e+06 1.4429e+06 1.44612e+06
1.42409e+06 1.36481e+06 1.44739e+06 1.45033e+06
1.45855e+06 1.4165e+06 1.43856e+06 1.46435e+06
1.48393e+06 1.36302e+06 1.45666e+06 1.45412e+06
1.43359e+06 1.39123e+06 1.44474e+06 1.44718e+06
1.51809e+06 1.38699e+06 1.48725e+06 1.43406e+06
1.48362e+06 1.38182e+06 1.44636e+06 1.44712e+06
1.48193e+06 1.36126e+06 1.4941e+06 1.45584e+06
1.45556e+06 1.42003e+06 1.47772e+06 1.42412e+06
1.45426e+06 1.36533e+06 1.4813e+06 1.48794e+06
1.44198e+06 1.4299e+06 1.47432e+06 1.4392e+06
1.43823e+06 1.42255e+06 1.5442e+06 1.42932e+06
1.42044e+06 1.38385e+06 1.50728e+06 1.46905e+06
1.46195e+06 1.373e+06 1.45285e+06 1.48154e+06
1.45294e+06 1.42882e+06 1.46458e+06 1.4483e+06
1.46315e+06 1.39874e+06 1.47391e+06 1.44296e+06
1.44507e+06 1.39401e+06 1.45122e+06 1.4653e+06
1.44502e+06 1.36639e+06 1.46008e+06 1.47246e+06
1.48877e+06 1.41436e+06 1.47117e+06 1.44154e+06
1.49693e+06 1.38165e+06 1.47863e+06 1.44839e+06
1.42326e+06 1.39158e+06 1.49851e+06 1.44337e+06
1.50682e+06 1.38226e+06 1.48182e+06 1.43846e+06
1.43198e+06 1.38557e+06 1.50676e+06 1.45147e+06
1.46268e+06 1.41095e+06 1.45974e+06 1.44575e+06
1.46588e+06 1.3814e+06 1.48935e+06 1.43516e+06
1.43775e+06 1.40541e+06 1.46687e+06 1.4529e+06
1.50465e+06 1.42076e+06 1.45783e+06 1.44676e+06
1.42938e+06 1.37225e+06 1.46776e+06 1.45912e+06
1.43528e+06 1.41538e+06 1.47012e+06 1.45287e+06
1.44282e+06 1.36851e+06 1.47946e+06 1.46248e+06
1.47617e+06 1.37583e+06 1.48274e+06 1.44004e+06
1.45878e+06 1.37433e+06 1.49683e+06 1.45672e+06
1.42555e+06 1.39309e+06 1.47685e+06 1.45068e+06
1.47409e+06 1.39279e+06 1.48316e+06 1.43408e+06
1.4374e+06 1.37647e+06 1.44862e+06 1.46838e+06
1.47071e+06 1.37512e+06 1.47558e+06 1.4527e+06
1.48845e+06 1.37938e+06 1.44948e+06 1.46024e+06
1.48727e+06 1.37418e+06 1.45789e+06 1.46657e+06
1.46298e+06 1.39085e+06 1.46224e+06 1.45318e+06
1.4412e+06 1.36957e+06 1.45558e+06 1.47095e+06
1.45923e+06 1.3702e+06 1.47526e+06 1.46028e+06
1.46084e+06 1.3654e+06 1.45827e+06 1.45375e+06
1.44062e+06 1.37266e+06 1.46622e+06 1.47077e+06
1.46693e+06 1.39112e+06 1.48075e+06 1.45144e+06
1.4431e+06 1.37291e+06 1.46066e+06 1.45922e+06
1.43645e+06 1.38284e+06 1.45069e+06 1.47091e+06
1.50568e+06 1.37235e+06 1.46704e+06 1.45093e+06
1.50382e+06 1.38341e+06 1.49234e+06 1.43999e+06
1.49605e+06 1.40671e+06 1.49094e+06 1.43578e+06
1.47249e+06 1.3872e+06 1.45286e+06 1.48484e+06
1.47241e+06 1.40892e+06 1.50151e+06 1.44132e+06
1.47096e+06 1.42438e+06 1.46813e+06 1.45048e+06
1.45425e+06 1.36877e+06 1.47779e+06 1.47867e+06
1.43152e+06 1.37614e+06 1.46872e+06 1.46576e+06
1.46463e+06 1.41424e+06 1.48663e+06 1.44796e+06
1.48307e+06 1.39872e+06 1.47177e+06 1.45708e+06
1.45399e+06 1.40391e+06 1.46301e+06 1.46956e+06
1.44597e+06 1.37693e+06 1.4562e+06 1.47315e+06
1.44129e+06 1.39381e+06 1.48256e+06 1.45331e+06
1.49224e+06 1.36973e+06 1.47127e+06 1.46158e+06
1.45844e+06 1.39e+06 1.48909e+06 1.46395e+06
1.48372e+06 1.38788e+06 1.45695e+06 1.45196e+06
1.46213e+06 1.37235e+06 1.46739e+06 1.47016e+06
1.46481e+06 1.37128e+06 1.48007e+06 1.45631e+06
1.50182e+06 1.39379e+06 1.45293e+06 1.44982e+06
1.4992e+06 1.38924e+06 1.46385e+06 1.46418e+06
1.49575e+06 1.37298e+06 1.47607e+06 1.47266e+06
1.49172e+06 1.42471e+06 1.46977e+06 1.45311e+06
1.47575e+06 1.40452e+06 1.46862e+06 1.49847e+06
1.45257e+06 1.39084e+06 1.48811e+06 1.46781e+06
1.46106e+06 1.41974e+06 1.47991e+06 1.46705e+06
1.45762e+06 1.39241e+06 1.48761e+06 1.47198e+06
1.51933e+06 1.42588e+06 1.47292e+06 1.46266e+06
1.51423e+06 1.42906e+06 1.49669e+06 1.45846e+06
1.53958e+06 1.3442e+06 1.42631e+06 1.34979e+06
1.46253e+06 1.33685e+06 1.34762e+06 1.45571e+06
1.44356e+06 1.38712e+06 1.47876e+06 1.30789e+06
1.38404e+06 1.25668e+06 1.43505e+06 1.42458e+06
1.34723e+06 1.32485e+06 1.52261e+06 1.37975e+06
1.33936e+06 1.44962e+06 1.41926e+06 1.42861e+06
1.32736e+06 1.3465e+06 1.43579e+06 1.5211e+06
1.30319e+06 1.38086e+06 1.41679e+06 1.47522e+06
1.52159e+06 1.30735e+06 1.42568e+06 1.36986e+06
1.42954e+06 1.4437e+06 1.38202e+06 1.42052e+06
1.41274e+06 1.35486e+06 1.47734e+06 1.31904e+06
1.53958e+06 1.3442e+06 1.42631e+06 1.34979e+06
1.32225e+06 1.43611e+06 1.43758e+06 1.41506e+06
1.38121e+06 1.31518e+06 1.40849e+06 1.51337e+06
1.31067e+06 1.39578e+06 1.40046e+06 1.4693e+06
1.38253e+06 1.3299e+06 1.36299e+06 1.45633e+06
1.44356e+06 1.38712e+06 1.47876e+06 1.30789e+06
1.33939e+06 1.42133e+06 1.41388e+06 1.43842e+06
1.36308e+06 1.32225e+06 1.50494e+06 1.38068e+06
1.36756e+06 1.31017e+06 1.41245e+06 1.50945e+06
1.36649e+06 1.26225e+06 1.42788e+06 1.42514e+06
1.48249e+06 1.2672e+06 1.43231e+06 1.41441e+06
1.39137e+06 1.37857e+06 1.49333e+06 1.33962e+06
1.4927e+06 1.29031e+06 1.44658e+06 1.3821e+06
1.35229e+06 1.31854e+06 1.41793e+06 1.50371e+06
1.47723e+06 1.29308e+06 1.45884e+06 1.37832e+06
1.4148e+06 1.38221e+06 1.36898e+06 1.42161e+06
1.43876e+06 1.31328e+06 1.38965e+06 1.51142e+06
1.31789e+06 1.43257e+06 1.44771e+06 1.42998e+06
1.3423e+06 1.36971e+06 1.38092e+06 1.50099e+06
1.36543e+06 1.42954e+06 1.39056e+06 1.39074e+06
1.35734e+06 1.39445e+06 1.47828e+06 1.37185e+06
1.35023e+06 1.35728e+06 1.44557e+06 1.44332e+06
1.42002e+06 1.36587e+06 1.38689e+06 1.40163e+06
1.43514e+06 1.32276e+06 1.51163e+06 1.36784e+06
1.39957e+06 1.29986e+06 1.51241e+06 1.40543e+06
1.50136e+06 1.29805e+06 1.39921e+06 1.3823e+06
1.407e+06 1.39066e+06 1.45336e+06 1.35962e+06
1.47446e+06 1.36334e+06 1.35338e+06 1.44766e+06
1.37773e+06 1.36274e+06 1.48155e+06 1.38523e+06
1.40886e+06 1.32331e+06 1.40117e+06 1.44797e+06
1.4498e+06 1.28154e+06 1.40931e+06 1.44148e+06
1.48163e+06 1.279e+06 1.39247e+06 1.46666e+06
1.33378e+06 1.3349e+06 1.45011e+06 1.4979e+06
1.44224e+06 1.42557e+06 1.43392e+06 1.34159e+06
1.46643e+06 1.28502e+06 1.49464e+06 1.36194e+06
1.41787e+06 1.30506e+06 1.39673e+06 1.49435e+06
1.45585e+06 1.33385e+06 1.45676e+06 1.37361e+06
1.4967e+06 1.36728e+06 1.35776e+06 1.42622e+06
1.44744e+06 1.28632e+06 1.38637e+06 1.48602e+06
1.43041e+06 1.40717e+06 1.42849e+06 1.34412e+06
1.40846e+06 1.40237e+06 1.40416e+06 1.38662e+06
1.47094e+06 1.35262e+06 1.37042e+06 1.40649e+06
1.40351e+06 1.41736e+06 1.42346e+06 1.34673e+06
1.3751e+06 1.36835e+06 1.46184e+06 1.40988e+06
1.51648e+06 1.34278e+06 1.41851e+06 1.35518e+06
1.44156e+06 1.30389e+06 1.3972e+06 1.46292e+06
1.47894e+06 1.35918e+06 1.35582e+06 1.4354e+06
1.34723e+06 1.32485e+06 1.52261e+06 1.37975e+06
1.39074e+06 1.35577e+06 1.47303e+06 1.389e+06
1.4424e+06 1.38058e+06 1.37449e+06 1.37696e+06
1.36161e+06 1.34828e+06 1.39189e+06 1.4877e+06
1.37291e+06 1.34329e+06 1.37689e+06 1.43398e+06
1.30901e+06 1.38709e+06 1.4364e+06 1.45988e+06
1.33921e+06 1.35885e+06 1.38667e+06 1.48203e+06
1.30551e+06 1.40627e+06 1.43491e+06 1.46641e+06
1.35833e+06 1.32696e+06 1.46026e+06 1.43342e+06
1.33411e+06 1.32802e+06 1.44835e+06 1.47816e+06
1.45098e+06 1.38401e+06 1.39577e+06 1.37512e+06
1.36988e+06 1.3175e+06 1.48546e+06 1.41077e+06
1.40745e+06 1.39985e+06 1.46815e+06 1.35728e+06
1.32736e+06 1.3465e+06 1.43579e+06 1.5211e+06
1.44093e+06 1.3309e+06 1.35961e+06 1.42729e+06
1.3464e+06 1.41227e+06 1.43405e+06 1.38966e+06
1.33024e+06 1.33937e+06 1.44237e+06 1.49225e+06
1.37073e+06 1.32584e+06 1.50263e+06 1.35412e+06
1.31941e+06 1.42354e+06 1.42356e+06 1.44011e+06
1.44747e+06 1.34842e+06 1.48067e+06 1.33176e+06
1.46376e+06 1.36681e+06 1.4558e+06 1.32941e+06
1.50992e+06 1.27957e+06 1.43743e+06 1.394e+06
1.31356e+06 1.34992e+06 1.43123e+06 1.49133e+06
1.42669e+06 1.31668e+06 1.38357e+06 1.45418e+06
1.39472e+06 1.41525e+06 1.41278e+06 1.42412e+06
1.45121e+06 1.33747e+06 1.42334e+06 1.42198e+06
1.50743e+06 1.33233e+06 1.40566e+06 1.36923e+06
1.42411e+06 1.35818e+06 1.45928e+06 1.32382e+06
1.44468e+06 1.35505e+06 1.35493e+06 1.45164e+06
1.50391e+06 1.32894e+06 1.46714e+06 1.36256e+06
1.4025e+06 1.27582e+06 1.42388e+06 1.39638e+06
1.39848e+06 1.36348e+06 1.49081e+06 1.38366e+06
1.46894e+06 1.30154e+06 1.48737e+06 1.38059e+06
1.42474e+06 1.33332e+06 1.51554e+06 1.3525e+06
1.47479e+06 1.34377e+06 1.46068e+06 1.32352e+06
1.514e+06 1.27169e+06 1.46419e+06 1.41168e+06
1.32866e+06 1.34558e+06 1.42233e+06 1.50262e+06
1.43923e+06 1.37492e+06 1.44157e+06 1.34818e+06
1.48988e+06 1.29807e+06 1.48937e+06 1.37128e+06
1.33263e+06 1.30651e+06 1.49735e+06 1.44558e+06
1.44504e+06 1.37588e+06 1.4525e+06 1.32834e+06
1.43358e+06 1.35173e+06 1.45164e+06 1.38341e+06
1.38431e+06 1.35289e+06 1.43477e+06 1.39673e+06
1.32404e+06 1.3976e+06 1.48026e+06 1.39186e+06
1.446e+06 1.29231e+06 1.41145e+06 1.48954e+06
1.43953e+06 1.37608e+06 1.37516e+06 1.41659e+06
1.33665e+06 1.33518e+06 1.40744e+06 1.44574e+06
1.49993e+06 1.36949e+06 1.42503e+06 1.33675e+06
1.39638e+06 1.30601e+06 1.49841e+06 1.41301e+06
1.514e+06 1.27169e+06 1.46419e+06 1.41168e+06
1.40154e+06 1.34117e+06 1.47143e+06 1.39798e+06
1.33209e+06 1.43431e+06 1.42512e+06 1.41859e+06
1.4882e+06 1.37147e+06 1.42666e+06 1.37007e+06
1.48523e+06 1.38552e+06 1.40927e+06 1.36701e+06
1.38231e+06 1.31876e+06 1.35524e+06 1.45871e+06
1.46006e+06 1.35625e+06 1.4271e+06 1.33554e+06
1.43713e+06 1.35571e+06 1.4432e+06 1.38434e+06
1.45961e+06 1.35976e+06 1.37937e+06 1.41806e+06
1.46253e+06 1.33685e+06 1.34762e+06 1.45571e+06
1.38963e+06 1.3499e+06 1.489e+06 1.3939e+06
1.41612e+06 1.38552e+06 1.46369e+06 1.36808e+06
1.47248e+06 1.32163e+06 1.43026e+06 1.36483e+06
1.40146e+06 1.34593e+06 1.50049e+06 1.36192e+06
1.39285e+06 1.38295e+06 1.43238e+06 1.41355e+06
1.31493e+06 1.41566e+06 1.4535e+06 1.42787e+06
1.39753e+06 1.41041e+06 1.40363e+06 1.3922e+06
1.505e+06 1.31628e+06 1.40804e+06 1.3654e+06
1.4662e+06 1.28708e+06 1.38141e+06 1.39553e+06
1.40177e+06 1.27701e+06 1.48736e+06 1.39496e+06
1.31547e+06 1.35282e+06 1.42093e+06 1.45467e+06
1.4577e+06 1.36016e+06 1.41844e+06 1.40049e+06
1.44323e+06 1.30344e+06 1.46861e+06 1.35411e+06
1.32459e+06 1.41124e+06 1.42946e+06 1.40781e+06
1.49785e+06 1.33587e+06 1.46534e+06 1.36142e+06
1.45836e+06 1.34061e+06 1.40362e+06 1.40709e+06
1.33936e+06 1.44962e+06 1.41926e+06 1.42861e+06
1.46519e+06 1.32149e+06 1.40646e+06 1.42435e+06
1.42474e+06 1.33332e+06 1.51554e+06 1.3525e+06
1.3685e+06 1.3e+06 1.41187e+06 1.47782e+06
1.36968e+06 1.38598e+06 1.47062e+06 1.41735e+06
1.38404e+06 1.25668e+06 1.43505e+06 1.42458e+06
1.42146e+06 1.36268e+06 1.41793e+06 1.40848e+06
1.41274e+06 1.35486e+06 1.47734e+06 1.31904e+06
1.42434e+06 1.40476e+06 1.42984e+06 1.36101e+06
1.30319e+06 1.38086e+06 1.41679e+06 1.47522e+06
1.49859e+06 1.37325e+06 1.41876e+06 1.35265e+06
1.40491e+06 1.36146e+06 1.45173e+06 1.37435e+06
1.42571e+06 1.33158e+06 1.43956e+06 1.38467e+06
1.44221e+06 1.37214e+06 1.41539e+06 1.3913e+06
1.4606e+06 1.32903e+06 1.41114e+06 1.44078e+06
1.42722e+06 1.33685e+06 1.48859e+06 1.35856e+06
1.39724e+06 1.34977e+06 1.43905e+06 1.40127e+06
1.43107e+06 1.33693e+06 1.45176e+06 1.37377e+06
1.50058e+06 1.33103e+06 1.46396e+06 1.4367e+06
1.49592e+06 1.31504e+06 1.47828e+06 1.44662e+06
1.46902e+06 1.35547e+06 1.513e+06 1.36577e+06
1.46657e+06 1.3567e+06 1.41397e+06 1.44977e+06
1.44838e+06 1.40894e+06 1.42542e+06 1.48378e+06
1.42155e+06 1.41248e+06 1.47941e+06 1.4015e+06
1.44951e+06 1.39313e+06 1.48356e+06 1.40987e+06
1.43876e+06 1.37153e+06 1.44606e+06 1.45405e+06
1.44754e+06 1.37508e+06 1.50577e+06 1.41557e+06
1.46026e+06 1.35323e+06 1.46257e+06 1.39909e+06
1.48928e+06 1.34329e+06 1.4772e+06 1.3807e+06
1.45413e+06 1.34681e+06 1.46883e+06 1.38501e+06
1.43454e+06 1.386e+06 1.44936e+06 1.41459e+06
1.49418e+06 1.36391e+06 1.44327e+06 1.40502e+06
1.42466e+06 1.35126e+06 1.44857e+06 1.41795e+06
1.48268e+06 1.4085e+06 1.44468e+06 1.41245e+06
1.47845e+06 1.3342e+06 1.46674e+06 1.43273e+06
1.45407e+06 1.33813e+06 1.45126e+06 1.39928e+06
1.43515e+06 1.32944e+06 1.46286e+06 1.44036e+06
1.48813e+06 1.36037e+06 1.42444e+06 1.44416e+06
1.47627e+06 1.34211e+06 1.44769e+06 1.42497e+06
1.4702e+06 1.37618e+06 1.43502e+06 1.42298e+06
1.45762e+06 1.34514e+06 1.43115e+06 1.44147e+06
1.48616e+06 1.35325e+06 1.4372e+06 1.42396e+06
1.43765e+06 1.38065e+06 1.47769e+06 1.41749e+06
1.48302e+06 1.34121e+06 1.43475e+06 1.45358e+06
1.45549e+06 1.36334e+06 1.44379e+06 1.44447e+06
1.4385e+06 1.33924e+06 1.46619e+06 1.41668e+06
1.53377e+06 1.37381e+06 1.49064e+06 1.39739e+06
1.50977e+06 1.38475e+06 1.50065e+06 1.40211e+06
1.50886e+06 1.3825e+06 1.42515e+06 1.46627e+06
1.46856e+06 1.33902e+06 1.4598e+06 1.46012e+06
1.45301e+06 1.41598e+06 1.45152e+06 1.46882e+06
1.4432e+06 1.36355e+06 1.46338e+06 1.48505e+06
1.42685e+06 1.38981e+06 1.47075e+06 1.47121e+06
1.4472e+06 1.39361e+06 1.48594e+06 1.42913e+06
1.46432e+06 1.3401e+06 1.48735e+06 1.48386e+06
1.47568e+06 1.34793e+06 1.43611e+06 1.47099e+06
1.45275e+06 1.36614e+06 1.48166e+06 1.41984e+06
1.48992e+06 1.35191e+06 1.47674e+06 1.4213e+06
1.51598e+06 1.34607e+06 1.45004e+06 1.4541e+06
1.46731e+06 1.36843e+06 1.46438e+06 1.40971e+06
1.48512e+06 1.36405e+06 1.44717e+06 1.46907e+06
1.43844e+06 1.37826e+06 1.4942e+06 1.43231e+06
1.49712e+06 1.37483e+06 1.43677e+06 1.45474e+06
1.49156e+06 1.38275e+06 1.49059e+06 1.4088e+06
1.45861e+06 1.3788e+06 1.45276e+06 1.44262e+06
1.43598e+06 1.377e+06 1.4801e+06 1.43863e+06
1.50254e+06 1.36872e+06 1.4498e+06 1.45226e+06
1.51158e+06 1.35509e+06 1.45255e+06 1.4378e+06
1.49013e+06 1.3701e+06 1.44528e+06 1.45506e+06
1.45651e+06 1.34544e+06 1.45456e+06 1.43323e+06
1.50412e+06 1.36275e+06 1.4437e+06 1.45347e+06
1.47242e+06 1.39292e+06 1.48029e+06 1.40947e+06
1.4556e+06 1.37417e+06 1.4799e+06 1.43779e+06
1.45606e+06 1.36032e+06 1.4637e+06 1.42174e+06
1.4752e+06 1.36093e+06 1.45562e+06 1.42514e+06
1.45585e+06 1.34688e+06 1.45676e+06 1.42475e+06
1.46718e+06 1.37838e+06 1.4529e+06 1.44628e+06
1.43745e+06 1.36633e+06 1.45384e+06 1.44613e+06
1.50561e+06 1.36203e+06 1.45392e+06 1.45272e+06
1.53108e+06 1.36818e+06 1.44386e+06 1.46209e+06
1.48693e+06 1.34528e+06 1.48372e+06 1.46324e+06
1.47701e+06 1.38882e+06 1.45583e+06 1.48715e+06
1.46781e+06 1.37012e+06 1.47159e+06 1.41268e+06
1.44498e+06 1.38031e+06 1.52611e+06 1.43427e+06
1.4391e+06 1.40199e+06 1.5033e+06 1.44744e+06
1.50471e+06 1.3577e+06 1.46218e+06 1.43486e+06
1.4927e+06 1.34782e+06 1.5051e+06 1.42883e+06
1.46395e+06 1.3492e+06 1.52063e+06 1.44346e+06
1.45295e+06 1.37328e+06 1.49433e+06 1.47374e+06
1.44499e+06 1.39135e+06 1.5013e+06 1.48568e+06
1.4734e+06 1.38106e+06 1.45805e+06 1.47812e+06
1.47956e+06 1.34687e+06 1.45506e+06 1.45411e+06
1.46263e+06 1.36634e+06 1.48489e+06 1.42201e+06
1.45552e+06 1.39865e+06 1.52102e+06 1.43085e+06
1.44674e+06 1.37448e+06 1.45964e+06 1.44741e+06
1.49872e+06 1.35767e+06 1.45963e+06 1.44941e+06
1.48919e+06 1.36075e+06 1.4619e+06 1.43928e+06
1.4582e+06 1.35541e+06 1.469e+06 1.47906e+06
1.46238e+06 1.35197e+06 1.46543e+06 1.47615e+06
1.46694e+06 1.3897e+06 1.49865e+06 1.4219e+06
1.45777e+06 1.35932e+06 1.48207e+06 1.46572e+06
1.45724e+06 1.36749e+06 1.47713e+06 1.4741e+06
1.45423e+06 1.37191e+06 1.49791e+06 1.45622e+06
1.48262e+06 1.37334e+06 1.46669e+06 1.4258e+06
1.45385e+06 1.3987e+06 1.49576e+06 1.43346e+06
1.45855e+06 1.37105e+06 1.48244e+06 1.43911e+06
1.46768e+06 1.34969e+06 1.46672e+06 1.42613e+06
1.46342e+06 1.35959e+06 1.46737e+06 1.45553e+06
1.50138e+06 1.37902e+06 1.46073e+06 1.45678e+06
1.48686e+06 1.37873e+06 1.45864e+06 1.45909e+06
1.48213e+06 1.3479e+06 1.47992e+06 1.48238e+06
1.47595e+06 1.37329e+06 1.49356e+06 1.41355e+06
1.46814e+06 1.42041e+06 1.47461e+06 1.45017e+06
1.46336e+06 1.39822e+06 1.52144e+06 1.42537e+06
1.44786e+06 1.37462e+06 1.49121e+06 1.48827e+06
1.44752e+06 1.39106e+06 1.48443e+06 1.47187e+06
1.47033e+06 1.41438e+06 1.50443e+06 1.42155e+06
1.46962e+06 1.36775e+06 1.50917e+06 1.44641e+06
1.50007e+06 1.38052e+06 1.46982e+06 1.43867e+06
1.45671e+06 1.3841e+06 1.47522e+06 1.46552e+06
1.47904e+06 1.35692e+06 1.50012e+06 1.46115e+06
1.47335e+06 1.36126e+06 1.47325e+06 1.42716e+06
1.49085e+06 1.35276e+06 1.46343e+06 1.4555e+06
1.48359e+06 1.40715e+06 1.47064e+06 1.44039e+06
1.44998e+06 1.37626e+06 1.47551e+06 1.44986e+06
1.49536e+06 1.36187e+06 1.48058e+06 1.42695e+06
1.49833e+06 1.38791e+06 1.46324e+06 1.45416e+06
1.4636e+06 1.36718e+06 1.48275e+06 1.46996e+06
1.47797e+06 1.39413e+06 1.47192e+06 1.46824e+06
1.46516e+06 1.39495e+06 1.48023e+06 1.44969e+06
1.49335e+06 1.35539e+06 1.46313e+06 1.4582e+06
1.47946e+06 1.37186e+06 1.47299e+06 1.47016e+06
1.4762e+06 1.40852e+06 1.46294e+06 1.45603e+06
1.47638e+06 1.38397e+06 1.46203e+06 1.4709e+06
1.48313e+06 1.38828e+06 1.47062e+06 1.45437e+06
1.51214e+06 1.40746e+06 1.49478e+06 1.41356e+06
1.50986e+06 1.35858e+06 1.47237e+06 1.45677e+06
1.48398e+06 1.37325e+06 1.47768e+06 1.49266e+06
1.44803e+06 1.40972e+06 1.5132e+06 1.47207e+06
1.47552e+06 1.3854e+06 1.49957e+06 1.44014e+06
1.45782e+06 1.39492e+06 1.47874e+06 1.4829e+06
1.4513e+06 1.37679e+06 1.50288e+06 1.4523e+06
1.49141e+06 1.36287e+06 1.47453e+06 1.44244e+06
1.4789e+06 1.39557e+06 1.4812e+06 1.42905e+06
1.46466e+06 1.40539e+06 1.49681e+06 1.45706e+06
1.47122e+06 1.40278e+06 1.4772e+06 1.47317e+06
1.48171e+06 1.36434e+06 1.48216e+06 1.46655e+06
1.47906e+06 1.37035e+06 1.49391e+06 1.45521e+06
1.4807e+06 1.40162e+06 1.47676e+06 1.44302e+06
1.48423e+06 1.37081e+06 1.47683e+06 1.44669e+06
1.47814e+06 1.39538e+06 1.48868e+06 1.45169e+06
1.48177e+06 1.37385e+06 1.4882e+06 1.44843e+06
1.48057e+06 1.37052e+06 1.48436e+06 1.45025e+06
1.47921e+06 1.37553e+06 1.47719e+06 1.46265e+06
1.47937e+06 1.37065e+06 1.49717e+06 1.44776e+06
1.52722e+06 1.36999e+06 1.4776e+06 1.45824e+06
1.50221e+06 1.36611e+06 1.48958e+06 1.45138e+06
1.50116e+06 1.40163e+06 1.51838e+06 1.43558e+06
1.49104e+06 1.39658e+06 1.53115e+06 1.44617e+06
1.48489e+06 1.37499e+06 1.48678e+06 1.48323e+06
1.46677e+06 1.412e+06 1.51165e+06 1.45242e+06
1.45975e+06 1.37841e+06 1.5049e+06 1.45552e+06
1.49236e+06 1.38405e+06 1.47964e+06 1.47208e+06
1.49409e+06 1.3883e+06 1.50155e+06 1.46149e+06
1.49486e+06 1.36838e+06 1.49308e+06 1.46009e+06
1.49317e+06 1.40099e+06 1.50045e+06 1.44785e+06
1.51544e+06 1.36902e+06 1.49182e+06 1.47224e+06
