23 1.34211
752507 690720
714914 747255
741609 710442
729886 711038
724307 721378
723895 737772
718237 741573
722021 741387
722021 741387
787003 691353
719814 757206
756271 694243
729921 713575
729703 728160
748655 712104
727869 746587
753756 703719
721396 752816
752927 710468
728949 736705
727914 738208
749848 710906
756271 694243
728476 737504
728476 737504
761612 695517
720251 762518
755234 713650
741452 714205
758706 704036
738219 719636
736017 732413
728440 745822
732649 734865
725908 756665
730963 739524
729286 740552
724030 759530
725908 756665
724030 759530
724030 759530
788516 695970
725604 765449
768005 698193
742086 715874
758955 711335
728229 756864
760499 706406
731846 740450
741523 725988
725946 760665
733977 735619
739245 728269
738741 732400
728229 756864
731846 740450
733429 737251
759429 707548
742086 715874
738741 732400
779615 698586
726434 762884
753663 717012
731356 757071
732045 747511
746000 720595
739319 733944
774007 701500
768700 707754
771751 702605
737210 742347
762425 709561
762425 709561
735791 743605
765749 708240
744803 727978
745219 723730
741510 732009
741641 728501
737206 743361
780684 699230
728048 772104
728048 772104
728850 763946
738462 742392
745228 724666
732994 752622
757948 718835
733936 750277
755330 724290
739858 735184
773269 704008
778457 703889
762514 711740
743316 732106
755795 721969
769666 708626
744446 731752
763187 711363
769666 708626
766569 710331
766569 710331
745228 724666
744446 731752
804017 699668
728860 782053
759775 718852
745401 726390
791186 700469
729550 768990
775111 709225
733479 762911
766168 712094
742316 739572
783275 703002
734238 751747
764274 715212
744648 732594
781394 705638
739965 747341
743399 735924
736156 750920
739627 747503
782040 705340
735783 751420
782040 705340
803404 701645
803404 701645
733309 774181
734685 754439
742456 740136
747295 726942
783729 704300
761895 721689
745482 733459
770697 716807
763437 720898
782747 708461
772428 713035
777419 709297
776080 712864
776468 709975
800680 705836
735777 759014
745095 753560
781158 709393
772738 715732
786682 705886
745899 742207
736627 756478
750753 729254
770920 722003
748054 735755
758285 727262
762374 725160
753283 727402
768252 722722
764829 724438
747376 742147
747623 736553
799060 706618
799060 706618
735960 760118
746345 746766
743709 757817
757863 728465
781726 723948
771807 724682
783128 713693
782627 721421
746534 742504
785011 711416
748894 737540
752570 730901
788303 707785
736213 759221
751143 731628
750845 737280
796390 707532
743502 758450
764137 726782
768312 724920
787583 708289
767137 726219
764478 726437
787583 708289
796390 707532
767548 725474
796390 707532
813380 707549
740034 762896
764275 728157
752619 733519
792855 711477
783615 718120
798271 707668
783426 724842
750071 752932
750291 742035
775421 727225
751330 740735
744959 760378
747110 756515
775896 726244
742920 762727
748810 754173
813465 708128
744748 764721
784973 719224
768470 729698
750497 744276
800624 714303
802064 712384
748832 756263
758461 734243
752666 735554
748657 758186
767574 731540
753635 734489
767683 731073
804109 718236
749639 766564
771345 732241
750740 751313
759454 734362
792227 722409
779065 730569
785522 727415
751116 746991
754124 736633
790344 724576
754988 736363
751023 748313
813783 725560
750956 760022
754189 739118
760223 734482
786091 728833
786137 728742
798957 729664
756696 739311
786238 732019
774620 734681
761688 735145
761239 739273
769002 734841
771085 735449
756847 740485
761868 740305
765344 736348
763051 737489
763339 737097
797027 735812
756919 758344
771830 736274
757664 740878
757150 752657
765751 738476
777998 737243
758166 765083
759035 741430
766317 739101
794999 737834
759144 744782
760076 741590
770396 740415
782200 740094
793476 739705
777558 740798
759607 755503
770633 743355
761852 750558
772328 740858
759626 751225
789714 741608
761225 754348
774382 744223
779056 741872
780288 741917
762241 759271
766278 756631
774488 747975
774699 747844
793556 742517
764367 763450
778643 754371
784947 748204
789038 747035
787439 747724
800158 745396
765647 766311
777314 765071
785693 748689
782246 759400
782264 755664
785585 751414
800462 749275
765792 780767
785750 753932
788689 749806
790646 730403
728225 790531
737350 782597
745193 775485
751851 751258
777021 750223
785348 743460
750593 753685
785868 730420
777043 748078
745193 775485
750593 753685
777021 750223
785868 730420
785868 730420
777021 750223
821329 733764
821329 733764
735660 792228
772980 755630
785108 751470
746613 787432
803002 737438
753049 774321
760906 767819
750715 781453
803002 737438
794517 739286
746867 783663
787943 746653
758413 772681
790420 746419
793620 742763
763466 765335
769622 760210
767666 763068
793620 742763
763466 765335
750715 781453
769622 760210
767666 763068
758413 772681
769247 761656
794517 739286
769247 761656
821329 733764
803002 737438
803002 737438
793620 742763
758413 772681
758413 772681
758413 772681
758413 772681
758413 772681
758413 772681
750715 781453
797785 741178
736182 792807
736182 792807
786926 751576
750248 785924
769843 766378
757617 783410
781194 755807
769924 760686
767638 770826
773177 758528
764278 773738
781194 755807
750264 784632
750248 785924
763356 780790
764474 770857
759700 781008
773177 758528
763929 778293
763929 778293
759700 781008
750264 784632
763356 780790
764474 770857
781194 755807
781194 755807
773177 758528
764474 770857
764474 770857
763929 778293
763356 780790
759700 781008
750264 784632
750264 784632
750264 784632
750264 784632
750264 784632
750248 785924
807930 741910
807930 741910
740904 803775
740904 803775
753201 797975
753392 785748
769669 781614
798685 748293
793408 751974
804946 747669
769981 771700
773734 764156
787638 754780
764967 782404
791003 753102
743609 799752
772530 768914
783657 757638
779954 761948
785307 757617
759078 784757
747457 799082
760564 782424
771024 771524
747457 799082
772794 765627
780814 760673
780814 760673
760181 783527
804946 747669
743609 799752
779954 761948
759078 784757
772794 765627
753201 797975
753392 785748
780814 760673
780814 760673
780814 760673
780814 760673
780814 760673
780814 760673
779954 761948
779954 761948
772794 765627
772794 765627
772794 765627
772794 765627
772794 765627
772794 765627
772794 765627
772794 765627
759078 784757
759078 784757
759078 784757
759078 784757
753392 785748
753392 785748
753201 797975
747457 799082
747457 799082
747457 799082
747457 799082
743609 799752
743609 799752
740904 803775
740904 803775
740904 803775
740904 803775
740904 803775
740904 803775
740904 803775
802353 750774
746401 824562
746401 824562
766630 788301
755865 791343
788225 755859
749439 805706
780061 765013
774859 765582
749439 805706
758912 788927
798749 752709
774859 765582
793238 753364
793238 753364
801577 751379
776028 765034
776028 765034
774859 765582
774859 765582
749439 805706
825269 750935
751182 810255
771818 789173
774907 766335
756358 794966
784741 766236
791570 756851
805094 752019
764618 792367
803335 752798
797389 755592
796222 755716
827107 752821
759087 803241
765820 796939
776660 768735
808920 754676
792861 761043
783884 766853
803057 760294
761492 802074
833414 754443
768588 831893
809408 759281
769752 809174
780315 775501
796767 762653
804403 760452
779267 789140
793324 767527
786781 767968
772724 796967
771330 798839
778752 791878
781110 769980
809045 761390
772947 797281
782320 773922
802455 763341
781483 786198
781202 793386
796284 770747
791925 772368
803975 764769
773266 800238
782577 775810
797842 773362
793722 774621
813448 767340
774871 803771
788292 776277
783458 783714
783426 798639
784909 778667
780824 802054
779420 803761
816324 769659
784822 791370
807854 776812
788508 779688
787190 786008
796844 777043
790625 777184
802761 776916
784825 787278
825551 776451
785645 802926
794064 777466
788990 785608
818838 776608
786057 795966
804334 780541
787467 801587
790152 793139
794289 781957
796922 780802
829239 781276
791356 808146
798230 781901
792625 798535
792635 793146
795772 788396
797100 787722
813278 782959
793035 799386
805053 784034
797469 787970
796109 792838
819125 783369
795885 809466
800297 790182
808508 786598
802376 788168
806948 786823
800874 789413
805183 788192
800736 798436
805123 796779
802383 797471
810330 788568
802406 801397
803686 797945
815898 791175
802554 802570
811750 795749
817441 801065
804103 817754
804299 807000
817775 808289
815221 809359
821232 820774
824072 823849
790440 725547
738957 809923
743642 779433
756197 744064
740283 806416
749303 775993
767886 737614
767886 737614
780419 731515
775432 734972
751067 766928
752770 759882
754979 750920
752770 759882
754979 750920
751067 766928
780419 731515
775432 734972
778379 734457
779370 732462
740283 806416
740091 807074
778379 734457
778379 734457
778379 734457
778379 734457
778379 734457
752770 759882
752770 759882
752770 759882
751067 766928
740283 806416
796020 727680
743655 787622
743655 787622
756675 752118
764007 744463
756149 772009
787302 735042
772773 741652
781862 740946
792976 731405
751892 780547
771664 742312
756149 772009
749572 785136
750431 781167
786813 740524
792976 731405
745349 786816
751892 780547
781862 740946
785296 740533
745349 786816
771664 742312
749572 785136
785296 740533
772773 741652
786813 740524
786813 740524
781862 740946
781862 740946
781862 740946
781862 740946
781862 740946
781862 740946
781862 740946
772773 741652
771664 742312
771664 742312
756149 772009
756149 772009
756149 772009
751892 780547
751892 780547
751892 780547
743655 787622
743655 787622
798529 729413
798529 729413
745182 792578
745182 792578
757142 764059
753537 784472
764013 751399
776301 748705
777294 744348
796451 738213
783923 742512
783923 742512
763819 758614
791615 738771
791615 738771
758296 760263
748969 789217
748969 789217
752044 785252
760991 759890
752044 785252
760991 759890
796451 738213
763819 758614
798529 729413
783923 742512
783923 742512
760991 759890
760991 759890
752044 785252
752044 785252
802755 735016
802755 735016
746916 798196
746916 798196
789411 743980
753406 787005
778067 745126
757313 766639
796834 740034
750076 793863
761705 761836
771508 756017
802212 738472
753406 787005
776865 751627
757313 766639
771508 756017
758435 763939
774161 753155
774161 753155
771783 755127
776865 751627
760576 762727
758435 763939
771783 755127
760576 762727
761021 762624
761021 762624
802755 735016
802755 735016
774161 753155
774161 753155
774161 753155
771783 755127
771508 756017
771508 756017
771508 756017
771508 756017
771508 756017
771508 756017
771508 756017
771508 756017
771508 756017
761021 762624
760576 762727
760576 762727
760576 762727
757313 766639
757313 766639
757313 766639
800704 743811
748656 828703
748656 828703
757569 769767
751188 795449
787425 745423
749939 810829
771006 767491
774854 754726
771563 756101
781265 749607
781265 749607
781265 749607
781265 749607
748656 828703
804446 746041
752390 796951
760791 771548
771993 759030
785398 749664
767731 769827
781520 752550
783474 749791
794279 755960
752437 805290
761952 781407
777429 759729
763391 776869
772042 766186
768188 774253
772829 760877
771702 773519
801385 757927
758707 818483
765970 792868
775102 762302
767275 778756
787809 760751
811707 766152
765992 802292
770499 786585
794023 767484
776732 779680
785301 771094
790806 770356
780847 776457
780733 777339
798412 768448
772485 792502
787756 781271
789547 775462
781276 783877
776101 790364
780721 788526
797515 771179
792858 772191
793561 771704
819543 772221
777369 796904
798878 773254
813054 773124
778525 790685
791723 780434
793149 775600
782162 787736
788054 784444
785714 785557
811156 773634
777809 814741
799963 778172
793188 782465
808887 775555
787035 785591
781359 801388
783483 796237
781030 808635
777833 809123
784109 789307
783930 791057
834154 774877
779457 826030
781402 802303
805302 778516
823359 777660
786039 789566
794136 783063
792861 787481
836340 777974
782690 832679
809664 779219
783864 806298
788719 792523
785702 804777
803502 787639
798137 788573
806748 780820
790210 789645
813271 779360
784081 844740
784983 834033
789078 806232
795790 790720
804576 787868
789746 797160
807445 783708
813452 781451
789985 807203
801326 793624
809515 784139
792753 800012
792424 801957
813480 782615
790197 835994
805110 796878
792062 816492
796720 801806
792510 803459
801912 798747
792028 834742
820371 788649
797236 815754
800500 807755
808367 802511
816620 799963
811096 800225
818162 794134
820282 793621
824742 792126
797342 829199
807105 808926
819427 796070
812744 802698
808811 806606
817618 807141
809824 823146
813614 819550
826611 807989
815152 834349
821795 816362
822404 814375
845026 819049
