5018 711.775
1.49197e+06 1.48302e+06 1.19227e+06
1.265e+06 1.60217e+06 1.32199e+06
1.62278e+06 1.35534e+06 1.30618e+06
1.23914e+06 1.36643e+06 1.65471e+06
1.17325e+06 1.47469e+06 1.49938e+06
1.52215e+06 1.17565e+06 1.5623e+06
1.26418e+06 1.34488e+06 1.60305e+06
1.54417e+06 1.29469e+06 1.36988e+06
1.3757e+06 1.26345e+06 1.4707e+06
1.36043e+06 1.5633e+06 1.26763e+06
1.25251e+06 1.34609e+06 1.59357e+06
1.26216e+06 1.35304e+06 1.57959e+06
1.30204e+06 1.58156e+06 1.29234e+06
1.25465e+06 1.33947e+06 1.60767e+06
1.39289e+06 1.31168e+06 1.44137e+06
1.37148e+06 1.27555e+06 1.45872e+06
1.55358e+06 1.29089e+06 1.3735e+06
1.55351e+06 1.29447e+06 1.3679e+06
1.40957e+06 1.28177e+06 1.43399e+06
1.19143e+06 1.47852e+06 1.46609e+06
1.34267e+06 1.51658e+06 1.28451e+06
1.3684e+06 1.3044e+06 1.51771e+06
1.35887e+06 1.55213e+06 1.27386e+06
1.51654e+06 1.3962e+06 1.26522e+06
1.5622e+06 1.30032e+06 1.33539e+06
1.42898e+06 1.43038e+06 1.25533e+06
1.22682e+06 1.42095e+06 1.38758e+06
1.47827e+06 1.18695e+06 1.53315e+06
1.46326e+06 1.21832e+06 1.5063e+06
1.26006e+06 1.35067e+06 1.58727e+06
1.42099e+06 1.44351e+06 1.26878e+06
1.3367e+06 1.52286e+06 1.2817e+06
1.40567e+06 1.25818e+06 1.46236e+06
1.24351e+06 1.36761e+06 1.62662e+06
1.29745e+06 1.53318e+06 1.34489e+06
1.18509e+06 1.45925e+06 1.48467e+06
1.59396e+06 1.3252e+06 1.32297e+06
1.60116e+06 1.36228e+06 1.30877e+06
1.41034e+06 1.44494e+06 1.25907e+06
1.24769e+06 1.38127e+06 1.43889e+06
1.39588e+06 1.30527e+06 1.43097e+06
1.4722e+06 1.23979e+06 1.48618e+06
1.18005e+06 1.45781e+06 1.48645e+06
1.33302e+06 1.54227e+06 1.28635e+06
1.45628e+06 1.22395e+06 1.50898e+06
1.58852e+06 1.37433e+06 1.32026e+06
1.5731e+06 1.29179e+06 1.33996e+06
1.29671e+06 1.53553e+06 1.33421e+06
1.53149e+06 1.30161e+06 1.35469e+06
1.43722e+06 1.46668e+06 1.23561e+06
1.33555e+06 1.57312e+06 1.27868e+06
1.26782e+06 1.37588e+06 1.42615e+06
1.23433e+06 1.42622e+06 1.3831e+06
1.45127e+06 1.2254e+06 1.53941e+06
1.51158e+06 1.38843e+06 1.28963e+06
1.48391e+06 1.18872e+06 1.5268e+06
1.40042e+06 1.26658e+06 1.45654e+06
1.34635e+06 1.55455e+06 1.27955e+06
1.25815e+06 1.3313e+06 1.61822e+06
1.29299e+06 1.53983e+06 1.36065e+06
1.40619e+06 1.2417e+06 1.49916e+06
1.62124e+06 1.36033e+06 1.30399e+06
1.60825e+06 1.35806e+06 1.30664e+06
1.51934e+06 1.39281e+06 1.27629e+06
1.47991e+06 1.18589e+06 1.52964e+06
1.21652e+06 1.40554e+06 1.41072e+06
1.50926e+06 1.18022e+06 1.52247e+06
1.50105e+06 1.20174e+06 1.49674e+06
1.52058e+06 1.30315e+06 1.37654e+06
1.24243e+06 1.37293e+06 1.64881e+06
1.30854e+06 1.50616e+06 1.34642e+06
1.27817e+06 1.59798e+06 1.31205e+06
1.29425e+06 1.52842e+06 1.34871e+06
1.30579e+06 1.51392e+06 1.34071e+06
1.35094e+06 1.55869e+06 1.27526e+06
1.49464e+06 1.47676e+06 1.1937e+06
1.21895e+06 1.39783e+06 1.4205e+06
1.29969e+06 1.31564e+06 1.54479e+06
1.20135e+06 1.46365e+06 1.45449e+06
1.22457e+06 1.40058e+06 1.41842e+06
1.25007e+06 1.35688e+06 1.6464e+06
1.22241e+06 1.43106e+06 1.39693e+06
1.61554e+06 1.35049e+06 1.31436e+06
1.40265e+06 1.25103e+06 1.50169e+06
1.20872e+06 1.41149e+06 1.41196e+06
1.35626e+06 1.49922e+06 1.29984e+06
1.32182e+06 1.51124e+06 1.28917e+06
1.38292e+06 1.28345e+06 1.45222e+06
1.18902e+06 1.46874e+06 1.48042e+06
1.49372e+06 1.18329e+06 1.52346e+06
1.45835e+06 1.21006e+06 1.51348e+06
1.3863e+06 1.25459e+06 1.47114e+06
1.2837e+06 1.58744e+06 1.34174e+06
1.23013e+06 1.40314e+06 1.4131e+06
1.44638e+06 1.26129e+06 1.44047e+06
1.40346e+06 1.24686e+06 1.49637e+06
1.46013e+06 1.44816e+06 1.21136e+06
1.53904e+06 1.29846e+06 1.3647e+06
1.47972e+06 1.46007e+06 1.20463e+06
1.28155e+06 1.30957e+06 1.56996e+06
1.47657e+06 1.19352e+06 1.52836e+06
1.45188e+06 1.4571e+06 1.20739e+06
1.26125e+06 1.37014e+06 1.57692e+06
1.19872e+06 1.48131e+06 1.45993e+06
1.29944e+06 1.52717e+06 1.33781e+06
1.23267e+06 1.45399e+06 1.38551e+06
1.2917e+06 1.37218e+06 1.54981e+06
1.4889e+06 1.21279e+06 1.48871e+06
1.31004e+06 1.54523e+06 1.31758e+06
1.31655e+06 1.50207e+06 1.33683e+06
1.2063e+06 1.45247e+06 1.48744e+06
1.27512e+06 1.31723e+06 1.57225e+06
1.35349e+06 1.48635e+06 1.35473e+06
1.34846e+06 1.49425e+06 1.30682e+06
1.57608e+06 1.28998e+06 1.34397e+06
1.22134e+06 1.40498e+06 1.4166e+06
1.41436e+06 1.28441e+06 1.42608e+06
1.34024e+06 1.5044e+06 1.28793e+06
1.44e+06 1.2316e+06 1.54314e+06
1.52771e+06 1.29851e+06 1.35577e+06
1.46541e+06 1.42814e+06 1.23893e+06
1.2733e+06 1.31925e+06 1.57392e+06
1.48526e+06 1.22104e+06 1.49463e+06
1.35226e+06 1.49053e+06 1.32016e+06
1.40426e+06 1.26516e+06 1.45048e+06
1.44859e+06 1.45595e+06 1.21759e+06
1.27834e+06 1.59242e+06 1.31084e+06
1.61331e+06 1.27734e+06 1.35161e+06
1.47585e+06 1.48404e+06 1.19904e+06
1.45323e+06 1.2342e+06 1.49581e+06
1.20322e+06 1.46191e+06 1.47347e+06
1.21523e+06 1.44617e+06 1.401e+06
1.39993e+06 1.27162e+06 1.44783e+06
1.19636e+06 1.47569e+06 1.46325e+06
1.31536e+06 1.36612e+06 1.54168e+06
1.45978e+06 1.20607e+06 1.51206e+06
1.41382e+06 1.44146e+06 1.26896e+06
1.43726e+06 1.42736e+06 1.24987e+06
1.50994e+06 1.32069e+06 1.35798e+06
1.45428e+06 1.21516e+06 1.51112e+06
1.38082e+06 1.2849e+06 1.45765e+06
1.58557e+06 1.28662e+06 1.33647e+06
1.21152e+06 1.41094e+06 1.42324e+06
1.39857e+06 1.27916e+06 1.44316e+06
1.295e+06 1.53936e+06 1.34291e+06
1.28986e+06 1.56834e+06 1.3028e+06
1.39979e+06 1.24366e+06 1.50269e+06
1.22019e+06 1.41494e+06 1.40741e+06
1.42436e+06 1.25192e+06 1.477e+06
1.24582e+06 1.36188e+06 1.64155e+06
1.45395e+06 1.22915e+06 1.52126e+06
1.28976e+06 1.30632e+06 1.56786e+06
1.20391e+06 1.45468e+06 1.47492e+06
1.46975e+06 1.48388e+06 1.20128e+06
1.31069e+06 1.50896e+06 1.30756e+06
1.43812e+06 1.4223e+06 1.26262e+06
1.49721e+06 1.47532e+06 1.19652e+06
1.44203e+06 1.46262e+06 1.23263e+06
1.28506e+06 1.57094e+06 1.32203e+06
1.58027e+06 1.32729e+06 1.33056e+06
1.44364e+06 1.45179e+06 1.2427e+06
1.49122e+06 1.20443e+06 1.50367e+06
1.27166e+06 1.33084e+06 1.56573e+06
1.56442e+06 1.34148e+06 1.32652e+06
1.52463e+06 1.29802e+06 1.37017e+06
1.5045e+06 1.21118e+06 1.49145e+06
1.53565e+06 1.31123e+06 1.33465e+06
1.31309e+06 1.55631e+06 1.287e+06
1.25573e+06 1.35311e+06 1.58835e+06
1.48185e+06 1.191e+06 1.5243e+06
1.2371e+06 1.40937e+06 1.40796e+06
1.42473e+06 1.30465e+06 1.42512e+06
1.24407e+06 1.40766e+06 1.4004e+06
1.3047e+06 1.57848e+06 1.29492e+06
1.24542e+06 1.3627e+06 1.65363e+06
1.21286e+06 1.43488e+06 1.40555e+06
1.26511e+06 1.33277e+06 1.56778e+06
1.3431e+06 1.34875e+06 1.53696e+06
1.3251e+06 1.54897e+06 1.2828e+06
1.43222e+06 1.42358e+06 1.27746e+06
1.25992e+06 1.33523e+06 1.61359e+06
1.53735e+06 1.3104e+06 1.3526e+06
1.31198e+06 1.54814e+06 1.29837e+06
1.4428e+06 1.41738e+06 1.2809e+06
1.2456e+06 1.36967e+06 1.62282e+06
1.30422e+06 1.54903e+06 1.31952e+06
1.27388e+06 1.33485e+06 1.55474e+06
1.2492e+06 1.35927e+06 1.63652e+06
1.25051e+06 1.37479e+06 1.61235e+06
1.2316e+06 1.38716e+06 1.45162e+06
1.52757e+06 1.27782e+06 1.37436e+06
1.27874e+06 1.32928e+06 1.5575e+06
1.32738e+06 1.57734e+06 1.27001e+06
1.46268e+06 1.19622e+06 1.5135e+06
1.5062e+06 1.19576e+06 1.51581e+06
1.27722e+06 1.42914e+06 1.38003e+06
1.44882e+06 1.44396e+06 1.22411e+06
1.57862e+06 1.32871e+06 1.32523e+06
1.40366e+06 1.27065e+06 1.44334e+06
1.28216e+06 1.59081e+06 1.318e+06
1.30106e+06 1.52438e+06 1.32248e+06
1.48171e+06 1.41913e+06 1.24485e+06
1.48267e+06 1.19516e+06 1.51896e+06
1.4729e+06 1.42364e+06 1.24678e+06
1.18788e+06 1.45116e+06 1.50006e+06
1.4661e+06 1.44004e+06 1.22715e+06
1.31292e+06 1.56014e+06 1.28579e+06
1.38536e+06 1.25354e+06 1.48046e+06
1.19288e+06 1.465e+06 1.48202e+06
1.19346e+06 1.47239e+06 1.47928e+06
1.52422e+06 1.29426e+06 1.39456e+06
1.17592e+06 1.48e+06 1.49222e+06
1.61198e+06 1.36475e+06 1.30524e+06
1.25363e+06 1.40198e+06 1.39223e+06
1.56464e+06 1.29704e+06 1.36346e+06
1.45104e+06 1.47244e+06 1.21408e+06
1.45055e+06 1.41363e+06 1.2566e+06
1.33027e+06 1.50301e+06 1.2966e+06
1.17696e+06 1.45996e+06 1.48303e+06
1.34226e+06 1.49291e+06 1.31502e+06
1.38755e+06 1.32115e+06 1.44536e+06
1.24992e+06 1.37812e+06 1.43382e+06
1.44549e+06 1.22932e+06 1.55372e+06
1.34392e+06 1.56523e+06 1.2713e+06
1.58378e+06 1.32329e+06 1.32396e+06
1.24785e+06 1.38309e+06 1.42226e+06
1.25729e+06 1.37665e+06 1.41384e+06
1.25567e+06 1.39874e+06 1.39837e+06
1.32906e+06 1.49648e+06 1.31129e+06
1.50469e+06 1.17693e+06 1.52368e+06
1.29385e+06 1.37152e+06 1.54579e+06
1.19988e+06 1.47322e+06 1.46451e+06
1.59571e+06 1.36429e+06 1.3129e+06
1.33852e+06 1.4918e+06 1.31698e+06
1.48597e+06 1.21324e+06 1.49496e+06
1.50739e+06 1.39128e+06 1.30641e+06
1.24266e+06 1.40973e+06 1.39115e+06
1.2459e+06 1.36441e+06 1.6383e+06
1.59722e+06 1.3465e+06 1.32119e+06
1.38835e+06 1.27125e+06 1.45759e+06
1.32286e+06 1.49734e+06 1.34098e+06
1.33084e+06 1.57641e+06 1.27148e+06
1.59912e+06 1.35581e+06 1.30952e+06
1.224e+06 1.42494e+06 1.39446e+06
1.33796e+06 1.36056e+06 1.53659e+06
1.25238e+06 1.35862e+06 1.63032e+06
1.48193e+06 1.47157e+06 1.19714e+06
1.42984e+06 1.42859e+06 1.26202e+06
1.45233e+06 1.42956e+06 1.22816e+06
1.44758e+06 1.44656e+06 1.2317e+06
1.46845e+06 1.43912e+06 1.22261e+06
1.28792e+06 1.57685e+06 1.30176e+06
1.51133e+06 1.38487e+06 1.29055e+06
1.31986e+06 1.49931e+06 1.32559e+06
1.24044e+06 1.38456e+06 1.62145e+06
1.56864e+06 1.33534e+06 1.33202e+06
1.29724e+06 1.32281e+06 1.5488e+06
1.39711e+06 1.30135e+06 1.43209e+06
1.47424e+06 1.2309e+06 1.48504e+06
1.27078e+06 1.41326e+06 1.38138e+06
1.47044e+06 1.23298e+06 1.49253e+06
1.50077e+06 1.19858e+06 1.50173e+06
1.30827e+06 1.56593e+06 1.30755e+06
1.43496e+06 1.42111e+06 1.2654e+06
1.24132e+06 1.37661e+06 1.63337e+06
1.28661e+06 1.60102e+06 1.30327e+06
1.28339e+06 1.57978e+06 1.34928e+06
1.5084e+06 1.3954e+06 1.29909e+06
1.23726e+06 1.41917e+06 1.40406e+06
1.57061e+06 1.29136e+06 1.34218e+06
1.26969e+06 1.59963e+06 1.33647e+06
1.58176e+06 1.28923e+06 1.33577e+06
1.42295e+06 1.43603e+06 1.2718e+06
1.56608e+06 1.3374e+06 1.32901e+06
1.35364e+06 1.49966e+06 1.29861e+06
1.44408e+06 1.44666e+06 1.23765e+06
1.56624e+06 1.33583e+06 1.32772e+06
1.25158e+06 1.43505e+06 1.36583e+06
1.4904e+06 1.19817e+06 1.51255e+06
1.44584e+06 1.4484e+06 1.21941e+06
1.445e+06 1.44816e+06 1.22211e+06
1.24932e+06 1.43385e+06 1.38048e+06
1.27944e+06 1.58812e+06 1.33063e+06
1.60946e+06 1.36185e+06 1.30607e+06
1.56251e+06 1.34344e+06 1.33067e+06
1.38108e+06 1.28812e+06 1.45679e+06
1.42962e+06 1.449e+06 1.24927e+06
1.61532e+06 1.35359e+06 1.31041e+06
1.28112e+06 1.31852e+06 1.56614e+06
1.41432e+06 1.43749e+06 1.27202e+06
1.49674e+06 1.20002e+06 1.51137e+06
1.28308e+06 1.31765e+06 1.55948e+06
1.28298e+06 1.32416e+06 1.56155e+06
1.2452e+06 1.37502e+06 1.6198e+06
1.46733e+06 1.23416e+06 1.49032e+06
1.46676e+06 1.2007e+06 1.50503e+06
1.25288e+06 1.34378e+06 1.63168e+06
1.36894e+06 1.29606e+06 1.51019e+06
1.19918e+06 1.45029e+06 1.4939e+06
1.43427e+06 1.41927e+06 1.27908e+06
