3449 425.969
1.51473e+06 1.56813e+06 1.59087e+06 1.59592e+06
1.5663e+06 1.50987e+06 1.60793e+06 1.5968e+06
1.65e+06 1.61486e+06 1.5057e+06 1.58942e+06
1.62036e+06 1.6256e+06 1.56239e+06 1.5105e+06
1.60967e+06 1.59474e+06 1.57514e+06 1.60497e+06
1.61457e+06 1.57877e+06 1.57552e+06 1.62648e+06
1.61164e+06 1.58654e+06 1.61247e+06 1.64644e+06
1.57426e+06 1.58861e+06 1.59826e+06 1.62719e+06
1.62784e+06 1.59388e+06 1.60701e+06 1.60188e+06
1.57176e+06 1.59765e+06 1.56906e+06 1.63827e+06
1.64717e+06 1.58322e+06 1.5831e+06 1.6351e+06
1.61589e+06 1.58963e+06 1.56141e+06 1.60249e+06
1.61028e+06 1.60771e+06 1.62063e+06 1.58957e+06
1.54971e+06 1.59041e+06 1.55674e+06 1.57203e+06
1.5958e+06 1.58369e+06 1.56282e+06 1.60545e+06
1.59172e+06 1.57744e+06 1.57924e+06 1.59236e+06
1.58366e+06 1.60479e+06 1.5592e+06 1.60945e+06
1.58788e+06 1.60419e+06 1.60779e+06 1.60129e+06
1.59896e+06 1.59442e+06 1.64123e+06 1.59559e+06
1.61699e+06 1.57123e+06 1.56715e+06 1.58103e+06
1.64254e+06 1.59571e+06 1.5853e+06 1.60107e+06
1.58807e+06 1.58912e+06 1.59917e+06 1.58664e+06
1.58482e+06 1.59513e+06 1.59635e+06 1.60248e+06
1.59949e+06 1.58295e+06 1.58696e+06 1.59211e+06
1.63834e+06 1.62847e+06 1.58728e+06 1.59738e+06
1.66921e+06 1.56422e+06 1.59576e+06 1.6075e+06
1.60803e+06 1.57469e+06 1.61588e+06 1.59376e+06
1.62788e+06 1.54008e+06 1.56856e+06 1.6043e+06
1.59896e+06 1.59442e+06 1.64123e+06 1.59559e+06
1.60504e+06 1.60252e+06 1.60916e+06 1.61566e+06
1.61314e+06 1.57994e+06 1.57445e+06 1.60501e+06
1.63264e+06 1.61004e+06 1.62683e+06 1.57498e+06
1.59444e+06 1.63831e+06 1.55661e+06 1.57897e+06
1.63727e+06 1.54926e+06 1.60777e+06 1.61369e+06
1.62509e+06 1.58545e+06 1.63325e+06 1.6147e+06
1.60422e+06 1.59343e+06 1.59502e+06 1.65146e+06
1.6199e+06 1.61002e+06 1.57691e+06 1.59174e+06
1.62237e+06 1.62848e+06 1.6379e+06 1.57794e+06
1.62426e+06 1.56973e+06 1.56415e+06 1.58016e+06
1.56933e+06 1.58125e+06 1.58748e+06 1.58943e+06
1.60758e+06 1.60326e+06 1.59325e+06 1.60756e+06
1.59049e+06 1.605e+06 1.59592e+06 1.58638e+06
1.60052e+06 1.62765e+06 1.57591e+06 1.58147e+06
1.59869e+06 1.59482e+06 1.60143e+06 1.59692e+06
1.61696e+06 1.56057e+06 1.62666e+06 1.58613e+06
1.55721e+06 1.55146e+06 1.61292e+06 1.61427e+06
1.631e+06 1.57268e+06 1.55959e+06 1.58815e+06
1.59788e+06 1.62339e+06 1.63187e+06 1.61841e+06
1.60732e+06 1.60516e+06 1.5855e+06 1.57946e+06
1.58899e+06 1.59999e+06 1.56897e+06 1.61029e+06
1.59344e+06 1.57115e+06 1.56148e+06 1.59462e+06
1.59049e+06 1.605e+06 1.59592e+06 1.58638e+06
1.6216e+06 1.53903e+06 1.60707e+06 1.60905e+06
1.631e+06 1.57268e+06 1.55959e+06 1.58815e+06
1.58704e+06 1.55972e+06 1.57426e+06 1.60117e+06
1.5614e+06 1.59163e+06 1.62802e+06 1.65158e+06
1.58482e+06 1.59513e+06 1.59635e+06 1.60248e+06
1.60119e+06 1.57969e+06 1.5526e+06 1.5789e+06
1.59766e+06 1.55782e+06 1.62254e+06 1.63962e+06
1.59596e+06 1.5596e+06 1.63255e+06 1.63632e+06
1.58071e+06 1.6231e+06 1.55208e+06 1.61343e+06
1.59696e+06 1.58253e+06 1.60467e+06 1.5933e+06
1.61788e+06 1.60732e+06 1.58466e+06 1.61912e+06
1.60872e+06 1.63185e+06 1.57406e+06 1.5659e+06
1.60431e+06 1.56853e+06 1.63111e+06 1.65191e+06
1.62361e+06 1.56124e+06 1.5881e+06 1.61388e+06
1.57755e+06 1.62914e+06 1.58461e+06 1.60924e+06
1.63068e+06 1.57603e+06 1.58554e+06 1.53606e+06
1.57168e+06 1.57837e+06 1.60681e+06 1.63088e+06
1.61545e+06 1.6171e+06 1.59011e+06 1.61126e+06
1.59113e+06 1.58274e+06 1.59048e+06 1.62985e+06
1.59768e+06 1.56902e+06 1.60503e+06 1.60936e+06
1.61407e+06 1.60145e+06 1.61018e+06 1.57949e+06
1.57084e+06 1.55315e+06 1.6225e+06 1.59655e+06
1.63026e+06 1.63865e+06 1.59798e+06 1.58452e+06
1.6093e+06 1.59216e+06 1.57623e+06 1.58522e+06
1.60767e+06 1.58611e+06 1.55702e+06 1.5972e+06
1.61148e+06 1.57223e+06 1.60488e+06 1.64406e+06
1.60715e+06 1.54039e+06 1.62323e+06 1.59931e+06
1.64955e+06 1.5966e+06 1.64097e+06 1.63923e+06
1.58116e+06 1.60541e+06 1.59252e+06 1.59484e+06
1.58588e+06 1.56034e+06 1.58242e+06 1.62115e+06
1.6095e+06 1.56784e+06 1.58129e+06 1.6253e+06
1.57781e+06 1.61694e+06 1.62569e+06 1.60783e+06
1.58107e+06 1.60763e+06 1.57688e+06 1.62518e+06
1.5738e+06 1.60121e+06 1.57302e+06 1.57913e+06
1.58586e+06 1.55796e+06 1.61722e+06 1.57755e+06
1.6236e+06 1.55525e+06 1.59034e+06 1.61858e+06
1.58483e+06 1.60166e+06 1.59056e+06 1.6018e+06
1.60606e+06 1.60085e+06 1.5927e+06 1.60132e+06
1.59696e+06 1.58253e+06 1.60467e+06 1.5933e+06
1.6257e+06 1.55072e+06 1.59648e+06 1.62058e+06
1.60153e+06 1.59715e+06 1.58661e+06 1.57425e+06
1.61499e+06 1.63029e+06 1.57953e+06 1.61692e+06
1.5829e+06 1.59858e+06 1.56126e+06 1.59129e+06
1.57168e+06 1.57837e+06 1.60681e+06 1.63088e+06
1.57899e+06 1.59543e+06 1.58766e+06 1.62515e+06
1.61103e+06 1.57678e+06 1.58247e+06 1.62753e+06
1.64533e+06 1.58056e+06 1.59728e+06 1.61058e+06
1.61103e+06 1.57678e+06 1.58247e+06 1.62753e+06
1.63847e+06 1.60361e+06 1.58329e+06 1.6349e+06
1.60203e+06 1.62962e+06 1.60949e+06 1.56134e+06
1.58886e+06 1.58604e+06 1.56666e+06 1.63351e+06
1.60092e+06 1.58522e+06 1.66537e+06 1.59085e+06
1.62649e+06 1.5991e+06 1.65252e+06 1.59262e+06
1.60163e+06 1.60355e+06 1.66769e+06 1.59496e+06
1.57495e+06 1.56492e+06 1.56393e+06 1.59155e+06
1.5614e+06 1.59163e+06 1.62802e+06 1.65158e+06
1.58216e+06 1.60154e+06 1.5631e+06 1.62698e+06
1.60892e+06 1.55189e+06 1.59474e+06 1.62379e+06
1.62659e+06 1.62543e+06 1.58659e+06 1.58597e+06
1.61339e+06 1.6083e+06 1.61579e+06 1.57958e+06
1.59172e+06 1.57744e+06 1.57924e+06 1.59236e+06
1.59906e+06 1.58614e+06 1.54758e+06 1.61458e+06
1.62659e+06 1.62543e+06 1.58659e+06 1.58597e+06
1.56009e+06 1.59048e+06 1.6002e+06 1.61628e+06
1.58198e+06 1.54782e+06 1.63616e+06 1.64387e+06
1.60292e+06 1.60416e+06 1.60707e+06 1.61535e+06
1.58448e+06 1.58935e+06 1.59789e+06 1.62237e+06
1.61714e+06 1.59289e+06 1.54556e+06 1.61143e+06
1.61457e+06 1.57877e+06 1.57552e+06 1.62648e+06
1.60904e+06 1.59596e+06 1.58895e+06 1.61728e+06
1.62304e+06 1.60837e+06 1.60657e+06 1.57186e+06
1.61467e+06 1.57041e+06 1.61649e+06 1.61392e+06
1.67079e+06 1.56628e+06 1.58239e+06 1.6047e+06
1.60715e+06 1.54039e+06 1.62323e+06 1.59931e+06
1.58103e+06 1.56128e+06 1.64272e+06 1.60066e+06
1.60968e+06 1.59809e+06 1.60498e+06 1.60411e+06
1.62426e+06 1.56973e+06 1.56415e+06 1.58016e+06
1.58899e+06 1.59999e+06 1.56897e+06 1.61029e+06
1.62302e+06 1.60629e+06 1.59152e+06 1.66419e+06
1.60892e+06 1.55189e+06 1.59474e+06 1.62379e+06
1.69014e+06 1.60343e+06 1.62444e+06 1.58942e+06
1.6604e+06 1.58371e+06 1.61153e+06 1.60439e+06
1.59244e+06 1.55906e+06 1.5965e+06 1.59171e+06
1.5663e+06 1.50987e+06 1.60793e+06 1.5968e+06
1.57527e+06 1.57701e+06 1.54591e+06 1.58715e+06
1.61593e+06 1.55309e+06 1.59472e+06 1.64555e+06
1.58768e+06 1.57207e+06 1.53133e+06 1.58298e+06
1.6232e+06 1.60303e+06 1.58863e+06 1.608e+06
1.61622e+06 1.55641e+06 1.57758e+06 1.59368e+06
1.57781e+06 1.61694e+06 1.62569e+06 1.60783e+06
1.60767e+06 1.58611e+06 1.55702e+06 1.5972e+06
1.59058e+06 1.56872e+06 1.61605e+06 1.5808e+06
1.65824e+06 1.58478e+06 1.58276e+06 1.60564e+06
1.59492e+06 1.58915e+06 1.61112e+06 1.56626e+06
1.60816e+06 1.59227e+06 1.61412e+06 1.59394e+06
1.60164e+06 1.6373e+06 1.62055e+06 1.62713e+06
1.58248e+06 1.59919e+06 1.57447e+06 1.62143e+06
1.60504e+06 1.60252e+06 1.60916e+06 1.61566e+06
1.6006e+06 1.57278e+06 1.60512e+06 1.62065e+06
1.60762e+06 1.63963e+06 1.61064e+06 1.59362e+06
1.58588e+06 1.56034e+06 1.58242e+06 1.62115e+06
1.576e+06 1.60098e+06 1.60225e+06 1.62388e+06
1.64646e+06 1.6035e+06 1.58881e+06 1.61861e+06
1.61555e+06 1.61771e+06 1.57753e+06 1.60811e+06
1.581e+06 1.62638e+06 1.63452e+06 1.64931e+06
1.60253e+06 1.57916e+06 1.61647e+06 1.60112e+06
1.61028e+06 1.60771e+06 1.62063e+06 1.58957e+06
1.56801e+06 1.65284e+06 1.60195e+06 1.58622e+06
1.58551e+06 1.5813e+06 1.62816e+06 1.60298e+06
1.61854e+06 1.58833e+06 1.59994e+06 1.59648e+06
1.65824e+06 1.58478e+06 1.58276e+06 1.60564e+06
1.576e+06 1.60098e+06 1.60225e+06 1.62388e+06
1.58973e+06 1.56031e+06 1.60115e+06 1.58722e+06
1.57009e+06 1.57991e+06 1.59955e+06 1.62308e+06
1.6406e+06 1.61081e+06 1.58768e+06 1.56562e+06
1.65924e+06 1.59073e+06 1.62238e+06 1.5982e+06
1.55721e+06 1.55146e+06 1.61292e+06 1.61427e+06
1.60564e+06 1.5252e+06 1.60434e+06 1.59115e+06
1.5909e+06 1.59137e+06 1.60362e+06 1.64639e+06
1.65824e+06 1.61898e+06 1.57371e+06 1.60526e+06
1.61764e+06 1.61162e+06 1.58324e+06 1.5896e+06
1.61034e+06 1.60306e+06 1.66283e+06 1.60234e+06
1.65042e+06 1.62564e+06 1.62173e+06 1.60278e+06
1.57176e+06 1.59765e+06 1.56906e+06 1.63827e+06
1.63874e+06 1.63464e+06 1.61066e+06 1.61258e+06
1.59169e+06 1.61705e+06 1.61298e+06 1.58861e+06
1.57899e+06 1.59543e+06 1.58766e+06 1.62515e+06
1.61222e+06 1.58098e+06 1.62564e+06 1.59413e+06
1.63727e+06 1.54926e+06 1.60777e+06 1.61369e+06
1.55358e+06 1.61913e+06 1.62464e+06 1.56029e+06
1.57857e+06 1.57955e+06 1.64729e+06 1.62369e+06
1.60438e+06 1.59439e+06 1.5736e+06 1.60958e+06
1.62862e+06 1.59231e+06 1.58651e+06 1.63135e+06
1.62866e+06 1.57274e+06 1.61409e+06 1.60946e+06
1.58807e+06 1.58912e+06 1.59917e+06 1.58664e+06
1.61545e+06 1.6171e+06 1.59011e+06 1.61126e+06
1.63834e+06 1.62847e+06 1.58728e+06 1.59738e+06
1.56794e+06 1.56811e+06 1.60147e+06 1.59999e+06
1.59058e+06 1.56872e+06 1.61605e+06 1.5808e+06
1.5987e+06 1.58642e+06 1.59125e+06 1.63896e+06
1.5939e+06 1.52073e+06 1.60627e+06 1.65643e+06
1.60755e+06 1.61606e+06 1.60772e+06 1.61523e+06
1.63035e+06 1.58224e+06 1.56899e+06 1.67705e+06
1.58939e+06 1.64733e+06 1.59527e+06 1.63472e+06
1.60253e+06 1.57916e+06 1.61647e+06 1.60112e+06
1.62866e+06 1.57274e+06 1.61409e+06 1.60946e+06
1.61955e+06 1.61361e+06 1.60988e+06 1.65571e+06
1.58586e+06 1.55796e+06 1.61722e+06 1.57755e+06
1.60298e+06 1.60858e+06 1.60402e+06 1.62908e+06
1.62872e+06 1.58208e+06 1.5681e+06 1.61103e+06
1.58939e+06 1.64733e+06 1.59527e+06 1.63472e+06
1.60904e+06 1.59596e+06 1.58895e+06 1.61728e+06
1.58977e+06 1.58699e+06 1.59226e+06 1.5863e+06
1.55358e+06 1.61913e+06 1.62464e+06 1.56029e+06
1.59716e+06 1.57426e+06 1.60068e+06 1.64178e+06
1.56529e+06 1.58972e+06 1.57785e+06 1.63192e+06
1.62361e+06 1.56124e+06 1.5881e+06 1.61388e+06
1.59266e+06 1.59696e+06 1.62306e+06 1.62242e+06
1.59545e+06 1.61145e+06 1.58332e+06 1.58265e+06
1.62922e+06 1.6615e+06 1.56436e+06 1.64808e+06
1.57133e+06 1.57242e+06 1.63329e+06 1.57667e+06
1.61764e+06 1.61162e+06 1.58324e+06 1.5896e+06
1.56927e+06 1.59987e+06 1.54973e+06 1.60036e+06
1.61523e+06 1.5475e+06 1.61291e+06 1.60836e+06
1.60077e+06 1.58704e+06 1.62436e+06 1.55787e+06
1.60886e+06 1.56678e+06 1.66081e+06 1.59252e+06
1.63078e+06 1.62535e+06 1.62804e+06 1.59712e+06
1.58394e+06 1.61601e+06 1.6292e+06 1.60812e+06
1.60298e+06 1.60858e+06 1.60402e+06 1.62908e+06
1.57868e+06 1.60662e+06 1.5684e+06 1.61736e+06
1.58763e+06 1.58185e+06 1.58806e+06 1.62329e+06
1.57857e+06 1.57955e+06 1.64729e+06 1.62369e+06
1.58233e+06 1.56454e+06 1.61262e+06 1.6325e+06
1.62304e+06 1.60837e+06 1.60657e+06 1.57186e+06
1.67079e+06 1.56628e+06 1.58239e+06 1.6047e+06
1.61654e+06 1.63346e+06 1.61374e+06 1.62841e+06
1.6236e+06 1.55525e+06 1.59034e+06 1.61858e+06
1.56701e+06 1.62388e+06 1.62038e+06 1.60151e+06
1.60886e+06 1.56678e+06 1.66081e+06 1.59252e+06
1.65614e+06 1.58143e+06 1.64585e+06 1.59428e+06
1.6094e+06 1.58336e+06 1.5594e+06 1.59777e+06
1.63847e+06 1.60361e+06 1.58329e+06 1.6349e+06
1.62799e+06 1.62206e+06 1.63981e+06 1.59649e+06
1.6257e+06 1.55072e+06 1.59648e+06 1.62058e+06
1.59186e+06 1.5797e+06 1.56453e+06 1.61752e+06
1.58777e+06 1.58095e+06 1.59972e+06 1.56624e+06
1.56801e+06 1.65284e+06 1.60195e+06 1.58622e+06
1.58777e+06 1.58095e+06 1.59972e+06 1.56624e+06
1.61467e+06 1.57041e+06 1.61649e+06 1.61392e+06
1.66131e+06 1.59631e+06 1.57921e+06 1.59857e+06
1.6232e+06 1.60303e+06 1.58863e+06 1.608e+06
1.58872e+06 1.58176e+06 1.62296e+06 1.60586e+06
1.60431e+06 1.56853e+06 1.63111e+06 1.65191e+06
1.58788e+06 1.60419e+06 1.60779e+06 1.60129e+06
1.63047e+06 1.5948e+06 1.58175e+06 1.54367e+06
1.63188e+06 1.58537e+06 1.58395e+06 1.61774e+06
1.60872e+06 1.63185e+06 1.57406e+06 1.5659e+06
1.59716e+06 1.57426e+06 1.60068e+06 1.64178e+06
1.60602e+06 1.60167e+06 1.64107e+06 1.59333e+06
1.59295e+06 1.56192e+06 1.60268e+06 1.62388e+06
1.60626e+06 1.55491e+06 1.58679e+06 1.61093e+06
1.59821e+06 1.55076e+06 1.60976e+06 1.62916e+06
1.5909e+06 1.59137e+06 1.60362e+06 1.64639e+06
1.58433e+06 1.62762e+06 1.57828e+06 1.61013e+06
1.60846e+06 1.61325e+06 1.60259e+06 1.59867e+06
1.60626e+06 1.55491e+06 1.58679e+06 1.61093e+06
1.60492e+06 1.59844e+06 1.55144e+06 1.64735e+06
1.60422e+06 1.59343e+06 1.59502e+06 1.65146e+06
1.63078e+06 1.62535e+06 1.62804e+06 1.59712e+06
1.59869e+06 1.59482e+06 1.60143e+06 1.59692e+06
1.58634e+06 1.54856e+06 1.60907e+06 1.61383e+06
1.58908e+06 1.60013e+06 1.57956e+06 1.60068e+06
1.59492e+06 1.58915e+06 1.61112e+06 1.56626e+06
1.60846e+06 1.61325e+06 1.60259e+06 1.59867e+06
1.63264e+06 1.61004e+06 1.62683e+06 1.57498e+06
1.57495e+06 1.56492e+06 1.56393e+06 1.59155e+06
1.57527e+06 1.57701e+06 1.54591e+06 1.58715e+06
1.61069e+06 1.57395e+06 1.60408e+06 1.65263e+06
1.64717e+06 1.58322e+06 1.5831e+06 1.6351e+06
1.60439e+06 1.54293e+06 1.56763e+06 1.65889e+06
1.61723e+06 1.58784e+06 1.65013e+06 1.61026e+06
1.5662e+06 1.57224e+06 1.57857e+06 1.59014e+06
1.60665e+06 1.61622e+06 1.57117e+06 1.639e+06
1.62933e+06 1.59084e+06 1.58082e+06 1.61882e+06
1.59113e+06 1.58274e+06 1.59048e+06 1.62985e+06
1.69014e+06 1.60343e+06 1.62444e+06 1.58942e+06
1.58763e+06 1.58185e+06 1.58806e+06 1.62329e+06
1.61183e+06 1.58048e+06 1.6265e+06 1.59853e+06
1.58394e+06 1.61601e+06 1.6292e+06 1.60812e+06
1.63143e+06 1.57507e+06 1.56711e+06 1.63949e+06
1.61622e+06 1.55641e+06 1.57758e+06 1.59368e+06
1.59949e+06 1.58295e+06 1.58696e+06 1.59211e+06
1.65614e+06 1.58143e+06 1.64585e+06 1.59428e+06
1.59906e+06 1.58614e+06 1.54758e+06 1.61458e+06
1.68529e+06 1.5859e+06 1.61334e+06 1.6521e+06
1.61761e+06 1.58281e+06 1.60458e+06 1.61538e+06
1.64955e+06 1.5966e+06 1.64097e+06 1.63923e+06
1.60095e+06 1.5999e+06 1.61041e+06 1.59796e+06
1.61361e+06 1.5783e+06 1.59377e+06 1.63343e+06
1.59338e+06 1.63015e+06 1.6289e+06 1.63125e+06
1.62633e+06 1.577e+06 1.62658e+06 1.58806e+06
1.6001e+06 1.62675e+06 1.65246e+06 1.62871e+06
1.6093e+06 1.59216e+06 1.57623e+06 1.58522e+06
1.62003e+06 1.58841e+06 1.60673e+06 1.5947e+06
1.65042e+06 1.62564e+06 1.62173e+06 1.60278e+06
1.60153e+06 1.59715e+06 1.58661e+06 1.57425e+06
1.56608e+06 1.56862e+06 1.6169e+06 1.58755e+06
1.61623e+06 1.59304e+06 1.59685e+06 1.60459e+06
