304 46.2719
1.52938e+06 1.56439e+06
1.56347e+06 1.52745e+06
1.61955e+06 1.50682e+06
1.60089e+06 1.51107e+06
1.55671e+06 1.54475e+06
1.52307e+06 1.59224e+06
1.5451e+06 1.56109e+06
1.58946e+06 1.51849e+06
1.58442e+06 1.52418e+06
1.55252e+06 1.55621e+06
1.59725e+06 1.51731e+06
1.58749e+06 1.52217e+06
1.57858e+06 1.52716e+06
1.54956e+06 1.56004e+06
1.59238e+06 1.51841e+06
1.55245e+06 1.55753e+06
1.54945e+06 1.56041e+06
1.65009e+06 1.50052e+06
1.5216e+06 1.5958e+06
1.5672e+06 1.52846e+06
1.52952e+06 1.58804e+06
1.54249e+06 1.56477e+06
1.6259e+06 1.50907e+06
1.61133e+06 1.51261e+06
1.55783e+06 1.55326e+06
1.56256e+06 1.54684e+06
1.52716e+06 1.62864e+06
1.58997e+06 1.52707e+06
1.60296e+06 1.51774e+06
1.53715e+06 1.58618e+06
1.60101e+06 1.51997e+06
1.56498e+06 1.54281e+06
1.55325e+06 1.55998e+06
1.55066e+06 1.56176e+06
1.6088e+06 1.51564e+06
1.59972e+06 1.5252e+06
1.5492e+06 1.56388e+06
1.55639e+06 1.55893e+06
1.62141e+06 1.51241e+06
1.55748e+06 1.5571e+06
1.62573e+06 1.51212e+06
1.60093e+06 1.52468e+06
1.66e+06 1.50333e+06
1.52519e+06 1.63487e+06
1.57463e+06 1.5289e+06
1.61887e+06 1.51593e+06
1.54318e+06 1.57327e+06
1.547e+06 1.56776e+06
1.57018e+06 1.53496e+06
1.60766e+06 1.51895e+06
1.56475e+06 1.54707e+06
1.56283e+06 1.55061e+06
1.55435e+06 1.56369e+06
1.56024e+06 1.55907e+06
1.59123e+06 1.52845e+06
1.5575e+06 1.5618e+06
1.60471e+06 1.5221e+06
1.60303e+06 1.52637e+06
1.60591e+06 1.5208e+06
1.57348e+06 1.53489e+06
1.54316e+06 1.5864e+06
1.5325e+06 1.58839e+06
1.63579e+06 1.51396e+06
1.62758e+06 1.60788e+06
1.63193e+06 1.60654e+06
1.63458e+06 1.62037e+06
1.6104e+06 1.60152e+06
1.61291e+06 1.60996e+06
1.60996e+06 1.58971e+06
1.64105e+06 1.56911e+06
1.61622e+06 1.5836e+06
1.60891e+06 1.57036e+06
1.62191e+06 1.57274e+06
1.65185e+06 1.60794e+06
1.63136e+06 1.6217e+06
1.64721e+06 1.6286e+06
1.61685e+06 1.63409e+06
1.6262e+06 1.62937e+06
1.65787e+06 1.61102e+06
1.67792e+06 1.64315e+06
1.67399e+06 1.61333e+06
1.64008e+06 1.58381e+06
1.5685e+06 1.57101e+06
1.61878e+06 1.63058e+06
1.59873e+06 1.60382e+06
1.61339e+06 1.6185e+06
1.65696e+06 1.62015e+06
1.64165e+06 1.61928e+06
1.61455e+06 1.62518e+06
1.63825e+06 1.58008e+06
1.54681e+06 1.61887e+06
1.619e+06 1.61519e+06
1.65395e+06 1.576e+06
1.62294e+06 1.5557e+06
1.6033e+06 1.59486e+06
1.63601e+06 1.58599e+06
1.65866e+06 1.63173e+06
1.61924e+06 1.58675e+06
1.64078e+06 1.60225e+06
1.61002e+06 1.63748e+06
1.67379e+06 1.61925e+06
1.62957e+06 1.6293e+06
1.60425e+06 1.58291e+06
1.59851e+06 1.5898e+06
1.64129e+06 1.66245e+06
1.62243e+06 1.60919e+06
1.64727e+06 1.64835e+06
1.65813e+06 1.58866e+06
1.64684e+06 1.61815e+06
1.59702e+06 1.61583e+06
1.66211e+06 1.5545e+06
1.60863e+06 1.62575e+06
1.64124e+06 1.61847e+06
1.62356e+06 1.59106e+06
1.62163e+06 1.6399e+06
1.62225e+06 1.63541e+06
1.59432e+06 1.60884e+06
1.63983e+06 1.5937e+06
1.6286e+06 1.59011e+06
1.581e+06 1.597e+06
1.60858e+06 1.58833e+06
1.62106e+06 1.59818e+06
1.62202e+06 1.57871e+06
1.65557e+06 1.58037e+06
1.66941e+06 1.61417e+06
1.679e+06 1.62126e+06
1.62266e+06 1.56861e+06
1.6454e+06 1.56569e+06
1.64139e+06 1.57798e+06
1.61511e+06 1.64822e+06
1.63312e+06 1.61164e+06
1.66875e+06 1.59209e+06
1.65802e+06 1.57283e+06
1.63529e+06 1.58297e+06
1.61864e+06 1.58156e+06
1.66124e+06 1.60138e+06
1.63476e+06 1.58677e+06
1.62701e+06 1.62912e+06
1.62093e+06 1.58591e+06
1.67142e+06 1.62658e+06
1.59478e+06 1.5734e+06
1.63932e+06 1.59973e+06
1.65753e+06 1.61793e+06
1.63744e+06 1.59375e+06
1.6222e+06 1.60123e+06
1.6271e+06 1.60746e+06
1.62612e+06 1.62387e+06
1.59552e+06 1.55368e+06
1.68737e+06 1.63842e+06
1.61766e+06 1.59544e+06
1.60849e+06 1.63285e+06
1.6611e+06 1.63955e+06
1.61203e+06 1.57862e+06
1.59661e+06 1.62767e+06
1.6065e+06 1.5612e+06
1.65586e+06 1.59908e+06
1.64143e+06 1.61765e+06
1.6181e+06 1.60939e+06
1.59158e+06 1.57754e+06
1.64134e+06 1.59013e+06
1.62043e+06 1.56426e+06
1.61798e+06 1.61983e+06
1.70213e+06 1.61934e+06
1.5858e+06 1.60937e+06
1.64176e+06 1.60064e+06
1.61819e+06 1.5953e+06
1.6353e+06 1.59581e+06
1.6531e+06 1.59172e+06
1.6463e+06 1.608e+06
1.59888e+06 1.65508e+06
1.62945e+06 1.59574e+06
1.6843e+06 1.63182e+06
1.65256e+06 1.57752e+06
1.59256e+06 1.64164e+06
1.66025e+06 1.58816e+06
1.6238e+06 1.59739e+06
1.63459e+06 1.55448e+06
1.66478e+06 1.62977e+06
1.59595e+06 1.57785e+06
1.61877e+06 1.63998e+06
1.64748e+06 1.59792e+06
1.64354e+06 1.60408e+06
1.62213e+06 1.6051e+06
1.66335e+06 1.57115e+06
1.57242e+06 1.59756e+06
1.60918e+06 1.57051e+06
1.62622e+06 1.65049e+06
1.64457e+06 1.60768e+06
1.65572e+06 1.58773e+06
1.63451e+06 1.57872e+06
1.62355e+06 1.6276e+06
1.60341e+06 1.57383e+06
1.60021e+06 1.60459e+06
1.62996e+06 1.57797e+06
1.62425e+06 1.63519e+06
1.62199e+06 1.55545e+06
1.63845e+06 1.63492e+06
1.63764e+06 1.60629e+06
1.6217e+06 1.59439e+06
1.7124e+06 1.64366e+06
1.62358e+06 1.56386e+06
1.65379e+06 1.58986e+06
1.61838e+06 1.55965e+06
1.63117e+06 1.57849e+06
1.64402e+06 1.63466e+06
1.62613e+06 1.58567e+06
1.65224e+06 1.56529e+06
1.63125e+06 1.58497e+06
1.6322e+06 1.58948e+06
1.5888e+06 1.62142e+06
1.63755e+06 1.61448e+06
1.62968e+06 1.60826e+06
1.64332e+06 1.58422e+06
1.65761e+06 1.59903e+06
1.6553e+06 1.60563e+06
1.65376e+06 1.61881e+06
1.6172e+06 1.62421e+06
1.64822e+06 1.63051e+06
1.6344e+06 1.6162e+06
1.58338e+06 1.58876e+06
1.65212e+06 1.5703e+06
1.62122e+06 1.61164e+06
1.6054e+06 1.57373e+06
1.65256e+06 1.56689e+06
1.62042e+06 1.58038e+06
1.68881e+06 1.59441e+06
1.62746e+06 1.64972e+06
1.64947e+06 1.6296e+06
1.61865e+06 1.62343e+06
1.63022e+06 1.59858e+06
1.61169e+06 1.59878e+06
1.6021e+06 1.6182e+06
1.61947e+06 1.6082e+06
1.64478e+06 1.58272e+06
1.65348e+06 1.61738e+06
1.62529e+06 1.60612e+06
1.64719e+06 1.61585e+06
1.64145e+06 1.60413e+06
1.6695e+06 1.59966e+06
1.64808e+06 1.5877e+06
1.63395e+06 1.55679e+06
1.63152e+06 1.62363e+06
1.60967e+06 1.60907e+06
1.61955e+06 1.63531e+06
1.58641e+06 1.62416e+06
1.64188e+06 1.58528e+06
1.62372e+06 1.59994e+06
1.63124e+06 1.53108e+06
1.64235e+06 1.58847e+06
1.65489e+06 1.59342e+06
1.64792e+06 1.61148e+06
1.60728e+06 1.63873e+06
1.61531e+06 1.59439e+06
1.59893e+06 1.5859e+06
1.62974e+06 1.58586e+06
1.6252e+06 1.61876e+06
1.60924e+06 1.61994e+06
1.63098e+06 1.59451e+06
1.62096e+06 1.61794e+06
1.65246e+06 1.60586e+06
1.68984e+06 1.56368e+06
1.58391e+06 1.60206e+06
1.6371e+06 1.60853e+06
1.65877e+06 1.63255e+06
1.67319e+06 1.6171e+06
1.61533e+06 1.58282e+06
1.60982e+06 1.59421e+06
1.64178e+06 1.58516e+06
1.61991e+06 1.57967e+06
1.64624e+06 1.57956e+06
1.6295e+06 1.64934e+06
1.6008e+06 1.5873e+06
1.63676e+06 1.5739e+06
1.66464e+06 1.55164e+06
1.6069e+06 1.58668e+06
1.62794e+06 1.5769e+06
1.63906e+06 1.60956e+06
1.61468e+06 1.59577e+06
1.62814e+06 1.5907e+06
1.61187e+06 1.58178e+06
1.60681e+06 1.5784e+06
1.65696e+06 1.58522e+06
1.65518e+06 1.63429e+06
1.63313e+06 1.59938e+06
1.60463e+06 1.56772e+06
1.65812e+06 1.60314e+06
1.63951e+06 1.59962e+06
1.61138e+06 1.5869e+06
1.62195e+06 1.64755e+06
1.6326e+06 1.5413e+06
1.6432e+06 1.58289e+06
1.55542e+06 1.58442e+06
1.69194e+06 1.62778e+06
1.58211e+06 1.63098e+06
1.64008e+06 1.61438e+06
1.63431e+06 1.6187e+06
1.59804e+06 1.59868e+06
1.62843e+06 1.58464e+06
1.62017e+06 1.58937e+06
1.6605e+06 1.57741e+06
