4809 92.7443
323715 297831 275612
332266 285544 289215
304128 287351 307965
316064 321552 270180
286841 306761 314526
303787 320091 278784
332207 283947 304027
288995 319871 306715
297960 316180 294367
299398 298866 307684
302768 314303 287105
296198 304207 307631
305084 298782 301897
330740 297034 281763
303540 310705 291332
328158 291013 298286
346098 315958 270705
321175 296385 293091
306290 303254 298219
309549 310540 287327
306716 306294 294341
297375 311379 302368
309632 295679 303184
314136 314414 280788
332800 313033 273634
315252 296842 300172
327179 285720 309405
327625 294403 292482
313655 312537 282964
328096 314101 273891
316295 303319 292834
310302 292233 307011
301428 309698 300400
302245 300531 305470
320604 302568 288497
296259 319700 299930
320215 305508 286654
302261 323946 284132
320965 311045 280845
292629 328096 300997
319816 299521 294632
312245 305616 293585
293942 317672 308631
298693 306515 305897
319431 295338 301749
317590 310047 285703
324700 286184 316136
311597 327322 277752
329616 285169 316025
302276 297630 319382
295396 322315 301508
293552 329858 295846
302562 322096 285668
296454 308358 307287
295769 316567 309380
295460 323751 301213
316343 280393 323487
353090 275264 304352
298809 330188 287119
337026 328815 266617
337026 328815 266617
353090 275264 304352
284557 310860 323372
341802 339100 323969
322180 344924 320601
351486 328817 313094
353728 348029 328107
332414 341045 314886
339709 317919 325152
335233 346915 318540
351257 330546 318952
357550 320824 314897
359221 343928 328186
331604 339050 317032
339324 327787 325344
328082 326501 320666
337165 344532 314623
331254 340378 323496
329902 349885 331060
335076 331105 337720
347903 335778 311243
329122 325130 324262
346080 331550 329042
336151 343082 306496
345320 319426 325638
364730 337979 327707
330443 352286 321140
357311 344930 291384
348236 333276 324712
341197 329511 327854
334966 345340 307986
318367 314391 323670
329536 344579 315611
349680 336708 326239
361974 326848 296746
343034 332720 330689
333573 344917 309640
334123 347139 319577
351395 345976 325406
325969 330238 310869
337190 317285 330705
330773 331225 310263
316465 336854 325866
319200 329894 328174
324189 344805 301446
325861 336605 324066
328665 333737 311256
346106 350160 313013
329683 328075 299094
337686 331766 329575
337203 312609 315215
333940 330530 323179
315132 329722 338913
321558 326546 317796
358109 311651 312133
356311 327949 313139
337069 307650 323091
333405 356111 314922
347925 335027 308340
318929 334387 317967
347778 335936 317990
362010 348648 324495
348097 328208 300558
345765 320480 323371
324009 326328 319977
332273 343723 316764
333504 328014 326657
323821 347681 319657
351236 329306 318767
348013 318437 329625
335686 327912 311322
333725 338271 317893
334520 327439 319379
331213 345580 319293
331052 342962 312777
349352 344068 310518
325377 340639 308105
330004 325166 317973
358779 331660 307961
354452 322610 312987
336778 324621 321441
328040 337403 315649
304402 343631 308637
333118 314604 312258
324491 337510 303427
340839 353710 323174
334351 329993 319922
338320 344710 314620
331643 328349 313625
349455 334293 317308
321385 326581 299487
347959 323774 325115
344596 323374 318258
351353 334086 321474
362147 333697 317656
352201 334195 304733
349067 337461 319316
348649 339862 309796
330175 316196 326038
330907 345950 338073
351002 323080 329709
320849 325366 322064
322409 323967 281367
330399 323638 343916
341748 329211 312981
350638 336562 324913
325962 338097 301141
339798 348067 290217
345750 340921 320896
347821 338725 322904
349196 314189 326653
353784 342244 323123
359737 323989 331376
340588 340660 308689
347490 336070 309738
347658 348556 314714
333845 336429 319584
349035 349826 315401
342012 302096 325015
337468 302794 328603
329325 336984 319908
339480 337393 315746
344703 326577 327157
370696 334026 316154
338715 338173 321833
381052 336134 307053
340628 325780 311213
329936 316816 316968
334855 336658 310885
350618 329563 327541
358841 332387 324089
330027 319778 312191
344977 329690 329883
351456 346219 314466
313884 326158 324329
338522 308440 312560
314950 333874 322651
336258 335509 313169
335834 325430 318200
350901 301975 301293
335922 335913 329017
338322 353844 312889
357356 324420 327965
346033 327002 308001
333397 327164 331848
339279 341553 333897
321044 347285 328804
325958 328731 317449
350267 346265 313895
357215 332360 304925
325497 350995 326265
338643 322672 314799
337221 327856 297730
337360 348519 334707
331086 330506 338461
328737 335618 326477
331249 334671 316763
332058 332037 329764
334838 323052 300022
348614 343222 298684
346065 326204 333536
331829 333524 315298
339347 315854 311092
358096 325681 329643
357218 343817 316245
344987 310598 317785
330638 335951 322921
349195 341848 318915
353362 314472 302308
347124 319840 322055
325697 331631 316738
305350 338511 296050
347256 328564 320611
314417 337325 335004
338993 318574 312678
340677 332156 305348
344110 316448 323009
344941 315381 327119
348679 319390 311523
334295 337058 313905
343812 353943 339188
342494 309781 325662
332105 328904 337385
352861 345932 335627
349537 328691 321006
328937 318363 297954
355781 339979 325331
347624 342644 318379
355637 336254 320991
338234 324694 312967
347439 342957 318406
347111 318094 334813
348028 304702 337493
317279 328248 317634
360973 314653 307508
341062 338687 313932
361406 338086 310517
336244 322288 306892
360300 343149 312882
331411 319541 307270
323199 318278 316219
318222 328723 310446
344490 345129 301687
341123 331914 321588
348794 334698 324895
341730 338330 320636
333470 339005 317350
321734 324963 318291
344534 348818 323524
341667 343189 317956
317996 325648 303646
323488 323020 302404
353773 324410 321101
337829 339918 314655
349110 344343 305784
327062 338197 323952
326011 331319 299896
354612 346205 315109
333908 322858 328685
346562 336622 313908
329868 329772 308572
308463 335324 328806
342043 338536 326072
340014 313241 309536
361522 320952 332020
349958 336676 306606
324163 337074 316664
343824 330782 320016
338983 338111 317380
368859 346435 324627
357294 328677 334303
337431 333082 312341
353386 318965 297587
325409 335696 328704
328568 329997 332255
327221 338038 323836
319387 318821 311329
356831 345729 306434
342022 333497 318829
337754 337972 316553
