4 0.405416
852134 793192 774466
842803 806252 760776
820226 838900 764904
813103 749229 836268
764837 803646 846155
764837 803646 846155
831290 756044 807300
799981 824568 773345
769407 797543 786574
795107 778538 828514
820226 838900 764904
780170 792889 776000
806090 795767 769036
813103 749229 836268
799981 824568 773345
837332 786509 778316
801964 762852 795994
825328 768408 793110
767713 786205 815967
821844 771456 789907
768606 782927 815278
785943 781927 824115
817642 756778 836240
827258 789718 775313
791592 778702 794552
852134 793192 774466
814918 780099 783200
801964 762852 795994
798070 774864 821501
783590 788852 791491
785971 793839 774526
798070 774864 821501
817642 756778 836240
807338 787883 780171
813070 783903 784422
819723 763392 793651
793573 806147 774262
809101 786905 781189
813629 782395 784866
783760 792661 787975
783760 792661 787975
823067 774465 786586
792930 783976 781908
823067 774465 786586
809101 786905 781189
819723 763392 793651
792930 783976 781908
785971 793839 774526
852134 793192 774466
852134 793192 774466
852134 793192 774466
820226 838900 764904
820226 838900 764904
820226 838900 764904
817642 756778 836240
817642 756778 836240
817642 756778 836240
801964 762852 795994
801964 762852 795994
801964 762852 795994
764837 803646 846155
764837 803646 846155
764837 803646 846155
845112 760781 843168
818873 806406 770424
812190 825080 772640
792425 787896 843629
769928 810530 791145
815385 763088 842135
810400 814674 774027
812681 825020 772187
804661 777799 826401
785366 799711 786155
795252 781562 816138
771570 804095 799942
837292 768892 793791
831005 780575 791179
789775 793753 789963
809014 766433 807946
845076 777661 792986
791127 814233 780530
818218 771508 796947
779200 803686 805219
837292 768892 793791
819977 784606 782112
800155 779886 820198
796346 790238 805656
815076 766792 800090
792970 809316 780714
827551 778050 792828
820713 796171 777085
815669 771877 796822
779200 803686 805219
786666 792313 804996
822169 802472 773857
812302 765988 821819
808202 807781 776258
771201 793152 822663
795107 791745 807286
827551 778050 792828
822169 802472 773857
808836 797045 776233
808564 775654 805666
804054 781905 805853
805292 798314 776411
804661 777799 826401
769928 810530 791145
802848 799969 777640
798137 793130 778081
818873 806406 770424
786666 792313 804996
800732 784532 793438
815669 771877 796822
798137 793130 778081
800155 779886 820198
802848 799969 777640
815076 766792 800090
808564 775654 805666
819977 784606 782112
800732 784532 793438
770164 799242 806861
805292 798314 776411
770164 799242 806861
804054 781905 805853
845076 777661 792986
837292 768892 793791
837292 768892 793791
837292 768892 793791
819977 784606 782112
819977 784606 782112
819977 784606 782112
808564 775654 805666
808564 775654 805666
808564 775654 805666
805292 798314 776411
805292 798314 776411
805292 798314 776411
804661 777799 826401
804661 777799 826401
804661 777799 826401
804054 781905 805853
804054 781905 805853
804054 781905 805853
800732 784532 793438
800732 784532 793438
800732 784532 793438
798137 793130 778081
798137 793130 778081
798137 793130 778081
786666 792313 804996
786666 792313 804996
786666 792313 804996
779200 803686 805219
779200 803686 805219
779200 803686 805219
770164 799242 806861
770164 799242 806861
770164 799242 806861
852241 801364 777705
834626 768820 839396
818606 825338 772444
808677 777473 853637
773009 839884 823802
774318 835055 829579
793537 790459 844895
818606 825338 772444
832061 771509 816665
808677 777473 853637
827399 820210 776617
843564 787549 784932
781248 812538 791665
834784 800258 779213
779768 807285 805056
824560 771138 833418
785823 794060 836784
843564 787549 784932
789127 794559 819958
810248 824208 779283
817438 779926 812248
824548 783475 811345
812227 811306 777214
852241 801364 777705
792309 799414 805818
817395 786284 796348
790782 820775 787711
828311 781507 797265
796017 805160 789579
789715 803598 802441
796403 796690 796198
802456 798517 781577
804582 794287 783205
799207 793556 800924
806809 786839 824370
821745 809618 776996
798813 797311 792573
826339 783238 801311
829972 804868 777251
797320 809660 782055
793008 797417 818664
823597 786899 787963
781248 812538 791665
801435 797287 792044
801752 781908 836623
789788 806687 797046
790749 808316 796394
806809 786839 824370
799207 793556 800924
801752 781908 836623
789233 808946 797014
789233 808946 797014
852241 801364 777705
799207 793556 800924
799207 793556 800924
799207 793556 800924
789233 808946 797014
789233 808946 797014
789233 808946 797014
844749 795752 792220
834248 808983 778050
830096 788171 833624
787061 825445 798901
783983 813097 802349
789959 803770 822106
792885 812116 814754
818797 790802 807295
814673 789530 827710
805241 799109 785776
803550 818195 788946
798134 801542 811467
800270 795247 805629
824430 788435 829089
803068 806909 789457
825848 789411 796699
804600 821609 781779
795694 809329 803072
816894 797497 800054
832853 799431 781604
803933 800160 782911
843948 829844 781482
830826 790302 834127
796979 832715 809540
793971 816594 846375
785452 826535 826212
826926 803142 782984
817238 793309 827920
808565 808711 802939
797004 826157 805986
803651 818197 805445
829515 799362 790328
804265 808978 811581
836106 794034 809806
811065 799078 817349
814354 797418 813075
810443 796866 833532
811425 801005 788377
835479 798199 809378
808545 817388 786495
807269 826301 804635
855999 832975 781710
823291 798290 823676
799013 832168 823164
810086 829240 820005
837979 804179 786364
811979 813852 814938
836621 800024 800263
811872 820363 791839
814287 811745 817199
832306 808143 797756
822117 816243 792949
828833 820078 785097
828802 808390 799734
821763 799689 823590
824611 801649 799906
830764 802612 799874
842641 805829 788320
834817 850992 795508
824910 808043 820992
817027 818384 818930
837774 829684 796074
826703 814310 807206
834713 827684 805249
819571 814449 815091
839152 810951 814997
841086 806582 799440
839346 818673 805040
839565 815159 806100
840430 817716 795724
851682 821165 797790
850015 813056 806552
835123 816883 832116
822600 834867 818029
822798 820475 819656
835766 827500 811699
846716 827734 806198
843633 813551 807922
872338 824977 799116
854185 840827 801791
824430 833222 831487
843426 838298 818121
830505 829537 820806
832074 757285 792328
825965 749000 804002
825151 829970 752095
757136 786454 823880
757136 786454 823880
804649 768884 762671
758762 814109 786505
758762 814109 786505
779076 804945 791112
811764 754516 812608
781779 774059 803800
790471 777200 800192
776156 788715 815359
776156 788715 815359
808892 794358 760344
790471 777200 800192
803644 797255 755847
813849 787712 760633
797058 788061 787779
803644 797255 755847
796835 770451 795609
803721 785940 786679
808057 755705 815035
796835 770451 795609
781051 788483 761269
813849 787712 760633
796835 770451 795609
796835 770451 795609
796835 770451 795609
853453 776717 776060
839426 763475 806205
806444 815365 758035
788678 834028 772601
772741 806236 849480
772741 806236 849480
791415 775116 833533
783847 819177 791081
823051 768080 814127
815855 772637 802086
799050 803442 776920
797566 799908 781420
781382 809554 822139
833146 791951 768095
806444 815365 758035
781382 809554 822139
785762 777964 807252
826694 777162 784146
804822 769881 808269
822401 810551 767661
803870 807196 776079
831132 784389 773903
821222 797899 769758
804806 774135 821772
819428 790499 771361
807222 774277 793924
822246 795211 767960
787626 817483 796678
820238 782216 786619
790673 800088 787485
784046 818189 785181
790111 790515 794258
787626 817483 796678
819950 784613 777309
803991 793631 784334
804559 786548 790523
809517 785086 772410
812822 783189 781524
787652 812859 804350
812822 783189 781524
817550 773360 789236
817550 773360 789236
809517 785086 772410
789039 805776 782323
822401 810551 767661
804559 786548 790523
787652 812859 804350
789039 805776 782323
831449 777074 770028
804822 769881 808269
820238 782216 786619
790562 813481 769969
819428 790499 771361
790562 813481 769969
790673 800088 787485
831449 777074 770028
804806 774135 821772
822401 810551 767661
822401 810551 767661
819428 790499 771361
819428 790499 771361
819428 790499 771361
817550 773360 789236
817550 773360 789236
817550 773360 789236
812822 783189 781524
812822 783189 781524
812822 783189 781524
806444 815365 758035
806444 815365 758035
806444 815365 758035
804822 769881 808269
804822 769881 808269
804822 769881 808269
787652 812859 804350
787652 812859 804350
787652 812859 804350
787626 817483 796678
787626 817483 796678
787626 817483 796678
854279 816507 768470
829866 772121 832269
811860 820186 758585
798067 778443 833961
795282 842791 783765
786008 791759 809114
854279 816507 768470
819722 772501 820173
838093 807407 769984
843702 797318 774680
811860 820186 758585
832483 777365 784732
825313 809928 768885
810095 786711 815405
812453 774437 804075
802943 831428 783834
791336 791026 813815
795664 822761 787169
795282 842791 783765
843702 797318 774680
788678 834088 797102
820791 778913 802923
807407 787359 810990
816571 793450 778983
810879 793837 775507
830302 785741 784832
806401 821692 783850
828966 803380 773025
817534 783925 796275
790495 815040 789576
796481 837808 783658
803562 812650 784412
812017 793268 782790
811445 831604 771051
789926 807121 800596
799135 789980 819316
827340 780987 787886
798065 800004 790722
796106 795696 808427
796481 837808 783658
828966 803380 773025
802526 810772 787007
807889 789296 798567
800743 781883 819634
816571 793450 778983
789001 833388 803153
817188 792436 788401
797871 805677 787267
789639 813158 806769
803221 791444 801918
825991 780440 794740
832198 789834 784364
789639 813158 806769
807889 789296 798567
807422 790809 792459
812453 774437 804075
798065 800004 790722
789247 819109 796519
825991 780440 794740
790910 798110 795780
811850 790682 797643
802526 810772 787007
799232 793488 796138
800743 781883 819634
798715 795402 796181
797871 805677 787267
790910 798110 795780
820572 781355 793326
820572 781355 793326
789247 819109 796519
795664 822761 787169
798715 795402 796181
828966 803380 773025
816571 793450 778983
811860 820186 758585
798715 795402 796181
798715 795402 796181
798715 795402 796181
796481 837808 783658
796481 837808 783658
796481 837808 783658
860458 781154 793786
826319 816106 771962
824050 825228 776896
822014 777312 822859
802399 790403 832998
786038 798169 812362
847427 779604 797502
833085 792426 784970
798412 805157 794236
838508 781313 790466
819322 784319 800837
800646 815298 790132
790270 820535 804831
790214 823853 796665
793767 809784 808830
804506 811154 790638
813845 798518 777582
798412 792284 826192
802399 790403 832998
802331 800567 794555
809258 798121 800074
795526 795531 816657
818702 793424 787068
809735 791479 805299
797975 817217 791406
813993 781577 809547
821908 786808 797484
818177 787421 797720
794823 799861 810297
812677 794707 797001
794175 795884 812675
801862 795794 807491
815995 796781 793985
797154 795214 818767
816317 792130 797728
803251 798307 803439
797154 795214 818767
786038 798169 812362
803914 810302 791598
818523 781237 804305
803914 810302 791598
786038 798169 812362
850390 784025 798399
848252 816520 772356
838242 781343 805009
810499 836990 794249
790583 822780 823737
814509 787590 815879
823118 814903 788018
832111 798529 780283
830869 817445 781255
805285 801264 804024
834472 795283 786620
793822 806765 820056
809990 791868 811375
798877 808490 802953
824787 797814 801218
798988 833468 796318
830254 794037 795287
802179 827212 797185
833876 796492 788908
818672 786002 821180
801613 805486 806990
819497 807287 792928
796856 829688 801375
813044 803582 799121
819596 785271 807574
812029 792786 808679
818991 791105 803507
802934 795873 809995
813522 830102 796332
795651 808208 810875
802596 798247 822337
831180 804545 780624
842465 796601 790661
831474 813116 787530
819919 790875 830813
804525 829712 844258
821793 809921 803782
825163 815260 793259
816360 820908 804562
833831 793851 815076
806986 796977 817810
805880 799951 812417
811044 799595 810312
804806 818927 805934
822541 795717 810257
819086 797637 817543
804684 813781 808322
804953 797846 814299
850310 798143 835076
842526 817157 790741
815708 827931 814323
806169 807749 822751
832978 806248 818486
826269 808115 811161
841491 815957 802047
826263 821500 800242
826777 817621 795996
840931 800649 821201
837502 816380 792485
819303 807538 822469
816342 820978 820503
865463 810277 813798
830919 824858 803198
817838 808871 826094
811537 836152 831927
844047 819202 803571
850448 837192 825630
835307 843703 817172
822144 751362 768082
822144 751362 768082
797452 778490 746947
770837 839147 796793
759736 806264 813980
759736 806264 813980
787091 812176 761517
775818 767056 769089
797452 778490 746947
761852 786711 799328
775087 805428 789583
794984 793333 766243
794984 793333 766243
775087 805428 789583
822144 751362 768082
822144 751362 768082
822144 751362 768082
797452 778490 746947
797452 778490 746947
797452 778490 746947
794984 793333 766243
794984 793333 766243
794984 793333 766243
851328 794145 755163
851328 794145 755163
824444 766749 811025
822057 767213 847231
778833 858698 776153
763822 820463 825235
763822 820463 825235
838213 786107 762527
773497 841740 799567
773481 806255 804234
822057 767213 847231
778833 858698 776153
792047 774507 798796
801472 834503 755860
811735 768517 820634
806828 832318 764068
824444 766749 811025
809510 810174 759941
817129 824600 755960
783776 780286 788542
820754 797109 762768
778924 790068 784570
817971 777657 772289
773481 806255 804234
805447 785036 769580
812872 781166 771729
783947 796430 772246
809510 810174 759941
796176 777216 796414
830837 796034 762370
810741 772062 792883
773497 841740 799567
795370 792517 778740
777695 822853 789229
779310 784435 782726
796176 777216 796414
810741 772062 792883
808065 783058 776945
777695 822853 789229
808256 780337 779764
817129 824600 755960
830837 796034 762370
828659 794445 763907
809784 783853 770902
828659 794445 763907
779310 784435 782726
820754 797109 762768
805447 785036 769580
795370 792517 778740
812174 768265 784539
783947 796430 772246
812174 768265 784539
822057 767213 847231
822057 767213 847231
822057 767213 847231
817129 824600 755960
817129 824600 755960
817129 824600 755960
812174 768265 784539
812174 768265 784539
812174 768265 784539
810741 772062 792883
810741 772062 792883
810741 772062 792883
796176 777216 796414
796176 777216 796414
796176 777216 796414
778833 858698 776153
778833 858698 776153
778833 858698 776153
777695 822853 789229
777695 822853 789229
777695 822853 789229
773497 841740 799567
773497 841740 799567
773497 841740 799567
773481 806255 804234
773481 806255 804234
773481 806255 804234
763822 820463 825235
763822 820463 825235
763822 820463 825235
846163 769501 823167
846163 769501 823167
830007 815847 760551
782708 788637 844420
779561 822286 795283
778606 812159 813393
797299 797557 774337
821393 775496 821676
828113 816928 769096
842631 804141 763669
814364 775895 809391
785966 793328 806426
840931 777722 784328
802614 789835 788477
804260 779205 833389
789360 799186 785990
779561 822286 795283
835727 807970 765183
829344 772859 791388
831151 810566 761096
792974 785716 828835
835727 807970 765183
790090 806480 783737
824332 773753 799782
793156 783680 795719
811091 779980 807039
826468 771777 811180
790155 787399 804015
823873 774844 816353
785986 801642 802199
813854 778706 790630
779328 808237 823904
792974 785716 828835
804260 779205 833389
784552 812501 789548
787362 801879 801150
806551 790512 769771
783882 790836 811195
823873 774844 816353
808105 780566 799235
796262 809692 779788
811431 783289 782647
831747 785305 769716
796262 809692 779788
796256 785236 789732
794991 781779 802829
829699 779580 775949
794991 781779 802829
811431 783289 782647
808431 775801 822109
778606 812159 813393
806551 790512 769771
790155 787399 804015
826468 771777 811180
830007 815847 760551
787362 801879 801150
808105 780566 799235
829699 779580 775949
784552 812501 789548
779328 808237 823904
783882 790836 811195
831747 785305 769716
808431 775801 822109
793156 783680 795719
835727 807970 765183
835727 807970 765183
835727 807970 765183
826468 771777 811180
826468 771777 811180
826468 771777 811180
811431 783289 782647
804260 779205 833389
779561 822286 795283
779328 808237 823904
852054 776263 818134
837243 772872 824570
830790 816130 761026
798177 825773 774503
783702 803080 850267
780054 815945 835936
837434 793251 769728
806895 799763 779430
796551 805797 798314
801054 809737 776032
783702 803080 850267
790653 799508 799024
825140 785761 792037
813067 775878 823748
813146 782452 813839
806593 783858 830953
817319 779259 802822
786089 802596 808456
834197 804260 776820
786483 795421 807590
801308 805059 789798
817185 782092 805757
788335 792465 817330
819586 780132 793406
804251 789707 795086
798841 793588 795693
801365 784245 807109
800259 786261 821055
819586 780132 793406
800259 786261 821055
804292 788908 799964
804892 787666 791951
804892 787666 791951
800959 791430 790142
800959 791430 790142
804292 788908 799964
801365 784245 807109
804892 787666 791951
801365 784245 807109
800959 791430 790142
844296 801791 771039
816825 779005 829957
816825 779005 829957
798245 832328 813862
789889 813542 827946
831424 787773 813417
825014 827145 788508
842826 783349 801407
795267 800993 819832
811216 796910 792902
814543 789877 797968
791842 828318 825159
834632 809076 776861
835370 783096 827352
800490 810670 815747
829039 807394 784329
820103 783464 826841
801535 792786 800709
827819 806631 784453
802881 828077 775197
843441 794737 785261
824353 827221 789293
819549 801931 792371
824744 797134 792192
802881 828077 775197
816825 779005 829957
816825 779005 829957
816825 779005 829957
830440 833662 779106
823778 791402 800785
818508 838372 793625
802618 795336 802656
821985 831380 784598
816986 818959 794710
812325 833347 795856
804274 822643 800773
822454 800665 794568
818782 838242 791548
821268 795198 799832
820067 796245 801025
842022 793260 804495
836011 791897 826560
825504 806080 795142
806404 813622 833217
805038 817666 812377
803203 813917 821263
815615 808988 804169
837645 797238 816356
822301 802771 806758
830665 799097 823658
812558 806868 815696
833763 803038 799198
806950 814611 805068
819732 806051 830516
828012 798688 828515
827976 805658 799783
825276 804958 805457
849970 821488 797579
840497 808397 801805
839111 825681 796265
822464 808826 821024
807874 821597 813267
833661 812237 806892
811874 817226 809526
814228 814670 805263
813720 809273 817739
858274 830306 803271
851460 808820 816039
834657 814254 829203
810072 841902 825453
831661 836285 805664
810276 821994 826960
816289 816990 810903
820467 829264 809370
823211 815139 808674
822397 816970 808750
832068 816032 816947
826832 838982 810540
821380 827443 840798
819580 833760 824616
830531 826368 834794
