8162 102.329
58307 80359
76300 61754
60738 65030
60738 65030
60738 65030
60738 65030
60738 65030
60738 65030
60738 65030
60738 65030
60738 65030
60738 65030
60738 65030
60738 65030
60738 65030
60738 65030
60738 65030
60738 65030
60738 65030
61006 64865
60738 65030
60738 65030
60738 65030
60661 64969
60738 65030
60738 65030
60738 65030
60738 65030
60738 65030
60738 65030
60738 65030
60738 65030
60738 65030
60738 65030
60738 65030
60530 67160
60738 65030
60738 65030
60738 65030
60738 65030
61462 64790
60738 65030
64531 64727
60738 65030
60738 65030
60738 65030
60738 65030
62223 65107
60738 65030
60738 65030
60738 65030
60530 67160
60738 65030
60738 65030
60922 64964
60395 65686
60738 65030
60738 65030
60738 65030
61006 64865
60738 65030
60738 65030
60738 65030
60738 65030
60738 65030
60508 67372
60738 65030
60738 65030
60738 65030
60738 65030
60738 65030
60738 65030
60738 65030
60738 65030
60738 65030
60738 65030
60738 65030
60738 65030
60738 65030
60738 65030
60738 65030
60738 65030
60738 65030
60738 65030
60738 65030
60986 65345
60738 65030
60738 65030
60738 65030
60738 65030
60738 65030
60738 65030
60738 65030
60738 65030
61690 64818
60738 65030
63138 64340
60738 65030
60738 65030
60738 65030
61083 64926
60738 65030
60738 65030
60851 66716
60738 65030
60738 65030
60738 65030
60738 65030
60703 66334
60738 65030
60738 65030
60221 66727
60738 65030
60738 65030
60738 65030
60738 65030
60738 65030
60738 65030
60738 65030
60738 65030
60738 65030
61083 64926
60738 65030
60738 65030
60738 65030
60738 65030
60738 65030
60738 65030
61006 64865
60738 65030
60738 65030
60738 65030
60738 65030
60738 65030
60738 65030
60738 65030
60738 65030
60738 65030
60738 65030
61343 64996
60738 65030
60738 65030
60738 65030
60738 65030
60738 65030
60738 65030
60738 65030
60738 65030
60738 65030
60738 65030
60738 65030
60738 65030
60661 64969
60738 65030
60738 65030
60738 65030
60738 65030
60661 64969
60738 65030
60738 65030
60738 65030
61006 64865
60738 65030
60738 65030
60738 65030
61098 66715
60738 65030
60661 64969
60738 65030
60738 65030
60738 65030
60738 65030
60738 65030
60738 65030
60661 64969
60738 65030
60738 65030
60738 65030
60738 65030
60738 65030
60738 65030
60738 65030
60738 65030
60738 65030
60738 65030
61963 65035
60720 66410
60738 65030
60738 65030
60738 65030
60738 65030
60738 65030
60738 65030
60530 67160
60738 65030
60738 65030
60508 67372
60707 66092
60738 65030
60738 65030
60738 65030
60738 65030
60738 65030
60738 65030
60738 65030
60699 67512
60738 65030
59894 67513
61954 64240
61090 64961
60738 65030
60738 65030
60738 65030
61667 64370
61690 64818
60738 65030
60738 65030
60738 65030
60738 65030
60703 66334
60738 65030
60738 65030
60710 66463
60738 65030
60738 65030
60738 65030
60738 65030
60707 66092
60738 65030
60738 65030
60738 65030
60738 65030
60738 65030
60738 65030
60738 65030
60738 65030
60699 67512
60738 65030
60738 65030
60738 65030
60710 66463
60738 65030
60738 65030
60738 65030
60738 65030
60738 65030
60738 65030
60738 65030
60738 65030
60661 64969
60738 65030
59894 67513
60738 65030
60738 65030
60738 65030
60738 65030
60738 65030
60738 65030
60738 65030
60738 65030
61125 65019
60738 65030
60738 65030
60738 65030
60738 65030
60738 65030
60720 66410
60738 65030
60738 65030
60738 65030
60738 65030
60738 65030
60738 65030
60738 65030
60738 65030
60738 65030
60738 65030
60738 65030
60530 67160
60738 65030
62437 64655
63138 64340
60738 65030
60738 65030
60738 65030
60738 65030
60738 65030
60738 65030
60738 65030
60738 65030
60738 65030
60738 65030
60738 65030
60738 65030
60395 65686
60738 65030
60738 65030
60738 65030
60738 65030
61343 64996
