5354 328.293
665489 475080 531880
665489 475080 531880
618716 499964 462575
575308 558671 549526
575308 558671 549526
578004 525918 518404
642683 478364 519256
653397 480320 510116
627206 481279 513444
642683 478364 519256
591612 515148 480743
578004 525918 518404
591612 515148 480743
657070 475525 516893
585569 520847 487218
657070 475525 516893
586332 509043 505652
636117 499955 463940
579380 521248 505365
660864 480614 506377
631649 496418 464572
588803 502129 486540
581139 507186 507974
636117 499955 463940
610651 485221 495123
595145 508992 475740
614395 486379 493921
590365 490209 482771
608788 494593 471476
586337 500186 491137
660864 480614 506377
616464 488557 488366
630024 490124 465566
579380 521248 505365
607904 490243 479067
596025 489025 502394
607869 503199 467772
628276 482486 503429
603926 489813 496786
621236 482853 496002
596025 489025 502394
628588 492676 476092
621236 482853 496002
584125 520909 481906
600278 497392 479248
609424 488496 507804
588803 502129 486540
610194 487476 498767
586337 500186 491137
609570 488772 500306
598251 506906 474285
610194 487476 498767
626244 494110 476438
625067 487222 477947
614416 489548 493576
622221 497106 469698
587346 507941 486992
630024 490124 465566
619211 484763 487445
606053 498779 473279
628276 482486 503429
619211 484763 487445
623197 496407 469270
606960 505412 471775
616464 488557 488366
606053 498779 473279
606808 503389 473144
623197 496407 469270
607633 501490 471996
631649 496418 464572
587346 507941 486992
622927 492804 477820
584125 520909 481906
581139 507186 507974
614697 493778 478492
614395 486379 493921
617611 489250 487658
618716 499964 462575
598932 505744 482560
602889 499867 473799
604913 495503 478571
603926 489813 496786
609570 488772 500306
628588 492676 476092
626244 494110 476438
590365 490209 482771
601291 506217 478327
606808 503389 473144
604913 495503 478571
600278 497392 479248
610651 485221 495123
607869 503199 467772
606857 495678 472292
602530 496942 479963
602889 499867 473799
602089 492884 481689
617611 489250 487658
598251 506906 474285
601769 506685 474889
625067 487222 477947
614697 493778 478492
602530 496942 479963
595145 508992 475740
622070 485117 482338
607633 501490 471996
601291 506217 478327
606960 505412 471775
601925 505637 474932
586332 509043 505652
585569 520847 487218
598932 505744 482560
621651 489684 478013
607812 492817 481352
614416 489548 493576
622221 497106 469698
621651 489684 478013
607904 490243 479067
602089 492884 481689
606857 495678 472292
622070 485117 482338
607812 492817 481352
601925 505637 474932
601769 506685 474889
622927 492804 477820
609424 488496 507804
665489 475080 531880
665489 475080 531880
631649 496418 464572
631649 496418 464572
631649 496418 464572
631649 496418 464572
631649 496418 464572
628588 492676 476092
628588 492676 476092
628588 492676 476092
628588 492676 476092
628588 492676 476092
628588 492676 476092
628588 492676 476092
628588 492676 476092
628588 492676 476092
628588 492676 476092
628588 492676 476092
628588 492676 476092
628276 482486 503429
628276 482486 503429
628276 482486 503429
628276 482486 503429
628276 482486 503429
628276 482486 503429
607904 490243 479067
624768 494844 489371
612482 495025 472322
604820 529107 485025
603207 520751 492496
608928 512624 478873
612482 495025 472322
607702 504283 489820
639410 499944 491059
621490 496060 510407
615815 517081 477352
614047 543493 501447
605064 522355 513207
612016 535588 506822
627886 500414 483375
639165 496138 508900
621257 509723 485578
618564 505760 499842
623082 504383 492388
621863 499883 493434
614613 522112 503828
614908 515839 491354
617389 508131 501247
643129 510899 489988
637184 525390 489052
633110 501241 516777
616511 523604 521209
614933 530705 497534
627052 504056 515090
629088 526761 492303
630302 513299 495399
620270 509486 508655
623302 507941 506094
617905 519133 507440
618961 517110 500496
618304 511776 513411
622534 515839 496743
629148 509580 503789
624513 516446 495887
651018 528039 500080
650935 509406 517687
627079 514072 537789
616663 536303 521819
631086 514430 528311
644079 522035 503056
624117 520221 508493
621358 530773 512540
624861 516868 516209
617796 531660 507153
619635 515748 525488
635439 510509 520429
639360 511261 504102
639385 525914 502779
626608 530433 508088
634127 511723 521040
627038 525731 503676
632303 526284 503396
633519 521709 507199
651751 511117 520883
643512 523756 504899
622803 523619 539546
617716 543401 527470
627874 538206 514325
650045 511312 532848
631960 526559 509273
631149 516798 537276
637726 522530 511181
638772 512621 529019
619323 533632 524539
622365 530858 524873
627410 520566 523428
621079 532673 516975
629677 527624 504942
625763 521266 527313
625955 527781 521511
641384 513473 510176
640883 515317 509431
630645 523752 517387
681244 518663 512482
659706 527440 506632
626154 565889 531154
623901 536282 540217
630327 550760 510414
637113 539844 516416
646513 526730 507900
630874 533593 519542
628183 523570 525759
626715 527606 535967
639905 519775 535092
630055 520987 523696
628427 534356 520901
640649 522761 513471
641407 519171 512524
658424 520639 520765
632172 554732 512371
628404 538147 546443
629433 525231 527170
641117 522837 514325
637279 535835 520110
632418 546344 521606
633156 524253 524986
635946 523848 526252
658671 521532 524509
650567 524147 554389
634924 557712 516512
628653 559764 547340
651910 546888 517069
649478 525060 520253
642777 529350 523942
630621 540096 536722
630864 529916 539360
656747 522842 537527
633407 538640 528230
639110 535387 527067
633524 531033 533152
636627 528734 532765
641733 536053 525094
636182 526854 537143
639695 529899 525391
659287 526533 523774
655412 527877 520945
641432 555099 527401
633570 534922 547054
636357 542873 533052
652752 549536 522692
639037 530663 537108
646728 530083 528753
649455 537431 528148
634132 533646 541310
640403 527419 542011
666496 539134 531018
661882 555909 525298
650399 531973 554285
647364 560532 533358
635331 538418 548635
644729 541207 538098
657736 544399 534505
649819 549039 528380
641882 544490 536961
647975 546555 529869
665892 547428 542751
658265 548700 534567
648294 558198 536389
646444 540599 557380
646061 549605 540126
648691 547905 535327
669152 549248 539546
646629 562251 550381
670048 552551 540592
696494 556923 574815
665489 475080 531880
665489 475080 531880
634961 511885 467360
575308 558671 549526
575308 558671 549526
594654 530358 485220
642683 478364 519256
653397 480320 510116
578004 525918 518404
590648 512982 504715
600551 517836 475141
592379 503220 494027
657070 475525 516893
608196 497755 512206
581139 507186 507974
584962 529130 486929
602345 502504 486402
660864 480614 506377
612669 492083 489834
608710 497271 492449
578004 525918 518404
586400 517618 497865
624224 483010 499279
581139 507186 507974
657070 475525 516893
597767 501847 495291
594654 530358 485220
621108 486494 492939
609723 493648 501014
621108 486494 492939
627206 481279 513444
616320 488438 513886
611182 515319 470628
642683 478364 519256
601742 506107 486245
631347 497618 474136
636889 482432 482676
660864 480614 506377
641205 480389 510145
616320 488438 513886
586901 512849 505935
619222 491247 505758
600551 517836 475141
613123 502089 471475
632467 500158 471829
636028 509233 468660
654918 500423 469897
595145 508992 475740
597767 501847 495291
633739 482185 483370
609723 493648 501014
636074 495732 476386
623863 482592 518672
584962 529130 486929
595145 508992 475740
641249 498221 474070
627206 481279 513444
632034 514182 469533
618349 493263 488291
617232 499669 488119
624625 489206 489750
634961 511885 467360
624625 489206 489750
635973 494231 477500
625103 487756 485896
641205 480389 510145
611182 515319 470628
610790 501281 479205
608196 497755 512206
624224 483010 499279
586400 517618 497865
610790 501281 479205
617675 501033 480473
654918 500423 469897
591387 512234 494982
619974 495313 480996
618349 493263 488291
617514 498764 487237
625578 495200 478354
632034 514182 469533
591387 512234 494982
601742 506107 486245
631347 497618 474136
636480 493847 481761
625578 495200 478354
626300 494579 483355
636028 509233 468660
636889 482432 482676
613123 502089 471475
641631 481895 481517
653397 480320 510116
641631 481895 481517
633739 482185 483370
625103 487756 485896
626300 494579 483355
617675 501033 480473
623863 482592 518672
619222 491247 505758
635973 494231 477500
586901 512849 505935
632467 500158 471829
602345 502504 486402
636074 495732 476386
617514 498764 487237
619514 497695 482752
619974 495313 480996
641249 498221 474070
617232 499669 488119
636480 493847 481761
619514 497695 482752
665489 475080 531880
665489 475080 531880
665489 475080 531880
665489 475080 531880
665489 475080 531880
665489 475080 531880
665489 475080 531880
665489 475080 531880
665489 475080 531880
665489 475080 531880
665489 475080 531880
665489 475080 531880
665489 475080 531880
665489 475080 531880
665489 475080 531880
665489 475080 531880
665489 475080 531880
665489 475080 531880
665489 475080 531880
665489 475080 531880
665489 475080 531880
665489 475080 531880
665489 475080 531880
657070 475525 516893
642683 478364 519256
634961 511885 467360
632034 514182 469533
621108 486494 492939
619974 495313 480996
619974 495313 480996
619974 495313 480996
619974 495313 480996
619974 495313 480996
619974 495313 480996
619974 495313 480996
619974 495313 480996
619974 495313 480996
619974 495313 480996
619974 495313 480996
619974 495313 480996
608196 497755 512206
649669 510788 507660
638251 521131 497489
629912 564147 508458
623301 525038 537208
610438 529235 512938
641274 519036 521203
629793 538821 511782
632033 521838 502176
645802 520201 524656
642769 522846 502747
633769 528055 530511
616876 531017 514809
635937 523206 505964
628410 529659 521206
634589 530818 519805
667977 522283 530265
650456 525112 504823
639040 555075 519463
637865 532756 540429
622764 535790 526902
636079 536433 523106
643499 529981 510503
648093 528657 539699
668072 523700 550838
651856 536621 506768
639379 537728 552886
626801 553056 541176
662891 528527 518846
646915 532839 542237
648456 546285 523797
653327 530043 515741
644429 542051 524339
631530 539700 532074
632478 538202 526972
629507 540330 530110
649838 541879 513126
649645 530955 522132
650862 531272 517065
666838 533925 523518
656246 539553 508599
654048 531283 538392
651400 534293 556121
632152 563922 536784
655889 553522 519095
633682 559575 544352
644942 549485 531083
639317 541098 538469
648249 535190 547625
662217 533593 528630
653872 544388 524764
646378 541770 529675
658453 531898 529029
653557 536577 526118
648145 538377 527607
654947 539834 523204
652321 532498 546266
656214 531578 532421
652065 533800 541229
651680 534823 538643
681881 540386 523722
662670 543499 515215
657669 561639 524855
657238 532309 537774
640222 543410 549664
679607 537065 533312
647765 558154 541132
661880 547198 517108
654704 549867 525515
654071 537431 545457
646598 561268 549398
651009 539137 528258
661495 535557 534574
650997 560028 535243
654692 549296 528201
673175 548367 529927
667215 550013 515936
663406 533087 541971
662575 535379 555810
656628 560421 527331
651790 557385 555603
657060 540682 532715
653372 546151 535352
661832 555588 529451
652596 559386 549624
672121 548333 531597
653189 549945 543777
697516 558058 527039
683864 561184 525135
670063 535667 543524
661431 545820 546770
653395 559066 539524
668651 542292 533212
675876 558672 529197
662661 546533 535056
655224 552998 539750
661415 554065 533094
669992 551149 530189
665163 548848 533886
658633 549285 533467
670392 558959 526956
679419 554966 530898
675530 540163 572170
672031 565561 528339
654831 560123 552451
660568 554279 565392
664411 549928 565573
668699 548563 558500
676294 545156 558878
669899 556371 542518
669329 560220 533175
679245 544154 548138
661166 557630 534836
662203 553602 548643
674600 552226 536533
672991 548362 537180
663611 550955 548374
673738 546494 548026
673057 547002 545933
672891 549750 544924
690395 545574 555553
680559 559266 533855
669450 567884 540102
669063 550395 568752
660653 567684 553061
676222 555668 560780
662562 566267 547112
668273 552959 562616
683078 558125 537337
682258 549708 539438
665309 562942 554400
671321 557748 548181
670838 560026 550358
669174 562844 559105
667155 562899 547503
684914 564561 542798
683585 552092 543110
678293 574057 541150
666290 568615 560953
667126 569350 559113
674004 560426 560761
675975 559761 550266
682318 559560 546641
681955 567383 549043
695694 558488 544448
680465 580717 547844
676264 574341 561246
683046 559943 559904
678294 576916 555351
684180 582305 572761
665489 475080 531880
665489 475080 531880
634961 511885 467360
575308 558671 549526
575308 558671 549526
584962 529130 486929
642683 478364 519256
653397 480320 510116
642683 478364 519256
590648 512982 504715
634961 511885 467360
595899 495379 492378
606095 500119 482935
657070 475525 516893
586400 517618 497865
581139 507186 507974
657070 475525 516893
584962 529130 486929
653397 480320 510116
578004 525918 518404
609723 493648 501014
595145 508992 475740
593034 525637 490245
600551 517836 475141
660864 480614 506377
613990 488875 485942
623688 484495 473263
581139 507186 507974
622448 521028 471306
628661 482491 486991
612143 489668 487726
632034 514182 469533
621108 486494 492939
614292 486620 483793
625958 481340 513367
600551 517836 475141
617796 494907 478888
592379 503220 494027
615518 522215 472551
627206 481279 513444
609723 493648 501014
602778 505725 486399
632023 481137 491110
591387 512234 494982
578004 525918 518404
660864 480614 506377
632467 500158 471829
586901 512849 505935
586400 517618 497865
623688 484495 473263
617796 494907 478888
595145 508992 475740
608163 494086 481420
610790 501281 479205
632034 514182 469533
610085 491413 480328
593034 525637 490245
615518 522215 472551
608163 494086 481420
616638 503984 475641
602345 502504 486402
622448 521028 471306
612143 489668 487726
602778 505725 486399
628661 482491 486991
616474 491092 483137
595899 495379 492378
625958 481340 513367
586901 512849 505935
621443 488942 480783
606095 500119 482935
610790 501281 479205
591387 512234 494982
610085 491413 480328
602345 502504 486402
621108 486494 492939
632023 481137 491110
616638 503984 475641
627206 481279 513444
616474 491092 483137
614292 486620 483793
632467 500158 471829
621443 488942 480783
613990 488875 485942
665489 475080 531880
665489 475080 531880
665489 475080 531880
665489 475080 531880
660864 480614 506377
657070 475525 516893
653397 480320 510116
642683 478364 519256
634961 511885 467360
628661 482491 486991
628661 482491 486991
628661 482491 486991
628661 482491 486991
628661 482491 486991
628661 482491 486991
628661 482491 486991
628661 482491 486991
628661 482491 486991
628661 482491 486991
628661 482491 486991
627206 481279 513444
623688 484495 473263
623688 484495 473263
623688 484495 473263
623688 484495 473263
623688 484495 473263
623688 484495 473263
623688 484495 473263
623688 484495 473263
623688 484495 473263
623688 484495 473263
621443 488942 480783
621443 488942 480783
621443 488942 480783
621443 488942 480783
621443 488942 480783
621443 488942 480783
621443 488942 480783
621443 488942 480783
621443 488942 480783
621443 488942 480783
621443 488942 480783
621443 488942 480783
621443 488942 480783
621443 488942 480783
621443 488942 480783
621443 488942 480783
621443 488942 480783
621443 488942 480783
621443 488942 480783
621443 488942 480783
621443 488942 480783
621443 488942 480783
621443 488942 480783
621443 488942 480783
621443 488942 480783
621443 488942 480783
621443 488942 480783
621443 488942 480783
621443 488942 480783
621443 488942 480783
621443 488942 480783
621443 488942 480783
621443 488942 480783
621443 488942 480783
621443 488942 480783
621443 488942 480783
621443 488942 480783
616474 491092 483137
636847 494854 487951
630196 516358 483995
629924 489505 491105
600631 541911 507946
620019 531608 496743
620274 507347 501592
627534 504884 505329
627562 511754 498470
635199 500254 485759
635039 490999 490044
643421 503335 491728
641421 519496 489204
641340 545269 502236
637255 494447 507892
622580 509031 511829
640395 525601 505414
627194 514200 506270
633094 503999 510341
661863 501111 521659
654822 529110 496606
630944 540308 507663
624652 511557 518514
648523 520541 506060
644317 524217 497737
642106 504489 510046
633107 507468 511844
652134 513648 508945
626946 534598 517075
629281 520084 516219
631830 527060 513507
628964 524978 517313
632786 524773 511192
659087 529953 507992
651946 538514 501877
644133 505732 516799
633299 543108 515406
631459 534107 563225
625360 537927 527182
633941 523930 530709
637381 514154 512803
657078 513024 516398
644374 519426 512450
655337 524385 510221
649524 536285 503249
654397 514512 511393
645769 536695 504281
633229 524093 517529
686739 525896 512175
675703 545272 501877
662720 511163 521571
651131 546432 513430
634806 530387 518471
641516 514374 513738
657489 536418 513299
654245 540278 512837
639152 522320 516738
637600 519058 519019
639898 527265 514973
639656 518375 521252
661842 534408 513935
651799 537669 516595
650246 515563 524941
643203 523909 526434
635073 532321 518493
647489 517289 518615
653686 518003 517748
652812 527131 514397
659302 515869 516843
644355 529292 516765
653201 521886 518548
686706 554334 514959
660205 517828 519793
651557 522268 540619
639247 534617 526990
644016 534977 518859
654721 521004 528711
649187 530320 522537
651716 526670 523621
651016 529574 525301
658041 518563 527857
655177 522241 522704
675937 557642 519442
657218 522078 537708
651371 532255 541635
646553 569331 519387
640086 542183 532012
665560 541045 519610
659887 550387 520298
652313 537973 526912
660250 523298 529803
645819 540863 522349
652601 529019 524464
659378 528042 523361
660594 538563 522492
656285 532216 523984
676943 525189 535025
661812 522633 538613
656418 530966 542213
648878 549220 522655
643377 550751 542133
664748 528529 530615
670504 533390 526003
675344 543101 523359
653001 537286 527204
646403 543577 527316
658317 534354 529253
657236 536935 537607
662775 531644 530428
685435 531770 532115
664068 524079 540234
658150 534617 564778
657834 539237 528147
647364 556659 556960
648121 545224 528220
659313 532464 544162
653897 539688 544145
674266 533405 531508
671361 537324 531804
676808 541251 540821
667450 529023 541302
660247 557353 528156
656549 544184 579047
648544 545695 528389
659311 540707 548548
666337 537207 541140
658981 544495 546120
666793 543126 544688
656770 547126 528835
652300 564089 529196
648603 549167 538800
655405 548288 540163
666222 555867 529522
659171 551802 529870
655916 551950 555947
655053 556957 550665
651852 552894 550996
664303 554999 529773
673230 555922 533093
670468 559977 529945
669435 553329 542657
665422 568810 534416
660797 558054 545297
668513 556979 534504
668998 566642 531686
677020 558491 555397
672616 570318 535425
662905 564173 564450
