91 4.31231
854074 799243 731332 812713
819152 710868 796791 808194
817287 821606 790408 747529
791399 820301 731310 803828
775586 827113 763387 818762
774269 796704 765481 861509
770125 770276 833638 784823
752367 781800 800766 835376
790476 794061 823055 752752
852737 774846 757760 786317
833026 779348 733246 840924
842466 770617 748178 789247
795837 711479 769813 835625
774269 796704 765481 861509
800993 756505 761529 849569
759536 813626 827788 791362
757183 765447 825710 828778
773808 791664 806024 778301
830314 769910 770491 756720
817287 821606 790408 747529
840341 738409 757905 826674
805063 720395 785053 804419
763300 783791 829991 793604
767694 765088 816829 809461
818924 726676 807578 791688
769530 818308 777873 785986
827801 731791 764963 805568
800413 749885 766762 814865
791491 734866 785576 833706
799734 787718 737994 804785
770659 808515 779164 788462
761768 794909 783681 776356
764063 795222 770117 842742
788242 728681 786939 796295
754938 798702 802711 804090
803189 744359 786172 786657
815405 779619 809100 761602
800993 756505 761529 849569
833026 779348 733246 840924
825244 754828 756859 809244
813471 723185 812723 783698
823813 758151 780441 760100
752918 818736 796828 821142
806498 804248 798001 755437
810267 755981 801226 773628
781370 805549 772693 769715
773827 768413 813398 770215
814062 742197 738802 824874
780110 756632 796515 811543
772526 814800 768200 826408
819564 783610 745608 798428
795044 798669 791690 763141
842129 785420 752079 788252
807743 753918 760366 788639
790870 771841 758075 844219
767664 776888 832547 786997
774814 745925 792675 834288
811874 746666 764337 800102
786289 773613 750786 790727
792980 766442 762191 787806
791887 724246 785107 809824
762551 804123 782061 819224
766232 795193 768525 817921
796792 784915 750738 796734
796688 805321 755347 769263
797890 770204 741989 807926
840710 768486 745907 802607
794383 804151 793832 766529
793374 751244 802726 785257
816494 770654 782032 764995
828272 789861 771999 768098
804742 736885 766620 785854
783157 807659 767820 750132
771905 785737 828584 787007
814062 742197 738802 824874
766143 789356 781935 826266
797777 736017 799151 784094
819472 740802 759168 836603
789369 797475 748944 805008
781968 759538 768651 807978
821866 797964 745835 783188
801292 805362 741102 802950
808820 786978 756624 774691
777654 769074 759100 777993
821023 723278 776465 818228
782799 786009 731386 818583
791305 747491 770115 820119
758732 776847 790790 809205
808680 776890 784514 774071
821709 813881 753298 787230
793604 765897 754881 799250
832629 723163 798168 803860
758004 801429 789255 808993
820450 763155 770453 781840
789535 782839 797568 771565
809910 730837 766365 818112
812679 731424 775367 780350
800801 769930 753993 829276
770467 799303 779309 802262
805063 720395 785053 804419
828915 735836 759064 825842
823946 778206 757700 785025
778757 767829 793471 806477
832236 752198 787931 779141
783157 807659 767820 750132
767694 765088 816829 809461
820974 784025 782835 760274
785446 728048 795993 800121
783717 764576 794712 790948
752515 783861 779842 831403
758004 801429 789255 808993
806817 773883 787289 765131
828527 778913 779095 772739
772710 763107 766535 822086
840341 738409 757905 826674
802043 762137 775044 786585
812451 724796 769119 806727
763380 797521 782538 814130
798309 755519 780462 781563
809645 758060 748480 800960
762820 790205 807742 779907
788064 782302 798152 771679
796844 782724 774985 767502
802099 780893 744183 801077
802149 741191 780189 799830
778793 768334 760181 827808
815405 779619 809100 761602
819472 740802 759168 836603
776603 767985 813146 786781
814808 782316 748421 790567
790595 786879 780659 775622
802099 780893 744183 801077
806875 768438 791423 762496
781144 745034 769975 833742
801908 756927 778313 806131
812657 778649 748040 802332
779129 747405 774297 813074
783979 752941 780394 783201
790870 771841 758075 844219
786052 750579 778434 791213
781230 764463 759611 808771
788505 771911 758931 831131
823840 796087 798127 755695
788505 771911 758931 831131
779129 747405 774297 813074
799734 787718 737994 804785
801529 759397 758183 821294
799925 762687 781060 777095
797660 745794 780217 808215
785446 728048 795993 800121
832236 752198 787931 779141
786234 768433 767539 778413
773814 778620 788309 802862
828180 759252 762674 788524
812451 724796 769119 806727
799925 762687 781060 777095
800626 767982 765400 781294
801165 750838 759609 809353
772710 763107 766535 822086
762820 790205 807742 779907
783979 752941 780394 783201
828180 759252 762674 788524
793374 751244 802726 785257
766143 789356 781935 826266
800626 767982 765400 781294
814062 742197 738802 824874
812451 724796 769119 806727
800993 756505 761529 849569
788505 771911 758931 831131
852161 752351 774364 816867
824697 819989 750764 791913
823808 788250 798948 767964
818288 731508 803430 794825
817164 805121 746617 804448
813782 740585 814034 841845
791851 760857 800235 847959
772438 811881 782798 823998
844094 774517 788305 781389
821516 749511 771424 833364
832651 754560 756375 828211
825655 768467 789764 778448
775258 795365 783250 819701
789947 766170 760487 811734
795796 784729 797724 788629
834784 808891 768442 797102
807909 770890 749525 846947
784630 813087 779326 827915
820873 803139 768224 799451
814605 758233 766215 820390
796004 809585 781368 784077
829408 756717 766499 801417
807268 764170 787234 803762
811475 751946 777804 811486
780487 774089 779886 816206
805401 766457 768446 787115
818288 731508 803430 794825
799437 751612 797787 794013
819627 734238 809324 787394
786561 759570 810903 808382
815792 770715 747269 808408
801909 791263 778503 803802
787203 773431 790245 819416
827466 735767 803110 795805
794585 803539 781538 803678
820336 789802 766525 807306
824422 736574 790853 795383
825251 736076 795230 796278
814685 755173 784428 796011
781007 788524 797904 810668
802641 758005 770169 811391
807826 786774 790507 782781
825359 736028 798118 814408
784694 788635 769723 820304
819627 734238 809324 787394
825125 759355 779007 796428
824422 736574 790853 795383
842271 756900 777411 838037
841649 784794 810252 779795
834361 807932 805119 785031
825275 794172 762783 842322
813908 752713 779655 829399
797561 794748 786021 850090
782992 794567 800926 819545
827978 768860 793004 795257
800646 801936 807089 807506
823367 788535 763344 831120
826009 765443 803804 804783
839075 766829 797046 788696
817580 771021 801035 794196
811757 777068 771406 790561
805530 795303 777893 808023
783657 780805 797593 834605
806651 785127 783116 789266
825462 759513 779492 839226
800783 774011 778272 824212
815418 778766 769093 818814
806729 781164 784701 822079
788816 791327 791603 818035
813280 775064 775555 811796
790871 767004 793406 813091
802409 771630 803179 806679
799143 791315 775821 833815
811393 772703 800035 809866
790005 771994 793533 818023
816327 778503 766136 814242
806852 777250 779812 808356
809475 774894 765493 820054
815990 770645 765140 815225
813549 754309 798160 808573
824429 763205 787481 818436
811977 772346 790441 829979
823963 763385 788170 819495
801991 767128 791811 832733
815598 776002 786225 808991
857373 772075 799347 813242
841898 758267 793453 837228
825663 814512 770685 833597
819751 787362 779075 790659
813206 782217 814581 796739
812516 788423 778544 851342
809996 815731 785956 826287
790266 783330 807098 838657
855407 768250 790547 835110
847407 780503 787699 804831
822628 781170 773278 810331
830051 786996 789768 795649
809215 791952 784529 833578
810197 803941 786629 819454
812975 773471 793009 843582
799142 811836 799828 820513
802896 796065 796191 819809
805727 795182 800186 817464
794843 768787 794815 822829
837660 773380 794748 802263
812364 779576 811197 815679
806530 778906 785979 828480
812932 789332 771421 800462
812733 782901 786103 813100
856959 776352 796024 828120
844030 820251 773806 818239
832987 806305 786006 802903
820522 788608 794268 844744
814897 770888 809929 831550
810629 789205 814299 824296
805062 806568 798460 840660
826150 805002 785718 842478
822179 792126 791185 804376
820199 796868 807104 823677
805081 782825 795350 828687
812781 789764 790852 839245
814269 797374 790290 802906
847087 783615 812376 833236
823457 801930 791712 804201
818646 798963 791593 809217
815225 803272 805948 817440
805137 787736 808891 829298
832666 796059 796542 826208
814929 797794 792227 827072
824828 814885 796466 821660
824421 804256 801861 807635
851537 761273 760249 776335
814009 798519 810524 710176
809033 718690 803802 821903
796199 785260 728395 795471
788320 837748 748967 767804
776467 809079 824519 744799
743171 793789 808083 850868
743171 793789 808083 850868
809033 718690 803802 821903
773480 782895 745347 834514
848690 745532 770412 803055
788253 795631 742887 829291
833329 793300 740833 767583
797677 730516 804755 814844
802487 828567 816415 731052
788320 837748 748967 767804
820172 822222 782846 723850
812748 766700 733029 795948
814009 798519 810524 710176
775490 827717 776243 740157
797677 730516 804755 814844
840004 796401 761183 753785
817193 794825 772488 726254
827682 764832 800846 751165
796113 752633 778846 810619
803412 736730 806715 793938
823848 811973 743964 780153
798597 755264 823744 774698
756114 788394 767248 818496
751399 808981 773023 769106
799353 781954 820035 736084
796199 785260 728395 795471
744179 770778 787734 788519
823587 761759 774072 763463
845076 798317 746961 766098
845076 798317 746961 766098
820172 822222 782846 723850
756920 753380 767885 794401
782033 772760 784806 775256
815458 743471 804783 790047
798959 747414 786234 792444
777630 801538 764225 741181
780064 761650 813810 775104
808822 792479 792233 734792
763605 808150 784429 791559
811724 809664 804614 716847
814638 781556 757149 779006
812748 766700 733029 795948
762887 806930 793814 775937
805572 763356 818620 759014
830550 814198 741975 787645
773480 782895 745347 834514
834789 775784 778144 749136
826192 787812 782199 729876
769072 776947 817647 764398
766981 810266 756169 788848
818134 787810 798791 736183
794758 768185 759819 795958
798457 785085 754084 764484
807502 736782 795312 806780
805091 746364 799915 785773
790955 763745 771793 782471
748396 779562 773888 813086
750395 782246 794158 749044
803132 818247 788667 713876
765787 756340 786817 793579
829704 780647 753355 772604
772336 791722 776613 746044
850383 747083 782366 784868
785848 765583 788082 771113
794584 802183 776428 740924
840004 796401 761183 753785
792543 767032 816429 752472
814824 798199 750708 771722
800693 764337 780484 777991
832811 777558 798166 742786
790125 818098 745181 777572
812327 791749 752239 783741
836769 789483 741272 779182
777766 770104 780241 790618
756114 788394 767248 818496
799286 805179 777537 736598
830027 774050 789592 747921
809400 759565 766488 769410
794825 763845 815927 762194
807732 796150 798205 739587
805607 758076 741697 798002
834065 774898 750168 790029
806025 750326 780279 756691
770965 738237 787871 801446
789480 771733 807234 755994
801935 787942 816117 746706
787575 755940 776714 781709
781163 794507 753637 773362
767831 750100 784556 781270
802628 784045 768171 757077
831136 816477 769077 736174
770965 738237 787871 801446
748396 779562 773888 813086
793959 760892 787005 768853
759972 789222 786987 778350
811953 814838 782940 716146
797546 774509 774594 763938
768303 778336 762980 770333
796659 753272 767686 812780
803132 818247 788667 713876
784263 776245 787069 771713
761434 777427 809372 774426
797672 746451 782879 807372
784298 767769 803527 771863
775669 776549 768762 759273
780064 761650 813810 775104
787603 780273 746311 795327
766898 776172 796167 774698
819865 766884 760749 756703
807682 770952 789745 751198
833591 739753 779692 799397
804458 750266 777464 761266
810381 770721 807729 754838
805871 786932 789386 750386
799539 769669 778914 779103
795358 756010 752932 800066
810607 820933 742343 776876
808126 778824 796955 743820
810198 783488 763450 740543
799286 805179 777537 736598
784347 753346 805537 779569
832395 741078 782684 756206
791303 758616 794304 777587
761434 777427 809372 774426
803932 798218 793477 733183
774446 790783 755771 756091
803697 775403 763738 783661
802834 777939 767771 760506
807502 736782 795312 806780
832395 741078 782684 756206
777703 772042 765367 786489
768068 779549 793083 769619
797383 790270 784575 752186
833591 739753 779692 799397
811724 809664 804614 716847
792454 771520 791279 769803
836769 789483 741272 779182
795373 766737 805535 762374
781592 774727 766982 784652
826192 787812 782199 729876
811953 814838 782940 716146
808126 778824 796955 743820
831136 816477 769077 736174
810607 820933 742343 776876
800205 768358 768171 778215
774446 790783 755771 756091
764289 766238 762370 795709
851537 761273 760249 776335
764687 757550 818251 794032
764687 757550 818251 794032
800339 766012 764820 768539
791663 767980 764937 781149
816372 801586 793836 732605
759972 789222 786987 778350
825030 770223 753743 777379
792052 790663 768163 768396
797040 777267 767063 778908
816372 801586 793836 732605
787631 759532 773001 792911
825030 770223 753743 777379
785404 764967 793540 777950
805871 786932 789386 750386
792454 771520 791279 769803
764289 766238 762370 795709
810903 775121 753148 780671
785371 758390 793869 777664
777703 772042 765367 786489
787631 759532 773001 792911
810903 775121 753148 780671
784298 767769 803527 771863
785371 758390 793869 777664
832395 741078 782684 756206
809033 718690 803802 821903
807502 736782 795312 806780
803132 818247 788667 713876
799286 805179 777537 736598
788320 837748 748967 767804
748396 779562 773888 813086
743171 793789 808083 850868
834248 802601 792222 726338
803646 774282 760119 796913
788112 758830 778662 789837
784658 785525 830292 773129
776498 814272 785107 778281
775276 765133 782144 822353
762232 788027 807576 771872
790188 793312 822697 748449
817557 798149 801009 742041
784881 810892 789050 770636
823906 772770 799152 754536
811633 773065 766186 806301
805835 760027 805765 778336
762690 812787 783784 812131
799719 781327 796788 759294
769298 772988 790755 804767
786896 786737 788789 814932
804628 776548 812260 782118
828959 766917 777402 800974
794260 776587 811129 773400
787056 799447 799868 795879
787966 782357 792955 800401
815318 796640 768657 750953
781706 792823 781314 803472
795602 770088 809034 789779
801491 791727 777703 776744
800279 773604 775450 785894
796762 778615 799594 780834
830506 782163 784995 776222
798090 776376 778235 784705
787759 788132 791256 788673
783220 811312 801879 775666
788009 792581 772814 759070
815724 768704 768249 783406
796108 811470 772278 782590
816144 779121 780510 777863
814723 767083 777673 787229
799971 798708 768700 787225
804188 772834 803594 789241
817030 780711 778648 783366
857317 807109 809918 753684
826787 801290 764560 810629
800269 759389 781194 828020
797358 829513 782770 796845
789461 783248 817739 809991
786963 812988 789508 834273
776589 795160 810796 787562
844653 810413 777039 776428
839897 790952 797698 761367
836667 779508 778645 823171
788952 819145 792266 790358
830018 804829 773174 808544
806962 809202 770950 791603
809690 761006 801601 824704
816193 761917 779950 819054
828881 787748 784578 798945
808159 824725 795587 763357
802352 828178 780333 771534
798900 792701 780676 763425
801560 789763 806764 785937
803847 796662 773742 814204
797583 767526 790545 801895
819063 782364 804890 772123
796764 805208 785558 780597
790368 798787 796220 782452
821636 779942 794257 780256
827137 778690 805008 801484
816131 766424 791843 806122
793278 797989 802403 794436
791658 772331 794137 808678
791920 775084 795947 805480
815535 798251 780390 780085
798063 788208 800447 796170
804916 789692 775608 788704
806617 774006 780231 817017
819797 789606 792691 792209
796194 809295 795710 774350
791004 797578 789542 794541
837182 795929 787361 833048
835273 797857 783130 768807
818008 774148 828683 806127
812908 768240 823886 821725
812511 812897 776445 801412
802202 823224 790804 792070
781407 808009 811795 802828
793178 783755 798974 819807
805202 779924 819221 802179
799080 791217 827223 799298
822084 818439 782139 787510
817146 811584 804746 780433
823961 808664 795239 783193
812785 799316 785312 795679
810930 807038 795115 810417
793372 786879 809285 816424
796208 804663 801354 785728
806634 773791 812629 818250
804281 775199 801587 805508
818229 772305 807004 815517
805149 815370 820867 777782
809149 794850 800040 782550
800665 814524 790152 792270
802718 783445 801242 813576
801305 817722 799186 775246
822450 808386 797604 789563
819057 797381 786769 800401
807301 809118 799113 798254
818404 807398 800622 770785
811233 816859 795940 786071
801753 812977 809817 784815
841490 796657 813782 804358
819821 811829 834721 803745
814565 812290 817509 791143
811796 802307 801832 813470
804286 792431 805683 816757
826080 807737 810090 819195
847181 758889 773751 767936
842819 806634 715055 827427
824177 775635 796914 732585
811837 725871 792010 804012
797025 778252 827723 742115
746508 768380 826067 854833
745810 822110 772647 795836
744481 804333 780468 781277
746508 768380 826067 854833
789346 730902 819324 792600
753037 782961 793246 842153
750900 797174 798442 831032
787288 742280 793742 841931
839126 784802 740098 773225
782551 815141 768607 760360
745810 822110 772647 795836
791162 799824 799703 744463
773200 761717 807114 764849
826799 760664 742810 789526
776073 779762 786349 772210
791997 766252 717190 811369
780095 773881 815450 761690
812269 739887 768058 819288
811837 725871 792010 804012
780619 802473 728386 818754
842819 806634 715055 827427
779309 800867 729765 816884
833104 751067 754624 793072
774297 810234 734119 803843
791278 745466 811612 765230
830227 771947 805165 736863
774674 793982 805043 763797
765976 789751 760706 805533
770734 780598 765165 809309
818542 809812 776468 743125
795055 737729 811934 780733
813719 733907 798015 783254
785900 768689 764802 747324
844964 797058 767691 733860
816927 730954 794457 796752
757106 776389 796074 801361
817490 738023 776156 790748
793384 754321 732854 799295
785562 775977 790670 767020
803124 734293 776472 793444
754411 772021 790711 807757
811381 736541 770659 797512
765976 789751 760706 805533
813241 744069 755670 830616
762228 743346 768708 774089
808463 782042 770036 743490
828642 744441 772329 772300
796091 763689 720976 801303
781147 777377 744345 814525
812595 740651 775131 781402
788540 773202 763441 758243
794344 738458 814659 793048
801566 762410 750030 771360
798698 742045 772261 787283
777171 813710 753715 779254
750900 797174 798442 831032
782957 793210 745132 796488
804771 805961 729824 755099
755706 782755 782067 803486
793384 787002 738624 788307
819205 794228 725818 800096
782833 763475 746662 812768
831639 758461 756684 769659
816327 743874 777061 762228
797025 778252 827723 742115
819205 794228 725818 800096
775975 787728 769809 757647
795514 775718 735576 786562
787270 767561 798774 766637
815049 791248 728295 779546
814157 752963 765435 793596
758961 783019 767121 800878
784755 775782 762905 769088
829808 796827 716513 803992
796091 763689 720976 801303
778330 774352 744030 815985
810413 797660 757847 759707
794275 764347 783639 755850
813640 775640 782086 739363
776708 784908 773971 748673
815049 791248 728295 779546
787366 785674 756811 776427
798160 761112 768337 776089
803850 764843 766381 752321
845194 771606 740618 787987
782832 747711 760483 815122
761297 798628 751320 798035
792707 779582 755926 776686
804101 741074 781932 792672
785886 788326 739690 797249
847181 758889 773751 767936
781873 774362 758904 774670
782192 798417 730177 764958
763103 794650 749232 784484
757419 782418 780132 787002
770734 780598 765165 809309
825611 739020 770120 800039
786402 754746 749489 800764
783134 771548 757192 797048
772556 799801 753222 783006
781418 787135 762522 762927
804771 805961 729824 755099
775508 782174 752962 781058
814415 797296 743589 770038
822031 770385 747738 786030
822301 762536 782874 750327
821300 755898 750216 778478
797137 745820 733450 794128
789893 751732 779245 764017
782238 747269 766993 785071
753037 782961 793246 842153
811337 767166 761395 765116
763103 794650 749232 784484
791976 766191 764017 789371
840503 743922 740287 803528
810655 758166 766834 778033
789893 751732 779245 764017
841761 805176 776955 738246
843528 743839 750171 793765
825557 756595 795500 759244
785204 795485 764847 758050
777171 813710 753715 779254
771617 748946 747274 815002
761297 798628 751320 798035
792658 796167 737420 806194
801122 742249 771319 784592
803850 764843 766381 752321
792658 796167 737420 806194
754282 797883 766875 763455
759035 814658 766220 800616
800689 800034 764369 755708
808463 782042 770036 743490
841761 805176 776955 738246
821300 755898 750216 778478
833104 751067 754624 793072
793054 745933 768363 786740
796752 758301 759075 787701
824177 775635 796914 732585
825557 756595 795500 759244
822031 770385 747738 786030
796627 770851 751057 798846
822680 772564 740528 782789
822301 762536 782874 750327
824807 750549 758700 788090
792561 804736 758098 748765
794275 764347 783639 755850
771617 748946 747274 815002
822680 772564 740528 782789
759035 814658 766220 800616
789409 776054 758695 764572
791032 794132 743847 794913
812269 739887 768058 819288
797048 767213 746946 788933
800689 800034 764369 755708
771252 794334 745728 799033
824807 750549 758700 788090
771252 794334 745728 799033
792561 804736 758098 748765
796627 770851 751057 798846
810655 758166 766834 778033
791032 794132 743847 794913
845194 771606 740618 787987
833104 751067 754624 793072
825557 756595 795500 759244
803850 764843 766381 752321
796091 763689 720976 801303
777171 813710 753715 779254
771617 748946 747274 815002
759035 814658 766220 800616
869044 818713 787646 735503
825052 823045 787807 745030
824969 809092 805446 742731
810267 785965 754576 837723
803844 803479 744874 809387
803273 742169 777955 824890
766719 780038 790445 800007
845023 789570 756755 785387
816982 749975 790636 807255
832239 757786 769767 779996
804874 764523 762293 795893
854312 813830 784283 769474
774224 800542 747531 814006
809028 761479 766408 835993
799783 789499 790022 761463
804260 805630 751558 804196
829358 778711 778000 773690
782333 799191 753838 800822
859573 812559 780468 735994
799870 755583 800356 809382
776115 790482 756181 789607
767302 788807 779101 806696
798736 774164 772710 787075
794238 782398 794763 767889
791529 815866 790112 764275
794994 775810 771002 803105
810101 756009 777175 814747
791035 768354 786424 782186
823381 771816 780101 786106
811768 776127 754034 826289
785957 779984 786811 816522
812939 757553 780816 785572
778558 773982 796179 814360
789075 794643 768120 783370
808466 772436 792359 781306
811813 753207 760877 804938
827741 790925 763311 788638
782730 782463 797815 789295
803826 781350 759847 804987
828022 813726 747628 808786
859573 812559 780468 735994
782753 794712 786778 788137
786050 758830 769403 808960
798587 787067 768119 799299
792788 772833 788783 780810
827353 787922 790550 771242
785233 780031 783886 781137
798588 770198 766102 789205
801042 787080 754263 798202
782372 776434 790721 800092
787629 790692 769918 789208
804661 769266 784093 786785
865099 818337 805018 754436
819539 809471 757045 790293
817273 758811 803301 807769
789861 759714 790502 828224
778536 787422 819951 821590
810179 784654 799793 781292
845918 813377 778399 785888
827067 781119 789584 781994
779905 803271 777544 818604
792453 796122 768542 800437
806597 765992 783977 804794
804733 807364 758857 814785
786586 770786 789262 809683
798698 772093 791247 788245
781841 814152 767724 803019
821036 772260 790598 785454
791324 781944 789228 794750
811710 790719 757057 812032
823697 766272 767175 806976
801214 779453 790103 786803
816323 795232 765623 796339
818569 813583 770895 788052
806658 784623 774897 788172
800880 792526 783142 793220
795421 790846 778462 808148
801414 790826 762542 798552
779207 807559 777411 813459
802040 795592 761067 790597
808249 781016 779989 791159
799522 794571 780163 807053
807172 780375 781115 806709
800820 772152 781385 796750
862332 802626 772666 795039
847321 766572 787203 811206
827068 788058 776563 790712
826621 797909 760023 826437
821858 815809 780751 801045
814146 798097 763874 848000
811438 767379 816553 810234
786788 814509 801886 822140
797437 793736 781476 817137
842872 778353 795805 799541
793046 807771 769586 808263
833927 799934 772394 798887
850316 798284 773752 802702
818769 805722 761795 805022
812613 775338 791165 807534
801761 781657 801047 801051
805208 798948 768000 801669
819719 786452 790445 802249
812350 788995 780188 809755
802123 801931 782526 793609
801624 777377 793147 824315
800839 787740 787597 822273
802575 800910 786861 791135
814000 800864 792127 792172
819013 798056 776758 823792
830441 804749 760851 834806
826094 780193 793154 824140
819879 807742 789767 796255
817920 791334 824784 804734
808885 804351 783194 835053
806055 818485 783375 801297
812896 805912 804981 823183
829336 790690 796096 804272
826761 818161 767058 826203
825182 795006 782023 815192
826650 800482 776440 826803
807100 810676 786172 802780
816306 801060 808843 815570
825450 791214 812840 806990
818165 801293 778805 812221
817316 808938 795852 797573
834669 830334 792909 825466
