191 7.68422
768935 782498 814386
833541 765687 794967
801859 824769 762549
802622 794001 819962
792717 814447 825761
777456 798601 801011
815895 827851 773004
797122 788432 793298
801868 814481 787075
817929 804647 801190
800267 804893 794720
813721 776291 839101
817929 804647 801190
766553 786997 787952
821182 834275 779292
828241 799496 792788
807049 793431 783793
786267 783925 779883
776774 750946 758459
793775 817472 788600
807990 792810 791189
826367 806088 778013
777799 825965 778305
823028 811714 802185
791072 803586 791544
790369 795087 784142
815854 786668 804589
798384 781209 774116
816125 828941 778545
794821 822719 839973
774057 780485 780982
792693 783569 790935
821354 807803 793944
792316 799582 778387
802115 813110 786177
808853 790774 798515
805646 810550 791744
774057 780485 780982
785544 774198 786314
814795 806388 803020
778938 802769 807304
775206 791424 787202
751677 804440 775328
788539 761633 777721
799473 774351 804349
793775 817472 788600
785364 785432 804604
794033 815159 790055
802182 801623 815821
786788 785055 783188
790121 794605 799507
798837 820802 806099
777233 780352 788115
783057 776206 763443
799842 783481 782052
780703 779550 806227
817475 772272 816972
774435 784568 813631
809769 813806 780916
816555 782584 766410
773367 811668 830506
775162 785186 785087
835277 835782 798730
793925 836788 816295
786655 817224 826506
797842 815931 788139
767848 802009 769779
781066 801370 787403
798071 792505 787567
802622 794001 819962
774433 794326 795917
804521 795748 802520
811017 800205 774665
832892 783958 787670
820872 742206 795739
796212 796086 790110
790473 805102 782384
800532 793508 791525
775162 785186 785087
761035 781717 784910
818295 801089 813543
803662 792908 767454
797122 788432 793298
789592 811921 788870
829900 799249 791484
790410 815697 801174
811696 811382 795294
792725 784880 787011
777456 798601 801011
801618 817222 783328
791952 780531 794330
792717 814447 825761
780869 817415 776438
734918 813582 783105
805646 810550 791744
792725 784880 787011
807049 793431 783793
773367 811668 830506
786024 807965 809314
825719 770589 782962
790397 791599 786942
813477 807678 810186
797798 785788 802406
794213 790642 792462
787218 810121 792402
800044 819726 800131
807801 797007 775446
808853 790774 798515
779047 790445 778761
791877 810605 799518
792018 761083 789298
786267 783925 779883
817475 772272 816972
801637 767890 777925
788370 778565 794341
820872 742206 795739
761035 781717 784910
787273 769409 781265
819609 807868 774139
821046 801418 816443
769706 815262 825983
790410 815697 801174
813721 776291 839101
835277 835782 798730
806460 808578 789791
800772 817965 800249
796984 819198 823693
826342 791741 787495
767848 802009 769779
779834 783268 783091
798384 781209 774116
787336 816165 787938
797036 772543 789363
800772 817965 800249
807806 786318 779247
781522 782855 790446
819795 786919 788841
810334 804459 807657
785954 776461 742567
794747 814371 764424
785183 806579 838891
807801 797007 775446
793956 760332 776238
788759 794003 819548
798071 792505 787567
797293 781832 789359
783057 776206 763443
792316 799582 778387
811885 780464 784188
817472 797118 788556
785364 785432 804604
779047 790445 778761
775219 780840 790743
800718 810478 792726
821046 801418 816443
763083 803837 799844
817040 794999 817553
804408 811217 794640
798965 770938 805451
856624 824623 801751
803134 788698 798266
791952 780531 794330
798067 779906 783701
837123 790683 807216
826342 791741 787495
785380 780419 774534
796556 829989 789864
775219 780840 790743
791877 810605 799518
774140 755822 757813
781620 794520 789579
769496 774741 790628
791699 805141 786374
780212 797234 784358
797230 793300 774430
791033 773991 767526
820365 789496 785821
781066 801370 787403
785380 780419 774534
775272 784321 787012
794213 790642 792462
799470 784698 786592
819609 838339 788880
782686 766421 785914
792493 801132 792680
798340 815718 770193
800252 790016 779712
816125 828941 778545
796808 829012 789964
840538 789423 812180
768892 788072 782831
763912 790259 768222
806280 805781 781705
813733 814602 810210
796556 829989 789864
805375 771036 787530
797842 815931 788139
791033 773991 767526
835502 816237 784496
796396 806687 793767
797432 788868 785105
780443 758840 824946
793925 836788 816295
801914 799211 771127
776774 750946 758459
795157 803238 784080
796970 796338 790557
785359 803456 781481
803291 820366 788939
777718 773526 793823
799141 775421 791368
787058 764386 778592
797230 793300 774430
795448 786402 778760
792018 761083 789298
795145 825335 798369
787920 819521 801283
790473 805102 782384
799968 800943 768330
785359 803456 781481
791318 788267 813824
770396 758070 771483
797553 788018 783979
793920 790880 806392
785183 806579 838891
822804 792692 805147
799393 777069 786532
774140 755822 757813
796808 829012 789964
769496 774741 790628
790121 794605 799507
811017 800205 774665
840538 789423 812180
805705 781908 826425
770396 758070 771483
819609 838339 788880
798837 820802 806099
801483 824580 785765
782784 798413 804641
800527 810597 812944
800997 795404 816600
824260 777447 806387
816239 770507 784110
816632 800524 798175
782236 767406 779189
796518 812479 793866
777699 800823 792511
794900 828570 789840
816555 782584 766410
787273 769409 781265
751677 804440 775328
817472 797118 788556
817723 793209 805192
788759 794003 819548
770396 758070 771483
800532 793508 791525
797553 788018 783979
784882 787021 783730
829140 769277 793553
803856 790275 777916
784145 772258 783330
774089 804377 792698
795600 818921 799599
794747 814371 764424
837243 839291 777657
790870 790782 785445
796396 806687 793767
807990 792810 791189
782236 767406 779189
786788 785055 783188
781620 794520 789579
796970 796338 790557
806306 792277 778839
805705 781908 826425
785731 804077 790521
804877 784566 785804
780212 797234 784358
795600 818921 799599
787218 810121 792402
802191 826491 811277
770396 758070 771483
790678 817855 787479
825626 787126 819568
775023 782894 785224
795145 825335 798369
799473 774351 804349
818295 801089 813543
801637 767890 777925
815895 827851 773004
793867 790889 781331
800997 795404 816600
814046 769998 815422
784145 772258 783330
789592 811921 788870
785544 774198 786314
787920 819521 801283
798965 770938 805451
800830 786208 809433
787641 801006 813655
791050 776157 773801
