349 6.61601
213989 193505
211189 195970
218132 189973
192457 221484
250330 179078
226060 182745
202654 200079
213034 194322
199629 202840
213034 194322
225251 184124
196351 204449
193642 211841
193419 213181
226729 182019
254085 178226
200568 200799
219158 186494
224280 185036
191225 223203
233135 181784
218195 189328
193642 211841
216632 190162
200207 201468
202751 200041
199629 202840
214270 191972
201663 200236
212721 194995
192016 221836
193802 206459
193419 213181
190239 231918
191714 222570
216632 190162
236277 181047
242102 179730
191213 227513
214136 192118
224126 185661
216632 190162
203387 198935
199616 202989
199674 202250
204070 196610
194712 206052
190803 229637
259166 177819
226729 182019
225396 183618
216632 190162
202143 200229
194712 206052
244250 179240
198295 203164
231308 181859
204070 196610
212465 196043
213743 194835
225368 184864
197132 205035
197574 204464
257707 178866
257576 179140
257286 179202
257576 179140
257707 178866
220359 186507
219487 188419
222960 186494
222960 186494
191390 226518
191704 226453
219235 190110
200652 201584
200607 201714
202956 200090
202956 200090
214729 192107
201707 200601
212771 195434
193447 216345
193961 213667
193704 214182
193447 216345
193488 214263
191831 224259
192778 223367
238160 181748
239360 181278
243602 180275
242397 180300
242397 180300
191304 228386
191304 228386
224311 186165
224565 185903
224869 185771
224402 186137
199815 202258
227075 182170
227075 182170
225933 183749
225734 183871
226474 183678
225596 184568
225596 184568
225596 184568
225476 184766
225643 184406
226933 183641
217336 191148
216657 191847
217270 191825
217925 190235
217925 190235
202933 200590
196720 206319
196127 207737
194821 208797
250011 179701
250011 179701
253277 179306
250516 179623
250372 179626
250372 179626
198810 203639
198634 203975
199503 203381
199392 203407
199392 203407
235238 182036
233724 182077
237942 181871
237942 181871
237942 181871
237942 181871
237942 181871
237942 181871
237942 181871
236881 181917
204101 199757
205757 197656
207524 196818
205238 198016
205238 198016
204276 198249
206469 197590
204101 199757
205335 197716
225389 185221
197377 205278
258811 179136
220986 186905
221707 186611
220696 189269
220787 188459
201156 201972
203507 200176
214994 193748
214812 194902
215087 192501
202401 201114
202401 201114
202797 200920
202265 201196
201930 201679
213670 196745
213462 196783
214690 195497
214690 195497
214690 195497
214690 195497
213792 195517
194695 214022
194695 214022
193485 221675
193657 215769
194034 214426
193743 215736
193592 216828
193649 216724
193590 218454
192100 224319
192028 225268
192506 224284
193220 223712
241305 181347
239954 181759
241305 181347
241305 181347
243127 180593
249865 180404
246516 180478
225277 186049
225235 186494
224910 186495
199941 203148
200193 203143
200803 202758
200803 202758
201037 202273
229831 182374
229831 182374
233269 182351
233269 182351
233269 182351
233269 182351
227319 182733
226400 183995
226400 183995
226400 183995
226174 184146
217875 192104
217419 192296
218036 191511
218036 191511
218036 191511
219273 190506
218200 190673
202986 200793
203105 200685
196826 207443
197282 206950
196233 207853
196233 207853
196233 207853
195327 210348
195230 212014
194968 212091
195825 210106
254857 179456
254857 179456
255147 179435
255437 179317
250697 179625
198909 204095
199340 203976
198675 204967
198675 204967
198675 204967
236749 182040
238655 182016
238655 182016
238655 182016
210447 196993
208510 197328
204335 198567
204335 198567
204288 200109
205985 198017
206749 197789
255660 179522
192079 232269
218879 190853
192201 226239
233723 182466
210414 197843
214404 195844
247243 180553
207224 198559
203690 200248
221003 188583
228650 183170
192526 224798
242131 181457
202351 201362
244805 180741
193709 217747
197510 205821
199970 203915
239966 181938
196534 209285
223053 186651
195078 212347
197236 207868
195896 211106
216665 193055
193609 221764
251262 179731
194839 214528
255660 179522
251262 179731
199533 204965
193561 221980
221590 187182
225405 186000
208255 197918
236842 182220
194219 215748
237288 182098
215853 194420
215136 195136
193884 216917
225908 185494
202980 200967
227808 183349
216464 193551
227508 183706
