6182 1864.02
203296 184169
236642 190413
206367 225125
177092 236652
191571 188741
222921 184128
251407 197598
229122 182847
315423 307272
312863 186199
205136 223814
201051 201743
254446 198810
185877 212118
297333 188725
218888 288235
306908 205454
213790 213566
225435 197550
300006 197244
319685 184278
192506 243425
196996 226253
239626 166122
281481 202858
212553 197562
293552 226879
269319 244706
266192 177237
219584 190072
248398 233754
215721 231287
213541 212068
274384 202027
240131 181451
206615 190147
280343 234167
277990 194820
234110 220588
207737 202893
213289 222556
208911 209787
255296 207240
234757 248421
217848 192926
184919 196461
200015 270658
203870 200709
244337 184688
285021 201583
200096 200659
195472 280033
220402 225802
184230 293812
212265 186064
299346 192976
263653 238918
188672 222405
311983 271668
205053 229270
214625 201797
264691 195357
311406 276644
203753 225059
239977 241773
214210 231596
190962 186572
243445 310818
206741 289377
189045 212276
328406 241949
210038 292347
269022 204341
192769 266788
235679 181434
229627 259955
232727 227816
205349 226541
191527 256124
204924 194511
287198 199974
265721 224174
228443 258664
195336 200097
238426 193137
221818 218836
238733 210183
324801 208273
247225 211974
286213 215785
261911 249339
216481 194701
189887 229172
240337 207546
317515 305280
214700 214276
231502 181642
196512 194032
267328 230081
251119 256817
193400 189730
255874 187155
211986 194419
219137 217670
220291 217190
264034 258329
214640 214022
311249 205728
231219 213280
195286 195157
270036 234292
226719 248882
205864 230248
202660 207895
313625 256592
252889 270431
249410 217897
199660 214133
231729 220029
199785 261150
254320 186551
315500 198883
222712 200324
215823 177554
233158 202843
311355 206947
283559 202186
189985 197457
193395 199806
190432 207389
179011 226453
267384 249390
230059 187738
225138 191994
216505 176429
244594 207924
242434 203832
285679 241580
214781 194373
239746 185530
282947 205038
202073 225646
225823 208729
259899 261606
252397 221559
256902 255318
231284 259201
312639 257652
255069 232348
322314 222421
297659 200869
282067 250811
185900 206321
259049 233159
214834 206444
196072 203473
254325 209112
279719 269917
265516 237522
188163 232309
197248 211588
186891 192051
197920 223928
245396 195283
196864 191366
320166 244977
204519 184372
263179 238115
275697 273536
201737 182779
282639 242857
206561 181911
220064 201973
304399 187495
200609 228362
323454 238437
264996 195862
207339 205947
283866 225598
265731 199245
242030 226818
241176 212432
201299 210446
237790 195470
243547 211287
218629 209294
311570 241363
247781 209397
185270 198443
206878 196625
228501 206853
290253 233598
270891 275952
219750 211013
231364 250661
208644 206371
310963 189392
216978 230128
235095 212787
205697 204515
357457 310297
231984 198307
261884 228855
248585 207449
290916 246224
194354 250680
191884 208375
200020 199278
222157 239818
235008 213651
199918 221197
223780 209138
291850 256023
197576 195922
236309 202096
297735 216643
218882 223939
222734 186055
234907 183787
311622 256272
225757 227465
256545 196245
202723 225964
197744 196764
218291 203997
237235 190555
246844 254264
245053 197235
193033 201308
186484 183460
279869 244775
265020 209475
215182 217752
284364 245108
271504 190556
205972 216867
291399 287994
210051 186152
222938 224509
270576 284518
273138 232790
224600 203010
189437 234410
207455 177570
198033 188007
189677 214103
194634 198354
229119 211895
286739 231854
252006 263453
210766 238526
258179 237711
262191 258428
270646 211423
217291 220372
308094 267361
238762 202393
202773 225117
205338 207207
220627 270128
272613 259503
201667 239004
273445 251988
182656 219185
277203 226880
253915 214469
220090 193920
192576 186795
255350 241693
200919 229129
211124 227650
310162 240404
259031 192402
221626 189920
180889 214998
306617 216481
309290 183776
268910 255400
209105 201317
308235 189679
323154 229322
186530 237200
219710 208517
209954 189032
261336 262837
274980 229518
191362 227207
223054 222193
225632 181187
190470 204806
207205 187621
269525 250230
219658 232880
205377 218420
326775 234684
231765 182922
263822 183350
218715 232918
191975 190539
226268 218696
233979 267106
260991 188375
204973 188969
209266 189353
195417 216521
208489 224345
234117 202457
194753 246164
265982 186384
282079 256956
215912 204984
239791 210407
259469 199271
255875 205333
213611 201818
241820 281598
209854 208868
314368 183594
218839 210113
197326 235437
261409 209716
213241 211612
219703 203271
275559 301768
246851 267523
261063 243002
226240 226577
252070 195353
193503 220952
189132 185559
200729 200911
198888 187256
212679 189933
247485 263454
230784 201049
309506 248283
294876 202778
201991 196894
190276 183780
218753 204946
228055 197189
218619 197706
190949 184612
298947 251038
196010 212996
208468 219004
251632 298708
221362 194348
202317 199320
229908 251226
193718 216113
229101 206804
267709 203258
194336 181001
241080 247577
205619 227901
192624 203884
248912 195511
231509 255080
217302 210659
199647 196900
201611 219400
207610 238059
200809 178470
186549 240525
192259 211084
219842 188382
194221 205660
276709 181120
209780 212340
304744 200213
185326 185433
245892 259583
204918 218681
217560 210433
212615 236244
232201 235474
302310 263856
239991 186037
330931 241497
266796 253088
237877 216139
268308 216081
243367 220688
266895 238529
212250 189367
223831 263647
206526 212206
263550 261978
235436 212647
251750 214012
208833 239320
201944 235905
237957 189243
317561 283991
209075 208459
223717 210439
293866 186909
202436 229638
282472 274234
196388 211132
220772 207815
235475 182117
200670 252523
234427 222303
227074 195070
232530 217446
177467 213764
274476 215448
214280 189241
198814 223749
204475 206907
230881 270577
232734 200234
292562 186179
221735 180284
206261 240909
204383 247175
269535 218168
244228 205213
304197 203921
233248 194112
294004 263003
305434 203714
216225 217659
219348 177638
216707 216853
202623 210762
301851 249257
222135 205925
253691 240477
242037 211201
292818 186707
191835 207752
299571 192556
200707 199253
263307 216301
189431 191000
238350 203670
199734 216875
352380 195959
231443 206310
230903 253209
235137 261354
209046 190549
216422 220426
249838 216393
332870 273484
328382 236325
204166 218297
237867 242588
207303 179504
257652 223673
262904 232187
216627 197755
250217 212437
270307 174532
217158 226314
292644 256347
212655 214189
278187 250642
219897 211373
334702 180100
281457 257688
207126 253607
200357 223245
217967 220330
307460 185790
288241 283145
338581 189139
279958 180009
215251 211222
188247 228706
194216 218873
282842 172368
216016 176621
214605 187291
265840 244862
252203 194368
240836 237402
269324 257519
264091 202531
196235 225688
217767 223285
270017 234601
223216 192424
193005 211765
231145 263284
307673 191412
276852 209233
205195 196422
226549 211300
186666 220297
264205 272286
209894 214183
214882 199443
212590 184745
219883 221974
204808 228464
252513 210920
210649 210698
255444 201128
283098 211860
187134 223184
202212 209548
246624 259809
237949 242049
193392 236974
225146 191660
244006 187486
303426 275247
207695 208794
226119 205566
253987 210054
303584 192473
265255 253156
197394 183677
194593 185436
204975 210395
246603 192324
325583 272725
238717 248998
247181 192363
207767 186543
208161 200062
190295 172441
206317 225686
191651 193132
226235 199832
234566 224293
228602 188995
288718 299398
231813 299774
324439 232453
251492 202972
198550 188268
262007 227742
269958 188907
191869 227919
213199 207204
202626 224489
223183 244361
335149 189091
220695 213312
267978 232307
213294 299918
291400 260705
273543 255900
213370 261932
230148 185151
214341 216093
250995 205615
259638 234629
190425 230733
314275 177607
253625 262084
197776 194120
231555 198943
301221 262827
228554 180094
224793 208055
193888 222153
288745 251377
195776 209402
240288 214873
208595 209463
240637 207814
232710 284578
249908 216717
348235 319098
254338 198689
297842 267925
209871 186405
195833 270533
230553 238036
176717 187228
231619 201115
311253 228755
237713 174159
230305 216813
241622 200906
201887 174873
275571 248692
193403 187376
207172 181596
241985 200913
255573 194589
246200 240858
219579 190124
207350 185808
217236 202126
221787 190382
195511 224920
318247 221074
266130 251736
195298 201893
264294 240711
268177 239572
284777 264904
215320 198321
214275 222791
272356 213438
197829 200435
233443 182727
271189 250911
263226 186301
218048 206911
233872 259627
311427 209723
196596 224199
263032 209361
333722 307166
287747 265449
319830 317231
277709 243092
268776 201458
208045 221520
234914 265313
295028 281025
268009 234076
253346 264568
206294 182178
236912 199434
205558 305553
221818 226620
303618 297661
279389 250740
192419 210596
308660 235108
194131 212427
257026 196592
232128 199855
323449 233725
235561 222961
240067 181754
248194 189925
206177 211862
236700 253860
268519 266528
197678 207963
179846 194921
234460 203084
253244 215661
282756 248485
258142 257406
242697 253936
270972 242531
220995 189356
190095 243906
195968 215470
190807 207987
221509 193999
303195 245012
232406 199319
255076 199451
224294 164239
255033 203079
328616 188850
218681 238679
235199 229816
263595 265078
209861 197902
263638 201149
252191 210483
267057 230638
284396 268512
303699 270172
262463 235669
322280 239602
241507 194565
197608 201414
193858 181483
280680 272121
218523 199695
294593 201615
276202 214109
195258 196993
216938 215422
241565 200013
222596 227409
214265 187839
198680 196477
183216 189051
265324 192981
242425 208819
214389 195715
187821 216309
218579 220667
206383 218600
313705 304987
198740 182982
218422 207482
295390 240800
299607 213233
299843 187345
242716 206415
198473 174455
217156 197551
236734 261063
274640 189679
236792 222602
192449 205081
192708 259952
307204 201531
235353 184934
272268 262702
205376 252086
269861 268562
220855 210005
211481 222700
259239 245964
325124 265474
233427 204987
205511 181852
188539 217494
241040 215887
233454 265343
209518 224747
359003 321464
310067 202754
221052 228144
199308 252663
224104 194625
263615 209113
295932 192439
207591 213423
272969 238473
278024 269135
270987 219526
225980 199323
226385 176779
221234 194834
197259 175755
225502 250948
220703 252985
187666 223674
269525 233100
193107 270699
200372 206372
207826 185851
189766 199173
199323 180833
193139 202588
218800 298790
173570 177110
225539 225521
209285 235360
370415 319265
291253 271615
308033 246976
245748 255802
319865 219915
258133 276456
227536 190512
302317 259238
209452 211448
244864 263199
302997 251269
202552 212735
259219 276877
243552 287519
204410 203699
311885 213811
316357 228192
201607 223761
233181 232071
360651 322580
231227 232365
250562 196253
196204 199959
271728 213936
220518 269470
185608 221390
217267 215880
203348 184440
254043 197003
195932 224429
240653 213733
226907 220572
291989 304003
206297 226885
202770 187724
234951 179989
194993 223038
231948 186640
271945 247353
215334 222739
213374 242306
284405 236755
309063 198309
270241 257191
235098 189096
192662 271128
254207 278266
305201 254918
215126 185418
255284 263488
276596 243375
254503 193618
234492 298255
335385 314807
217124 238885
281101 248431
292673 283670
230699 247605
241384 212715
255659 221066
267712 212950
276848 181027
198512 211002
231083 254475
226093 203239
266477 193321
255154 194851
258800 205665
209394 217209
229433 284297
197978 190409
253685 207451
255692 213734
225270 242131
306856 310605
252450 211946
245455 186061
333721 320125
235090 169066
218415 215415
297344 287763
217564 194889
205074 217567
283657 202311
325633 313021
214614 216470
256004 212653
227583 206633
193900 185519
260114 195281
203904 207594
215095 220162
310140 199733
232851 271956
203264 244666
319579 312660
198153 251535
200333 208134
198803 191038
255153 285901
206986 221051
249814 222886
201251 196249
272377 235242
220445 212293
213665 222265
194644 183041
240838 191954
256141 193357
304484 265523
258829 209681
237902 216787
197147 210123
215901 241025
207606 198996
248320 265254
216340 180483
245995 227235
229751 252072
201308 189401
236874 215628
322677 245636
271666 192455
201911 212563
255525 213973
215119 204421
272068 237321
234288 186657
235998 258308
205370 202965
209155 186396
203329 207450
206130 186172
255919 220511
235470 190104
289783 224537
301042 261535
326856 193973
241009 237181
251034 197463
279695 288743
202274 214797
189152 214342
306065 220154
216588 174799
321569 241190
261749 202083
354381 314428
281193 262004
184951 206337
196151 248812
216329 217837
319809 198703
230945 240644
290176 309107
292544 239260
272327 192672
265266 240319
186467 225337
249556 276916
306235 249924
197358 239358
248761 198563
206763 207060
262570 245341
217564 247557
243970 209054
255341 213158
224588 217439
239676 286324
227341 210498
209914 225052
208330 196032
228229 176640
185163 183034
281314 230818
197399 228876
226430 267822
263940 267905
213323 201640
249872 287130
200593 230062
196365 179990
221067 192742
301525 208091
322504 256434
214803 210297
245730 256017
254267 197000
212334 218248
204319 211187
222756 237997
283530 269643
271932 274890
200953 191113
358904 306643
306147 288502
181337 233410
288446 172241
217323 210373
216930 187599
245190 189082
206840 206635
191468 236271
218859 200663
197809 211942
310278 197946
309101 195876
243752 209080
256856 235702
242172 187865
250328 197558
214293 245408
196770 208544
280649 196374
259599 246108
250877 201286
231215 250771
215663 224738
225746 190077
242525 177263
317523 237402
253037 252421
248383 222067
220362 195994
195653 213890
187317 227066
327227 275602
260490 203306
342488 298972
297400 184357
232178 209164
262007 194147
260580 207395
231235 228571
330295 314023
234476 243773
282373 265362
315237 203475
231729 184790
240109 208650
226050 251917
326188 303877
231065 201064
215776 187235
193118 207491
220592 181928
244236 192386
195979 210317
225603 207119
216405 174092
251827 228693
235932 203777
