10001 3128.11
52519 114727
111100 56687
108746 56701
111030 56699
52918 109923
52850 111312
55574 98112
55385 99121
56387 96399
56966 96073
53053 108124
52598 113310
52610 113225
52543 113974
52519 114727
52795 111976
52998 108788
52986 108873
52665 112561
52850 111312
52543 113974
52931 109537
53238 106875
107312 56865
108676 56713
108145 56747
106781 56899
54197 102934
97751 58834
53203 107444
98241 58793
105957 57071
52760 112545
52783 112061
107791 56833
107382 56853
96099 59378
54097 103291
106403 57029
54570 101253
54506 101668
54918 100157
54599 100819
53889 103938
53860 104372
54570 101253
54387 101960
54287 102317
54196 103275
58054 92918
57079 95625
76697 67965
52931 109537
90517 61491
88077 62468
87704 62492
59901 88142
58204 92238
57176 95320
58178 92598
58014 93212
54237 102640
59499 89121
59525 88761
54047 103614
57229 94945
57039 95919
79876 66189
79522 66223
54040 103711
106497 56973
58938 90751
77518 67262
78414 66775
54461 101913
77877 67247
98575 58662
105887 57083
100311 58279
98837 58600
105625 57145
100573 58217
104142 57421
102406 57804
59449 89394
57153 95578
58128 92871
55001 99840
55920 97435
55976 97133
53158 108010
53171 107624
58952 90489
77234 67493
53739 104618
54897 100202
55648 98065
54743 100571
55320 99178
54599 100819
59927 87782
59346 89756
87092 62957
86808 62979
53578 105221
80777 65721
53889 103938
54287 102317
53528 105544
53388 106195
53338 106518
89638 61711
100643 58205
76338 67980
80418 65736
78773 66760
80311 65892
53822 104616
66181 76691
90201 61497
70412 72746
100931 58201
101755 58029
96342 59302
94046 60089
74281 69738
107861 56821
108075 56759
103783 57510
106711 56911
104966 57249
68198 74914
88493 62161
94717 59923
57613 94298
57631 93966
69497 73565
56216 96662
53333 106859
53338 106518
67364 75771
59375 89441
104752 57311
72938 70720
76194 68228
85373 63800
95716 59576
93803 60165
90778 61290
80995 65529
81180 65420
53428 105901
53528 105544
54234 102692
53488 105838
53388 106195
81555 65264
92135 60716
98907 58588
99731 58416
86637 63053
57696 93909
54774 100405
97174 59041
58151 92613
59472 89136
103880 57483
102144 57866
104447 57403
105036 57237
105271 57231
65574 77378
65613 77217
59254 89828
97403 59026
103300 57620
102476 57792
101036 58112
103596 57557
101860 57940
105341 57219
92712 60509
92944 60508
55718 97864
57539 94345
56295 96471
71098 72156
91567 60959
85188 63845
70012 73226
69905 73387
75866 68486
75984 68295
82824 64753
84349 64176
53639 104975
53678 104864
58606 91259
96439 59275
72802 70762
61613 84504
53578 105221
81757 65213
91923 60840
90893 61193
92038 60743
88281 62285
99977 58410
54506 101668
94431 59929
89924 61705
92421 60710
101467 58033
72433 70985
86519 63225
60551 86613
60575 86351
71518 71804
74866 69301
96867 59157
96676 59171
81784 65198
79203 66444
81207 65405
81961 65131
66247 76515
58852 90807
60286 87259
61147 85358
60934 85828
59626 88699
61178 85227
59770 88451
58471 91787
53860 104372
57176 95320
74044 69741
66434 76397
58550 91468
58545 91740
103230 57632
99487 58451
57941 93366
61469 84752
60989 85673
67482 75647
103499 57584
105528 57172
66768 76101
68933 74165
57352 94742
67976 75168
69454 73751
66725 76287
76237 68042
80129 65982
90990 61166
82529 64888
91175 61121
89255 61909
88678 62116
78870 66707
55140 99736
60522 86726
58729 91056
69213 73875
93210 60379
82700 64814
70723 72595
59243 90014
58550 91468
71234 72114
72670 70881
60163 87462
58842 90939
55868 97646
55893 97450
80894 65591
75506 68756
71502 71953
65796 77124
64278 79668
68976 73979
98470 58751
97069 59130
96579 59198
85974 63546
65166 77908
55241 99369
85494 63726
64897 78512
89541 61738
83389 64581
74941 69216
75059 69123
65461 77588
62861 82218
59198 90037
68750 74397
99153 58582
59161 90184
92545 60649
71777 71596
80861 65700
104658 57367
104517 57391
64059 79976
71339 72010
75452 68880
61037 85613
61055 85430
60391 87035
62101 83592
79380 66377
81384 65338
77417 67324
68015 75007
61731 84258
104212 57409
95765 59509
56151 96719
78307 66931
103056 57655
66624 76349
59866 88263
68832 74227
99250 58555
86332 63358
63566 80845
64792 78599
70268 72994
67548 75479
74779 69382
102946 57706
93690 60199
60407 86861
95240 59721
95008 59722
91752 60914
73943 69803
68268 74754
67027 75893
64915 78396
63689 80642
58327 92035
59648 88558
77417 67324
82344 64933
89070 61954
56120 96885
56068 97061
61743 84194
96937 59145
100074 58383
98338 58766
58001 93293
57026 96000
80072 66031
91346 61047
91470 60986
83901 64338
66052 76893
102675 57756
95506 59592
93420 60363
67183 75815
72014 71492
71755 71700
73191 70467
86236 63422
77133 67555
83619 64474
83489 64483
63209 81563
69668 73491
68536 74593
72534 70923
73450 70259
69081 73892
71882 71509
71436 71983
83277 64607
65919 77028
90601 61458
96005 59459
94219 60053
100206 58368
70744 72471
84257 64219
64686 78829
63936 80179
63234 81493
64940 78326
63460 81075
64787 78757
63561 81003
94773 59917
84705 64057
102047 57893
53183 107539
82247 64960
82132 65057
89426 61835
83787 64433
88396 62188
64312 79520
64435 79317
72399 71120
72180 71238
70351 72896
79998 66078
62386 82958
62514 82798
61322 84979
61414 84907
71265 72057
83804 64365
60296 87127
83689 64462
62263 83161
61783 84082
60472 86804
72954 70571
70997 72218
75253 69009
75150 69070
58305 92176
58449 91928
57481 94646
63792 80427
63191 81669
57303 94898
59017 90432
61893 83976
59075 90286
62355 83089
60667 86279
61291 85110
60811 86031
60698 86148
57754 93763
67817 75363
94310 59970
93496 60281
95409 59619
82630 64826
84635 64069
87560 62551
87677 62507
73028 70524
82035 65084
88752 62069
86738 62991
69808 73414
90681 61317
65469 77465
86071 63519
64579 79069
64014 80107
75753 68575
75792 68533
62119 83409
69318 73788
77090 67741
84926 63969
61639 84330
93014 60496
62044 83673
61906 83879
67408 75694
86122 63491
58698 91187
97417 58965
62637 82595
101223 58065
83419 64495
57898 93515
65141 77978
64661 78899
63435 81145
54743 100571
54774 100405
56120 96885
55145 99592
55749 97698
55745 97849
55176 99426
64165 79856
65387 77635
68675 74477
102772 57729
63353 81315
63837 80369
77974 67194
64422 79420
62533 82731
62658 82550
97104 59053
94851 59843
98505 58674
101320 58038
70039 73211
57496 94494
57922 93491
71851 71549
70775 72431
69050 73932
64823 78559
73481 70219
70490 72674
65500 77425
69287 73828
66842 76054
79977 66147
95310 59709
70517 72659
78023 67162
87500 62675
93105 60468
95358 59648
68342 74681
60784 86046
61243 85170
60725 86133
61517 84692
61564 84594
63714 80572
57373 94697
74731 69400
99661 58428
88973 61981
92421 60710
84807 64027
88849 62042
85046 63888
85118 63857
85738 63653
60173 87330
60200 87315
92588 60627
76820 67889
86196 63444
78971 66645
88110 62359
66099 76861
64534 79200
70277 72943
64387 79463
64243 79711
75499 68848
70933 72332
73318 70276
71689 71730
85886 63593
84829 63996
64538 79102
63312 81348
72114 71474
79421 66285
70211 73111
94283 59985
72207 71223
72298 71182
84478 64131
85623 63681
65018 78181
63534 81028
64760 78782
63160 81719
65267 77846
69427 73766
63005 81970
72146 71373
63915 80224
73213 70363
65359 77683
57496 94494
93642 60260
94143 60062
62478 82886
83015 64696
84160 64246
85765 63638
85859 63608
95978 59474
75354 68947
79132 66531
61082 85415
61639 84330
59319 89771
56322 96456
56003 97118
59992 87725
60893 85861
61346 84955
59792 88310
63671 80758
71001 72193
88211 62297
76880 67808
88180 62347
75280 68994
76058 68248
76264 68027
86664 63038
80968 65544
78944 66660
80344 65783
68369 74666
77207 67508
86422 63252
59552 88746
81458 65291
76981 67746
71592 71757
75607 68694
68906 74180
65687 77170
59696 88498
75679 68622
77491 67277
82556 64873
74657 69447
87241 62831
66698 76302
72507 70938
73240 70348
78387 66790
74017 69756
91826 60867
63597 80805
72728 70809
60019 87710
60842 85900
60050 87579
67871 75255
94431 59929
90118 61531
91249 61074
92615 60536
61848 84025
74914 69231
63086 81766
57447 94650
93494 60316
86348 63299
76767 67953
74597 69571
59874 88157
68816 74325
76085 68233
62931 82133
63032 81955
62835 82321
62779 82388
62704 82468
66407 76412
94878 59828
68648 74492
65285 77730
79101 66634
62223 83273
97681 58846
93113 60406
101467 58033
73734 69949
73690 70056
87189 62930
87214 62846
70137 73158
67790 75378
53639 104975
53678 104864
61971 83822
73314 70301
66107 76738
64643 79005
63427 81268
68042 74992
106403 57029
104728 57355
78773 66760
77899 67233
57893 93659
55145 99592
70649 72642
87415 62738
65993 76981
99390 58478
68268 74754
78241 67003
78134 67043
93787 60172
97646 58923
97514 58938
87318 62765
75652 68637
102047 57893
87315 62784
79903 66174
85623 63681
60551 86613
88104 62453
90607 61364
87533 62566
74624 69556
80317 65798
74630 69462
90030 61571
77127 67649
90024 61665
87527 62660
66325 76443
76880 67808
73652 70128
73555 70172
89997 61680
61591 84579
62074 83607
68789 74340
78241 67003
64460 79247
55241 99369
70849 72384
70933 72332
65137 78076
65274 77843
79104 66625
60317 87082
72146 71373
79380 66377
56966 96073
102675 57756
62581 82671
64316 79495
63788 80525
64239 79809
63911 80322
66103 76763
63431 81243
63075 81885
53203 107444
72701 70824
62979 82073
62849 82303
77100 67664
67622 75432
55841 97661
55776 97683
62704 82468
90057 61556
66924 76023
58633 91244
84066 64276
74420 69630
74355 69691
68093 74935
58777 90996
64048 80089
64657 78997
82921 64726
98268 58778
93183 60394
73905 69875
88849 62042
88973 61981
67021 75996
82921 64726
91497 60971
83042 64681
87415 62738
95008 59722
94073 60074
84187 64231
92108 60731
91853 60852
96369 59287
69571 73518
100241 58291
105555 57157
91319 61062
103526 57569
100004 58395
100966 58124
95862 59482
99153 58582
86519 63225
95506 59592
94911 59749
82344 64933
69878 73402
90963 61181
99417 58463
73808 69902
73125 70497
96606 59183
97514 58938
102772 57729
84976 63900
103029 57670
101790 57952
83969 64303
101293 58053
102144 57866
81485 65276
82247 64960
103880 57483
87162 62945
89568 61723
71619 71742
82132 65057
92642 60521
89070 61954
89356 61847
88396 62188
95862 59482
62779 82388
53428 105901
53488 105838
59140 90229
58694 91220
59096 90241
55176 99426
55385 99121
57819 93706
61827 84070
62184 83352
60434 86846
60098 87519
60640 86294
55001 99840
57754 93763
59017 90432
56068 97061
57631 93966
55066 99783
59927 87782
62119 83409
56178 96704
61957 83840
60602 86336
62307 83149
62410 82934
54387 101960
55066 99783
84561 64116
60362 87059
79495 66238
65993 76981
89282 61894
70649 72642
78060 67090
78313 66837
81384 65338
65289 77705
66274 76500
58231 92223
83207 64619
63784 80550
57613 94298
70351 72896
64235 79834
73555 70172
76338 67980
59375 89441
57229 94945
93420 60363
75866 68486
67455 75662
74355 69691
58545 91740
63090 81741
67101 75846
55574 98112
70211 73111
65014 78279
67945 75208
83203 64654
81988 65116
58422 91943
63308 81446
64487 79232
58278 92191
63907 80347
70137 73158
90634 61349
89329 61862
57893 93659
78134 67043
65086 78133
57819 93706
70849 72384
74420 69630
66624 76349
74494 69583
67548 75479
69734 73461
79448 66270
65919 77028
69571 73518
73808 69902
68443 74619
59792 88310
64133 79929
91202 61106
88705 62101
86418 63287
58375 91975
63667 80783
73734 69949
75984 68295
57303 94898
72325 71167
75354 68947
72981 70556
66795 76086
67871 75255
80418 65736
72372 71135
84066 64276
84949 63915
91752 60914
102959 57682
68443 74619
62010 83743
62184 83352
62223 83273
72087 71489
76793 67904
101223 58065
90174 61512
79159 66516
79176 66459
62451 82901
65049 78141
61414 84907
74494 69583
76981 67746
63075 81885
85424 63738
67183 75815
67704 75401
67101 75846
65714 77155
65769 77139
94911 59749
100214 58306
97673 58908
101763 57967
100939 58139
68606 74562
99353 58546
52760 112545
53333 106859
52665 112561
53148 108108
73690 70056
73905 69875
73652 70128
67021 75996
78060 67090
93642 60260
66924 76023
67704 75401
53148 108108
53158 108010
61264 85125
60050 87579
62931 82133
60098 87519
62979 82073
62581 82671
62328 83104
59669 88513
61490 84707
58348 91990
61010 85628
68093 74935
65123 78094
66321 76468
80129 65982
83133 64666
83112 64669
64133 79929
99353 58546
58777 90996
67622 75432
54044 103666
62010 83743
83969 64303
63308 81446
65014 78279
75607 68694
75123 69085
75086 69108
68606 74562
78313 66837
80777 65721
89924 61705
84478 64131
