9 0.150154
309505 308616
318879 303603
335144 299843
306511 319584
345702 294618
323968 303017
309328 315689
334607 301812
299046 326771
348786 293291
315716 308617
311559 317132
335260 304267
309824 323839
323067 304834
349978 294104
345645 303896
322445 305150
321084 307614
310589 319850
310380 322197
310528 320899
305658 331104
350313 293825
336623 304334
308050 331454
322538 307581
318411 312074
317283 315784
326140 307146
312095 321413
335515 304856
311853 322472
314102 320754
316729 318560
333728 306598
322253 310380
310729 331188
316126 320413
319589 312052
311845 328704
332044 307141
357414 296708
307941 335493
313103 322983
328896 307217
339506 305052
308581 337632
317723 316783
337843 305305
323784 310709
309385 332711
319792 312948
315452 321628
317343 318352
327843 309601
320493 312425
321436 312225
310075 332259
323666 311398
309938 332384
369774 302827
308038 346380
372112 340181
324781 338469
340409 322380
329601 326372
338073 337989
347474 322018
324791 325672
325137 355963
337105 322218
341829 336853
321917 323299
350078 345148
347461 337095
341443 336012
340095 325345
339884 314458
358665 343396
340409 338499
336703 343032
336490 322824
321595 336081
335705 323021
325314 322987
326904 345107
324567 340541
344484 332487
318961 340990
334558 343404
313206 343683
343008 336911
323832 342056
325996 327956
340063 330522
312410 309268
345692 337455
323510 317450
331395 328595
353203 319548
325757 347734
308685 314926
340358 336490
346770 322318
351705 335488
332820 321541
330073 350865
329669 311585
331687 318147
332317 336112
355469 323688
347671 316463
360013 332856
325665 332183
334702 353516
339013 321101
347337 324619
330043 351413
311317 326356
327888 343001
341434 332968
350737 340371
332910 330947
332766 337984
339806 337216
338333 329854
342764 342284
339297 348196
334914 349467
331302 339030
332996 327370
342325 341444
357009 337600
339551 338612
341316 333384
347264 349601
326853 328566
338831 334996
344100 344605
347830 331314
346027 339823
350073 333736
317897 319022
349670 336443
352506 341252
323730 316603
354516 345708
321322 334841
317301 351825
331423 344462
348259 325116
344077 339667
339925 341606
357236 330444
330303 349049
350084 329013
344859 365666
336999 305084
339819 358059
336596 363023
340376 345375
362652 338144
351427 358376
346769 323281
341447 334453
323154 353180
328925 315715
337883 344320
332729 341514
347877 349205
335241 331155
341409 321177
322170 339060
320118 308659
334761 318734
340033 328605
355989 316540
323893 342290
344334 329645
360544 352550
349733 329686
329569 336923
340971 342611
353537 317724
336213 340297
344923 314293
333459 336427
331542 324067
343732 317947
360941 322430
317451 343759
354986 328481
345848 336360
343646 329665
338319 340999
340055 321916
337744 346118
336141 319073
344441 339317
349023 345824
342925 333257
343569 364304
347529 338716
336535 323554
333198 344263
311018 320536
331110 319654
343777 334784
315874 338632
344191 342418
342619 345366
357613 342693
331693 338543
363830 314605
345609 332492
329097 326264
328798 341891
350556 321100
339504 330628
341964 335132
341382 326176
331683 350099
343445 309128
328326 342109
345171 340955
328330 296488
343044 345231
356823 312592
332630 329491
340080 335733
342015 341684
335132 338409
354669 332049
353095 343058
329480 329961
346866 325260
335470 327162
350352 337884
325012 328822
335754 336463
339522 337400
325288 337013
345663 330993
330001 333032
346529 333172
344363 328138
329120 350055
319289 323057
353813 330192
331187 339508
327759 347052
339077 323891
339188 331320
330341 338633
341560 330235
348642 320691
317566 359506
338474 324280
330883 332932
344260 333615
348034 341876
327386 338919
346323 352305
341218 330089
368163 315442
324275 336071
337839 340099
333754 323476
350867 354168
348122 320588
341706 341075
342983 318993
341018 328444
338551 334944
365228 324168
306710 345166
328912 302838
329707 322301
334065 318830
313341 331649
314725 342211
319646 345403
316229 340546
343595 341709
347054 330284
342911 331237
332201 335697
345267 332851
338052 325634
318177 327540
359666 357593
340507 336211
356318 339893
341385 325977
326097 307490
337342 326377
349403 331252
344552 341201
338205 330963
