354 3.39113
769261 801070 809633 802442
836984 807581 786502 774177
808812 741891 795630 788712
808456 761519 818402 808587
778307 813407 792314 843208
813228 804010 759546 817035
836984 807581 786502 774177
816816 851722 760835 803779
779088 820085 805976 841318
775352 824010 795736 824813
793737 766724 785420 778647
784575 832516 813100 801251
808812 741891 795630 788712
808456 761519 818402 808587
835691 781879 776953 822125
784575 832516 813100 801251
817729 844452 818337 774394
808456 761519 818402 808587
784575 832516 813100 801251
817729 844452 818337 774394
817729 844452 818337 774394
824861 788584 775523 785962
796057 787159 779077 824856
803829 796654 770311 793218
808456 761519 818402 808587
798253 811599 781654 792050
817729 844452 818337 774394
827794 787444 773858 834473
794880 801302 761426 830098
794880 801302 761426 830098
778984 782162 808436 812285
769261 801070 809633 802442
783678 814791 790974 806820
802207 817004 766861 788015
788317 820035 792604 797950
804756 764842 786777 819411
806785 792186 772939 784847
802207 817004 766861 788015
813228 804010 759546 817035
775437 821465 797761 804377
792330 784297 781065 813793
806785 792186 772939 784847
802628 803024 770813 800918
781796 763487 789755 821194
831204 798262 763905 824449
816816 851722 760835 803779
808725 789651 776490 816145
817729 844452 818337 774394
794880 801302 761426 830098
775352 824010 795736 824813
812989 806484 783521 781392
794880 801302 761426 830098
812825 811242 781942 781444
817729 844452 818337 774394
792330 784297 781065 813793
778307 813407 792314 843208
799160 800266 772958 812630
802628 803024 770813 800918
829492 822485 761231 814283
769261 801070 809633 802442
808456 761519 818402 808587
790876 808173 793944 781498
788317 820035 792604 797950
785816 802061 791512 801486
831204 798262 763905 824449
815613 789210 808955 777113
810962 789038 775869 795271
824876 812498 764675 795697
775437 821465 797761 804377
799815 816004 764556 819425
815613 789210 808955 777113
810385 781756 780881 804856
781796 763487 789755 821194
781796 763487 789755 821194
812989 806484 783521 781392
789808 791489 792171 785150
788466 781894 811929 815591
831204 798262 763905 824449
799815 816004 764556 819425
799815 816004 764556 819425
788317 820035 792604 797950
788317 820035 792604 797950
781796 763487 789755 821194
812989 806484 783521 781392
813228 804010 759546 817035
815613 789210 808955 777113
781796 763487 789755 821194
815613 789210 808955 777113
831204 798262 763905 824449
796057 787159 779077 824856
778307 813407 792314 843208
786739 797975 798738 796729
804756 764842 786777 819411
824861 788584 775523 785962
792330 784297 781065 813793
803829 796654 770311 793218
783678 814791 790974 806820
778984 782162 808436 812285
806785 792186 772939 784847
789185 803702 780439 808223
778307 813407 792314 843208
808812 741891 795630 788712
827794 787444 773858 834473
792330 784297 781065 813793
799815 816004 764556 819425
824876 812498 764675 795697
812989 806484 783521 781392
781796 763487 789755 821194
827794 787444 773858 834473
786739 797975 798738 796729
769261 801070 809633 802442
788466 781894 811929 815591
816816 851722 760835 803779
808812 741891 795630 788712
810385 781756 780881 804856
804756 764842 786777 819411
787024 797458 811256 790210
790876 808173 793944 781498
802628 803024 770813 800918
812989 806484 783521 781392
812989 806484 783521 781392
792330 784297 781065 813793
787024 797458 811256 790210
802207 817004 766861 788015
799815 816004 764556 819425
789808 791489 792171 785150
778307 813407 792314 843208
803829 796654 770311 793218
799815 816004 764556 819425
789185 803702 780439 808223
824861 788584 775523 785962
802628 803024 770813 800918
808456 761519 818402 808587
824876 812498 764675 795697
786739 797975 798738 796729
812989 806484 783521 781392
836984 807581 786502 774177
778984 782162 808436 812285
804756 764842 786777 819411
813228 804010 759546 817035
778307 813407 792314 843208
815613 789210 808955 777113
808812 741891 795630 788712
781796 763487 789755 821194
799815 816004 764556 819425
787024 797458 811256 790210
799815 816004 764556 819425
788466 781894 811929 815591
790876 808173 793944 781498
816816 851722 760835 803779
836984 807581 786502 774177
812989 806484 783521 781392
808725 789651 776490 816145
806785 792186 772939 784847
815613 789210 808955 777113
775437 821465 797761 804377
778984 782162 808436 812285
783678 814791 790974 806820
813228 804010 759546 817035
808456 761519 818402 808587
802628 803024 770813 800918
810962 789038 775869 795271
808456 761519 818402 808587
789185 803702 780439 808223
779088 820085 805976 841318
787024 797458 811256 790210
808456 761519 818402 808587
787024 797458 811256 790210
803829 796654 770311 793218
789808 791489 792171 785150
784575 832516 813100 801251
827794 787444 773858 834473
796057 787159 779077 824856
812825 811242 781942 781444
799160 800266 772958 812630
827794 787444 773858 834473
778984 782162 808436 812285
796057 787159 779077 824856
802207 817004 766861 788015
824861 788584 775523 785962
817729 844452 818337 774394
824861 788584 775523 785962
812825 811242 781942 781444
778307 813407 792314 843208
794880 801302 761426 830098
799160 800266 772958 812630
794880 801302 761426 830098
827794 787444 773858 834473
829492 822485 761231 814283
808456 761519 818402 808587
817729 844452 818337 774394
769261 801070 809633 802442
789185 803702 780439 808223
790876 808173 793944 781498
789808 791489 792171 785150
804756 764842 786777 819411
798253 811599 781654 792050
803829 796654 770311 793218
812989 806484 783521 781392
804756 764842 786777 819411
808456 761519 818402 808587
778984 782162 808436 812285
831204 798262 763905 824449
784575 832516 813100 801251
778984 782162 808436 812285
817729 844452 818337 774394
824876 812498 764675 795697
812825 811242 781942 781444
816816 851722 760835 803779
813228 804010 759546 817035
827794 787444 773858 834473
808812 741891 795630 788712
775352 824010 795736 824813
783678 814791 790974 806820
788317 820035 792604 797950
789185 803702 780439 808223
804756 764842 786777 819411
802207 817004 766861 788015
806785 792186 772939 784847
802207 817004 766861 788015
793737 766724 785420 778647
775437 821465 797761 804377
831204 798262 763905 824449
808812 741891 795630 788712
808456 761519 818402 808587
812989 806484 783521 781392
796057 787159 779077 824856
808456 761519 818402 808587
789808 791489 792171 785150
783678 814791 790974 806820
813228 804010 759546 817035
808456 761519 818402 808587
810962 789038 775869 795271
789185 803702 780439 808223
779088 820085 805976 841318
787024 797458 811256 790210
792330 784297 781065 813793
803829 796654 770311 793218
778984 782162 808436 812285
804756 764842 786777 819411
827794 787444 773858 834473
810385 781756 780881 804856
816816 851722 760835 803779
799160 800266 772958 812630
788466 781894 811929 815591
778984 782162 808436 812285
796057 787159 779077 824856
824861 788584 775523 785962
812989 806484 783521 781392
813228 804010 759546 817035
786739 797975 798738 796729
824876 812498 764675 795697
808812 741891 795630 788712
802628 803024 770813 800918
787024 797458 811256 790210
799815 816004 764556 819425
824861 788584 775523 785962
790876 808173 793944 781498
803829 796654 770311 793218
836984 807581 786502 774177
812989 806484 783521 781392
778307 813407 792314 843208
806785 792186 772939 784847
815613 789210 808955 777113
775437 821465 797761 804377
788317 820035 792604 797950
815613 789210 808955 777113
781796 763487 789755 821194
824876 812498 764675 795697
815613 789210 808955 777113
827794 787444 773858 834473
813228 804010 759546 817035
775352 824010 795736 824813
812989 806484 783521 781392
784575 832516 813100 801251
789185 803702 780439 808223
804756 764842 786777 819411
802207 817004 766861 788015
836984 807581 786502 774177
831204 798262 763905 824449
775437 821465 797761 804377
810962 789038 775869 795271
808456 761519 818402 808587
790876 808173 793944 781498
817729 844452 818337 774394
786739 797975 798738 796729
827794 787444 773858 834473
781796 763487 789755 821194
824876 812498 764675 795697
792330 784297 781065 813793
806785 792186 772939 784847
778984 782162 808436 812285
789808 791489 792171 785150
824861 788584 775523 785962
804756 764842 786777 819411
798253 811599 781654 792050
803829 796654 770311 793218
812989 806484 783521 781392
804756 764842 786777 819411
778984 782162 808436 812285
