13364 284.245
114291 149501 146675 152294
134798 139759 153017 143927
112352 170637 158059 148766
156819 154867 163566 98893
131532 158904 144644 152949
117330 160314 166653 167396
139251 174337 153320 106034
145112 150190 114711 141391
129002 162091 132379 157324
121248 151306 153601 137346
175671 166547 172579 106038
118139 143026 162496 142095
155354 149163 145608 128834
146239 149713 168098 158795
150645 148927 154982 119531
175038 167639 180538 105584
178658 166236 133434 130310
161107 150280 146309 157816
155900 143586 138291 122403
104096 146098 154087 139807
146070 160177 132865 119013
156317 134589 158283 98420
137936 155365 174298 162661
141875 160160 148676 139191
144017 157729 163670 145086
147049 151907 114089 133239
121788 158522 130229 122818
169420 153707 114913 146912
135948 150202 168774 147080
141780 158657 128177 112288
130246 149950 132705 142126
160498 141369 141838 143953
166066 158872 152251 152987
122315 166727 166487 134664
149723 163298 157680 160097
162588 156600 106918 163723
126906 164020 131504 131909
126989 151963 156973 127064
147927 137628 155819 121132
143257 150406 165958 159365
168769 160018 123352 109456
118717 158919 157079 155194
155589 151036 139008 141100
155212 142793 162552 145081
135343 148164 153615 149926
114870 172241 128641 133013
115808 164942 164392 139415
121833 143784 182876 141162
111040 156033 147042 144953
172684 135760 140491 159404
147083 164990 149071 137548
139891 143921 130699 145962
142883 143621 152817 138467
147291 168217 141785 150966
178737 150260 101386 129701
171494 167273 159191 100914
139584 126558 157049 120202
152886 165968 132978 121046
169491 137056 147951 171262
145521 165790 165507 151737
172009 152192 163862 167795
152256 158862 139937 130212
134556 148292 157295 146410
161826 128982 133390 113983
156079 157014 156350 109714
142109 159955 140347 152896
186686 162714 185510 173336
151435 138767 157058 135488
150911 159379 161886 126756
160112 161674 126337 139739
148137 155237 123884 143285
144139 149840 147469 141543
125292 144541 180316 143628
149202 170363 116715 140613
147637 131461 134268 139361
119998 172798 154714 154661
152316 166272 119199 131023
161544 157403 147114 121088
145709 150847 146077 145629
159542 147261 148459 137419
162477 138927 160644 104338
137986 161442 161602 121595
169545 123929 152125 147340
142485 158783 167565 107481
119003 155333 157944 139966
115727 159134 170866 163920
162217 123192 155465 148706
158511 136757 175343 154690
146471 128517 148558 154453
147607 158370 154173 144888
142080 137612 143564 145757
135120 155883 164610 156551
175048 142151 149592 143033
157273 158125 136534 148133
170655 154335 164913 159405
166953 159118 157367 172380
134594 137301 154219 109014
167839 146009 155944 111540
152256 154902 155899 103558
111605 150108 171279 149942
105466 157431 142558 122875
163187 136553 152779 156256
142138 151909 139685 137984
154253 130113 151501 132933
150347 158559 151369 118276
142986 138166 141321 132269
151829 144995 129244 126446
115472 132856 155976 137380
117952 142948 142100 134411
136804 165576 135965 128201
174795 160616 113947 134430
142405 144068 144710 132857
169254 157017 153937 155231
159139 133330 154024 150515
149426 148667 147099 124464
144449 150508 155814 123880
154544 146396 164046 136411
170342 132151 142789 142558
154098 147739 150711 135889
154826 139291 134378 113157
140323 153573 137898 142076
166370 143026 140194 144115
154441 150299 158474 140539
164436 144900 157964 154785
111933 160820 145883 138571
123985 143167 172102 132770
140532 152976 158418 136572
107320 163125 154970 142662
164822 151976 151912 144314
151221 139899 147635 131927
152796 169033 152398 131718
136936 169038 162121 106360
157361 169504 172094 142803
175726 139507 133544 142024
149108 153491 137594 114010
115438 159425 170866 137770
136441 150052 134107 115783
134476 161666 136847 135124
140922 143810 148777 158110
152910 139242 126640 108247
161368 133810 148582 99167
123476 143924 149581 131018
140588 145987 139717 140531
110569 157698 160912 141581
157302 139192 156020 158096
127670 153494 145636 110154
139423 165178 167258 162772
151632 148228 149583 146578
177140 154292 167160 132978
147024 150458 162066 124051
164188 174831 105136 152930
175254 165529 154521 148593
171830 143945 166686 158891
150470 158518 124253 107393
153613 162974 142060 121581
176974 157181 174080 105359
131654 168989 178574 151769
179161 166021 165266 121744
137509 148786 149670 144012
158128 144193 152850 158473
169315 148693 154462 138762
136360 168204 135463 99227
140854 161890 167844 145833
176058 159407 180475 130932
156254 155645 152524 150184
155002 162227 140924 115201
125636 135725 126593 152239
149074 152365 139286 113875
115204 143353 159707 139629
132006 149691 167675 103819
155459 155178 136560 153103
166119 129722 150350 142320
148910 123426 157914 123629
162766 167476 182625 110261
157525 169293 155651 133507
163827 135932 164766 153346
148642 137776 160040 157006
161666 158176 159779 122710
150354 158456 150096 152632
149548 142559 146839 154107
162314 157856 146470 131296
161250 146253 151896 124734
167047 162014 109731 132126
121050 163774 162300 158009
159323 150342 152295 154134
128298 136640 148647 139347
161760 147800 140079 150822
163964 170448 172301 108076
168665 135421 150939 164584
157679 162257 159176 107431
128102 151552 143418 147556
171490 170335 152853 155854
159593 155848 147880 137021
146652 164200 165161 122481
130263 161705 147872 137140
151285 153224 150693 123891
155921 167575 156320 147173
148537 177664 151493 125049
166955 153178 109240 151382
157687 159446 147658 125544
165094 122330 138881 141845
160513 168460 165932 114112
165302 166997 158168 144741
109415 134782 163378 117061
161934 146793 150743 122486
161679 158343 122215 136064
143385 150858 143778 133197
157053 172729 139494 131913
152911 153162 144372 102996
117914 161811 145937 132764
165697 147002 151290 151671
140597 172550 148013 123854
149400 172237 147742 121280
133291 145933 157333 119486
156768 143177 131878 132099
125902 150181 169526 161185
140543 163129 146337 144361
118662 142486 156479 130012
143544 152039 135022 140902
179939 149023 141261 155081
140691 169907 150738 123784
126400 151288 166342 136419
163277 159109 148656 128100
146263 146317 175697 176525
147668 152667 152729 125981
144754 121395 141085 143110
147755 161573 148687 103090
148983 157736 111932 152237
141111 152598 140656 130923
152509 138492 121752 144033
154072 162658 112740 151288
111060 145142 142590 143751
171245 157111 146809 113741
160441 132911 143749 155853
141814 157860 151702 150344
145852 168297 149907 132224
159006 121582 146183 124323
124194 148359 137747 126484
139956 162845 125802 139695
164770 158252 162240 146445
163503 156425 146826 106638
167858 158954 126757 148194
137656 159606 145272 115931
126677 170913 171151 153785
139326 148296 133691 152900
161426 151420 123276 112276
140623 152621 138121 138980
111830 163463 142396 111889
158898 137621 143201 149865
161638 133694 152715 156619
159887 125414 122634 155751
144967 156094 152282 149488
147317 166071 146265 130484
152305 148976 146112 137610
163517 156128 145015 166321
146304 173944 130793 135651
124798 158881 150231 156751
147632 152975 142543 106241
141731 152956 151174 137917
166206 138267 144282 143467
125069 129118 142839 103537
154336 146410 175339 158427
116542 140080 173191 142999
155061 138872 162706 144334
138250 149961 109987 137249
153532 144471 157342 159976
134514 144352 138139 132970
146334 168206 151345 141570
141661 150047 139324 109559
119909 150498 149894 131647
142821 154534 132473 114366
140013 140801 154144 151106
128405 168343 147966 132035
171840 152691 171320 111316
119780 129633 140765 139034
137038 177095 125486 152138
159892 169050 160462 124064
140558 137364 138640 132513
159718 172367 109295 135603
155550 170289 161957 124796
134563 170787 157284 135501
157598 178530 120074 157237
122586 159725 137005 137693
121678 159388 171577 119751
139968 166782 153973 130547
119186 159500 155608 115246
149755 168151 178577 109282
159552 152817 152377 111026
138273 133006 147777 131483
156845 152310 166581 143864
165025 146764 138088 151346
116958 154729 123572 149184
152695 168122 168624 139124
137149 167597 141505 147987
132691 135172 143127 115680
155094 140846 157001 137135
147773 135964 156959 110578
151930 157796 131090 145017
138122 156723 154548 134043
170387 165015 137047 113703
