454 7.27503
100390 64853
100390 64853
81357 101576
81357 101576
85660 73010
81388 94374
85649 78052
81832 88492
81669 91965
82251 85608
98452 65127
81832 88492
86161 70557
98922 65044
95563 65433
96977 65428
85211 78431
84868 80832
84869 79247
83970 81682
97336 65285
87666 67937
83740 81773
81669 91965
81458 93622
87571 68801
90158 66896
82251 85608
83636 83103
82689 84238
84481 81004
86161 70557
88333 67738
82636 84861
86452 70107
86924 69734
88805 67365
88803 67655
87124 69430
81458 93622
84481 81004
83513 84034
88333 67738
98922 65044
83164 84146
87124 69430
90614 66820
92519 66253
89275 67282
86452 70107
89308 67224
93355 65932
91367 66530
89745 67018
91790 66512
92932 66131
82636 84861
84869 79247
87571 68801
81388 94374
93355 65932
83164 84146
86924 69734
92146 66298
91051 66614
97336 65285
83525 83575
83636 83103
94590 65657
89842 66980
97067 65304
94913 65605
93671 65848
91367 66530
94443 65688
93671 65848
94141 65765
93940 65829
94913 65605
95182 65586
95398 65559
90840 66702
90840 66702
90614 66820
83525 83575
91051 66614
91837 66447
92049 66336
95182 65586
92932 66131
89745 67018
87666 67937
93940 65829
94127 65772
94443 65688
95398 65559
94590 65657
95563 65433
92049 66336
89842 66980
89308 67224
92616 66215
92731 66195
92821 66176
92146 66298
92821 66176
92616 66215
91837 66447
82689 84238
92731 66195
97067 65304
96977 65428
89275 67282
83513 84034
91790 66512
94141 65765
88805 67365
88803 67655
94127 65772
98922 65044
98922 65044
98922 65044
98922 65044
98922 65044
97336 65285
97336 65285
97067 65304
97067 65304
97067 65304
97067 65304
97067 65304
97067 65304
97067 65304
97067 65304
97067 65304
97067 65304
97067 65304
97067 65304
97067 65304
97067 65304
97067 65304
97067 65304
97067 65304
97067 65304
97067 65304
96977 65428
96977 65428
96977 65428
95563 65433
95563 65433
95563 65433
95398 65559
95182 65586
95182 65586
94913 65605
94913 65605
94590 65657
94141 65765
94127 65772
93671 65848
93355 65932
92821 66176
92731 66195
92616 66215
92146 66298
91837 66447
89745 67018
89275 67282
89275 67282
88803 67655
102086 64948
102086 64948
86775 73624
89458 71979
89518 68174
98606 65128
93223 66181
97713 65410
90215 66935
94763 65986
96686 65457
92609 66287
95868 65476
95218 65648
92047 66626
91091 66882
94892 65926
91389 66780
91718 66668
90312 66897
90215 66935
90312 66897
102086 64948
102086 64948
102086 64948
90312 66897
99717 65433
89379 76842
90133 69096
95900 65624
90458 67109
93331 66445
92900 66543
97058 66045
89385 77446
91061 76009
93121 66669
96746 66455
91073 71663
92420 67326
92371 69814
92189 71521
92272 71021
100082 66347
90027 85120
90641 77624
92041 71833
95657 66705
92731 67521
93334 67218
103056 66484
92501 72364
92797 67693
96329 66854
102343 66666
95787 67289
94198 67298
93856 67512
97629 66865
92577 74396
94261 67327
93022 70917
93173 67954
92861 72850
94008 67599
98433 67468
92708 77836
94614 67616
93119 72786
93612 70718
93548 72389
93901 69022
94498 68070
94014 68892
101937 67666
93209 73739
96512 67752
94491 71396
94897 68138
94370 73040
93948 73602
93351 73631
100670 68069
93309 75924
94667 74685
96441 68280
94900 69326
95569 69283
93892 75213
98895 68281
93917 80900
96640 69157
94798 75120
95396 69925
95250 73917
97126 69219
94697 84362
94845 75531
95853 70491
95904 70412
101678 69402
95833 75725
96814 71513
100588 70362
97146 70589
109859 69480
96844 78255
96924 72587
100857 70401
99052 70899
100297 71708
97182 73434
99306 72698
98756 73055
100880 71734
97345 75143
99105 73101
98728 73801
104199 72421
97886 75785
99232 74666
101732 72689
101885 72730
98100 81090
99325 77771
99296 78558
103588 73710
101299 79347
106718 76619
107290 77742
96347 65514
81357 101576
81357 101576
81388 94374
85660 73010
85649 78052
81832 88492
81669 91965
82251 85608
94668 65963
93324 65978
95280 65578
81832 88492
81458 93622
84481 81004
82689 84238
84868 80832
84869 79247
82251 85608
86534 72692
81669 91965
83740 81773
86700 70398
87613 68457
83513 84034
87020 69789
83636 83103
87370 68819
86589 71473
85211 78431
87020 69789
88187 68245
86175 72835
83970 81682
83176 84164
92538 66145
83970 81682
92854 66061
86589 71473
87370 68819
83636 83103
93324 65978
82689 84238
89041 67581
86175 72835
88670 67980
95011 65597
89901 67235
89041 67581
83176 84164
90250 67215
86700 70398
95011 65597
92854 66061
85211 78431
94668 65963
91915 66668
84869 79247
87613 68457
89310 67562
85480 78412
90540 67129
92205 66582
92184 66649
88525 68169
92474 66563
88256 68188
88670 67980
90996 66948
91265 66929
91735 66846
89400 67438
90899 66986
90706 67034
90347 67177
89593 67386
92521 66498
91915 66668
91735 66846
91562 66851
83513 84034
88187 68245
88546 68102
83740 81773
89786 67338
89901 67235
89786 67338
90609 67072
91369 66903
89593 67386
90899 66986
90706 67034
90347 67177
86534 72692
91265 66929
91466 66865
89690 67352
91369 66903
90250 67215
90996 66948
91466 66865
89690 67352
85522 78317
91562 66851
89331 67495
89400 67438
85575 78144
90609 67072
85660 73010
88256 68188
85522 78317
85559 78176
84868 80832
88546 68102
92474 66563
85575 78144
85559 78176
85480 78412
85649 78052
89331 67495
92521 66498
92205 66582
92184 66649
88525 68169
93324 65978
92854 66061
92854 66061
92854 66061
92854 66061
91915 66668
91915 66668
91466 66865
90347 67177
88256 68188
87613 68457
87370 68819
98857 65547
98857 65547
88287 81176
88613 70665
98229 65709
92790 66479
89293 68260
90722 68249
91411 67796
91840 66903
92670 66796
91768 67588
92790 66479
98588 65566
98588 65566
92675 66499
98857 65547
98857 65547
98857 65547
98857 65547
98857 65547
98857 65547
98857 65547
98857 65547
98857 65547
98857 65547
98857 65547
98857 65547
98857 65547
98857 65547
98857 65547
98857 65547
98857 65547
98857 65547
98857 65547
98588 65566
98588 65566
98588 65566
98588 65566
98588 65566
98588 65566
98588 65566
98588 65566
98674 65800
88847 73774
90440 73120
94212 66499
90660 69492
91807 68973
92800 66631
91056 69347
92898 66534
94539 66753
89373 75023
91028 72750
89638 74895
92803 67930
93396 67033
92359 69861
91646 70885
91472 72555
91857 69878
97760 66894
90245 77583
91118 73840
92146 72707
92420 69902
95458 66966
93455 67512
94866 67168
93346 68837
93174 69684
98494 67942
91663 74809
93586 68191
92607 69983
92472 72921
97768 68036
93512 68956
91972 74055
98021 68032
96630 68305
91956 82901
93740 68360
92051 76261
93361 70198
92677 71957
92287 74657
92536 73604
93658 68446
96863 68337
92326 78131
94186 69205
96770 68658
92735 73839
92518 76987
93284 72219
93880 70721
93423 70726
97426 68984
93022 74642
93688 73966
94428 71188
96324 69524
94911 69624
94459 70234
102567 69004
93408 82414
93883 75343
98251 69225
94579 71037
96814 69670
95366 69736
98641 69675
94260 79900
95412 70046
94659 72983
94584 78648
95410 72313
101217 69780
94795 75176
95641 71720
98935 69975
95409 74156
96613 70183
96282 70212
95097 74749
99511 70243
94914 84512
94963 75282
96892 70739
99324 70631
96358 72066
95741 73061
95610 74922
97656 70766
95583 79630
95629 76105
96349 73243
96939 71902
96586 72422
97889 71657
95622 82318
95662 76179
97052 73307
100424 71910
95690 82423
97575 73461
97088 75511
95831 78310
96113 77159
98755 73609
96236 77439
97147 76287
98226 74269
100314 75221
96303 83530
97403 77509
98741 75426
101663 77712
97463 82606
98655 79976
100877 80358
99016 85900
100647 65582
81357 101576
81357 101576
81388 94374
85660 73010
85649 78052
99013 65809
81832 88492
81669 91965
82251 85608
86534 72692
81832 88492
86589 71473
81458 93622
82689 84238
85211 78431
84481 81004
84868 80832
83513 84034
84869 79247
82251 85608
83970 81682
97991 65999
83740 81773
81669 91965
96985 66064
87521 69105
87335 70450
95306 66324
94411 66449
88358 68233
83636 83103
89007 68004
87065 70626
98350 65856
83636 83103
89007 68004
87065 70626
82689 84238
95306 66324
89484 67826
96045 66222
96246 66166
96716 66083
95776 66241
84869 79247
88258 68671
89484 67826
93313 66694
92997 66778
89843 67683
94411 66449
91347 67300
91052 67317
90159 67599
87811 69019
90159 67599
96716 66083
95776 66241
88080 69000
91368 67233
96985 66064
93672 66551
93625 66616
92463 66917
92416 66982
94142 66468
93941 66532
92732 66898
91637 67214
90428 67580
98350 65856
93356 66635
87811 69019
98073 65967
92147 67001
89746 67721
87335 70450
91838 67150
90629 67516
91838 67150
90629 67516
96246 66166
88258 68671
92050 67039
83513 84034
87521 69105
92933 66834
90841 67405
90841 67405
88358 68233
94142 66468
93941 66532
92732 66898
91637 67214
90428 67580
91009 67376
88112 68921
88112 68921
92050 67039
89746 67721
89843 67683
98073 65967
92997 66778
92147 67001
92933 66834
93313 66694
91009 67376
93672 66551
93625 66616
92463 66917
92416 66982
93356 66635
91052 67317
88080 69000
91368 67233
91347 67300
98350 65856
98350 65856
98350 65856
98350 65856
98350 65856
98350 65856
98350 65856
98350 65856
98073 65967
98073 65967
98073 65967
98073 65967
98073 65967
98073 65967
98073 65967
98073 65967
98073 65967
98073 65967
98073 65967
98073 65967
98073 65967
98073 65967
98073 65967
98073 65967
98073 65967
98073 65967
98073 65967
98073 65967
98073 65967
96985 66064
96985 66064
96716 66083
96716 66083
96716 66083
96716 66083
96716 66083
96716 66083
96716 66083
96716 66083
96716 66083
96716 66083
96716 66083
96716 66083
96716 66083
96716 66083
95776 66241
95776 66241
95776 66241
94411 66449
94142 66468
94142 66468
94142 66468
93672 66551
93625 66616
93356 66635
93313 66694
92933 66834
92463 66917
89007 68004
102228 65804
102228 65804
90068 68253
95507 66449
93974 67356
94096 66849
99221 66151
99707 65929
94036 67349
99421 66085
96174 66479
90483 79557
92108 68806
91235 68977
91172 74476
94393 67810
91099 75641
95407 67131
94620 67678
95769 66649
96068 66612
97419 66502
91589 77512
91869 70152
92381 69364
94749 68366
95867 67831
95179 68282
95975 66759
96631 66653
97238 66613
99420 66807
91953 75499
92000 70321
93429 69585
95203 69043
97068 67099
96232 68081
97025 67890
97913 67169
92081 70352
96808 68375
95505 69154
94423 69939
93502 70125
93677 70007
99491 67171
92159 74389
96091 69261
92306 70759
97487 68388
94270 70585
98907 68167
92958 70730
93956 70620
97725 68573
92342 71908
92421 70800
96881 70150
96903 69385
92376 71835
101383 68622
92454 72279
96943 70303
94370 71371
95149 70960
97816 69316
99724 68964
98567 69018
101569 68677
93648 73239
94431 71447
98131 70495
99484 69051
93970 72522
98225 69380
96630 71099
96488 71294
103339 69949
94518 76205
99318 70689
96941 71321
94788 74450
95055 72497
96036 72471
100357 70728
94955 75778
96876 72615
98108 71426
96656 74481
99769 70948
95887 74944
95096 75728
100607 70822
95058 76834
98174 71854
97868 73215
96752 75628
96633 75738
101089 71163
95255 78700
98448 75585
99237 73615
97080 77141
100664 72608
95713 77553
100814 71884
95556 78381
102588 72707
96223 82165
98213 77781
99978 74801
101387 73089
100666 73625
100047 74622
102477 74207
99709 79781
100936 75658
100084 76431
103119 74352
100446 80693
104384 76766
103216 81791
104512 79036
