1 0.00409269
145686 172457
167617 151366
156012 161137
168993 148552
157126 153977
161749 152811
177568 147271
164702 152362
167656 150296
144193 175368
152899 163730
169762 149814
160406 158481
158701 163516
162354 157405
165117 153727
169191 152552
149806 180311
147885 189094
152203 178273
152899 163730
154073 166399
181821 152100
160771 166351
162182 164988
163960 159015
162731 161005
165183 155159
170876 153087
171286 152997
175096 152692
158084 166639
155084 168236
161635 166355
164447 163096
163499 165064
162752 165947
164657 161535
165864 155926
172820 153155
160562 167477
159133 167908
158977 168588
156125 175079
162856 166835
165054 162499
164753 163092
164702 152362
175096 152692
174995 156217
178452 155874
162133 167782
160227 168598
159476 171356
167617 151366
164225 167718
160562 167477
165259 164541
165924 163582
163499 165064
167367 159444
176025 156490
181760 156043
164183 168076
162726 170043
156012 161137
159911 175833
160019 173680
165135 165744
165109 167312
164447 163096
166719 164076
168983 158519
169273 157799
147885 189094
167384 163373
177938 156678
157126 153977
183737 156384
181949 156557
165864 155926
164379 170856
162869 171568
158701 163516
160490 175870
161242 174428
165625 168332
165700 165020
169025 159472
172405 158770
176720 158611
167656 150296
174995 156217
178008 157501
162731 161005
162666 173131
160976 177212
159476 171356
158701 163516
171286 152997
171203 160850
172191 160311
172487 159095
176516 158956
181191 158179
163643 172980
167384 163373
154073 166399
166190 169440
166923 165172
170017 164088
171641 161438
171269 164034
171491 164009
171623 163972
173610 161119
178201 160353
179468 159233
181408 158730
164342 173789
165862 173093
167617 151366
167384 163373
156125 175079
178201 160353
166289 172467
172487 159095
168032 167732
169339 166867
161242 174428
172397 161916
145686 172457
175318 161195
176516 158956
171641 161438
180889 159531
176025 156490
163833 178061
162936 179800
152203 178273
166494 176137
169191 152552
161749 152811
159133 167908
169579 168658
169639 168043
171514 166640
171933 166627
173286 162950
177007 161283
177938 156678
179468 159233
163926 181790
168047 171754
166494 176137
169310 170064
169194 170937
169236 170125
177568 147271
172751 167185
172982 166980
183737 156384
160976 177212
159476 171356
176144 163148
172397 161916
181486 161588
183477 160688
160406 158481
168640 172288
162856 166835
167990 178562
181408 158730
176025 156490
172006 168012
164183 168076
167617 151366
167384 163373
174838 165823
178623 162271
161635 166355
165054 162499
174838 165823
170085 172365
171491 164009
168471 180302
172820 153155
170729 171363
173052 168670
178266 165907
162731 161005
179620 162884
171491 164009
169815 173661
156012 161137
169339 166867
147885 189094
165054 162499
174183 169043
173416 170571
162182 164988
169194 170937
164657 161535
160406 158481
168471 180302
165183 155159
169310 170064
170515 174517
160562 167477
173217 172024
176720 158611
174322 169783
161242 174428
162869 171568
162354 157405
184591 166413
159911 175833
162726 170043
170017 164088
149806 180311
156125 175079
168983 158519
172405 158770
162726 170043
174995 156217
162666 173131
172751 167185
161635 166355
160771 166351
162856 166835
165117 153727
181760 156043
159133 167908
155084 168236
167367 159444
172487 159095
162936 179800
173217 172024
174995 156217
159133 167908
163499 165064
171203 160850
178623 162271
173031 173280
179634 169590
171933 166627
176144 163148
159133 167908
162752 165947
169762 149814
176617 173071
170017 164088
162752 165947
174488 173913
164753 163092
164225 167718
169025 159472
178732 172632
157126 153977
159476 171356
166289 172467
165054 162499
165135 165744
174322 169783
175625 174855
164447 163096
179620 162884
162869 171568
164342 173789
158977 168588
168047 171754
176178 178189
176516 177257
169236 170125
166190 169440
181486 161588
173416 170571
174322 169783
169639 168043
176144 163148
165135 165744
169310 170064
178732 172632
176516 177257
160227 168598
144193 175368
178266 165907
183252 175717
168032 167732
168032 167732
168993 148552
167384 163373
177568 147271
175318 161195
158084 166639
165259 164541
179468 159233
164702 152362
176617 173071
173052 168670
