4 0.330656
1.57406e+06 1.5339e+06
1.55183e+06 1.5737e+06
1.59702e+06 1.5296e+06
1.5665e+06 1.55084e+06
1.60527e+06 1.51046e+06
1.583e+06 1.53909e+06
1.55466e+06 1.62901e+06
1.55979e+06 1.58205e+06
1.60479e+06 1.53247e+06
1.57399e+06 1.55196e+06
1.56992e+06 1.56086e+06
1.63178e+06 1.51701e+06
1.58595e+06 1.54247e+06
1.58488e+06 1.55059e+06
1.5665e+06 1.61275e+06
1.56834e+06 1.59207e+06
1.56802e+06 1.60031e+06
1.56031e+06 1.61867e+06
1.55984e+06 1.6287e+06
1.61235e+06 1.5374e+06
1.60823e+06 1.53846e+06
1.62164e+06 1.53707e+06
1.58131e+06 1.55231e+06
1.57124e+06 1.58591e+06
1.57488e+06 1.57609e+06
1.57077e+06 1.59101e+06
1.57508e+06 1.57589e+06
1.63236e+06 1.52332e+06
1.63401e+06 1.52154e+06
1.59119e+06 1.54248e+06
1.56784e+06 1.61503e+06
1.56931e+06 1.59579e+06
1.56855e+06 1.61253e+06
1.56688e+06 1.62114e+06
1.58801e+06 1.55296e+06
1.5903e+06 1.55267e+06
1.58314e+06 1.57203e+06
1.58415e+06 1.56952e+06
1.58757e+06 1.56624e+06
1.57831e+06 1.57793e+06
1.64136e+06 1.54048e+06
1.63979e+06 1.54222e+06
1.60736e+06 1.54277e+06
1.5923e+06 1.5428e+06
1.57604e+06 1.59826e+06
1.57139e+06 1.60864e+06
1.57278e+06 1.60804e+06
1.57306e+06 1.60246e+06
1.57797e+06 1.59606e+06
1.56868e+06 1.61847e+06
1.56833e+06 1.62429e+06
1.59025e+06 1.55731e+06
1.58966e+06 1.56031e+06
1.5849e+06 1.57268e+06
1.5827e+06 1.57988e+06
1.58236e+06 1.5953e+06
1.58253e+06 1.5906e+06
1.62137e+06 1.54328e+06
1.62518e+06 1.54301e+06
1.61332e+06 1.54453e+06
1.59268e+06 1.5481e+06
1.57764e+06 1.59898e+06
1.5743e+06 1.60349e+06
1.57207e+06 1.62525e+06
1.56961e+06 1.62589e+06
1.59055e+06 1.55776e+06
1.58602e+06 1.57481e+06
1.58848e+06 1.57462e+06
1.58512e+06 1.58268e+06
1.58419e+06 1.59124e+06
1.58291e+06 1.59726e+06
1.58345e+06 1.59503e+06
1.64185e+06 1.54334e+06
1.63021e+06 1.54428e+06
1.59592e+06 1.55279e+06
1.6049e+06 1.54901e+06
1.58091e+06 1.60054e+06
1.57761e+06 1.61518e+06
1.5754e+06 1.62002e+06
1.57989e+06 1.60654e+06
1.57934e+06 1.60876e+06
1.57091e+06 1.62624e+06
1.59239e+06 1.56618e+06
1.59161e+06 1.5709e+06
1.58681e+06 1.58218e+06
1.58896e+06 1.57672e+06
1.58584e+06 1.58371e+06
1.5854e+06 1.59508e+06
1.58358e+06 1.59605e+06
1.67574e+06 1.54371e+06
1.63951e+06 1.54653e+06
1.63688e+06 1.54897e+06
1.63996e+06 1.54584e+06
1.5986e+06 1.55369e+06
1.59772e+06 1.55469e+06
1.62016e+06 1.54933e+06
1.61808e+06 1.55145e+06
1.61663e+06 1.55351e+06
1.58101e+06 1.60082e+06
1.57908e+06 1.6175e+06
1.57717e+06 1.62402e+06
1.58098e+06 1.60909e+06
1.57342e+06 1.63788e+06
1.5938e+06 1.56707e+06
1.59299e+06 1.57022e+06
1.59245e+06 1.5754e+06
1.59037e+06 1.58176e+06
1.59103e+06 1.58074e+06
1.58721e+06 1.58654e+06
1.58939e+06 1.58502e+06
1.58588e+06 1.58835e+06
1.58556e+06 1.59559e+06
1.58405e+06 1.59691e+06
1.65415e+06 1.54762e+06
1.67657e+06 1.54599e+06
1.61599e+06 1.55516e+06
1.60179e+06 1.56311e+06
1.60207e+06 1.55744e+06
1.60185e+06 1.56243e+06
1.60542e+06 1.55588e+06
1.62601e+06 1.54999e+06
1.61826e+06 1.55255e+06
1.62149e+06 1.5525e+06
1.62587e+06 1.55168e+06
1.58216e+06 1.60479e+06
1.57818e+06 1.62892e+06
1.58e+06 1.62689e+06
1.58109e+06 1.62642e+06
1.57502e+06 1.63835e+06
1.59552e+06 1.56904e+06
1.59868e+06 1.5685e+06
1.59529e+06 1.5716e+06
1.59264e+06 1.57835e+06
1.59167e+06 1.58248e+06
1.59029e+06 1.58648e+06
1.58617e+06 1.59186e+06
1.58769e+06 1.58889e+06
1.58603e+06 1.59223e+06
1.58464e+06 1.59742e+06
1.66496e+06 1.54894e+06
1.60256e+06 1.5631e+06
1.60888e+06 1.55736e+06
1.60784e+06 1.56036e+06
1.64428e+06 1.55052e+06
1.6195e+06 1.55306e+06
1.63596e+06 1.55201e+06
1.58305e+06 1.61416e+06
1.5829e+06 1.61617e+06
1.57923e+06 1.63506e+06
1.57626e+06 1.63843e+06
1.59687e+06 1.57058e+06
1.60105e+06 1.56954e+06
1.59976e+06 1.57007e+06
1.59542e+06 1.57807e+06
1.59287e+06 1.5789e+06
1.59171e+06 1.58382e+06
1.59094e+06 1.58812e+06
1.58868e+06 1.59294e+06
1.58796e+06 1.59714e+06
1.58566e+06 1.60158e+06
1.58735e+06 1.59783e+06
1.58616e+06 1.59875e+06
1.58471e+06 1.6047e+06
1.61376e+06 1.55895e+06
1.6139e+06 1.55785e+06
1.60998e+06 1.56138e+06
1.61152e+06 1.56079e+06
1.60969e+06 1.56767e+06
1.65616e+06 1.55083e+06
1.64495e+06 1.55159e+06
1.63129e+06 1.55439e+06
1.62427e+06 1.55521e+06
1.61958e+06 1.55607e+06
1.58315e+06 1.6174e+06
1.59824e+06 1.57361e+06
1.59723e+06 1.57708e+06
1.59709e+06 1.57711e+06
1.59726e+06 1.57662e+06
1.60371e+06 1.57039e+06
1.59389e+06 1.58171e+06
1.59562e+06 1.58101e+06
1.59669e+06 1.57976e+06
1.59314e+06 1.5855e+06
1.59286e+06 1.58825e+06
1.59217e+06 1.58989e+06
1.58978e+06 1.5939e+06
1.58636e+06 1.59952e+06
1.58961e+06 1.59915e+06
1.58558e+06 1.61026e+06
1.618e+06 1.55919e+06
1.61693e+06 1.55999e+06
1.61687e+06 1.56036e+06
1.61054e+06 1.56656e+06
1.61123e+06 1.56606e+06
1.61381e+06 1.56432e+06
1.65029e+06 1.55239e+06
1.64693e+06 1.55374e+06
1.63188e+06 1.55445e+06
1.62176e+06 1.5574e+06
1.62346e+06 1.55632e+06
1.58426e+06 1.61988e+06
1.58555e+06 1.61922e+06
1.60058e+06 1.5757e+06
1.60124e+06 1.57455e+06
1.60865e+06 1.57161e+06
1.60599e+06 1.57367e+06
1.60628e+06 1.57209e+06
1.60934e+06 1.57079e+06
1.59599e+06 1.58148e+06
1.59804e+06 1.58127e+06
1.59451e+06 1.58783e+06
1.59496e+06 1.58636e+06
1.59294e+06 1.59139e+06
1.59024e+06 1.59548e+06
1.58913e+06 1.60547e+06
1.58915e+06 1.59991e+06
1.58729e+06 1.60635e+06
1.6174e+06 1.56235e+06
1.61935e+06 1.56069e+06
1.61181e+06 1.56746e+06
1.6161e+06 1.56544e+06
1.61415e+06 1.56616e+06
1.61642e+06 1.56454e+06
1.65275e+06 1.55251e+06
1.63519e+06 1.55547e+06
1.6376e+06 1.55538e+06
1.63025e+06 1.55685e+06
1.62462e+06 1.55819e+06
1.58528e+06 1.62941e+06
1.5869e+06 1.62463e+06
1.60073e+06 1.57861e+06
1.60325e+06 1.57589e+06
1.60523e+06 1.57494e+06
1.606e+06 1.57485e+06
1.60671e+06 1.57265e+06
1.59769e+06 1.58581e+06
1.60022e+06 1.58211e+06
1.5992e+06 1.58303e+06
1.59922e+06 1.58212e+06
1.59718e+06 1.58925e+06
1.59592e+06 1.5907e+06
1.59304e+06 1.59319e+06
1.59426e+06 1.59264e+06
1.59196e+06 1.59802e+06
1.59127e+06 1.59915e+06
1.58965e+06 1.60314e+06
1.5909e+06 1.60274e+06
1.58743e+06 1.61676e+06
1.58781e+06 1.60716e+06
1.58742e+06 1.61886e+06
1.61778e+06 1.56311e+06
1.61806e+06 1.56252e+06
1.62188e+06 1.56075e+06
1.61444e+06 1.56914e+06
1.6165e+06 1.56767e+06
1.64173e+06 1.55567e+06
1.64101e+06 1.55735e+06
1.62909e+06 1.56045e+06
1.63393e+06 1.55842e+06
1.58614e+06 1.63372e+06
1.58569e+06 1.6353e+06
1.60352e+06 1.57878e+06
1.60351e+06 1.57937e+06
1.6126e+06 1.57288e+06
1.60729e+06 1.5745e+06
1.61119e+06 1.57391e+06
1.59884e+06 1.58716e+06
1.60315e+06 1.5837e+06
1.59402e+06 1.59645e+06
1.59392e+06 1.59659e+06
1.5945e+06 1.59266e+06
1.59329e+06 1.59819e+06
1.59061e+06 1.60674e+06
1.59154e+06 1.60514e+06
1.59328e+06 1.60313e+06
1.58956e+06 1.60993e+06
1.59024e+06 1.60942e+06
1.58933e+06 1.62296e+06
1.58744e+06 1.62888e+06
1.64498e+06 1.55602e+06
1.58667e+06 1.6362e+06
1.58976e+06 1.62525e+06
1.63468e+06 1.56043e+06
1.58996e+06 1.61212e+06
1.59904e+06 1.58911e+06
1.6238e+06 1.56294e+06
1.60386e+06 1.58191e+06
1.58793e+06 1.63562e+06
1.6165e+06 1.56886e+06
1.62931e+06 1.56156e+06
1.61898e+06 1.56566e+06
1.59538e+06 1.59487e+06
1.61267e+06 1.573e+06
1.59518e+06 1.60357e+06
1.60681e+06 1.57995e+06
1.59821e+06 1.59329e+06
1.63144e+06 1.56068e+06
1.59177e+06 1.60863e+06
1.61266e+06 1.57463e+06
1.60845e+06 1.57507e+06
