6538 1864.21
131016 97787
126608 92705
105741 118495
133027 78273
152485 102604
112207 86506
97815 117601
76782 128765
102001 147084
128701 149910
116418 118323
112549 161335
124713 87357
85142 125421
100662 153133
130863 86547
99404 138208
74384 154606
104025 122877
107125 93034
98856 123357
136038 89345
121241 89499
117990 135563
99031 131372
126321 100438
104315 101439
91490 134828
117665 127819
143968 135778
113531 101454
167570 112902
121554 122077
108051 90870
103273 94018
157304 96416
101275 102817
109176 79063
155055 124584
90675 113856
94934 112269
127023 115042
118628 129201
105178 111037
115218 95208
106546 107067
80431 101281
93470 130273
95380 115997
115080 111529
166036 111874
77125 117533
127503 95046
100643 76957
123480 95533
91670 140954
114650 107997
110136 112796
134344 105846
109622 113845
107210 144509
124853 103314
97857 133428
117169 100404
146018 122724
134100 113323
117632 146732
105072 107422
88240 127895
107612 114462
108651 127614
100799 129811
88104 137951
129757 101379
98347 120429
94877 127582
97552 123594
90589 109444
101899 116052
142718 131582
114430 115385
139895 83333
155746 123542
100348 128914
121687 107406
121512 160511
119139 108860
122255 130693
105156 96684
109555 88057
92898 94268
98037 113713
137458 102120
104505 120697
116449 100880
116428 133103
138199 109546
104444 140675
95075 143009
120521 113647
149543 122027
99865 125309
132650 117865
106211 158988
113092 131226
97020 102351
110823 106186
118961 108965
84660 122134
115515 85533
102846 96719
112976 86678
129031 123051
119669 100970
97197 105443
109069 127463
116552 88406
122569 106655
127575 128911
103221 103283
111594 154491
91706 113484
108759 99151
132402 114712
94094 117862
118817 83614
95794 144074
127629 105427
98398 139567
108250 98643
125931 131931
125825 97940
115804 129631
77852 110612
123087 98800
119901 98817
105880 83474
133057 144391
99193 129310
89690 103576
114023 103505
153051 122519
141408 115625
152062 141436
110113 144296
102514 100952
128273 96911
135837 131970
119598 132189
111404 82513
150050 135880
99655 127976
105297 94514
101390 94918
156077 111223
130450 138975
108533 103133
115728 110626
122806 144234
108819 124983
126857 105740
125616 91939
111172 134056
92538 145226
88377 133705
111567 94130
111210 92631
94184 120483
110665 148975
141852 118625
145384 122321
84449 125017
116425 105150
108346 115286
101916 105078
123703 117110
116226 100870
126500 86981
139669 121451
142701 117170
94885 110890
88270 109296
113449 90493
122248 75056
84164 111253
135639 96312
124211 94538
95924 106160
117840 91352
104276 123849
117497 136258
112097 122998
153516 120936
92123 99542
125946 142783
128739 101273
109650 124855
104394 108490
89475 110414
96286 123646
125936 89433
100045 100701
85357 96752
146606 113834
114948 123883
139558 85136
106517 98644
105610 122063
125391 121243
104980 129401
124181 119456
136602 104895
106089 146344
128248 86125
134919 127057
88458 110064
105286 107893
120300 122133
128959 104461
111398 89496
101598 139509
162598 102677
99461 121286
124088 133899
136281 103554
91885 104438
106898 96267
118614 98313
113073 121163
115472 111200
84173 133508
108096 155504
125095 89027
126783 117578
136023 112165
94983 123078
89242 120213
144199 96360
102004 99363
109500 109661
127663 84636
97600 127159
115570 146345
145780 134683
106531 83274
86233 98250
129353 134416
125615 116466
100189 99024
99976 148593
129415 130702
106644 109305
129668 110227
120853 111070
117626 125127
143560 99453
115824 114401
105374 97616
119725 100172
95288 117122
104543 147291
147447 100929
101735 145645
137789 102082
102300 120015
148016 94580
146672 103431
155971 120780
105070 90575
107304 86071
135171 92184
104913 147239
102557 84508
87187 120509
99244 115537
130762 88817
115703 163516
102545 87004
117484 132094
138101 82471
133819 132212
99201 157575
89711 106331
136525 124293
103591 144469
113397 121422
116072 132702
125123 104962
118845 145684
108293 127602
163721 101393
134603 117017
101042 123322
129953 88614
122250 108949
109490 87162
90057 127128
93116 117073
146992 96804
113743 93256
107087 108089
107649 89246
132401 129446
93311 88930
124831 92830
90764 161041
102878 129160
111142 100932
160206 116106
126690 88721
98725 167728
122097 142726
96943 153371
140662 136487
160905 138804
99072 120893
101677 96833
112887 101292
144961 124655
100091 120202
97183 112050
108560 150958
127413 117852
93346 135510
149995 136535
75512 152298
141181 127361
154225 106049
123581 104783
144150 127094
106700 107669
131892 117149
123982 114315
136624 97320
143197 86805
141030 127857
126391 89577
107196 97028
91701 170076
97538 120138
88409 138384
119866 147261
85699 127106
100429 109821
92223 161806
152057 98989
120626 116063
124328 128615
124522 130706
109773 130563
90602 119028
148104 124271
99877 117116
124027 126279
154575 100610
115747 154468
87882 103596
99555 128349
104133 82096
149336 92195
89581 125880
126317 141212
115577 141604
106928 118471
103301 103379
100474 91817
94995 105197
118717 81175
96602 132824
107893 101298
96302 92786
144853 127561
124082 104764
168684 140728
101196 85069
142100 116090
130356 86785
125570 125137
142309 102259
116531 96245
132268 96016
84911 118179
137110 113549
108551 144350
157808 131217
107233 137694
97665 137260
135767 102760
144366 131335
94001 149576
122866 98309
99168 88438
82840 111579
99560 129644
116241 95215
96695 135360
109024 140624
107810 79332
87353 110888
127463 99787
123098 113955
109597 129524
79430 145834
155833 84363
99555 129847
125888 141430
89934 98412
154057 103787
112003 123589
96658 109118
133525 114296
99990 114968
118805 111275
143432 157430
128875 108462
86493 109145
151478 94911
110447 127284
102313 102441
104848 120804
148923 90038
89373 130350
114107 105977
109904 127276
125657 117676
127224 147844
86152 101236
123852 106028
90656 126651
86187 90018
96798 111096
121860 94135
134128 115270
98063 116659
123415 138256
95708 89096
137461 114849
86351 121128
113760 133171
132930 92816
94414 139680
96969 139726
125964 100470
123954 135119
126372 112837
112087 120850
111165 100380
106413 133002
138509 127172
123645 90252
137701 102681
106624 116478
109666 96246
139950 111716
98321 128945
133108 96262
115025 99056
91009 111050
105164 116093
101326 89451
136145 98850
117990 133909
159056 103864
116625 122936
101443 136352
106480 117526
101901 140245
126997 96012
118314 96605
114730 141432
96790 146556
155009 95832
104671 160838
112788 106208
126078 81331
127129 137230
101990 164563
116466 142611
142738 134717
84182 123686
107061 137667
167795 106002
96742 144350
112896 103516
103620 86552
126214 101457
124667 128400
122636 93380
121493 116962
131651 114096
103968 143199
131382 95925
117866 128850
112014 139444
89898 85749
95434 88680
113267 93455
127872 150057
113873 104387
125343 93747
100010 138962
100781 123313
112511 103016
85223 115905
134993 94335
115883 120536
115897 110993
101048 152607
95930 162984
142039 127859
122181 118613
110182 102983
117375 138847
112131 123044
116547 116534
105853 96721
91686 99463
124088 121542
127173 111275
95666 119353
158317 108755
119140 108981
146514 104597
106793 118246
109388 93183
118103 117292
120184 147683
132155 94906
122114 100686
107797 113136
109483 148813
119491 130370
142027 109120
156115 103387
96137 117461
122231 104887
133594 112900
93961 118266
102173 112768
95682 139928
125977 82762
98020 126170
130944 109410
105253 112284
123790 124482
108908 85876
104700 130643
116671 100429
135577 109379
125306 110938
117595 95799
108672 157411
96093 129956
126492 126368
98641 119108
110951 101451
123034 126710
111225 132245
102295 113266
96727 120523
97288 144398
98440 138344
132375 105235
160577 91586
92682 133261
126210 99887
125457 85509
130912 104056
121003 101335
109372 88959
105646 161586
116836 96389
110282 81457
138312 80389
111330 97125
159872 168977
107839 127271
90382 133490
107699 154295
103003 141728
95360 124075
97823 150954
124844 106688
123956 102824
116881 108730
97639 94650
71727 105968
108098 120701
125081 129582
128992 101886
157527 118082
150778 100779
163247 108045
112134 97088
93042 104477
116217 98103
90554 111999
99152 125890
134507 137999
135209 143230
142843 136815
120779 109575
122115 97943
119034 118133
95849 93968
146554 133211
93506 114396
112239 120729
149454 91586
122761 114861
133687 128126
128194 133759
107463 98942
100979 95843
102720 105889
98930 101901
107181 99794
130912 96266
115317 101471
128646 116818
113671 111427
140928 113648
151761 120803
116156 102800
114091 123110
92119 152950
160757 95972
139013 85507
91001 127311
101212 95752
115559 98499
95587 82357
116164 116045
100598 141758
88154 145019
92763 138637
132487 88453
106999 161200
112655 94679
143874 92936
118231 105369
148997 96640
102928 124481
133286 92919
79025 113203
89626 131249
98390 139617
134810 106799
119126 92834
93546 92864
102376 109540
125846 125608
122998 107552
103083 117956
90529 88172
83228 137492
128754 82823
146247 135975
155768 100805
93350 130227
100674 108776
87900 134948
88449 101791
115833 119156
113795 125785
99329 133077
104964 109560
107594 147599
105532 97778
114447 155443
108639 89279
103406 121085
128441 109543
85581 111819
92444 92250
124398 113149
142354 134338
115049 150491
106278 131843
101361 122546
153089 105081
148805 129720
99474 114272
122894 115197
130318 103205
113329 125648
126898 109834
92677 91913
91993 104187
108535 123288
86559 125688
74984 115546
140102 104385
115539 97012
106490 87867
112297 106989
131606 121705
107730 121727
107677 153939
135579 108244
130716 125064
120370 115525
95018 138875
122538 108534
131421 102811
119056 92050
113575 152098
81987 116645
129665 89394
104458 145416
112463 129643
109489 87568
128410 92682
100987 170269
108276 119585
130151 105700
92571 109173
124064 95761
119731 93469
98081 103211
116674 114635
128321 106074
88574 138124
149329 125438
106593 126378
127224 114682
116845 160186
153533 87806
119601 124430
109932 89599
141650 95050
128772 136416
117964 101965
111690 99432
103521 96473
120243 111757
154104 116556
144049 110509
111570 129844
117384 136166
108241 136151
149620 105458
135951 130248
136208 133127
105148 150909
90167 113999
120589 86723
106013 116636
115874 91481
140057 83729
144811 100481
111444 104098
116571 102525
125504 81809
96680 78876
122286 119278
140143 136741
158230 100449
109712 104364
129551 87192
100949 94186
135508 98661
107212 141206
118575 123067
115514 97110
106671 106755
88964 114467
99073 153118
130464 126653
150256 87658
80560 117043
95817 136432
123054 91048
92854 129829
96284 137009
110417 94049
103802 91199
127801 89555
102486 98354
129704 90816
109175 129999
114210 83980
137381 94963
137506 132795
119561 94732
84421 107986
107080 105759
133102 97036
155581 87041
101729 96181
117043 142445
115251 99732
89499 122926
83587 121735
134818 98266
102234 126795
96489 107102
157380 113087
143750 109200
102533 134653
115354 89508
137428 112053
85838 102609
131426 137330
104855 89914
145937 91425
100262 115790
76604 112221
105441 112769
101568 143918
107852 107837
159045 122287
116478 131130
136969 140545
122001 107561
146627 88390
113175 89480
91431 97761
124807 108462
105923 130705
100081 120022
119532 85775
136226 132862
102182 85890
97841 114960
122844 119139
118196 137127
139754 128508
134873 85012
104656 107812
109851 84932
89030 129926
106069 87262
137850 93909
105826 157296
95235 84614
117128 86461
124563 145345
138090 103700
142712 128912
106282 78000
138081 100633
97056 117191
155651 90232
95828 100519
115447 126593
98631 91748
89635 90162
117670 123752
128139 137813
112651 104429
97564 132547
99777 125922
102693 82760
107854 99511
132447 94199
97170 123187
84081 134704
117189 94415
112856 93180
98273 139291
114965 133849
109642 103051
144798 98722
102982 110074
120654 92446
123746 89692
104091 118171
99657 105152
102542 108978
135171 119237
99142 116995
91732 125454
115342 90498
99751 129304
168406 98401
100702 124942
114479 88941
111521 124311
137647 99770
101453 126455
87402 114409
78826 132549
105948 102276
135239 87846
142348 117198
128254 96593
100015 135001
126843 137330
86470 138348
123582 146467
154977 84879
158311 131479
115943 124807
154861 104629
96274 147128
117874 119574
136585 104700
139073 141786
149013 109411
136128 100169
121038 117197
101598 136112
146186 92866
90456 148283
85200 117999
162628 108638
114749 90754
94883 121641
99038 115992
109415 121309
124451 94572
102854 109634
104395 157494
124274 124017
84036 114532
100283 115372
98890 124452
105306 96915
153245 99010
97454 89970
92462 116523
155696 119735
115481 104411
113125 140494
122279 119483
146331 115672
94239 115800
101596 118410
80554 129219
105650 88184
92605 128818
142092 131349
93442 129109
108041 103877
126604 150237
138006 101791
113443 119882
98721 96571
96495 120707
131964 131840
106493 98298
142092 126364
95672 95546
104696 94928
113249 136388
100729 140491
89892 103344
114590 140446
105413 91964
138531 106268
106440 116207
96845 150158
87271 103973
162722 103602
94379 143212
97197 138539
102180 104341
164626 117373
151241 100541
81891 106901
105382 132333
105678 100089
110311 127194
151587 147838
99383 88972
117019 96080
133080 130773
138551 103647
137988 96674
91849 91485
110613 98038
156167 129886
85486 110395
129691 111089
102686 105322
122968 92902
85828 129276
91241 109087
100908 134782
114296 110446
113453 90130
90571 114821
127682 95714
130609 100923
112103 125573
116013 89087
100247 125334
101491 86466
113515 143928
122220 96072
113920 80500
93215 132307
118876 93314
124808 116058
133418 95215
157227 88299
98781 111033
134856 127005
108325 109033
