14 0.27086
328330 296488
309505 308616
318879 303603
322489 302552
306511 319584
345702 294618
303692 322342
308685 314926
296115 323783
348786 293291
309328 315689
335144 299843
312410 309268
323968 303017
305581 325715
315716 308617
330037 302255
349978 294104
322445 305150
321084 307614
323067 304834
334607 301812
328912 302838
299046 326771
350313 293825
340863 301490
327682 304182
311559 317132
305658 331104
318411 312074
309824 323839
320118 308659
324049 306596
322538 307581
317283 315784
310589 319850
319788 310204
310380 322197
340217 303831
310528 320899
319589 312052
357414 296708
302836 333361
335260 304267
311018 320536
308050 331454
322253 310380
310574 323226
315182 318797
317723 316783
326140 307146
319246 313399
333728 306598
320493 312425
319792 312948
321436 312225
316729 318560
324545 310302
326097 307490
317343 318352
332044 307141
346236 302564
307941 335493
344638 352930
360877 324086
337868 331559
333576 311244
339194 329423
344139 323922
347743 349636
330342 345981
343046 334292
356035 328954
345477 346898
351257 319012
322094 338074
341159 324920
356908 339184
338162 348501
340235 350485
343593 333951
358025 347971
332879 339141
338086 320027
335443 348345
324596 337205
348393 325710
345028 310334
347010 319852
356188 343278
366583 326940
356028 334513
331594 319000
339050 326776
348239 337793
369024 333985
337621 357279
345977 310373
334906 347631
354175 327925
345306 323918
340186 328431
320355 352764
335141 336953
344876 318445
330273 340973
348145 342404
328923 327937
326597 329898
338145 341855
342891 343290
320480 338804
304391 320543
341048 361322
350722 329252
322618 321618
339708 327801
321388 344478
330547 336035
340223 338493
330528 319196
313089 314262
358211 326976
330994 322538
345943 337590
341854 340265
356809 319047
349658 335933
341700 335119
332533 327040
321171 328366
336446 342335
356467 330411
309531 339937
344567 348001
310650 348629
346917 330523
346633 324383
332120 351878
358283 324386
339672 332076
343563 319870
347445 325030
326598 355633
347744 356527
363376 331067
342029 316840
324066 320391
344884 319685
332576 335642
342889 323884
339672 343737
327986 349002
339878 329909
342755 365484
369481 311940
338814 343480
335287 322242
342615 328623
360905 347531
322613 345533
354731 344320
344875 330954
323956 328929
327188 329870
333351 342552
325961 344203
315546 306501
350667 336422
338909 312219
344766 330437
342006 353276
337072 318897
345842 359935
348488 317136
355011 317227
325965 337063
339862 336758
334339 334295
358709 343111
335966 317532
329456 333414
346206 324841
336290 340685
346093 324452
337983 323065
365622 344278
324682 336279
356638 335527
340692 328188
320291 322077
327207 337105
345634 353133
320869 326087
336945 329792
343747 331743
346090 337534
346104 322856
387174 340963
348208 344493
337828 333264
337989 328046
343471 338852
347635 330190
341841 331044
337609 334548
339415 310459
346417 329425
334985 351270
342524 341883
331198 334230
331974 332693
346282 306788
353025 356141
339768 342143
356088 338305
334842 319481
323616 340148
345954 342071
333469 347939
357132 332007
346191 333100
344387 325549
337072 298227
331927 335774
334701 317413
323424 318599
342368 354000
356584 337045
351698 341248
346378 342438
327044 340948
349813 333671
345390 352063
333997 333433
340879 340131
338541 340830
349190 352928
333481 334521
330765 338731
347000 338408
331240 350050
346480 357288
345186 335294
336854 336547
322094 330264
350242 324463
317150 336256
348662 331945
335673 331771
316312 347396
347158 339114
336617 330561
340401 333672
351742 344350
341625 332126
353356 334047
326940 319279
348414 319224
329263 348531
348781 317570
337971 328482
346884 331503
337636 337963
324478 324515
336983 328739
345300 334375
344187 338809
324506 307162
308946 361581
363721 319258
342837 337633
360891 318709
351823 312232
355714 320106
312992 359934
353262 329399
341202 321795
355828 341368
329564 334232
341392 322498
357433 322502
321502 332282
333388 323479
349586 340989
332588 339397
323980 333518
311331 335002
344960 341497
336376 335648
335101 338102
343112 347419
343810 332689
317150 342378
345368 344842
337984 323406
325203 329053
342275 320567
347966 343176
335233 334271
