26 0.244802
140739 143689 166898
173771 162138 136290
151641 163349 141608
168277 153921 141875
167904 141774 153300
153746 146239 156050
145612 155573 158753
149006 167632 141965
171388 137867 163230
159948 142206 157585
143191 172009 159483
153957 153243 152167
148480 172424 146853
176960 149595 148573
169404 152841 146091
163424 157348 147792
153690 155974 151056
144795 156999 163865
151414 160308 155089
157368 157846 149948
159693 149788 155185
149132 153244 165060
163724 151306 154077
151425 153253 163687
152597 150079 165162
153590 163061 148829
159369 161058 149522
148768 155404 162371
175782 152545 151214
149248 155471 161888
153464 158189 158389
166139 145995 157483
163537 188882 136345
140495 163005 173157
181953 153798 146028
146272 156990 163906
154456 147575 162558
162030 145287 160608
148282 163800 159338
171055 161039 142416
158895 159244 150947
156250 151139 158715
159896 149044 158108
168778 143952 159746
162994 165753 146807
159143 156198 155219
164136 154430 154628
170760 146989 156147
155350 160887 157124
161313 158474 150457
155647 164150 155348
168106 142658 165447
153771 165895 156481
165441 161656 147999
168728 151293 156102
161220 164045 149657
165094 157871 150639
170342 155551 152397
164004 156270 153658
168368 142574 166238
157077 149579 160590
165668 160917 148528
171649 156938 150159
156861 164933 169576
166553 166473 170150
173240 172439 164326
169746 164902 163499
166131 167720 166011
174107 168885 179037
175286 166860 175188
167046 165561 186589
163169 156621 164394
155461 160647 191631
164520 172044 166621
167843 168486 164314
170363 181236 173565
181594 176773 176951
164694 174934 160045
167249 148047 164385
172491 167460 165973
156238 170254 160744
156256 156141 158762
175175 173533 178274
161470 166006 174061
172542 169718 175534
179010 181199 175911
173985 162885 172642
155824 182739 165229
162538 172317 163493
182770 168732 165040
161507 174751 180625
165064 168940 181673
168300 171573 176661
193358 159234 160218
155067 150665 178425
163810 176390 178506
173172 167811 164272
159663 152679 163695
158277 169228 165106
176536 170243 168407
158140 155457 160608
174503 179562 173756
176636 168518 163208
162287 167621 177104
165547 176231 163400
173627 159842 175725
164528 168820 157595
167917 165222 173734
176311 176977 157386
178074 166364 176772
166967 171935 165970
170867 162470 165548
151352 175397 183959
168431 161054 176506
174222 186288 182343
154644 165017 168800
159589 167324 168350
180032 165816 165660
185441 161575 169077
194235 163356 182176
161683 164264 177816
173905 175175 176281
180478 151876 171841
178644 168085 174406
166721 164806 165537
157402 157990 191149
171744 171658 168627
168093 160736 168732
161384 170283 163436
157792 158362 173773
167718 156763 163451
153318 180288 173955
187409 155700 190186
171340 159175 173617
189889 160549 165750
164816 152725 163811
167578 167638 156535
172183 166877 169485
175565 173480 168603
184408 172375 163831
164510 162199 169575
172540 156420 166055
168711 177048 175883
164942 183883 181783
157233 179162 176961
165912 182056 172417
179134 172092 171521
159769 164840 173342
168508 167482 177411
171354 174803 171542
168320 159982 172814
173140 179762 172635
167313 160417 176389
180913 166576 153497
156111 178505 173834
177737 170302 166591
161280 172175 180506
173605 178611 163960
168931 168501 177300
170358 166133 166008
170857 156572 168019
172230 166730 181747
160105 162674 173698
168067 159067 176767
159258 161729 151954
172778 176362 178611
173821 153196 171592
170362 166413 187106
171103 171593 171467
167927 139825 166841
183380 160583 169747
178491 174772 148883
172291 154235 165917
164952 158176 159341
174644 165575 176704
168362 156504 164326
180217 184536 176251
156919 183271 163180
161686 175018 178711
172967 155594 178496
169349 173784 169638
168483 170487 170541
179842 158817 174825
146446 161609 172861
171564 161055 178565
167928 177160 169717
174113 169039 178899
178077 162455 141864
167188 169473 173841
175064 173340 180719
155081 177956 184745
160871 158039 180289
167898 168398 176394
161478 169110 161852
162344 173107 156836
169511 161693 170463
165999 161449 169110
180855 170114 166006
173075 156848 165440
163420 180925 175671
170109 167751 166960
185632 171307 177237
176238 166529 184024
162268 171144 179922
167277 175556 155789
169360 159789 177555
170235 161282 181521
164007 161590 166208
181247 163039 168280
158685 168299 168992
165679 160610 174385
166481 168170 178954
155239 161092 184145
169355 173048 180387
162749 172876 170492
172673 153590 158147
179261 164870 169180
161717 169867 164495
174492 161050 179599
172577 154485 173235
159477 167904 171318
183882 156180 180643
165996 163774 155406
171707 164703 167733
183682 171801 172197
158959 167526 182500
172424 174899 178578
171557 168265 167129
164503 167103 165914
170215 164015 162167
176239 168490 166138
156637 168608 148356
167755 166573 160755
162560 168375 187986
159893 173148 170703
177159 162968 168858
158582 165294 181254
183229 158607 169849
165118 163910 159724
177290 183132 174843
184177 178066 170852
184569 170513 177454
163216 169019 168092
164583 181386 171275
178597 185055 156966
170061 166122 157938
175005 167828 170502
180798 168915 173738
175533 167738 161164
170733 176657 160941
161443 180255 168468
160593 172875 169412
168958 163909 188081
175244 163687 181730
160019 171632 172875
179094 170322 165548
181933 167582 169271
178157 183570 189556
186918 165621 176013
164721 165417 176898
180568 163831 162656
172890 164547 158863
178869 168516 146787
181271 163609 179036
183588 172364 159199
169215 168880 182256
171749 172072 163492
164322 182978 169483
173726 172563 180722
161667 165530 182557
168162 167998 160767
152668 172353 164522
176979 173234 169502
168130 158813 172743
179639 158906 170822
164516 171553 168626
167864 171441 171620
175260 166593 187734
171827 179018 179447
178510 178262 170990
178432 165928 161173
178366 165607 179484
167663 159284 155671
163932 166667 186723
162966 159638 168872
175450 156468 177979
170097 176192 170735
152167 161336 169396
165245 158829 175178
172845 154960 168338
174961 170181 176670
170256 164799 170928
170675 168687 172537
179111 155809 167044
166254 166521 187851
169175 178073 184539
182058 154974 175311
168239 167569 176806
170723 161975 158772
162793 157364 171489
