33216 2942.46
209559 225076
226365 208842
219194 214728
251799 198659
236423 206670
247097 204179
223895 213226
242915 205883
205859 242874
209235 236869
218377 223699
249866 203748
216700 224908
208438 242468
208626 242422
219145 223213
199483 243992
256845 197116
201114 247641
249833 204496
211915 226609
222743 215652
231355 210681
237439 207319
214109 225249
227690 213783
209235 239892
210364 237243
206602 245246
220862 219100
245261 206747
205878 246222
236812 209661
243896 207015
220815 219893
219166 225159
211876 236091
208256 245207
249761 206405
261603 199890
199815 253213
216992 225278
213977 229116
239015 209243
246881 208861
223707 217691
210618 242292
212941 234039
230205 214164
211533 239234
221686 222134
222531 220472
227734 216602
238043 211120
236445 212951
232999 213589
232110 213733
229427 216246
212760 238446
205127 249980
282128 207523
223108 220921
219709 261245
265386 257729
251944 257128
249729 255569
263400 256254
266817 249510
264057 246084
255003 258980
275373 260051
250019 254353
265754 246369
269466 268400
259824 254566
256145 268921
262385 236364
266705 247672
261747 264046
242441 254315
263119 267951
275345 243932
273669 253144
250501 256674
255479 258345
260551 242024
251741 253914
255562 251509
258469 249283
248148 260901
271152 242816
259953 257440
289476 250443
266001 249632
239879 268741
267340 266331
276750 244225
274568 256943
264835 263116
253054 237173
251838 241393
269958 252533
239257 273053
270972 260533
274490 247037
257423 247587
259873 245103
270870 264004
258512 264485
276111 256441
263478 258401
257360 260242
250140 254760
265741 254645
262525 263382
248526 255680
273514 269765
249251 268199
263455 248146
269042 243823
258015 243681
243993 276704
254852 255376
271324 280856
268860 250798
248840 220455
237038 256879
263321 276347
261733 259965
260658 269765
234798 258053
258626 267081
256966 265083
249626 267642
270319 256900
257238 253230
248474 255127
250923 264826
270707 244596
252622 256359
250843 259583
260667 241006
260465 247299
267274 234915
266510 249414
258840 246063
256687 264080
248091 254847
255596 261254
249845 270112
258365 252303
283506 256486
254041 263658
249087 262498
252029 249027
267048 269649
243491 257700
244157 237851
267523 254832
266845 261441
269001 232237
262631 256752
252288 251460
261560 270355
245481 240374
265775 249463
241573 251085
250973 256629
267655 276077
260219 256913
259830 251673
264102 250429
247315 261844
254612 251516
268723 242576
228842 232454
255026 249263
258767 267108
257384 253141
251822 285863
273777 251313
250888 267788
248326 258000
238564 283011
243811 263247
261796 244706
251054 235698
254146 235260
245614 265568
261923 248363
263008 258818
256274 248178
251697 252363
247148 254440
252767 246341
242834 242074
250509 245707
272388 246908
258803 237137
238587 256571
248022 241368
245127 257158
247931 261689
270010 257700
248726 268348
268074 262633
268567 253263
250006 265685
269130 247112
245723 245729
256680 254583
261668 247620
259470 261435
257141 254338
234422 261287
262449 271172
260976 271373
257396 254623
260694 264907
263104 262388
259580 252978
251665 250188
276458 251753
254573 278162
255181 265781
264075 260989
227838 260428
263779 255569
256614 249344
264978 268821
273161 239118
250333 251748
271311 262298
249541 246032
254081 260638
248453 257627
255285 254282
253688 259692
255580 262284
256465 250714
272596 277156
248652 271041
239658 248417
243885 268853
272629 272037
260443 251036
264370 265758
249121 271975
250016 252713
254023 250860
270634 270850
246424 254869
259435 259174
264005 260210
246740 249490
273552 266992
267966 249221
239030 258340
253087 248427
245078 260464
254534 250575
261408 255163
261565 277571
273431 251637
251389 252055
265344 266222
264379 275280
256116 254210
285944 258857
260283 259057
250751 251096
244794 250218
255808 267763
264822 269586
262540 258233
255958 253609
247534 264714
244651 261712
260767 242544
271957 262053
254040 250285
235068 232624
243083 249224
258023 265683
248046 250956
236595 278776
272659 248076
243966 249404
260384 251590
251642 258025
247110 241869
256887 260266
239896 231954
257423 252206
267055 267796
268967 240357
275072 252611
275220 262759
258529 248809
275366 248752
251225 260342
255558 257749
261951 246312
264808 248402
246208 254186
237003 252380
266544 245167
245855 258236
264619 263161
259851 252675
249113 267719
257027 266923
262505 275392
260689 256547
279877 260515
254426 263759
254128 269197
247609 252358
262280 247709
266721 253550
274911 254063
264883 249937
279317 253722
269831 261012
255658 268137
269342 268578
256009 264878
244218 260167
253488 253450
245109 256794
259991 248675
268054 259203
247370 263104
245516 272965
254374 263411
266732 241905
268306 263839
246114 254469
245865 243327
264657 239425
255234 251466
263180 247808
245983 249974
255886 261357
269416 244744
255280 277585
249505 253878
266100 252449
259984 261060
262752 258030
254086 271019
256292 263137
257401 262400
249771 263728
251398 255955
252523 250841
270571 252891
250668 269494
280217 255413
273667 251557
251746 244935
250392 253737
261175 247607
248594 255714
259990 242092
243831 246593
262628 268235
256532 261249
244676 249192
263638 276418
258865 249576
273398 240542
266379 245933
239782 258463
258452 257803
267781 274154
274682 251978
247903 261752
269977 266395
244435 253611
266553 256653
230165 245862
262106 250855
262998 253979
241631 276229
251046 244936
265589 251334
276777 266919
231598 252665
272765 250658
252795 267936
260337 258383
243146 269076
261910 263814
250740 245872
267765 250566
258393 258939
253987 270744
273159 253889
254536 246945
265826 240990
265756 253030
255401 263652
257584 243586
258845 261088
258778 240545
255069 267813
260683 260400
259199 255510
282226 270622
263858 263639
260648 267834
256736 249240
259115 262929
244883 266340
256264 264984
239075 263398
250003 255147
259124 271528
262859 259812
250390 272471
270834 258374
264431 245714
255924 254661
263393 250749
257869 238858
254539 264392
236267 258820
242378 261628
258415 283114
252694 264836
246297 248926
263897 256833
243149 260277
269378 270236
265745 253161
256700 251176
268085 242767
247558 244553
263006 246587
249957 249314
240639 273325
265591 249553
246636 269048
268164 274767
242093 255400
262487 252915
267026 253073
267611 265928
264760 252668
258229 250424
261775 253173
246925 244262
266813 252845
261899 255456
253155 269362
261712 280153
237930 267682
256476 248731
243971 246418
265402 251829
271151 271121
256186 255739
270252 253126
243734 262639
268467 267359
259645 239136
259958 275628
272299 260604
239587 260637
271145 254512
256712 229213
242870 257357
252011 277206
247280 257261
265274 250736
243903 243594
262565 268993
255128 253042
259506 251001
252250 251587
256340 260075
259953 262748
264296 266556
250254 255272
254640 261241
258496 276235
265063 252588
244623 262361
260513 258554
269732 260591
245525 237858
252521 270766
273869 250451
252411 263849
266236 247661
252153 252278
270842 257882
248844 226805
242604 236031
245073 243746
263759 246663
261372 267649
260225 264298
261418 244243
265580 243915
241466 261395
254570 254958
259175 255601
265220 253770
261489 251722
269053 266992
236935 248307
259115 258640
249971 274473
274361 246256
266927 258104
242059 253535
263987 262706
248652 242335
276155 261900
261132 238380
269069 269624
269734 267527
266265 254737
260928 261792
267539 247459
245642 264748
266986 258099
255165 255814
252012 276894
258140 264196
261078 233549
260906 265004
242495 260912
248889 254321
255510 261053
238331 237664
260670 263814
240087 258396
262553 266607
245343 249065
254136 253168
267894 248605
254547 247618
260527 269685
261702 256463
246995 278955
247213 263946
259930 276958
290032 245177
283133 276209
253124 260285
271283 285883
263973 265889
268061 266869
274251 253260
252556 261930
262265 265854
248902 258812
273084 234348
261001 252462
263538 266739
247362 262308
260016 269522
262319 245356
268904 250714
244620 247625
263415 257001
272011 243790
260694 258221
250959 252240
244502 241732
275087 266877
261140 266824
241567 270939
254883 240814
253508 245350
252101 239640
259520 248955
251396 261912
243452 255145
256691 250731
265418 262372
262321 275524
261119 268601
247931 270866
264221 261538
244612 248718
257736 246280
264101 262283
249138 264559
262376 244789
275196 254810
245113 259621
243066 257762
239624 278275
249624 258403
242547 247847
262204 241667
272489 257527
259289 249816
240902 263162
251530 265312
262152 255651
268558 248724
260692 258943
237485 258436
250919 239964
266559 256495
254726 258987
281309 267758
255854 243094
250918 259795
235179 268447
250901 272553
257429 243105
251628 262635
266852 258629
258975 257762
269895 250107
271984 261820
267315 264328
249509 254651
259181 269801
261243 260922
242472 264719
262223 242633
264412 239564
265856 276962
241661 253611
236178 246349
246893 263307
265189 252519
257694 249899
255797 255173
271444 241172
244556 256012
262040 259653
252877 260271
262551 262644
266896 274736
243714 269871
256076 276507
267013 246821
252229 237149
261953 239972
264458 239497
254762 262619
266265 259994
274944 263510
248789 255493
247093 258243
260674 256003
252894 262560
252621 246085
250674 277672
249709 239724
264732 254152
240338 262830
256786 243196
245679 254116
253360 275277
260943 260780
255148 258120
262507 269536
241560 248036
241993 258014
253644 260104
263307 258209
278317 242323
241450 259855
254242 257604
248192 247043
265222 285950
256500 242199
252749 247159
259697 271724
256685 265663
261066 258640
247885 278811
267245 251944
268756 276339
259953 255882
258089 256984
257197 247518
248296 258611
238692 272110
244593 243500
261609 246235
252617 251855
255616 232439
246721 252993
242174 270415
248557 256693
273992 248442
261410 248435
269899 262966
278366 248555
266562 265286
266608 236741
256680 261686
257784 252206
255305 264224
250164 250470
248084 241536
262623 266568
257169 264843
267017 261895
247422 264738
258479 263640
252500 268357
269936 259657
267491 253999
253725 266104
250216 262690
234326 258218
249233 257878
264763 253916
258524 279234
252764 242069
247943 259115
243555 279711
255578 267942
260610 277626
247869 257465
237224 279216
260074 257377
275042 252489
257402 264837
249058 256680
249338 256271
260205 261543
258239 249742
278427 252263
260876 261088
246252 259948
251545 250894
259360 254110
262192 268513
249190 272591
263290 265224
256816 267310
259931 251783
254667 271807
273819 254521
263980 271291
256777 258168
270237 242863
258265 259498
254281 259783
257031 246807
254399 267367
256319 242477
262449 249707
246277 240568
240950 255634
247709 249840
271228 277209
238990 254327
256109 265229
246074 262276
260774 244429
242065 263553
255665 261692
244393 277279
248307 250963
260661 249457
262368 271865
266346 262817
265430 259102
257051 260767
272398 261363
258021 258241
263389 272220
267082 262342
258893 260749
264403 266151
237532 267290
265055 245338
238654 246636
243247 261074
257361 252939
246321 262793
258386 241383
260355 257138
260492 258778
258952 256545
237040 268692
257650 252263
265074 245181
273019 270317
273754 253614
249621 255615
269375 258746
256632 244568
244538 269830
255419 244744
265570 259969
257428 257266
251554 252681
271425 262663
256953 261404
260369 265069
255739 258848
254118 242479
252644 243810
253401 250264
264921 246781
251226 259999
242072 249307
258104 249292
268676 265807
247047 265810
265100 255207
253215 260972
262221 251538
250814 252805
253255 236657
239651 260734
254682 254124
249859 258555
260539 239239
252394 265406
270328 258904
269827 256996
265280 239091
268174 263982
279815 253989
278076 248591
260963 277342
264395 252871
237658 244758
260664 266369
269942 250090
264726 253025
258758 238860
267403 256121
250643 261817
259544 227105
261804 258851
262842 263517
255336 254860
250477 238675
247911 265710
256039 247254
250407 251415
263406 250824
253202 248329
255915 265002
257661 239934
264484 244888
249724 262841
262565 250765
251690 274022
244965 264698
255899 251437
252893 262872
256402 255497
264054 244415
258844 257665
257667 258012
261804 256837
256345 259300
253870 255604
279761 242234
262095 235678
254954 267990
261704 222729
256207 246813
281235 254251
254774 255551
248014 255696
252913 230947
258216 268965
244137 257743
264260 252945
255466 271772
251583 267479
264574 264476
249910 247890
253021 263475
253708 245974
252878 255213
250295 259005
252147 272145
258842 255199
267841 246978
257799 254844
259889 272080
256289 269921
245286 267945
249738 266549
256530 250783
240677 256809
271935 261625
240746 261297
270076 259153
250548 269279
252111 259280
257516 254717
262150 243583
268925 232309
264132 258710
254965 248032
263947 261441
262251 263907
270012 253067
272606 244693
258538 252628
264710 263695
251279 248481
282045 273228
250950 250487
237002 270458
246387 257431
261828 258930
265508 262101
247167 242452
257698 256602
253846 255811
248793 247943
250723 270737
266548 248712
267934 239619
264359 254594
256361 255589
248684 241448
256139 260978
259927 239729
256322 250991
259521 240733
263282 241815
282009 260932
253555 244686
281560 270081
263320 250890
265980 250280
266096 246681
240194 265367
264153 240636
275543 248170
239167 269866
258039 249309
270554 271071
253624 259401
259909 270458
257262 273024
271269 257870
260233 256240
264445 244668
269320 265945
246372 263557
261008 242755
246987 268454
268372 263715
261154 246692
248859 270679
260078 263542
264525 258321
250433 264651
241075 250870
260282 268165
250530 245143
262484 261182
254632 254497
269744 261740
255214 272731
247308 253459
253564 267019
247720 245468
254438 253720
253386 251735
243208 259537
248492 246193
258262 234572
265890 244341
253976 280142
261431 251306
263229 254681
268256 246124
246318 273846
264157 267256
239004 273007
244469 262712
262216 249821
248123 250293
251056 257534
251438 235428
266713 261931
257589 238547
244606 258941
257989 249235
245699 264281
268954 254328
281440 247852
257111 282323
258451 244715
256116 269998
246167 242244
