3426 300.162
205949 252782
225874 213439
212091 235830
221605 217390
211055 247604
220752 222507
219833 227207
247671 207745
242116 210113
244368 209491
241167 211653
234430 213263
216023 234144
216679 233747
247331 208178
212029 243257
219738 232274
219295 233502
220539 227178
255778 204899
204284 264995
208432 254812
245803 209525
227064 218322
229471 216722
214525 238806
221314 226637
237891 213960
240108 213552
222059 225141
211235 248648
217054 235340
234468 215330
220092 231376
215904 237669
216621 235795
211093 250005
222969 224799
226578 222879
245041 211688
219406 234390
214280 243983
245362 210571
213721 246653
212250 248378
224843 224612
213984 246050
257762 208610
226328 224196
219996 232352
235120 215302
237794 215043
234285 216644
220048 232059
212167 248593
219978 234163
205355 266489
257912 206400
224812 224931
229069 221959
242720 220134
219499 244926
251792 216010
263777 259792
252810 257125
254113 241249
251950 249131
252422 258648
261143 234088
253881 258513
277645 259229
248180 263181
268202 271646
262224 247152
254763 253401
251900 264910
249611 249957
248672 261995
247980 268303
234816 265777
256480 262266
269380 245607
247784 247254
251788 251957
266421 243133
257652 267730
262619 260265
272231 247673
266902 262672
242296 268835
261318 272174
243462 241162
273799 258320
256063 269590
258904 261771
253328 263711
259866 275407
254957 240458
246364 253859
259107 263409
267901 265023
257135 262301
251430 253533
260098 261598
265444 241666
255386 260350
268756 244184
255640 267816
254508 261259
265640 261720
248353 263177
264238 244161
248013 243720
246556 254856
261847 278220
235744 254158
262313 278107
264032 256856
254483 263114
266794 258367
248489 268442
251372 265581
269532 248636
254144 249020
265590 257361
265633 271267
262301 250590
266509 252425
269194 280520
250825 241109
240325 258168
257814 251854
263925 255184
252534 258857
256248 275871
248289 260386
265032 257204
260970 264851
261547 252289
256702 259442
257410 259856
273252 248832
263238 247614
245506 246627
267930 248837
263058 268820
244921 260522
254651 249136
252349 255523
263658 255619
256598 256689
273847 241783
266126 236211
264802 252692
248875 277854
261189 249676
268046 261556
228659 262377
262015 270246
247466 262857
254412 240800
252530 236865
260578 264606
269978 252284
249637 238516
264807 238180
253759 259634
262077 244595
252356 280336
257387 263323
234587 268474
269084 266205
262466 270045
251040 262863
262842 261314
259103 248316
265522 262062
257666 263494
265306 259116
234404 246388
261941 250790
250335 245199
250379 254680
248429 233154
258401 255273
267306 240031
260881 252280
259107 236898
260247 256172
234159 249767
249436 263645
277058 276818
277155 256601
254391 259424
250419 257735
247669 242155
258745 265299
262594 255596
260361 243337
252172 259050
263052 240984
259097 257397
259073 258711
267566 270777
276551 266213
265782 243335
268439 263369
256246 248141
243894 257078
267992 244368
243804 259054
235767 282542
263049 247090
251853 272974
254613 241309
237936 244763
256234 270161
249213 244327
265635 253606
259130 264586
264054 253536
240373 259227
256378 245797
253785 267979
268039 244352
260029 252969
271495 268977
279748 279653
254502 231198
257477 256807
248976 255660
262009 264584
261696 256580
251940 263236
260534 257144
255643 259894
230638 267133
267352 261874
248974 257675
277330 261726
264817 265176
248486 257568
261567 251364
246908 256486
266293 258432
249403 272867
254559 269682
260687 240920
252677 251775
261013 251861
263698 260419
252360 259570
269701 266925
242987 254996
263487 254285
259729 271431
250792 237468
268048 253371
258509 233527
259083 254692
273813 242649
241898 250423
246156 254504
233585 252695
260662 254183
269581 264802
259998 269204
239427 248263
264273 260533
235608 263515
257804 263664
248859 266243
245552 254194
238230 273977
258670 258293
259703 271863
263221 244559
260650 260526
240908 254017
263328 245765
238723 281754
267253 267065
273183 261637
252035 239080
253108 246250
256205 265910
259817 245018
249814 255216
256219 251526
249440 238874
257247 245767
275570 265332
249472 267546
271754 252683
271706 255476
263851 271291
266750 265503
252734 261552
266961 256741
252250 266209
271387 271545
246838 262835
253462 268186
245295 270259
280071 255560
245055 261168
256966 252196
266649 258046
268821 234194
267023 261160
258901 252378
249094 251778
266379 251047
243916 265842
259140 260033
258853 250820
256337 267660
269876 247141
242023 244764
247358 250176
253444 270391
244412 254435
252507 255848
241834 255970
259375 260292
254704 278704
239443 250326
258571 260438
280390 257311
264167 245814
266267 249332
260210 259208
264360 257544
258834 257250
255717 258479
236988 268617
264705 252538
272840 251070
264181 258378
263449 253051
272989 254976
261891 253399
240741 259217
248254 265832
273690 257887
242053 237356
252152 264571
255523 252340
244008 260601
245032 251588
252098 253299
271575 247345
257541 257565
265016 244707
253857 247557
242247 236115
273494 264978
255574 264506
252051 273194
243245 264633
259782 253095
255075 267698
237527 251943
244739 268459
259140 252861
258787 251576
273449 260422
241618 271575
255060 276516
256153 263950
271795 254537
261547 272064
254249 254569
250815 261998
259030 253107
258869 237376
251907 264777
269344 257081
241596 246179
270559 254730
269543 265669
257607 236361
250524 253626
263854 248824
250533 245722
247130 265443
257320 258854
277861 248120
251897 254713
246526 263260
260571 266432
252460 248624
249007 267312
264633 248486
240243 283408
256236 256259
257005 253073
269844 271023
266360 247785
264321 264250
252028 246005
269467 258948
255382 242270
263897 254918
265463 256693
248308 250840
279287 243840
248923 252222
253071 251175
246075 261019
239698 258706
258859 254524
266485 239867
281218 269779
245242 270474
249350 242638
270560 253177
257728 261715
250161 257959
243342 268486
254458 241975
248257 248468
275200 240341
269130 258075
248133 259083
256053 246862
260430 276880
267227 248051
251509 261602
260211 258903
249171 262669
255180 259009
258666 272111
256579 256998
253690 254286
258976 254500
264111 252007
247404 236479
254913 250878
259040 246257
246954 259860
252971 263608
290975 272306
239710 255662
258445 273143
240084 263888
270949 253656
245817 265114
253204 258990
257561 276586
244134 243745
251291 253172
257547 254945
267049 245602
258145 238277
259602 261739
254291 253349
258010 255700
252657 272266
245874 251170
265982 265039
238773 259136
263625 269009
274547 238479
237646 269414
267393 259319
260290 262224
282172 251776
264228 247962
245923 250764
254617 268636
222519 241163
265703 252935
257277 225144
265451 242029
242632 270164
268639 256387
256664 267467
245138 249909
266544 247307
270671 256114
251640 254727
243928 246236
271877 266543
248294 272967
250095 258379
260896 256532
261140 260090
286421 261031
245459 275761
244287 253947
244741 238452
254236 250243
256648 258741
263030 250487
261017 271787
253233 247519
241067 257327
240119 252939
231589 255599
254113 254892
243615 259351
253101 252030
272803 269080
256722 265786
267448 259557
251053 257260
262565 238667
251866 255561
256787 235294
270673 249321
257407 256998
265053 262502
245196 255320
262481 268089
262454 259913
267987 253163
240731 260558
265011 256840
259036 241460
263495 265450
253078 263455
259496 251875
277257 247687
251891 252903
251850 274831
258780 246891
252155 272275
240193 248019
270699 249304
274473 268888
276482 270616
269773 263869
246855 238965
251543 261116
256475 270399
278720 277054
259676 260192
247311 255522
235882 249749
261181 253707
245684 258014
251009 243529
264314 252864
269361 272798
260903 255044
242470 252479
257436 259104
250976 261338
242380 258937
256953 264447
267509 251118
254870 246637
247904 280855
261324 247616
251200 246068
257851 265971
239988 256954
266731 271004
258899 265529
274821 246036
249727 258599
252693 255159
243213 241687
268902 245319
256252 239248
257279 261285
263360 260288
274578 257699
248613 258717
243734 253920
256124 256355
270238 245270
273027 252404
259221 263061
256669 257890
262458 276645
259824 250434
280198 258702
254956 260694
262435 258648
255190 263809
248593 264680
251247 244169
250027 270613
250224 238039
246728 272150
272801 268974
266086 253477
259531 245601
261176 248237
265104 259531
266006 250261
238367 272562
247871 248623
268245 246938
262842 257698
244841 265116
247701 269234
260473 241168
251208 240877
252603 266865
265035 251758
258860 250920
252755 256111
257292 264946
265294 239612
269006 237298
252954 230578
255337 253489
255885 251094
262010 265209
261616 256057
259213 260053
249378 253132
262452 255586
264925 262455
261920 258265
268945 272035
272982 264122
267603 239512
268111 251958
270921 253312
259434 249983
250904 268824
264944 243657
260116 253336
261320 258985
271228 265234
266294 224868
275772 247616
254340 240004
257153 260138
260672 254565
252054 249735
256536 274899
271517 251074
265570 238170
257445 245585
240489 241073
261455 274583
271365 262611
243192 268778
257549 255916
256779 249473
257800 244529
250558 272638
236147 249880
253015 261658
253930 253255
266150 273055
273556 268886
275617 250393
251567 253945
252677 255598
258791 264169
258742 266442
266559 271997
249960 249037
266543 248704
264641 253360
246023 241277
245735 245354
251948 271346
256340 252163
255155 256911
245938 238015
252679 256467
242903 265996
256676 254465
264607 252497
264173 253596
255390 247100
269971 249895
255734 257909
262072 270254
238060 235413
247377 249000
242482 261831
255288 227061
252252 251140
256877 265712
266064 249352
257762 272952
255867 240328
281846 253175
255629 269822
264420 258096
266197 265912
256044 244306
245762 264444
254118 264833
269862 258584
265087 259678
267156 250767
265324 253562
252622 262607
263209 247823
260165 259779
281143 260252
261044 232863
271627 255748
253383 266347
269604 248140
243435 243141
255436 253654
265322 256999
256152 265322
256242 243635
251063 265227
248622 246256
265738 266388
268948 274509
245521 261817
268247 256350
243201 258864
251573 253047
255544 284340
260210 262348
283079 256421
261048 260732
252091 255970
266641 256121
239001 257153
247737 255799
263837 265178
257746 236426
267139 251323
260578 272299
246000 250723
275965 255406
232264 258164
244835 269552
247710 282251
232828 273993
260501 254933
251306 266246
258537 242407
263515 275434
259390 246667
252114 276534
275676 284262
265906 253425
252976 247794
260884 255407
260976 256635
274319 273050
237584 259634
261088 252616
255407 260742
254869 267944
261050 252303
254494 277817
260535 241595
252562 262190
242921 266852
262589 256499
263422 248202
228565 266790
259789 252941
243442 246754
281436 274482
239488 273353
257777 261270
240960 237300
266049 256381
261863 260263
246378 257318
251364 243622
246264 243447
252193 248555
262526 248303
255705 264922
251266 257323
277742 252123
267517 255650
249040 258830
249793 238392
265084 257420
265894 246752
252106 245746
267960 254173
259810 257261
276348 229207
274583 244082
275951 239015
265524 267776
248534 247160
257761 254159
263017 251294
266908 245006
257531 270882
246277 274967
263281 257878
245530 265270
263678 267605
259688 258289
255530 254592
244407 266424
249042 264692
255619 265035
260481 258208
242505 254307
253088 246300
260142 251438
242414 255319
258268 240030
254158 256290
253279 250016
256476 265488
272277 255608
265590 261378
267732 239814
259037 253326
263206 255517
254983 246151
222008 251944
255620 245257
254042 254374
253712 251267
256900 253025
260043 252692
258885 260699
260967 256894
257954 248509
266391 254915
256444 253998
244806 238771
249708 232774
256890 263964
270955 256040
268038 251767
255389 279995
276897 254138
252361 273546
270190 244477
281527 271010
265590 263590
270462 252267
244408 257298
259086 243720
256125 272189
262242 261349
257175 238674
236517 245968
267098 237517
239312 254271
260506 239016
232116 253500
242747 269167
262089 248753
263330 263064
254989 257882
260090 262389
251802 280618
276734 256011
250766 278667
260320 260105
246894 248259
252570 254569
254856 254997
244851 259282
251344 247892
260998 257095
266931 257578
266179 267004
237416 235813
273186 247773
250903 270015
249227 270395
237526 265765
267340 251582
272157 254167
270526 244648
256875 254452
258989 250220
264165 246099
251378 258270
271197 232733
244527 263926
262188 260521
246490 255336
257504 251131
262195 268513
260153 249292
253143 243964
263165 253535
274209 252108
261412 254530
236520 263137
258706 258267
265158 251366
258104 252110
249969 236313
256259 262986
258877 249056
255439 252615
245913 266393
263040 252721
251337 263761
273932 268443
260470 267114
254371 252705
249607 249041
272725 244285
243449 254964
266394 237543
251138 269222
237248 227422
243890 255405
250841 254632
257057 257741
256221 266672
273902 253840
266830 264115
258767 258526
274793 254363
251601 246191
273407 261789
266014 252034
254046 256960
243151 256026
255341 257615
264236 257096
266113 246673
275608 265214
259480 267768
249104 246590
255133 239760
224963 257211
255720 270081
262944 240685
257086 272179
264473 249671
260397 257502
263885 244151
256423 266958
255598 250194
257691 265598
262236 252092
266258 257283
249256 257725
262939 255399
266783 253908
266051 260765
259174 258079
256214 242703
251099 264807
267744 281036
268093 240188
254129 268275
269099 249111
255584 253443
253521 238514
257430 258413
256245 274967
266286 256929
272093 249828
241457 256279
261890 257337
249288 261403
261900 235038
255428 251583
250486 258501
238706 241305
249814 269475
250415 262093
253853 267432
244750 266286
248967 249245
266512 265537
272236 242708
246616 252252
240654 266427
244854 258299
271000 268721
252775 260596
245777 268373
259058 267453
255190 250459
248550 269222
255086 249433
270306 263465
262991 250015
256921 233454
251320 264107
263154 254876
244199 267804
258593 279192
262375 236311
258515 250419
270762 258023
266552 260424
259461 252743
259226 252212
249307 268421
255146 252744
260499 259427
250219 255725
266054 259522
