26 1.11283
773531 815006 780987 818881
818242 774331 801162 824053
870653 807090 774224 840138
817231 804307 799656 770143
795880 784703 785886 802847
821082 764799 819903 805027
799972 816621 790592 807904
832763 784781 807932 791997
812469 793262 797206 816387
797447 821150 830203 879851
830873 816020 783171 829618
809082 829901 808072 796025
809082 829901 808072 796025
816093 770928 776044 798105
800409 794844 780283 826115
821082 764799 819903 805027
817693 814148 793600 832731
789803 799946 793523 839900
834412 806634 781745 824031
844879 798072 785250 825405
814208 831345 800533 808599
799142 811348 759862 817143
782013 808087 786234 790565
821026 800231 792160 824870
809530 814478 797950 817027
784835 770221 796820 829917
789933 819266 773151 795311
782918 812596 809182 804183
815747 799543 787581 794828
820255 825653 808472 788466
790758 796823 809750 814555
805421 813835 793450 822897
782013 808087 786234 790565
827204 800314 791386 828370
812928 798876 815931 809791
824902 806333 788619 785905
810526 774831 768551 775714
815561 820252 799536 837463
830106 800714 776398 824594
807571 835749 770342 786983
827472 814150 785313 793129
855404 797282 795497 831948
800060 811493 802995 811942
832201 785880 794980 798024
782446 800481 804036 804975
798205 826993 777228 829338
798966 822073 773940 819236
800217 801853 795524 787263
811682 781361 792161 810912
806276 811798 782821 769496
796640 794466 800832 803949
858646 791784 801767 792681
830546 794022 798305 826631
834412 806634 781745 824031
792550 807872 830281 798390
792085 783316 789308 804874
841674 836537 788356 805080
780883 802954 802549 827710
809106 818061 825804 811659
832201 785880 794980 798024
837435 786681 798591 836365
795580 792932 798962 824360
817491 792878 823998 783811
783345 786291 831992 818928
814487 790994 816375 789727
805138 810477 796246 808603
790704 799694 772919 808486
810500 790363 783403 798137
797743 798005 797624 781579
811376 814883 791846 810728
810361 796556 803730 778466
784083 794854 786573 809301
824006 783628 770166 802276
791264 814414 785637 798896
801388 800942 804299 834351
809922 821445 782897 818898
806858 823358 805123 798846
810654 799720 790576 795482
799179 806697 803516 801090
795880 784703 785886 802847
796343 784048 798542 818662
809735 800283 801894 798647
800174 787826 799867 802985
792803 821542 798255 798406
805825 824908 800965 810430
783345 786291 831992 818928
821382 794443 774886 825157
788794 808423 766532 799694
801094 802516 817650 814099
834332 794380 821626 831940
816754 792737 810273 811893
822372 796785 787482 827414
789280 810725 845980 830773
822500 813972 822235 810277
789933 819266 773151 795311
801396 812373 833510 803007
803797 803904 789920 823415
826884 789746 777726 818057
806616 842139 821378 788480
814524 804815 817071 798455
805826 811595 773235 793122
830230 827901 801392 796835
802325 786236 830794 805125
794682 806506 811106 815948
853616 815329 792136 797575
830546 794022 798305 826631
831507 789328 788655 863770
833898 793765 780006 809428
815561 820252 799536 837463
819028 824023 774864 798370
846323 822319 784073 816537
782446 800481 804036 804975
784083 794854 786573 809301
802088 802966 783979 825707
866533 808374 812995 793813
792925 802364 790983 795246
817693 814148 793600 832731
833065 833238 801242 815933
814764 803231 822856 796577
811716 799376 759610 823994
816981 778369 813513 822684
807636 785661 845168 800973
787470 785393 820074 816663
801094 802516 817650 814099
796640 794466 800832 803949
790758 796823 809750 814555
858646 791784 801767 792681
789579 787467 775624 806349
806483 829030 774767 810851
793040 791069 832463 817720
800217 801853 795524 787263
801323 798211 773370 788130
822701 810893 784809 812093
811376 814883 791846 810728
815221 789248 821255 777539
832728 828831 777128 804958
804744 803681 790677 782167
817105 784356 795760 819776
793853 809278 802772 806262
797942 806341 805252 778200
820569 782323 784993 829005
791307 799188 830734 794905
830106 800714 776398 824594
814524 804815 817071 798455
799380 784359 786832 805900
796967 786554 813168 828502
834332 794380 821626 831940
788661 785501 795211 817285
819925 786365 793354 822699
787796 791481 780014 820174
847851 775480 816726 797825
825647 793919 804787 821363
793287 806793 802551 828715
799522 777798 781477 791524
808244 781644 802325 802419
792925 802364 790983 795246
840981 779651 800425 832140
790198 798570 799049 820717
800174 787826 799867 802985
828136 797852 787456 804934
809205 805053 807693 795683
797323 768968 793287 792520
801222 792502 770565 794278
804012 808398 760410 821580
823610 775776 806390 798771
820230 773454 830381 828363
830873 816020 783171 829618
794682 806506 811106 815948
793040 791069 832463 817720
819889 811259 794896 818443
858154 811704 794050 807890
792031 810928 788054 772556
791307 799188 830734 794905
806096 844411 809197 807384
796356 782682 829915 824293
789643 797102 795022 822986
819660 831162 785953 796212
830230 827901 801392 796835
835143 847102 790811 810016
808431 808293 784758 816773
807346 800472 791760 802525
820255 825653 808472 788466
803781 817240 796035 828879
801379 802623 762566 831308
816695 770267 789862 839900
818210 826217 795976 815220
833065 833238 801242 815933
800409 817873 775487 834828
816976 789283 797335 795816
794100 804260 793426 806215
801379 802623 762566 831308
814183 824577 800319 819550
803229 813266 797531 812169
818831 785983 814583 797361
807185 809803 806525 798475
808209 799369 798079 820245
771128 832732 801187 829511
815747 799543 787581 794828
801823 805580 792718 812258
789933 819266 773151 795311
798966 822073 773940 819236
789803 799946 793523 839900
810210 795010 789330 810132
835143 847102 790811 810016
804316 807796 803382 824895
804860 792907 789516 825349
808431 808293 784758 816773
818649 821436 800161 807167
813606 785150 782482 796177
794219 823569 796521 823321
823680 833306 841487 812363
832763 784781 807932 791997
840341 817473 799048 814992
822273 803781 787138 820778
806483 829030 774767 810851
795664 818692 777962 779455
799167 808165 789966 812578
809717 817669 796508 836136
816976 789283 797335 795816
792133 797356 808662 786841
781561 815794 812359 782235
806276 811798 782821 769496
814183 824577 800319 819550
833898 793765 780006 809428
803229 813266 797531 812169
813425 804803 815586 808145
827988 825448 822033 806340
799972 816621 790592 807904
847851 775480 816726 797825
799098 799171 753483 821389
809877 794784 769725 816984
790236 800532 775203 798832
801740 777501 775229 803022
815400 841329 795344 816494
799098 799171 753483 821389
789579 787467 775624 806349
780883 802954 802549 827710
797004 798103 796238 805980
796035 808749 778496 825460
782918 812596 809182 804183
819447 825460 790980 835248
836671 791490 817950 821566
790198 798570 799049 820717
828231 799405 812841 820486
799522 777798 781477 791524
819889 811259 794896 818443
791742 793575 803137 801191
790236 800532 775203 798832
794819 797523 811121 821989
855405 801435 806460 814376
798128 777700 766693 817297
816695 770267 789862 839900
794642 784935 802017 805595
819660 831162 785953 796212
828152 809004 781011 812187
825854 797240 828086 811369
842913 841345 780391 784060
824006 783628 770166 802276
799167 808165 789966 812578
819028 824023 774864 798370
787263 771890 798647 819399
822921 816141 788993 810998
800262 789320 778670 780405
821900 804799 800990 816397
796967 786554 813168 828502
828136 797852 787456 804934
801823 805580 792718 812258
822500 813972 822235 810277
800070 807977 814426 800202
789022 813296 800502 806763
804130 785002 790920 816037
799179 806697 803516 801090
793692 819485 820434 792606
827342 787463 781903 815577
810531 798187 809568 824355
827204 800314 791386 828370
809179 796906 792638 835836
809656 803307 778585 779185
825647 793919 804787 821363
807328 808760 791012 828293
792031 810928 788054 772556
840341 817473 799048 814992
803062 781827 802344 816249
796160 803515 791198 810300
814605 805560 803700 818483
803271 795234 799237 806771
823083 794779 789095 826643
822273 803781 787138 820778
789940 793786 801004 792613
801171 799752 801546 815490
836187 801898 824173 801750
807598 771765 767373 775614
796035 808749 778496 825460
816804 790967 830196 819314
778336 811972 838480 800700
789022 813296 800502 806763
805721 800920 789094 804929
812121 795901 805881 808535
795635 795286 803539 810635
821772 804444 792506 801616
