2617 137.293
642573 504727 477339
618155 549944 451894
616740 496318 529299
548824 552092 549292
546778 574289 527031
546778 574289 527031
594364 508795 545023
612421 497772 538384
607087 500152 524322
553128 539088 533090
597832 509547 496455
638394 514108 461307
576689 534370 501838
548551 566393 521391
605937 505970 496022
562010 541500 513593
570468 569376 492197
618155 549944 451894
614536 545801 455040
630277 517470 463203
603812 519496 482787
552759 556337 517440
572585 527966 509171
632800 519465 458628
582650 528997 485646
632800 519465 458628
623262 543426 453082
586015 553463 481255
626044 515993 470983
585092 547852 482296
638394 514108 461307
548824 552092 549292
590026 530072 465998
576943 532173 493158
592526 524460 467882
626044 515993 470983
586406 517216 536007
612421 497772 538384
608966 507847 491937
551321 554800 517710
593406 519559 483648
560844 562273 504913
616309 531287 461701
589372 523297 504639
615438 539081 454094
610873 512364 475504
574592 567690 488285
550386 545595 523684
626650 509804 474996
622826 496479 513298
586406 517216 536007
559772 549624 517655
568428 519135 530784
614053 552373 459429
561408 544098 507993
556443 558711 512560
567618 558346 502043
570468 569376 492197
568428 519135 530784
613469 502246 481681
574130 537914 489600
581501 526543 492973
564859 560050 497883
580649 541850 487014
561699 535781 518495
565021 537167 514235
606482 522558 468951
564859 560050 497883
579824 523618 498688
560844 562273 504913
626650 509804 474996
570645 543345 497487
578382 554537 489236
613469 502246 481681
571249 537531 500177
630277 517470 463203
591929 521406 469101
565290 550866 503749
560269 544026 510980
597349 512481 511091
566426 530433 502137
567620 526889 513745
552759 556337 517440
560949 547739 509677
591885 524897 498599
616740 496318 529299
561113 554504 505985
558215 549807 511822
608966 507847 491937
610873 512364 475504
604771 513032 486880
558041 528469 520383
561699 535781 518495
574592 567690 488285
589993 515261 522052
627117 528861 465241
553128 539088 533090
604771 513032 486880
628444 508449 475109
583247 559370 476687
589993 515261 522052
557087 566838 507113
577833 517384 505128
571249 537531 500177
574130 537914 489600
565021 537167 514235
622826 496479 513298
583423 523613 503109
557087 566838 507113
627810 522191 459270
570667 520092 511734
613007 496383 525322
556443 558711 512560
579652 524565 504494
577080 530200 505821
586015 553463 481255
565290 550866 503749
603812 519496 482787
550386 545595 523684
591929 521406 469101
597349 512481 511091
614536 545801 455040
583247 559370 476687
613007 496383 525322
558041 528469 520383
626941 506803 475444
576918 525936 505922
627117 528861 465241
560949 547739 509677
583423 523613 503109
626941 506803 475444
566426 530433 502137
628444 508449 475109
548551 566393 521391
557708 552190 513272
591885 524897 498599
580649 541850 487014
570667 520092 511734
576943 532173 493158
627810 522191 459270
576918 525936 505922
579652 524565 504494
557708 552190 513272
638394 514108 461307
632800 519465 458628
632800 519465 458628
632800 519465 458628
632800 519465 458628
632800 519465 458628
632800 519465 458628
630277 517470 463203
630277 517470 463203
630277 517470 463203
627810 522191 459270
626650 509804 474996
603812 519496 482787
568428 519135 530784
636923 518050 465115
611030 509693 519349
605364 519396 547070
563432 576739 519205
550668 573840 545778
569768 562489 528566
624653 539258 478769
624620 540635 468941
584650 551066 533793
607954 517544 508816
616902 535571 479390
586379 544180 500426
589920 533565 499820
580118 560878 540641
586094 563254 511800
598602 529971 491647
582077 557110 515444
587441 529946 540443
602617 524704 523635
611357 521595 488280
598659 525200 491075
610206 522626 496750
580881 551732 521699
608585 558135 485169
609007 523468 483452
605077 520370 512783
580516 575843 520666
639275 526870 471473
621338 522302 520001
598937 573058 493985
587360 545708 533258
613819 546981 485638
589557 558616 505729
604206 569121 501663
601850 530745 527851
604328 558155 498042
606831 549377 492498
617023 523443 519897
619862 525580 488422
609306 532269 486163
602654 534554 513131
595604 543706 505938
606914 540430 495495
606386 527073 508420
598419 536606 532797
599344 542635 504093
596762 542937 511960
602439 536749 502626
657932 534002 485610
619349 523962 531194
608329 528329 548877
596828 577885 506497
592378 559047 523696
625649 527750 502879
601205 545762 532295
621688 543314 486931
601773 568144 504498
605860 536755 509188
592462 574453 517591
615180 535037 490814
609838 565460 493648
611342 555807 486725
608087 560844 499798
597863 553465 517327
607098 534839 512283
593894 559776 520284
622659 530524 491061
603705 548588 506826
610900 550518 497121
623547 529799 493417
599590 552454 520171
608643 548221 499348
606485 546192 509185
611341 552914 496426
610984 534170 519349
632922 544583 490520
622698 532673 500017
593828 571303 531917
614447 538911 517572
604432 561941 510082
607405 543930 526280
615281 554220 495167
628193 534421 492537
609817 544958 511547
620187 564620 494893
607586 564232 506980
608620 536465 527236
624984 546848 497676
605136 549671 507393
622335 553443 495203
619003 534647 526419
623676 547827 491480
620659 546170 499620
608723 545153 509662
605983 547693 510630
637840 563702 493049
624656 535290 546612
608393 568794 514090
613587 546408 534185
616588 544545 518190
618505 557534 508981
611526 542395 544709
633004 542618 497041
628788 551054 493193
622922 542045 504670
608765 552457 509323
626248 548477 499849
617898 559403 499430
631821 539739 501043
623177 538796 501473
616461 546428 512128
639157 539117 535794
634912 538980 542114
632573 560776 493693
611786 542442 552152
609154 564407 530370
609100 560138 533296
630618 554366 497568
619622 559480 508605
623626 540505 502617
616653 550987 514433
617395 545352 518460
616675 546562 517895
637920 551521 497820
633642 540492 502396
609820 552707 511327
617418 552262 513992
611217 560397 511144
635669 542884 507876
633233 552830 503179
629744 541752 523276
623853 582741 510829
617973 550902 541365
617964 552347 539691
622503 567433 525404
619386 556101 528981
628498 557815 503756
625132 545421 504230
623065 550746 537478
625929 546551 509475
645052 558307 517654
633713 558234 535104
627135 584273 527023
628444 508449 475109
618155 549944 451894
616740 496318 529299
548824 552092 549292
546778 574289 527031
546522 559848 529209
548551 566393 521391
560844 562273 504913
553128 539088 533090
548824 552092 549292
612421 497772 538384
546778 574289 527031
550386 545595 523684
564859 560050 497883
572585 527966 509171
579824 523618 498688
552759 556337 517440
605937 505970 496022
623262 543426 453082
562010 541500 513593
585092 547852 482296
561699 535781 518495
613469 502246 481681
567618 558346 502043
576918 525936 505922
603633 539759 458120
578828 532499 501090
566426 530433 502137
626941 506803 475444
605063 498625 516835
576689 534370 501838
613469 502246 481681
583247 559370 476687
593406 519559 483648
581501 526543 492973
618231 512116 463942
608533 516147 468940
586406 517216 536007
612861 550414 455174
615438 539081 454094
582650 528997 485646
573665 535938 494231
580599 534582 494883
598073 511727 472754
586015 553463 481255
590026 530072 465998
626941 506803 475444
569742 529251 515395
613007 496383 525322
600581 509043 493691
612421 497772 538384
621934 510977 468257
607423 513746 472378
586406 517216 536007
591929 521406 469101
600581 509043 493691
610644 508619 479164
595793 519333 468101
614536 545801 455040
592526 524460 467882
610340 513889 462144
628444 508449 475109
609943 518179 465865
605384 514421 471019
569742 529251 515395
622822 509577 468431
587761 509514 510983
596680 532660 460289
586015 553463 481255
608966 507847 491937
612714 531579 456688
572071 537017 492884
616740 496318 529299
583247 559370 476687
605063 498625 516835
589097 548747 469607
587761 509514 510983
572071 537017 492884
580786 539889 488450
580662 555584 479409
580662 555584 479409
609915 512961 472613
606264 529341 461057
591719 519522 486204
568428 519135 530784
597615 518305 473718
612206 509108 474073
620098 518393 461753
608966 507847 491937
568428 519135 530784
595957 519041 490358
568616 543097 487821
615438 539081 454094
596840 518435 488144
611870 512675 468382
620098 518393 461753
614536 545801 455040
605384 514421 471019
622826 496479 513298
622826 496479 513298
608025 536230 459994
566426 530433 502137
611150 524873 457472
587030 536588 475302
618231 512116 463942
610022 525773 458205
604459 508831 489078
595957 519041 490358
608577 519671 458664
578828 532499 501090
589097 548747 469607
621934 510977 468257
623262 543426 453082
568616 543097 487821
573665 535938 494231
593406 519559 483648
591719 519522 486204
604459 508831 489078
590026 530072 465998
618155 549944 451894
589336 519818 471712
581360 534114 482744
611150 524873 457472
592526 524460 467882
597832 509547 496455
586768 540788 481442
610519 542556 456776
608618 533567 457890
588568 552336 471788
582650 528997 485646
580615 536932 492653
596727 520582 461599
610519 542556 456776
576918 525936 505922
591929 521406 469101
586768 540788 481442
612714 531579 456688
581360 534114 482744
588676 539834 471851
598073 511727 472754
608025 536230 459994
588568 552336 471788
608618 533567 457890
596727 520582 461599
606264 529341 461057
589336 519818 471712
597832 509547 496455
546522 559848 529209
614536 545801 455040
614536 545801 455040
605063 498625 516835
589097 548747 469607
638831 533409 467213
620665 509255 523728
620040 547828 461118
584865 571585 480140
572073 555022 534699
592230 557789 488897
601204 532040 517186
572731 549542 502189
638348 547243 472276
601372 518863 480469
622439 539720 477557
580812 544493 498305
603402 517660 478949
594443 548430 495538
615109 557217 476911
612707 544831 477749
572420 555318 525852
618699 539467 478488
599296 544997 479527
599397 552413 479104
640917 524539 483242
636850 517992 492405
623108 553886 472585
596491 574352 490861
581980 556877 537014
584185 560731 509183
586694 549545 520608
603709 529355 526050
591768 547354 506829
620147 526794 488915
608087 526814 492247
637468 539942 479742
628637 518037 523608
630765 537442 483166
604647 541730 484201
593155 552839 498599
623662 521147 493033
602116 532908 503487
605688 536719 495783
600551 550045 493729
638859 532581 487968
604081 525855 501134
648429 529662 487486
644465 518931 503155
627778 554875 472748
587793 575398 527634
586068 559691 538561
594774 567721 500081
602120 536939 504426
610759 526916 516042
626292 557004 481251
636055 524112 496779
595075 551290 509556
622501 530560 502983
642846 549823 482842
619086 549915 493383
639595 542759 491085
631453 546866 487641
632297 545803 489262
627308 528079 513361
615045 535483 493545
613077 534128 509716
634585 543253 489560
624773 526949 515501
613800 553835 485914
614579 532651 494410
638696 552202 484817
605647 559339 484308
603627 559470 497425
607732 552500 490237
612402 546530 495830
608401 551277 492467
604352 555317 494114
640312 528308 492400
625999 528506 491351
606004 546749 494334
651076 557352 484354
644151 524398 500894
615961 567931 486995
593710 560178 539804
628721 533660 529859
602143 556970 517636
636284 526877 502784
613085 542235 510803
630746 530077 509063
618513 565616 486623
602308 545252 508027
624987 539477 494123
606027 552247 497582
605328 561098 501844
605587 540459 516175
620821 537451 496380
622754 558613 491413
622328 555645 492795
613429 551293 497564
630234 546575 491765
636207 535682 491476
615038 533974 497646
629783 534286 496487
641429 556613 493545
632071 536816 507720
606251 549595 540078
602717 570803 514131
609055 552227 532078
606557 563936 511201
621256 548152 496614
634908 553226 494915
628621 544160 495848
603750 552891 519355
628918 539923 503110
612425 559451 506934
619837 540024 506429
617077 538105 515769
614376 551370 513817
624998 552455 496519
603464 556412 519065
610135 551371 515504
646563 544754 496347
636841 538550 515902
619165 542297 524201
609146 583067 518271
611948 564788 520128
621644 559462 506953
645331 543872 503535
645736 546658 498395
639650 554492 496561
616035 557010 516011
631038 555143 498242
623980 541239 506539
627037 558755 496584
623547 555593 518723
638148 555181 496837
646502 541280 514611
643380 568998 497910
615309 576812 545917
616091 564278 537967
628456 546068 510834
635709 556072 501906
623726 559374 528072
627917 554731 532080
634388 543471 508177
621057 559676 529558
629068 547186 513614
633739 547496 517665
630732 566490 521357
633612 559977 521195
648552 575931 521056
639249 555258 535017
635004 516257 472677
626210 495421 539275
618155 549944 451894
548824 552092 549292
546778 574289 527031
546778 574289 527031
560844 562273 504913
553128 539088 533090
548551 566393 521391
548824 552092 549292
552759 556337 517440
626210 495421 539275
589136 553162 472270
550386 545595 523684
614536 545801 455040
605937 505970 496022
564859 560050 497883
562010 541500 513593
570468 569376 492197
622826 496479 513298
597832 509547 496455
601814 518880 487263
572585 527966 509171
623262 543426 453082
612421 497772 538384
629332 523684 466532
592526 524460 467882
623789 519825 474323
590026 530072 465998
632800 519465 458628
615438 539081 454094
567618 558346 502043
574562 537367 491574
616309 531287 461701
618721 535980 458577
581971 527220 484627
608966 507847 491937
591000 524451 480264
612421 497772 538384
618155 549944 451894
618721 535980 458577
613469 502246 481681
571159 532804 496977
599604 512406 487986
611687 515776 483155
591929 521406 469101
597270 503253 509553
579824 523618 498688
587715 513809 491531
570468 569376 492197
632800 519465 458628
599604 512406 487986
607087 500152 524322
571789 530104 502893
569742 529251 515395
569742 529251 515395
606482 522558 468951
573050 542625 487518
588188 513114 509314
602591 506205 505784
576918 525936 505922
581896 537113 490129
635004 516257 472677
576541 536329 493420
626941 506803 475444
608516 502201 502754
584978 521954 481910
584647 526329 477738
585240 518650 499226
575175 526571 502131
596946 518697 488984
593700 510870 502004
577310 535005 492602
566426 530433 502137
563624 526014 531858
616309 531287 461701
561699 535781 518495
563624 526014 531858
572720 541917 494141
595418 521283 476566
606678 530150 463913
603795 515730 483617
614983 500760 522161
622920 496334 528793
583247 559370 476687
593406 519559 483648
568428 519135 530784
608730 516367 480512
628444 508449 475109
577114 520031 505564
586948 521720 489366
606153 510882 492879
584522 513807 511297
581501 526543 492973
623369 516895 474958
580277 531882 492474
628444 508449 475109
617575 517837 475906
607438 514847 487762
606678 530150 463913
603795 515730 483617
583727 518643 502017
616740 496318 529299
571159 532804 496977
583247 559370 476687
614536 545801 455040
576918 525936 505922
595977 507733 510389
613007 496383 525322
568104 537134 499797
568428 519135 530784
584522 513807 511297
607087 500152 524322
617575 517837 475906
616658 497750 519384
595977 507733 510389
578561 531600 493766
566426 530433 502137
616658 497750 519384
614983 500760 522161
577310 535005 492602
567709 542468 499743
622826 496479 513298
593700 510870 502004
570341 536453 498714
586948 521720 489366
626941 506803 475444
611687 515776 483155
581971 527220 484627
597270 503253 509553
577995 518886 500873
577995 518886 500873
597274 521021 476408
613007 496383 525322
616740 496318 529299
607438 514847 487762
614543 501437 519301
629332 523684 466532
584647 526329 477738
614543 501437 519301
578259 528795 498831
561699 535781 518495
591929 521406 469101
578259 528795 498831
591000 524451 480264
595643 519306 487749
606279 519925 474880
580277 531882 492474
597274 521021 476408
578561 531600 493766
572720 541917 494141
618721 535980 458577
614983 500760 522161
563624 526014 531858
643332 515974 499951
637703 542936 464251
621954 570015 478121
614610 498609 531017
567819 557544 523940
613590 508929 509304
623240 550342 470257
589965 537146 486263
573840 537866 504372
615586 518532 496411
601935 533619 500187
629909 538391 480015
608615 529053 483507
634755 521922 472502
593226 526491 505357
633636 517277 489027
622117 528602 490783
640713 521083 481649
597197 534698 504836
608903 523235 507867
612584 534952 482591
613789 524517 499799
613196 541939 479041
615028 523179 502238
654928 537426 476036
629518 553841 472925
621759 505461 544473
596491 567135 503581
588919 551291 525267
604128 559912 514284
618014 516405 531656
642117 521208 492079
636969 523760 498559
616449 528411 505598
622808 546835 482108
623191 542132 480182
628889 511217 529330
637528 525499 483957
600092 532971 522574
626826 515258 526167
612650 533172 512194
641431 517661 497863
594211 537893 530374
618369 522510 516524
623536 528930 493335
620734 521077 528505
609539 530538 525676
604160 538900 504881
601253 539639 515722
628306 530533 489867
640536 522146 490071
613895 535553 493070
613519 532931 525163
610150 535218 498184
621461 524660 512944
627976 521855 515421
622896 537864 483902
663582 523778 503091
640535 558576 476514
632474 517769 536674
629505 517865 553365
611685 565181 503375
603022 539736 531673
641870 524632 497901
604894 552201 518794
611260 535281 550462
606997 557046 508637
613724 547716 510441
639640 519014 532607
634934 542338 481876
623748 521798 533791
607716 538926 514339
616978 530378 521852
629151 540460 484138
634863 526114 519180
628454 533397 491832
614722 544137 497823
625042 531437 499544
611100 542602 512198
618255 540871 493151
622373 537346 495811
614988 532981 527497
622312 537839 519696
627320 534669 493581
613172 533666 527540
615642 541603 500898
629375 530108 519692
657004 529545 503381
653023 550353 489056
649341 525948 508759
606491 566307 571110
607597 546931 539433
612398 557719 517276
639248 561778 491279
607810 542409 530915
630982 551186 493412
634637 531010 536742
622804 538163 507078
648032 531339 507872
621643 544340 501695
615866 550197 504879
618908 535862 522394
638355 533605 506814
627252 534345 521699
630378 534612 511306
618261 545473 501757
631255 535151 492109
627795 535754 511204
645351 543602 505706
644257 534711 526800
636290 547852 493699
632630 561822 504627
628622 542418 540384
610252 548825 534810
634850 552480 500933
615376 561349 532681
616840 558126 522602
625289 543869 516468
618413 556108 526367
633594 537164 507569
620411 545363 532019
630050 556522 510521
627999 550625 513859
633067 539649 513160
623368 550971 511460
621282 558464 505433
621244 544423 529965
629635 550756 513149
644635 537823 531760
638925 537553 534988
638319 561526 498014
614480 563393 551754
614617 553357 543113
634373 539088 512497
625638 546203 526689
622975 561689 524741
637157 550081 500428
633836 537874 529557
649289 551447 512674
640390 541152 547543
639097 561307 503375
638112 550079 520788
642186 553417 512383
640900 558767 515783
641727 552904 517161
640396 559964 524792
