2864 308.758
3.20928e+06 3.16255e+06
3.09376e+06 3.22404e+06
3.19024e+06 3.15936e+06
3.17323e+06 3.17017e+06
3.15513e+06 3.14519e+06
3.11563e+06 3.18826e+06
3.14628e+06 3.2069e+06
3.14823e+06 3.14958e+06
3.17241e+06 3.25844e+06
3.12056e+06 3.2173e+06
3.17209e+06 3.19495e+06
3.1735e+06 3.15317e+06
3.20514e+06 3.18276e+06
3.16951e+06 3.20421e+06
3.13855e+06 3.25402e+06
3.1271e+06 3.23484e+06
3.10588e+06 3.18399e+06
3.18381e+06 3.17168e+06
3.19631e+06 3.20388e+06
3.13823e+06 3.20099e+06
3.17434e+06 3.20346e+06
3.16928e+06 3.14882e+06
3.1578e+06 3.18303e+06
3.13625e+06 3.26423e+06
3.08407e+06 3.18279e+06
3.21997e+06 3.15883e+06
3.17906e+06 3.19328e+06
3.15541e+06 3.24341e+06
3.17995e+06 3.15356e+06
3.14053e+06 3.11262e+06
3.18885e+06 3.18366e+06
3.15442e+06 3.23591e+06
3.18772e+06 3.14481e+06
3.14128e+06 3.16582e+06
3.18624e+06 3.22828e+06
3.16844e+06 3.17947e+06
3.16757e+06 3.21983e+06
3.1949e+06 3.22043e+06
3.16866e+06 3.0822e+06
3.13966e+06 3.18954e+06
3.1608e+06 3.13342e+06
3.10464e+06 3.17592e+06
3.12617e+06 3.26243e+06
3.20564e+06 3.17285e+06
3.08481e+06 3.15013e+06
3.17495e+06 3.2244e+06
3.17539e+06 3.20585e+06
3.16343e+06 3.20891e+06
3.13703e+06 3.17741e+06
3.13651e+06 3.131e+06
3.18546e+06 3.14108e+06
3.19834e+06 3.1116e+06
3.16257e+06 3.23106e+06
3.11341e+06 3.19071e+06
3.1398e+06 3.17151e+06
3.18083e+06 3.19177e+06
3.14482e+06 3.1498e+06
3.16534e+06 3.15169e+06
3.26612e+06 3.17968e+06
3.20139e+06 3.15956e+06
3.24117e+06 3.17279e+06
3.13176e+06 3.2028e+06
3.10815e+06 3.20235e+06
3.14186e+06 3.18866e+06
3.13172e+06 3.15909e+06
3.13098e+06 3.206e+06
3.09656e+06 3.13463e+06
3.2108e+06 3.20696e+06
3.17465e+06 3.17826e+06
3.16516e+06 3.19624e+06
3.16366e+06 3.17534e+06
3.16432e+06 3.19378e+06
3.16058e+06 3.21088e+06
3.15978e+06 3.18596e+06
3.11669e+06 3.11559e+06
3.21838e+06 3.21094e+06
3.15568e+06 3.17949e+06
3.14119e+06 3.25522e+06
3.18539e+06 3.14138e+06
3.16906e+06 3.19102e+06
3.16537e+06 3.17042e+06
3.1073e+06 3.19813e+06
3.20252e+06 3.15696e+06
3.13749e+06 3.19795e+06
3.12208e+06 3.1664e+06
3.21427e+06 3.16948e+06
3.1789e+06 3.18195e+06
3.18405e+06 3.13523e+06
3.2502e+06 3.19467e+06
3.1798e+06 3.19295e+06
3.15834e+06 3.20942e+06
3.10482e+06 3.2212e+06
3.21124e+06 3.19865e+06
3.18566e+06 3.20764e+06
3.23066e+06 3.1633e+06
3.20541e+06 3.15743e+06
3.17563e+06 3.15232e+06
3.14831e+06 3.16449e+06
3.17961e+06 3.21096e+06
3.16217e+06 3.14164e+06
3.12699e+06 3.1543e+06
3.1412e+06 3.16088e+06
3.17705e+06 3.13945e+06
3.20078e+06 3.1861e+06
3.19621e+06 3.16445e+06
3.14212e+06 3.16743e+06
3.15786e+06 3.09905e+06
3.22749e+06 3.14753e+06
3.13762e+06 3.21244e+06
3.2032e+06 3.15548e+06
3.11336e+06 3.16402e+06
3.12486e+06 3.1203e+06
3.14112e+06 3.17421e+06
3.14321e+06 3.16597e+06
3.17673e+06 3.15161e+06
3.07124e+06 3.23012e+06
3.19919e+06 3.16757e+06
3.19489e+06 3.17428e+06
3.11531e+06 3.19866e+06
3.14365e+06 3.17934e+06
3.18747e+06 3.13125e+06
3.17511e+06 3.20266e+06
3.25463e+06 3.18799e+06
3.18811e+06 3.18314e+06
3.24035e+06 3.24384e+06
3.16169e+06 3.24775e+06
3.16008e+06 3.24612e+06
3.13274e+06 3.207e+06
3.14091e+06 3.17076e+06
3.19507e+06 3.18475e+06
3.16736e+06 3.21423e+06
3.12654e+06 3.21147e+06
3.19603e+06 3.10866e+06
3.14466e+06 3.14899e+06
3.13656e+06 3.15065e+06
3.18495e+06 3.18328e+06
3.14268e+06 3.18687e+06
3.20397e+06 3.16238e+06
3.18926e+06 3.19202e+06
3.24569e+06 3.20327e+06
3.20992e+06 3.2659e+06
3.18544e+06 3.17666e+06
3.09954e+06 3.1734e+06
3.18406e+06 3.17596e+06
3.13486e+06 3.21195e+06
3.14943e+06 3.21677e+06
3.24988e+06 3.19341e+06
3.1597e+06 3.17182e+06
3.17811e+06 3.12599e+06
3.13778e+06 3.15248e+06
3.16171e+06 3.18733e+06
3.15965e+06 3.1349e+06
3.08958e+06 3.20988e+06
3.19252e+06 3.20935e+06
3.23717e+06 3.19547e+06
3.19178e+06 3.11882e+06
3.18999e+06 3.17766e+06
3.12877e+06 3.18406e+06
3.16016e+06 3.21871e+06
3.24842e+06 3.23964e+06
3.13775e+06 3.24434e+06
3.06343e+06 3.16532e+06
3.17762e+06 3.22112e+06
3.16099e+06 3.20847e+06
3.15284e+06 3.18528e+06
3.13628e+06 3.19872e+06
3.176e+06 3.15417e+06
3.19589e+06 3.13864e+06
3.15331e+06 3.17663e+06
3.1658e+06 3.1341e+06
3.16068e+06 3.19526e+06
3.16892e+06 3.21406e+06
3.09967e+06 3.17871e+06
3.17367e+06 3.1091e+06
3.13375e+06 3.12743e+06
3.15171e+06 3.16353e+06
3.18521e+06 3.13692e+06
3.2141e+06 3.1703e+06
3.19911e+06 3.15928e+06
3.15353e+06 3.18552e+06
3.11226e+06 3.151e+06
3.13736e+06 3.2558e+06
3.22687e+06 3.17567e+06
3.19724e+06 3.17782e+06
3.16421e+06 3.15139e+06
3.18553e+06 3.19198e+06
3.13378e+06 3.21186e+06
3.12097e+06 3.20768e+06
3.15631e+06 3.21199e+06
3.17966e+06 3.14734e+06
3.16053e+06 3.23333e+06
3.16836e+06 3.18436e+06
3.1681e+06 3.17161e+06
3.14504e+06 3.19834e+06
3.18264e+06 3.21204e+06
3.11076e+06 3.19204e+06
3.10631e+06 3.24333e+06
3.09708e+06 3.12692e+06
3.12058e+06 3.21692e+06
3.16301e+06 3.17604e+06
3.19562e+06 3.15195e+06
3.15093e+06 3.19921e+06
3.1902e+06 3.17074e+06
3.20787e+06 3.22508e+06
3.11848e+06 3.22496e+06
3.20693e+06 3.12986e+06
3.2175e+06 3.2213e+06
3.11042e+06 3.1974e+06
3.12972e+06 3.18132e+06
3.15564e+06 3.2181e+06
3.18761e+06 3.16488e+06
3.28208e+06 3.13373e+06
3.1807e+06 3.14631e+06
3.18609e+06 3.12571e+06
3.18173e+06 3.22519e+06
3.15168e+06 3.09303e+06
3.10107e+06 3.18e+06
3.16785e+06 3.12156e+06
3.19328e+06 3.18559e+06
3.1378e+06 3.16182e+06
3.15946e+06 3.16285e+06
3.19813e+06 3.23178e+06
3.1872e+06 3.21151e+06
3.17926e+06 3.17546e+06
3.19709e+06 3.21149e+06
3.166e+06 3.1993e+06
3.22186e+06 3.17097e+06
3.16387e+06 3.20082e+06
3.18173e+06 3.16768e+06
3.1562e+06 3.19013e+06
3.19591e+06 3.1797e+06
3.13731e+06 3.1544e+06
3.13866e+06 3.17375e+06
3.26134e+06 3.21388e+06
3.19121e+06 3.20506e+06
3.1886e+06 3.18967e+06
3.18097e+06 3.19474e+06
3.09971e+06 3.21364e+06
3.18961e+06 3.15028e+06
3.15707e+06 3.23298e+06
3.13781e+06 3.166e+06
3.13951e+06 3.1764e+06
3.19738e+06 3.12685e+06
3.1825e+06 3.14985e+06
3.22143e+06 3.20614e+06
3.24335e+06 3.23588e+06
3.11524e+06 3.19853e+06
3.19977e+06 3.20724e+06
3.17192e+06 3.16521e+06
3.14517e+06 3.25803e+06
3.15826e+06 3.21559e+06
3.21787e+06 3.14688e+06
3.18646e+06 3.17608e+06
3.13543e+06 3.13575e+06
3.1826e+06 3.14496e+06
3.10528e+06 3.17946e+06
3.17625e+06 3.16704e+06
3.20463e+06 3.16004e+06
3.19944e+06 3.2055e+06
3.16921e+06 3.12955e+06
3.24531e+06 3.14251e+06
3.21593e+06 3.10331e+06
3.20792e+06 3.22853e+06
3.15871e+06 3.20324e+06
3.14976e+06 3.2271e+06
3.21269e+06 3.2229e+06
3.19247e+06 3.22542e+06
3.17889e+06 3.17355e+06
3.1299e+06 3.21142e+06
3.16618e+06 3.21898e+06
3.09507e+06 3.14205e+06
3.1082e+06 3.16026e+06
3.20166e+06 3.15698e+06
3.16967e+06 3.19352e+06
3.15119e+06 3.16475e+06
3.17573e+06 3.23555e+06
3.19616e+06 3.24863e+06
3.13713e+06 3.12133e+06
3.15999e+06 3.12606e+06
3.15419e+06 3.19767e+06
3.23222e+06 3.12995e+06
3.16949e+06 3.26285e+06
3.14737e+06 3.12911e+06
3.18248e+06 3.18025e+06
3.15493e+06 3.18639e+06
3.19362e+06 3.24291e+06
3.15717e+06 3.19846e+06
3.10238e+06 3.17427e+06
3.14636e+06 3.1695e+06
3.2075e+06 3.22444e+06
3.16844e+06 3.19532e+06
3.17865e+06 3.2819e+06
3.20745e+06 3.18994e+06
3.14788e+06 3.16473e+06
3.12861e+06 3.19943e+06
3.21458e+06 3.20393e+06
3.12877e+06 3.1798e+06
3.20302e+06 3.19488e+06
3.18117e+06 3.15908e+06
3.17695e+06 3.16737e+06
