3 0.0690884
183711 163269 170810 168797
181485 166948 184291 168385
165607 170958 175348 157089
157665 174539 166467 170291
155551 161539 168691 155677
168615 177628 161630 157678
170455 154248 163245 163842
161687 173364 156713 172923
161525 168344 159954 158313
171006 168973 162935 159050
171163 153209 181040 160640
154506 169246 173547 159514
167489 155241 174185 165113
170242 167077 168502 150882
181029 160285 171900 165723
153824 152134 160163 164989
177603 174069 180145 167565
164001 170475 178361 167307
173466 183760 183842 157659
181511 180884 172913 172514
172349 165022 157212 153944
160625 160531 160185 166421
174266 159272 175061 156016
183661 156960 178305 162943
169592 153752 173428 167453
172565 164964 158751 159903
173340 166355 178831 151924
179352 155145 166552 176355
164091 176734 176095 168489
151956 177225 164898 163361
172598 166367 171110 164404
152106 160782 166638 160196
184525 159459 161505 163012
172905 163403 183258 167220
174153 162864 167229 158918
170229 160255 169065 163741
187880 164940 174713 168983
165147 169675 177585 155821
176219 161636 168019 155667
174019 161162 181273 158657
171404 162317 171081 169055
183467 159975 172555 162899
171896 167590 182760 163447
176050 175268 177813 165953
165400 168020 170620 173573
172705 173019 171359 179259
187689 168620 178117 164742
164645 165100 161115 165258
158907 173827 169565 159047
171427 164819 178462 161843
174165 163882 178656 166130
182085 166898 163541 177322
183595 167408 162711 168056
165612 150810 174967 153626
179189 171754 160584 172117
166962 158162 149143 164565
178637 165784 157627 159404
163951 160887 170489 153335
173286 165084 174534 160384
186042 181035 166318 171428
174825 158468 165135 159136
188140 170964 182776 175970
178595 164309 182550 159890
175354 168790 161349 159927
167895 169082 151883 172994
180362 176553 160227 166015
164711 169065 169909 163642
168435 175827 160482 172850
182786 177159 176658 164878
172171 164358 160130 168739
181986 172407 160089 160474
161546 174756 163681 153379
167777 172983 175603 174461
155187 166050 168597 163133
162304 168767 174308 168571
173414 153847 168038 169696
178796 177351 169530 163487
177901 179530 164383 163900
167707 177225 168604 170665
171485 183714 165233 161542
172797 181403 175196 160426
172986 178140 171174 164243
171030 156643 174372 171211
170417 166357 170712 142309
166961 163609 176277 172208
169682 162361 162547 162994
186332 172851 161581 156922
171799 158189 164048 152904
171086 181797 181076 164125
165141 164987 184815 152402
165213 152069 172915 155435
186054 152652 161159 182827
171370 163524 177482 170180
168978 161980 163949 158325
169289 160806 177501 154884
168289 162759 146425 178238
169145 171857 170292 173220
175667 168858 177451 166075
165732 174596 154792 164441
164714 167097 170261 168843
169161 166211 169612 158080
164289 167107 174048 161468
172464 160364 169099 166664
180669 163836 165665 146236
154111 169353 171530 151685
161753 156713 170073 155647
175882 143150 165223 162513
177342 169647 159454 162486
184473 152289 147166 158791
160843 166348 168901 153045
178746 156388 160002 159828
167532 185034 191565 165986
163035 166181 176023 167121
184509 183042 180401 176118
169265 152795 174991 154171
173089 183637 161995 163446
178203 165033 172308 158073
178821 164085 166276 159993
165301 156812 164339 149030
163411 169844 176913 155742
171459 156695 168706 165146
186296 167385 175423 162472
177912 178130 162271 157021
168339 184338 170655 159803
165350 154531 160305 174632
164428 158888 157473 157116
177262 159260 169328 171599
166867 158714 179812 157694
158396 177064 171044 164511
170493 165198 174849 160289
175712 176837 182822 161608
182739 175734 174188 162014
171205 167516 175757 162843
179565 154101 167840 163167
153116 164544 170056 165665
180545 170411 169602 150865
167508 171730 170336 163788
166862 158150 164800 162513
171404 150001 182566 158981
146600 174571 174792 160963
165315 173394 168983 160745
176098 166218 189246 164952
157925 161907 173711 164308
183795 152665 158530 164807
169985 177869 174632 180992
170295 164554 163290 175932
169709 167041 164163 149643
162654 170814 163366 162630
186059 157117 173339 178331
163908 168012 168095 151708
172379 169647 176774 159500
169612 171762 161793 159662
173285 188880 176086 163754
171478 154090 167176 167252
166926 173621 179205 179516
172813 168400 168278 164668
184558 159422 171699 154037
165472 152082 174378 162494
159612 158846 170849 145965
151158 177371 180653 169500
170814 182752 164562 159368
181512 171959 167020 172766
164437 161912 170463 169095
164513 147094 158624 165549
169623 166253 174633 169331
162804 151519 174976 154387
171115 170240 185615 166074
166039 169735 178920 155440
158922 166353 163968 166341
190034 167983 161357 161947
161037 184979 170889 165400
154881 171409 171347 170644
173536 172621 183774 175458
155841 162684 157484 147571
166324 162686 168277 155914
174821 161695 179607 162512
178325 172382 179208 161109
173806 161560 168563 160396
183942 165619 153227 157016
173061 168546 161446 171155
169088 164295 187666 165300
176818 175119 159913 172408
187388 166260 167107 161598
168531 172799 175896 149903
182638 177362 181909 162623
152801 168907 184025 167887
167302 172083 183087 156833
164075 177524 176277 162507
182628 163746 166407 167752
168243 182081 158081 161831
161774 161369 170970 153958
160538 166251 166610 153663
167806 166148 174036 168073
172288 168379 164054 158538
172043 178843 178228 164345
164075 177693 161228 162718
154600 173150 175523 173870
182119 155367 174273 161654
166987 178759 177160 157287
169757 160768 167157 157554
161673 168265 170458 157388
160551 168232 169603 165553
177708 162379 171421 180206
166986 167595 176396 163890
172140 176358 166162 166600
167079 172638 183194 164063
169950 163527 173322 169562
185644 167842 156128 148036
165350 171847 168517 173974
175478 162871 170954 167337
159124 144935 176921 155812
161168 171074 166042 160204
169941 177845 164825 177726
157353 173408 171449 152875
184753 168938 172346 155945
183526 176069 180767 161675
188912 158005 170956 171495
172910 164725 183459 169506
172715 173310 172403 166748
153240 177235 159455 166301
162333 160023 164076 165017
172732 158053 177030 171533
174632 168929 178248 176403
162300 169004 166225 154344
183785 169058 178279 165059
164050 161702 163052 166565
164519 180972 179465 162394
161980 172254 165489 157647
161749 158791 159249 157052
171103 164069 160440 158602
165806 163178 178635 162846
175875 171710 175190 162786
158981 166826 177011 159831
177735 168208 176849 156286
168447 182891 174612 159106
171613 160225 158670 161009
170700 167824 172040 153788
184842 170442 168766 157372
163385 165047 180404 166888
188597 164879 175221 156220
173492 166617 171069 161014
163155 181020 156981 163319
166462 173674 171502 166957
176654 152902 176104 164234
160176 165369 158328 169891
173672 156842 167576 161887
178994 164181 171887 172532
167567 169515 166657 157088
169951 177199 184076 158020
182937 159776 191906 164256
169986 168923 173902 164838
166274 164774 165711 176362
165448 167541 174608 170661
177108 167073 174390 177517
162906 177297 179843 155596
166605 164395 170729 160610
170995 164349 178608 174309
177971 180002 180694 162445
188627 182158 144791 166711
168016 179295 166965 152661
171131 151840 159007 153786
171910 153673 172134 172037
156575 156836 158067 157711
175586 167627 176286 169007
159477 167879 172390 161665
173641 169458 162143 166852
158391 172249 156796 169321
168553 165173 174173 168739
169885 159153 174456 157752
163025 169893 172326 162104
184272 165176 177310 167275
164373 169615 157155 163122
162020 176373 172348 161878
167627 167945 175309 159358
166185 160884 172128 163266
160657 182382 166680 167184
170961 173175 182570 165951
186691 172302 173288 164855
179428 175403 175840 165573
168455 155267 164684 174964
180132 181139 172154 165391
166601 174640 154926 159213
164952 170739 165899 151200
169136 175298 181647 172134
172565 171094 175739 163498
167799 177899 171076 163124
175641 184181 161874 170071
169045 174013 160683 155461
173610 167529 178890 162170
175059 153422 183272 165829
159505 176956 178210 166013
173027 160447 170566 148943
163957 173839 174248 158885
179036 156952 160285 162515
157705 178951 166254 158075
171213 164905 177926 153954
171102 165315 175312 152974
181584 167501 171007 158483
156151 169898 168577 163146
162593 166498 176685 159818
