8696 2225.34
56490 108901
126526 52783
56545 106582
60955 82648
60107 86818
60199 83928
56490 108901
58097 93993
58099 91692
56884 100880
61543 81268
56627 104834
56723 102782
56698 104223
62078 80724
60924 83817
57058 99867
57058 99867
56761 102438
57138 98868
125312 52861
62131 79762
124348 52880
61685 80959
123171 52925
57531 96518
56803 101783
57138 98868
57612 95615
57219 97965
113976 53676
57531 96518
57440 97346
69834 69473
63001 79028
62439 79378
57219 97965
57440 97346
125312 52861
124348 52880
60635 83872
56803 101783
57904 95080
62439 79378
62131 79762
58730 91036
59050 90002
120735 53116
118033 53250
118765 53231
121467 53097
58870 90522
70232 69062
70929 69021
57947 94521
69432 69692
71149 68675
70929 69021
58099 91692
58550 91556
63539 78010
63406 78383
59423 88564
113440 53715
116919 53320
68608 70440
58870 90522
63368 78796
63406 78383
122579 52970
122057 52995
112918 53740
115924 53408
120735 53116
116446 53383
118033 53250
122649 52950
112326 53785
111853 53848
120213 53141
117511 53275
112848 53760
113440 53715
111331 53873
117441 53295
114525 53642
114498 53651
58980 90183
57794 95419
66826 72696
61543 81268
123171 52925
65031 75468
114971 53588
60199 83928
88133 58916
91947 57850
91508 57893
71625 68432
71231 68501
67911 71401
68960 70342
67211 72197
60107 86818
56698 104223
56723 102782
59697 87744
60069 87162
59877 87224
59205 89428
59401 88907
58708 91379
59839 87568
59088 89658
57947 94521
59659 88088
57985 94177
56660 104567
59243 89084
57904 95080
112326 53785
111923 53828
116516 53363
121654 53038
122057 52995
64112 77035
63948 77265
58730 91036
120143 53161
119732 53180
57794 95419
57612 95615
89205 58726
102032 55466
104667 55047
59205 89428
59088 89658
116919 53320
104288 55062
66882 72431
67967 71136
119210 53205
118835 53211
119732 53180
119357 53186
93017 57564
63001 79028
63226 78903
102318 55442
106370 54657
105477 54842
59581 88387
58692 91380
63948 77265
63932 77555
90327 58251
87608 59097
90852 58070
91225 58069
88506 58915
64868 75755
69034 70103
68960 70342
92682 57593
56660 104567
56627 104834
65812 74106
58550 91556
76327 64297
64868 75755
60924 83817
99357 56028
95510 56907
73377 66293
89397 58554
62078 80724
64277 76810
58097 93993
57985 94177
88662 58807
115061 53530
106887 54562
110528 53992
102835 55347
103431 55232
109932 54107
107483 54447
68337 70692
68238 70884
64149 76867
108286 54328
108612 54321
77629 63578
115388 53520
69961 69314
69034 70103
69161 69944
63679 77972
63768 77785
109129 54226
108878 54283
90569 58246
87140 59279
109415 54202
109129 54226
106084 54681
83207 60978
74557 65272
63904 77751
67766 71534
105198 54865
67252 71987
76699 64030
77267 63716
72180 67663
72041 67793
73113 66751
71149 68675
70150 69236
68526 70614
71231 68501
70232 69062
68156 71058
101515 55561
58980 90183
100093 55857
93874 57304
98457 56254
96246 56736
94610 57133
92488 57673
92251 57719
94974 57019
98821 56140
64784 75923
64704 75985
64620 76153
78594 63056
77356 63594
78321 63072
66411 73335
65611 74504
65766 74396
64583 76321
64524 76505
88929 58736
82995 60993
67084 72231
66895 72309
100450 55782
105031 54888
104824 54950
100963 55732
96039 56798
94403 57195
99886 55919
103938 55134
104145 55072
95717 56845
98250 56316
99564 55966
94081 57242
89653 58536
89922 58373
90178 58355
102895 55344
109992 54104
106947 54559
103698 55225
107750 54440
110795 53985
105994 54747
106620 54569
109665 54114
102568 55354
63265 78830
67640 71653
67766 71534
65069 75357
66568 72826
66694 72707
65195 75238
66182 73662
66270 73514
63932 77555
60069 87162
59877 87224
59697 87744
59833 87638
84595 60380
87325 59273
105734 54753
74886 65031
80095 62364
85725 59886
66169 73784
90762 58136
90578 58196
76076 64303
82329 61291
79377 62689
78789 62890
65396 74840
65360 75013
64313 76637
87850 59092
97299 56529
64583 76321
65232 75070
64620 76153
64112 77035
65195 75238
82056 61416
59614 88323
59653 88158
105567 54776
59423 88564
65799 74228
65766 74396
72619 67206
72363 67373
74261 65588
74088 65716
66555 72948
66554 73140
97520 56508
73994 65866
95204 57012
99051 56133
101376 55643
101912 55531
101682 55538
93338 57416
101146 55650
93568 57409
87894 59067
65585 74762
76528 64135
59334 88976
59243 89084
103893 55210
99886 55919
100629 55745
96603 56661
95860 56835
99707 55956
96782 56624
100450 55782
96039 56798
88789 58739
81741 61608
81183 61868
75219 64808
74719 65076
73710 66070
72592 67322
75052 64853
73544 66248
73877 66025
67911 71401
67523 71735
66541 73262
103090 55329
107945 54425
67523 71735
67640 71653
67393 71808
80146 62334
86070 59830
84878 60204
85635 59964
68238 70884
81588 61613
80717 61990
74156 65670
82592 61188
76400 64275
75982 64401
76076 64303
110187 54089
107750 54440
103698 55225
110795 53985
110990 53970
107142 54544
115583 53505
64313 76637
64419 76551
66069 73912
93218 57481
95496 56949
91388 57958
75914 64447
75837 64454
100243 55844
97928 56363
84286 60483
87050 59357
83430 60859
89769 58519
82708 61163
86309 59679
92592 57659
115388 53520
74240 65664
75504 64677
75308 64686
80990 61974
85025 60203
66001 74028
68608 70440
84204 60489
67393 71808
94967 57058
91508 57893
98814 56179
102009 55528
93338 57416
80393 62203
65940 74049
67967 71136
68095 71079
66354 73346
67265 71865
68337 70692
65396 74840
65360 75013
69289 69887
65232 75070
68465 70635
69161 69944
70089 69257
76528 64135
84114 60567
79124 62741
81554 61632
69961 69314
89791 58479
83736 60671
83917 60659
105031 54888
97721 56425
108779 54298
105198 54865
108612 54321
100986 55670
105734 54753
109575 54180
101682 55538
97185 56537
100772 55735
103281 55301
108075 54402
115653 53485
115834 53474
79192 62695
84410 60386
86651 59558
86466 59564
79420 62673
79832 62429
78082 63223
98071 56353
109415 54202
102378 55439
63539 78010
63679 77972
80531 62121
86160 59752
82000 61467
79660 62498
87072 59325
82730 61131
87565 59165
85657 59932
79638 62530
83988 60630
84867 60251
84137 60526
76460 64181
80509 62153
77117 63745
78227 63217
101146 55650
76767 63984
76793 63958
77100 63761
77758 63436
75769 64500
88048 59061
92037 57784
93211 57484
83266 60903
65598 74626
81966 61494
63875 77759
99230 56096
76421 64199
65031 75468
65069 75357
90284 58319
86331 59647
89386 58601
79933 62373
78902 62881
91947 57850
115834 53474
102545 55416
106001 54746
110445 54057
103341 55298
92682 57593
111331 53873
93867 57307
93784 57370
115924 53408
105544 54838
108286 54328
90852 58070
99343 56070
109582 54179
90762 58136
97668 56440
111241 53939
103371 55235
108196 54394
72598 67282
69432 69692
69408 69810
82289 61338
78995 62787
79866 62410
119357 53186
119210 53205
74468 65412
74412 65503
67084 72231
72431 67327
80649 62036
121654 53038
121537 53077
72898 66881
73288 66415
72269 67523
74067 65792
71879 67989
72342 67449
72825 66955
73215 66489
74630 65198
66568 72826
71790 68129
66555 72948
66895 72309
65611 74504
65799 74228
73126 66629
66283 73392
66882 72431
67252 71987
66082 73790
67265 71865
66069 73912
65598 74626
66270 73514
66182 73662
71777 68251
66554 73140
66541 73262
109665 54114
106597 54631
106084 54681
110468 53995
107423 54450
72757 67019
82542 61252
92251 57719
92157 57774
64419 76551
64524 76505
115061 53530
114971 53588
88506 58915
88617 58874
104288 55062
91321 58022
79728 62452
82124 61370
97835 56417
75738 64573
77651 63567
82482 61286
80870 61985
108015 54405
111060 53950
64784 75923
64704 75985
79463 62605
98701 56205
94854 57084
98600 56244
96253 56733
96389 56726
98464 56251
100236 55847
100100 55854
96782 56624
95860 56835
94617 57130
104681 54960
96925 56614
104145 55072
94081 57242
95717 56845
104824 54950
100772 55735
100629 55745
99707 55956
94224 57232
99564 55966
85527 60002
86059 59846
76955 63863
77920 63341
76861 63912
77826 63390
91298 58024
65524 74783
59385 88908
78927 62833
81885 61521
90258 58337
87518 59175
81817 61567
85288 60153
85527 60002
85403 60023
78232 63194
85288 60153
85360 60091
84662 60345
87392 59238
71879 67989
74489 65336
73215 66489
72201 67587
72269 67523
71811 68053
73147 66553
72825 66955
86934 59382
86193 59704
81067 61893
78739 62954
78662 63010
73642 66116
77732 63462
74984 64899
73633 66126
78031 63258
74975 64909
77023 63817
91381 57961
103160 55309
66694 72707
80311 62254
95383 56975
99267 56094
63368 78796
94753 57123
97058 56605
96925 56614
96396 56723
96529 56714
88929 58736
93673 57387
79489 62603
89859 58433
75653 64582
75504 64677
101376 55643
101492 55623
82927 61039
81458 61668
97058 56605
97631 56491
96603 56661
97132 56552
96529 56714
103895 55202
63768 77785
99136 56132
98165 56317
94318 57196
95383 56975
94224 57232
98694 56208
98607 56241
94760 57120
94847 57087
75585 64628
88069 59060
89922 58373
89653 58536
81273 61790
71714 68310
71777 68251
85164 60174
72987 66759
59334 88976
85844 59873
80196 62270
80311 62254
80870 61985
82228 61347
92044 57781
93568 57409
97594 56493
65524 74783
106530 54635
74329 65542
74412 65503
85164 60174
111241 53939
108196 54394
110257 54069
111120 53947
107333 54516
107212 54524
110378 54061
88789 58739
72687 67160
72736 67095
63226 78903
95289 57011
82581 61235
78739 62954
80196 62270
91225 58069
75585 64628
88617 58874
66283 73392
69350 69866
69408 69810
88090 58984
85360 60091
103938 55134
89248 58658
85403 60023
81795 61599
86777 59497
86695 59533
80683 62009
71973 67839
74329 65542
77988 63295
72919 66805
74651 65122
82798 61085
74907 64955
79192 62695
75240 64732
73710 66070
76699 64030
84410 60386
71646 68356
84342 60432
81391 61705
81323 61751
76861 63912
73898 65949
77826 63390
73966 65903
72987 66759
77288 63640
76955 63863
75308 64686
78321 63072
73565 66172
75982 64401
77920 63341
78961 62806
74719 65076
71714 68310
86398 59610
72687 67160
78594 63056
75052 64853
83471 60809
83668 60717
73309 66339
77023 63817
83539 60763
81868 61537
77356 63594
79570 62576
72041 67793
78253 63118
78662 63010
80402 62167
84007 60581
85962 59868
85844 59873
85962 59868
97299 56529
97835 56417
106430 54654
102478 55420
77681 63492
104673 55046
75743 64526
92157 57774
93024 57561
93680 57384
92573 57672
93777 57373
89859 58433
84342 60432
108779 54298
108878 54283
89318 58630
85059 60184
80599 62075
72342 67449
75240 64732
74630 65198
71790 68129
72736 67095
73288 66415
72919 66805
73898 65949
71625 68432
73544 66248
74468 65412
78253 63118
73309 66339
74651 65122
88090 58984
75219 64808
71952 67915
72180 67663
74907 64955
71646 68356
74489 65336
77288 63640
73147 66553
71811 68053
71973 67839
73565 66172
72898 66881
73877 66025
73126 66629
72201 67587
74067 65792
104681 54960
79570 62576
86399 59601
84729 60308
83736 60671
81391 61705
79062 62750
86934 59382
81458 61668
82798 61085
86777 59497
86466 59564
83333 60866
86844 59460
79933 62373
82865 61048
83669 60708
87459 59201
86867 59419
59581 88387
59614 88323
84788 60282
87369 59248
84639 60355
81185 61808
83601 60754
64149 76867
80599 62075
83917 60659
64277 76810
98071 56353
83333 60866
97928 56363
81067 61893
81033 61950
89307 58632
93121 57550
83471 60809
90178 58355
82482 61286
72757 67019
101912 55531
106620 54569
107400 54512
102568 55354
101492 55623
100979 55673
97520 56508
81323 61751
84788 60282
93121 57550
79728 62452
82124 61370
95289 57011
117441 53295
111853 53848
122579 52970
112918 53740
120143 53161
110990 53970
120213 53141
116446 53383
111923 53828
118835 53211
107212 54524
110187 54089
115583 53505
121467 53097
112848 53760
117511 53275
116516 53363
107142 54544
118765 53231
122649 52950
110257 54069
115653 53485
121537 53077
78065 63239
66082 73790
66001 74028
59659 88088
59653 88158
59839 87568
59833 87638
86160 59752
86193 59704
71952 67915
84729 60308
89248 58658
87459 59201
77988 63295
107945 54425
103090 55329
77681 63492
68156 71058
68095 71079
69350 69866
68465 70635
70089 69257
69289 69887
65940 74049
70150 69236
68526 70614
99136 56132
98165 56317
94318 57196
95204 57012
92488 57673
94403 57195
99051 56133
98250 56316
100243 55844
64868 75755
83255 60950
93121 57550
68238 70884
84007 60581
103160 55309
75653 64582
83601 60754
74886 65031
81185 61808
87850 59092
86651 59558
86695 59533
73966 65903
86844 59460
86867 59419
79062 62750
83539 60763
82865 61048
71952 67915
81033 61950
81273 61790
82228 61347
107400 54512
107333 54516
110378 54061
102478 55420
106537 54634
97132 56552
90578 58196
83255 60950
72431 67327
82961 61012
106430 54654
