7469 1742.91
98604 44724
40644 112905
97146 44783
98085 44774
70262 51013
69467 51110
68162 51589
94414 45021
93678 45033
67651 51890
93067 45062
93678 45033
96738 44815
96127 44844
42686 94773
42714 94062
40680 111695
65815 52907
42305 96969
91665 45207
68848 51523
68322 51552
66421 52549
40704 111082
70548 50838
71076 50819
65397 53044
90243 45363
92168 45181
89124 45588
88621 45614
90746 45337
74464 49039
74663 48863
69071 51199
68848 51523
43211 91754
43186 92296
47359 74808
47330 75344
46385 76990
46370 77536
79721 47574
79269 47604
82816 46898
78399 47737
48494 72716
47924 73609
46950 75791
45884 78509
42196 97053
42139 97522
72066 50180
63164 54610
63504 54476
95828 44876
61294 56227
82394 46922
85994 46240
91645 45218
91257 45239
81986 46954
94903 44955
95311 44923
92659 45094
89835 45395
88213 45646
93067 45062
88621 45614
96738 44815
70548 50838
70262 51013
95311 44923
95740 44919
85572 46264
82394 46922
50600 68748
48634 72408
90243 45363
97146 44783
42958 93546
42968 93084
42339 96559
47673 74367
46024 78201
46946 76098
47359 74808
49072 71468
46385 76990
48932 71776
47920 73916
47499 74500
79767 47548
48913 72132
66742 52280
80066 47516
81012 47250
75910 48582
72968 49666
78001 47874
75022 48834
72609 49695
77414 48111
71548 50357
71189 50386
77055 48140
78360 47845
44170 87135
44204 86725
44833 83250
44413 85805
43799 89221
44447 85395
44799 83660
42508 95897
44634 84695
73518 49305
73326 49526
45850 78919
41819 98672
41498 101239
50571 69284
60066 57979
59865 58054
52062 66687
52603 66051
51148 67804
57303 60393
76877 48327
87491 45873
87765 45771
84587 46429
43380 91092
42524 95497
43396 90692
43815 88821
41049 105630
43530 90403
43565 90030
43984 88159
44019 87787
63863 54064
64491 53637
61993 55681
61594 56170
62293 55624
41201 103944
41289 102747
52479 66511
78718 47705
40781 110028
67566 52107
40888 108472
50577 69126
63075 54886
67651 51890
51024 68264
44648 84312
84313 46531
77055 48140
60678 56890
84313 46531
50394 69346
46525 76682
76578 48359
89835 45395
94903 44955
77473 48003
76027 48460
81687 46986
90958 45271
75380 48694
76326 48428
96127 44844
92360 45126
81986 46954
84061 46600
83608 46703
88213 45646
87914 45678
78970 47636
79269 47604
76857 48333
89536 45427
75081 48726
71767 50212
94604 44987
83309 46735
77772 47971
80713 47282
83762 46632
45850 78919
42402 96306
42407 95933
61911 55907
48932 71776
66742 52280
60877 56873
40754 110594
40969 107099
45823 79260
58986 59070
82891 46872
41082 105551
42582 95229
42592 94871
75609 48597
59735 58322
57832 59949
58170 59581
75380 48694
80104 47490
75609 48597
78001 47874
77772 47971
45762 79318
76558 48365
78970 47636
81050 47224
78718 47705
84061 46600
98196 44756
98493 44742
67170 52196
66902 52243
87342 45966
81468 47087
83109 46830
81538 47079
55653 62691
56453 61645
41606 100287
59407 58692
59210 58815
85164 46296
92659 45094
91237 45250
45996 78418
53790 64322
42073 97848
42004 98109
43873 88553
44058 87491
44019 87787
56464 61538
55815 62585
43022 93005
43815 88821
44204 86725
44891 82982
43693 89630
43080 92737
43751 89362
44833 83250
85443 46272
76326 48428
56299 61701
59537 58424
64916 53350
65187 53334
55185 63299
54563 63743
81269 47123
53683 64543
53532 64699
51476 67434
51627 67278
80295 47419
80522 47353
47103 75731
48077 73549
41083 105220
44262 86457
83160 46828
41533 100531
69071 51199
67170 52196
73518 49305
67406 52144
69307 51147
72334 49944
73754 49253
74172 49116
73936 49168
72098 49996
43936 88300
44711 84059
43665 89868
45339 81156
44648 84312
48231 73452
42846 93893
42714 94062
57194 60741
57045 60770
56866 61111
56717 61140
54574 63636
55963 62496
44058 87491
43873 88553
45635 79629
71189 50386
71127 50630
44325 86204
90938 45282
54746 63525
43527 90532
43396 90692
54729 63615
55202 63209
40675 111765
56885 60954
41025 106243
51349 67730
52804 65977
62876 54903
49541 70806
57631 60023
51734 67057
57504 60319
55357 63188
53204 65069
54118 63952
54319 63878
51935 66983
53991 64248
53405 64995
52263 66613
61719 55940
60505 57277
41236 103236
41224 103529
41623 100282
46699 76549
46730 76279
47704 74097
58798 59154
40645 112607
42137 97619
42073 97848
41950 98512
44980 82537
41790 99523
41533 100531
40644 112905
41499 100941
41004 106391
40810 109345
40970 106801
41170 104316
41048 105928
40753 110892
40889 108174
41136 104726
40669 111994
41791 99225
41818 98970
40668 112292
41202 103646
40809 109643
41532 100829
41435 101307
41434 101605
41003 106689
41171 104018
41137 104428
73936 49168
72516 49859
72334 49944
73754 49253
48234 73209
49589 70792
57863 59868
55808 62653
80295 47419
63781 54290
64480 53744
49602 70580
43274 91501
64698 53590
41314 102616
41323 102337
46244 78013
87073 46010
41791 99225
41818 98970
40769 110300
65836 52873
48817 72246
41640 100020
48345 73025
89316 45533
92168 45181
89124 45588
92360 45126
90746 45337
43630 89883
43323 91452
45252 81267
40895 107945
60077 57872
47704 74097
48482 72785
46730 76279
49152 71288
46810 76099
47784 73917
49072 71468
72516 49859
72609 49695
46300 77570
46263 77799
47151 75695
43693 89630
41387 101971
41401 101717
62621 55254
62787 55179
41108 105111
41114 104848
40959 107356
40960 107163
87765 45771
87914 45678
81687 46986
86358 46085
89387 45520
87491 45873
83309 46735
89536 45427
50821 68513
50696 68634
66114 52707
65996 52836
58388 59570
64905 53457
87298 46008
42900 93814
74663 48863
50928 68292
58623 59262
61205 56503
63153 54717
44140 87266
50214 69792
46525 76682
75968 48568
52496 66272
51041 68025
64344 53758
62610 55361
62418 55394
63645 54304
86786 46045
73027 49558
73243 49554
50041 70026
94604 44987
94414 45021
64070 54017
41953 98383
86999 46040
43345 91305
43380 91092
62407 55501
63578 54430
57034 60877
83762 46632
83608 46703
41688 99655
81264 47181
61006 56520
61205 56503
45068 82138
45603 79840
45210 81631
49698 70466
71127 50630
71076 50819
45609 79821
41283 102988
40704 111082
40753 110892
49292 70980
49248 71174
47262 75486
65397 53044
65334 53213
55624 62973
48787 72348
49388 70866
43183 92307
58452 59382
58017 59812
60636 57117
46263 77799
45743 79532
56627 61331
57213 60584
40889 108174
40816 109116
40810 109345
40651 112378
40669 111994
40929 107535
40850 108706
40844 108935
40923 107764
41035 106019
42568 95315
42524 95497
47237 75617
44602 84887
42925 93613
40645 112607
44614 84722
41684 99879
41688 99655
44140 87266
44954 82729
45461 80347
45347 80938
45072 82115
45469 80129
44946 82947
51052 67918
49713 70396
49152 71288
53779 64429
49388 70866
48903 72201
51137 67911
52888 65671
54107 64059
50832 68406
53436 64813
51380 67548
50118 69906
50917 68399
51465 67541
50696 68634
53193 65176
50299 69649
51638 67171
54022 64066
53694 64436
53108 65183
49248 71174
49292 70980
51723 67164
49633 70551
52507 66165
44756 83886
44711 84059
65996 52836
69467 51110
66902 52243
71607 50249
74332 49079
74172 49116
69307 51147
68322 51552
71767 50212
66421 52549
68162 51589
67406 52144
66261 52586
48634 72408
55053 63368
43143 92484
45495 79937
45102 81728
44526 85121
46201 78015
45743 79532
84865 46328
86487 46077
85035 46304
86657 46053
43565 90030
46136 78110
45242 81420
44447 85395
45495 79937
45435 80539
45469 80129
45373 80746
45347 80938
44954 82729
44473 85203
45102 81728
45461 80347
45226 81459
45076 81920
47278 75421
72098 49996
43089 92563
55989 62271
56608 61488
51955 66908
52824 65902
44597 84934
86158 46180
56280 61858
54425 63795
40954 107426
55509 63052
40816 109116
40844 108935
40904 107914
45284 81191
42196 97053
42004 98109
41999 98314
50044 69933
48414 72896
60545 57200
42592 94871
42686 94773
57620 60130
57535 60238
52369 66530
55053 63368
54425 63795
55509 63052
54319 63878
55403 63135
54947 63451
52263 66613
52051 66794
64070 54017
64288 53777
63589 54323
54881 63479
56221 62119
61634 56093
64769 53471
63792 54183
61982 55788
64277 53884
61922 55800
64217 53896
63852 54171
61665 56051
64698 53590
45042 82330
45076 81920
45041 82501
44412 85976
44376 86133
61283 56334
48125 73513
56105 62229
43984 88159
43936 88300
43781 89231
56228 62051
55978 62378
55643 62816
74332 49079
49809 70282
60337 57517
60217 57570
58787 59261
45042 82330
41684 99879
41640 100020
40787 109799
40759 110524
60206 57677
60156 57810
48414 72896
48318 73162
44587 85087
45216 81612
60589 57166
52877 65778
52835 65795
48178 73470
60351 57281
42393 96480
42402 96306
44316 86378
43080 92737
43265 91675
59042 59069
61283 56334
40871 108558
40792 109729
56877 61004
57205 60634
55635 62866
56294 61793
56619 61381
56061 62255
59119 58985
77473 48003
76027 48460
75022 48834
77414 48111
72968 49666
75081 48726
73027 49558
71548 50357
71607 50249
65323 53320
56706 61247
57292 60500
59526 58531
59447 58615
85572 46264
85443 46272
59111 59035
61705 55974
65275 53321
64206 54003
64769 53471
66250 52693
66114 52707
43345 91305
40866 108628
41020 106313
40923 107764
45435 80539
45434 80710
44413 85805
44412 85976
50361 69592
49978 70113
41873 98593
46590 76587
47499 74500
46136 78110
47564 74405
58084 59704
86338 46170
48342 73093
58567 59263
44769 83791
44170 87135
44799 83660
43751 89362
46590 76587
47564 74405
46699 76549
50577 69126
50372 69563
58402 59426
49809 70282
46810 76099
47784 73917
58394 59476
41283 102988
41348 102206
41258 103119
41323 102337
41314 102616
59761 58319
86487 46077
80522 47353
86657 46053
84587 46429
80651 47345
84865 46328
86209 46178
85164 46296
84716 46421
84736 46336
85035 46304
86287 46172
53080 65529
59199 58922
59184 58943
86786 46045
86075 46238
56239 61944
60156 57810
42490 95907
78360 47845
58556 59370
53009 65598
41003 106689
41434 101605
41499 100941
41157 104407
40970 106801
41401 101717
41532 100829
98493 44742
98604 44724
98196 44756
98085 44774
52369 66530
41123 104817
44262 86457
95740 44919
50265 69706
48274 73204
44473 85203
60639 56988
41236 103236
41348 102206
41370 102089
41258 103119
41202 103646
41224 103529
43022 93005
44316 86378
42393 96480
43265 91675
43211 91754
42968 93084
41873 98593
43110 92551
42846 93893
41435 101307
59854 58161
59825 58268
50600 68748
41108 105111
40929 107535
41083 105220
47330 75344
41370 102089
41387 101971
48787 72348
67566 52107
62825 55087
60955 56704
62787 55179
60917 56796
80713 47282
80651 47345
55971 62446
62333 55547
63504 54476
53097 65290
53093 65418
43527 90532
43530 90403
60639 56988
60337 57517
60340 57388
49942 70176
49878 70233
41790 99523
45884 78509
44376 86133
51369 67655
49878 70233
45823 79260
56116 62122
53082 65525
59825 58268
73326 49526
73243 49554
59447 58615
62333 55547
60917 56796
62836 54980
62293 55624
61594 56170
59407 58692
60966 56597
61006 56520
45996 78418
42407 95933
41999 98314
58159 59688
50383 69453
41790 99523
63153 54717
51476 67434
53532 64699
54118 63952
64206 54003
52496 66272
60206 57677
59537 58424
59526 58531
62418 55394
62621 55254
57034 60877
56706 61247
59210 58815
62836 54980
60966 56597
64916 53350
58017 59812
58787 59261
50821 68513
66250 52693
57620 60130
53521 64806
53683 64543
56608 61488
51966 66801
57292 60500
51041 68025
61993 55681
50383 69453
56116 62122
60217 57570
60340 57388
65334 53213
62825 55087
58028 59705
59854 58161
57631 60023
58798 59154
53425 64920
62610 55361
51627 67278
58561 59357
53204 65069
51734 67057
58164 59675
60351 57281
66261 52586
60955 56704
53093 65418
53097 65290
52592 66158
63164 54610
54011 64173
40783 109911
40763 110412
40769 110300
42339 96559
57855 59918
57535 60238
57504 60319
87065 46021
40783 109911
40763 110412
65187 53334
46370 77536
46300 77570
82846 46892
50140 69819
50140 69819
44756 83886
44769 83791
41171 104018
63075 54886
84736 46336
84716 46421
42900 93814
52973 65664
53009 65598
45038 82525
45434 80710
45373 80746
47237 75617
55403 63135
51966 66801
52592 66158
52973 65664
53521 64806
41170 104316
41035 106019
41048 105928
41136 104726
40809 109643
40651 112378
40668 112292
42958 93546
43143 92484
42925 93613
44581 85106
54881 63479
54947 63451
49974 70119
42582 95229
42568 95315
58388 59570
44891 82982
44946 82947
42137 97619
42139 97522
56239 61944
53425 64920
53991 64248
54011 64173
53405 64995
51935 66983
52804 65977
51349 67730
85994 46240
86075 46238
45635 79629
50265 69706
40850 108706
41004 106391
86999 46040
89316 45533
89387 45520
49942 70176
87298 46008
