94 10.5974
1.56653e+06 1.46178e+06 1.55063e+06
1.55716e+06 1.46729e+06 1.52644e+06
1.55357e+06 1.51142e+06 1.455e+06
1.57484e+06 1.45448e+06 1.53602e+06
1.59329e+06 1.45851e+06 1.50891e+06
1.568e+06 1.48697e+06 1.49593e+06
1.56214e+06 1.46329e+06 1.5496e+06
1.5448e+06 1.49802e+06 1.48134e+06
1.57034e+06 1.45806e+06 1.54236e+06
1.48876e+06 1.50868e+06 1.53531e+06
1.55012e+06 1.51557e+06 1.45627e+06
1.51089e+06 1.49298e+06 1.55055e+06
1.5065e+06 1.61439e+06 1.46217e+06
1.48994e+06 1.49383e+06 1.53334e+06
1.51412e+06 1.47442e+06 1.50683e+06
1.53242e+06 1.54813e+06 1.44642e+06
1.4712e+06 1.51553e+06 1.53528e+06
1.55002e+06 1.50525e+06 1.45878e+06
1.57442e+06 1.46494e+06 1.53909e+06
1.5735e+06 1.45793e+06 1.54395e+06
1.59603e+06 1.43897e+06 1.52324e+06
1.61665e+06 1.46543e+06 1.50691e+06
1.591e+06 1.45671e+06 1.52343e+06
1.56572e+06 1.48083e+06 1.49962e+06
1.46084e+06 1.57557e+06 1.51102e+06
1.54121e+06 1.55522e+06 1.4317e+06
1.5141e+06 1.5025e+06 1.48264e+06
1.53844e+06 1.54482e+06 1.45382e+06
1.48438e+06 1.55328e+06 1.4828e+06
1.46597e+06 1.55704e+06 1.51473e+06
1.48594e+06 1.52552e+06 1.47082e+06
1.47968e+06 1.53895e+06 1.51604e+06
1.53594e+06 1.48766e+06 1.48793e+06
1.53066e+06 1.52467e+06 1.45973e+06
1.6164e+06 1.4372e+06 1.53366e+06
1.54672e+06 1.47268e+06 1.56584e+06
1.55435e+06 1.47102e+06 1.53427e+06
1.48158e+06 1.50316e+06 1.53812e+06
1.57768e+06 1.51602e+06 1.45348e+06
1.56183e+06 1.46498e+06 1.54984e+06
1.59331e+06 1.45302e+06 1.51088e+06
1.54987e+06 1.46599e+06 1.53875e+06
1.51066e+06 1.61901e+06 1.45851e+06
1.48466e+06 1.53807e+06 1.51817e+06
1.50105e+06 1.49364e+06 1.48839e+06
1.55545e+06 1.52955e+06 1.43874e+06
1.49176e+06 1.53306e+06 1.47079e+06
1.58756e+06 1.46453e+06 1.51248e+06
1.51923e+06 1.57104e+06 1.46033e+06
1.53592e+06 1.49848e+06 1.46109e+06
1.58238e+06 1.45927e+06 1.52902e+06
1.53174e+06 1.47339e+06 1.52747e+06
1.46153e+06 1.56129e+06 1.52909e+06
1.51225e+06 1.55678e+06 1.46398e+06
1.58453e+06 1.4587e+06 1.52123e+06
1.53643e+06 1.54359e+06 1.45853e+06
1.56893e+06 1.45286e+06 1.55788e+06
1.49077e+06 1.50618e+06 1.51042e+06
1.47932e+06 1.54139e+06 1.51539e+06
1.53927e+06 1.54662e+06 1.45038e+06
1.47634e+06 1.51022e+06 1.52641e+06
1.4655e+06 1.56581e+06 1.51668e+06
1.54947e+06 1.49632e+06 1.48277e+06
1.54899e+06 1.46831e+06 1.5437e+06
1.4493e+06 1.56714e+06 1.52932e+06
1.51132e+06 1.47615e+06 1.50771e+06
1.53706e+06 1.48388e+06 1.50153e+06
1.56452e+06 1.46536e+06 1.52716e+06
1.58337e+06 1.4378e+06 1.53786e+06
1.49318e+06 1.52488e+06 1.47237e+06
1.4695e+06 1.5316e+06 1.51852e+06
1.58178e+06 1.45946e+06 1.5258e+06
1.53347e+06 1.52876e+06 1.45964e+06
1.46204e+06 1.57016e+06 1.50758e+06
1.52326e+06 1.518e+06 1.46212e+06
1.58167e+06 1.44244e+06 1.53993e+06
1.52726e+06 1.48508e+06 1.50239e+06
1.50698e+06 1.58507e+06 1.45855e+06
1.57141e+06 1.46601e+06 1.50307e+06
1.47911e+06 1.55718e+06 1.49293e+06
1.51627e+06 1.50515e+06 1.47533e+06
1.58609e+06 1.45904e+06 1.5169e+06
1.56846e+06 1.46399e+06 1.54704e+06
1.50725e+06 1.51116e+06 1.46437e+06
1.51787e+06 1.50901e+06 1.47078e+06
1.59595e+06 1.50174e+06 1.45589e+06
1.53241e+06 1.57993e+06 1.45942e+06
1.56211e+06 1.44929e+06 1.56128e+06
1.57637e+06 1.45705e+06 1.53736e+06
1.58144e+06 1.45693e+06 1.55423e+06
1.55131e+06 1.53781e+06 1.45791e+06
1.49999e+06 1.49936e+06 1.54064e+06
1.49346e+06 1.49692e+06 1.57341e+06
1.49168e+06 1.50261e+06 1.53971e+06
1.52464e+06 1.47584e+06 1.56753e+06
1.55758e+06 1.47528e+06 1.51835e+06
1.53794e+06 1.55406e+06 1.45016e+06
1.47494e+06 1.53065e+06 1.55999e+06
1.55152e+06 1.50751e+06 1.46007e+06
1.55566e+06 1.51723e+06 1.45918e+06
1.55184e+06 1.5123e+06 1.45966e+06
1.60819e+06 1.43921e+06 1.52804e+06
1.59925e+06 1.45024e+06 1.53005e+06
1.54827e+06 1.56682e+06 1.44588e+06
1.47866e+06 1.56147e+06 1.51547e+06
1.48707e+06 1.53004e+06 1.50706e+06
1.48844e+06 1.52968e+06 1.51835e+06
1.48971e+06 1.55948e+06 1.48978e+06
1.4913e+06 1.54771e+06 1.48346e+06
1.48625e+06 1.548e+06 1.49126e+06
1.48884e+06 1.53033e+06 1.50147e+06
1.57504e+06 1.49234e+06 1.50129e+06
1.61113e+06 1.49083e+06 1.49863e+06
1.62187e+06 1.43778e+06 1.54718e+06
1.55613e+06 1.473e+06 1.53669e+06
1.5628e+06 1.4714e+06 1.53804e+06
1.48565e+06 1.50316e+06 1.54348e+06
1.58105e+06 1.52206e+06 1.45449e+06
1.59715e+06 1.46278e+06 1.51391e+06
1.63088e+06 1.45862e+06 1.5156e+06
1.59851e+06 1.45668e+06 1.53e+06
1.60466e+06 1.45667e+06 1.52872e+06
1.62334e+06 1.45799e+06 1.52608e+06
1.59972e+06 1.46296e+06 1.51266e+06
1.63165e+06 1.45727e+06 1.51916e+06
1.56344e+06 1.47066e+06 1.54021e+06
1.55581e+06 1.4714e+06 1.53968e+06
1.51996e+06 1.49705e+06 1.50677e+06
1.50951e+06 1.50411e+06 1.51586e+06
1.51043e+06 1.49544e+06 1.51832e+06
1.50588e+06 1.49426e+06 1.52286e+06
1.50334e+06 1.49758e+06 1.5465e+06
1.50407e+06 1.49684e+06 1.54179e+06
1.51223e+06 1.49735e+06 1.49386e+06
1.5052e+06 1.4958e+06 1.52046e+06
1.53479e+06 1.49414e+06 1.4911e+06
1.51886e+06 1.5036e+06 1.49137e+06
1.5014e+06 1.52385e+06 1.50219e+06
1.56379e+06 1.52956e+06 1.44877e+06
1.5687e+06 1.55264e+06 1.44855e+06
1.55905e+06 1.56005e+06 1.44138e+06
1.49184e+06 1.53447e+06 1.49567e+06
1.50183e+06 1.54712e+06 1.47169e+06
1.5449e+06 1.50994e+06 1.46723e+06
1.54309e+06 1.49939e+06 1.46906e+06
1.53803e+06 1.51779e+06 1.46222e+06
1.55065e+06 1.51421e+06 1.46116e+06
1.55036e+06 1.5133e+06 1.46163e+06
1.54804e+06 1.5008e+06 1.46437e+06
1.46823e+06 1.56458e+06 1.5436e+06
1.58511e+06 1.46548e+06 1.52562e+06
1.5375e+06 1.55474e+06 1.45913e+06
1.50102e+06 1.51968e+06 1.51241e+06
1.49682e+06 1.50948e+06 1.5334e+06
1.49509e+06 1.50906e+06 1.53564e+06
1.50163e+06 1.50669e+06 1.52586e+06
1.5034e+06 1.5145e+06 1.52547e+06
1.50202e+06 1.51648e+06 1.51934e+06
1.50429e+06 1.50704e+06 1.51089e+06
1.49144e+06 1.508e+06 1.53792e+06
1.49694e+06 1.51738e+06 1.51407e+06
1.48606e+06 1.51878e+06 1.53308e+06
1.49607e+06 1.51787e+06 1.53403e+06
1.47664e+06 1.5249e+06 1.55597e+06
1.48023e+06 1.51814e+06 1.55156e+06
1.47933e+06 1.52366e+06 1.57076e+06
1.48168e+06 1.51703e+06 1.54884e+06
1.48618e+06 1.5117e+06 1.54144e+06
1.49102e+06 1.52642e+06 1.53238e+06
1.48075e+06 1.51079e+06 1.56861e+06
1.56337e+06 1.46895e+06 1.55017e+06
1.55073e+06 1.47103e+06 1.56993e+06
1.55551e+06 1.47526e+06 1.56082e+06
1.46251e+06 1.56941e+06 1.5412e+06
1.51198e+06 1.4878e+06 1.54406e+06
1.52747e+06 1.48238e+06 1.5528e+06
1.51742e+06 1.49209e+06 1.51994e+06
1.52683e+06 1.49434e+06 1.51359e+06
1.51736e+06 1.49412e+06 1.51716e+06
1.53793e+06 1.4776e+06 1.54163e+06
1.54534e+06 1.47802e+06 1.53175e+06
1.55577e+06 1.47616e+06 1.53915e+06
1.52953e+06 1.47953e+06 1.52241e+06
1.57382e+06 1.46572e+06 1.53124e+06
1.56624e+06 1.46639e+06 1.55039e+06
1.57103e+06 1.4662e+06 1.54493e+06
1.57125e+06 1.47148e+06 1.53566e+06
1.60645e+06 1.44193e+06 1.54073e+06
1.49569e+06 1.52571e+06 1.50762e+06
1.497e+06 1.52867e+06 1.4964e+06
1.49967e+06 1.52923e+06 1.49531e+06
1.5064e+06 1.52654e+06 1.49713e+06
1.49358e+06 1.60681e+06 1.48205e+06
1.49599e+06 1.56271e+06 1.47835e+06
1.49484e+06 1.54257e+06 1.49461e+06
1.49505e+06 1.54093e+06 1.49342e+06
1.50149e+06 1.59896e+06 1.47817e+06
1.49818e+06 1.54472e+06 1.4874e+06
1.49979e+06 1.52553e+06 1.51102e+06
1.49464e+06 1.52729e+06 1.51201e+06
1.50369e+06 1.53421e+06 1.4929e+06
1.47866e+06 1.55254e+06 1.52481e+06
1.48526e+06 1.53478e+06 1.52378e+06
1.47471e+06 1.55033e+06 1.53554e+06
1.47236e+06 1.54088e+06 1.5414e+06
1.47263e+06 1.56426e+06 1.52694e+06
1.4787e+06 1.55736e+06 1.52363e+06
1.47985e+06 1.55576e+06 1.5236e+06
1.47652e+06 1.55188e+06 1.53045e+06
1.47916e+06 1.53845e+06 1.53199e+06
1.4768e+06 1.53962e+06 1.54039e+06
1.4804e+06 1.53289e+06 1.53598e+06
1.58397e+06 1.46216e+06 1.53071e+06
1.53473e+06 1.52882e+06 1.46146e+06
1.47869e+06 1.58804e+06 1.51361e+06
1.47804e+06 1.60644e+06 1.51715e+06
1.52973e+06 1.54324e+06 1.4643e+06
1.5311e+06 1.55886e+06 1.46225e+06
1.53171e+06 1.52687e+06 1.46418e+06
1.52875e+06 1.56039e+06 1.46248e+06
1.52895e+06 1.54982e+06 1.4635e+06
1.58584e+06 1.44566e+06 1.54258e+06
1.59954e+06 1.44362e+06 1.56951e+06
1.5636e+06 1.49041e+06 1.50477e+06
1.54107e+06 1.48549e+06 1.51312e+06
1.5609e+06 1.49161e+06 1.50432e+06
1.52729e+06 1.48778e+06 1.54396e+06
1.51881e+06 1.60625e+06 1.46111e+06
1.60863e+06 1.46664e+06 1.50593e+06
1.57717e+06 1.46974e+06 1.52263e+06
1.58087e+06 1.47074e+06 1.52186e+06
1.58344e+06 1.47727e+06 1.51452e+06
1.58348e+06 1.48131e+06 1.51248e+06
1.57331e+06 1.48654e+06 1.50772e+06
1.57489e+06 1.46907e+06 1.52767e+06
1.57185e+06 1.47144e+06 1.53454e+06
1.57291e+06 1.46826e+06 1.54481e+06
1.5833e+06 1.4665e+06 1.52711e+06
1.5724e+06 1.47126e+06 1.5366e+06
1.48233e+06 1.5582e+06 1.51039e+06
1.48189e+06 1.5772e+06 1.49612e+06
1.48452e+06 1.57698e+06 1.50902e+06
1.48625e+06 1.57125e+06 1.50635e+06
1.53584e+06 1.50774e+06 1.47941e+06
1.58666e+06 1.46433e+06 1.52479e+06
1.61583e+06 1.4598e+06 1.52615e+06
1.5342e+06 1.51321e+06 1.46884e+06
1.53014e+06 1.52135e+06 1.46467e+06
1.52036e+06 1.53729e+06 1.46498e+06
1.51545e+06 1.51647e+06 1.4671e+06
1.52306e+06 1.53294e+06 1.46656e+06
1.51418e+06 1.5669e+06 1.46782e+06
1.51234e+06 1.55819e+06 1.47047e+06
1.52019e+06 1.55763e+06 1.46569e+06
1.51776e+06 1.56729e+06 1.46581e+06
1.51209e+06 1.52656e+06 1.48621e+06
1.51145e+06 1.52561e+06 1.48771e+06
1.51322e+06 1.52551e+06 1.49253e+06
1.50917e+06 1.52597e+06 1.49962e+06
1.51482e+06 1.54121e+06 1.48483e+06
1.51027e+06 1.53896e+06 1.48783e+06
1.53988e+06 1.51283e+06 1.47377e+06
1.52251e+06 1.51196e+06 1.48042e+06
1.5681e+06 1.46024e+06 1.57171e+06
1.56347e+06 1.46866e+06 1.57844e+06
1.48139e+06 1.5266e+06 1.59486e+06
1.59896e+06 1.56728e+06 1.44504e+06
1.62682e+06 1.47483e+06 1.50896e+06
1.52137e+06 1.61342e+06 1.46748e+06
1.47154e+06 1.59412e+06 1.55525e+06
1.61272e+06 1.44154e+06 1.52971e+06
1.6065e+06 1.45151e+06 1.54784e+06
1.56828e+06 1.46534e+06 1.58781e+06
1.54833e+06 1.50273e+06 1.50786e+06
1.54176e+06 1.51312e+06 1.49002e+06
1.50826e+06 1.58442e+06 1.47349e+06
1.61938e+06 1.47294e+06 1.51053e+06
1.57199e+06 1.46204e+06 1.57338e+06
1.49961e+06 1.51694e+06 1.56081e+06
1.47869e+06 1.60173e+06 1.52182e+06
1.52592e+06 1.49228e+06 1.52584e+06
1.47683e+06 1.57706e+06 1.55051e+06
1.59579e+06 1.45371e+06 1.56296e+06
1.49355e+06 1.53496e+06 1.53283e+06
1.51307e+06 1.53338e+06 1.49821e+06
1.5553e+06 1.54434e+06 1.46118e+06
1.59207e+06 1.45802e+06 1.53754e+06
1.55185e+06 1.49131e+06 1.52907e+06
1.57878e+06 1.46256e+06 1.56917e+06
1.61237e+06 1.47896e+06 1.51108e+06
1.50342e+06 1.60651e+06 1.47712e+06
1.55893e+06 1.47136e+06 1.58058e+06
1.54866e+06 1.55669e+06 1.45173e+06
1.50457e+06 1.50455e+06 1.54314e+06
1.48524e+06 1.58068e+06 1.50721e+06
1.49261e+06 1.57372e+06 1.49519e+06
1.58443e+06 1.46828e+06 1.55338e+06
1.53956e+06 1.56037e+06 1.4591e+06
1.6031e+06 1.47943e+06 1.5131e+06
1.58033e+06 1.4831e+06 1.52285e+06
