2236 420.606
173370 99413
175174 99405
174021 99520
172625 99648
172625 99648
171965 99802
171965 99802
171564 99941
171220 100037
171564 99941
169912 100187
169912 100187
156105 100298
156105 100298
156105 100298
156105 100298
156105 100298
156105 100298
156054 100587
156054 100587
156054 100587
156054 100587
156051 100855
155221 100910
152978 100974
152978 100974
152978 100974
152978 100974
151065 101210
151065 101210
151065 101210
151065 101210
149812 101394
149812 101394
149812 101394
149812 101394
149812 101394
149812 101394
149588 101750
149588 101750
149230 101860
149230 101860
149230 101860
148400 102068
148400 102068
148400 102068
148400 102068
147444 102226
147444 102226
146893 102333
147086 102336
146893 102333
147086 102336
146535 102443
146535 102443
146893 102333
146535 102443
146893 102333
146535 102443
146781 102887
146781 102887
146781 102887
146535 102443
146535 102443
146665 103171
146665 103171
146665 103171
146665 103171
146665 103171
146665 103171
146665 103171
146665 103171
146535 103802
146665 103171
146535 103802
146665 103171
146431 104046
146431 104046
146431 104046
146435 104109
146431 104046
145916 104160
145916 104160
144840 104461
144840 104461
144840 104461
144830 104523
144830 104523
144830 104523
143729 104775
143729 104775
143729 104775
143729 104775
143729 104775
143729 104775
143729 104775
143729 104775
143221 105150
143221 105150
143221 105150
143221 105150
143221 105150
143221 105150
143221 105150
143221 105150
143221 105150
142734 105668
142734 105668
142734 105668
142734 105668
142734 105668
142734 105668
142734 105668
142734 105668
142734 105668
142734 105668
142734 105668
142623 106365
142623 106365
142298 106510
142298 106510
142298 106510
142298 106510
142298 106510
142298 106510
142298 106510
142298 106510
142298 106510
142298 106510
142298 106510
141771 107211
141771 107211
142298 106510
142263 107427
142263 107427
141491 107329
141491 107329
141263 107586
141263 107586
141263 107586
140983 107704
140983 107704
140983 107704
140983 107704
140983 107704
140405 108068
140405 108068
140791 108093
140405 108068
140405 108068
140405 108068
140405 108068
139867 108425
139943 108433
139943 108433
139928 108530
139867 108425
139138 108590
139524 108615
139524 108615
139138 108590
138956 108867
138956 108867
138676 108955
138676 108955
138676 108955
138676 108955
138676 108955
138494 109232
138494 109232
138494 109232
138494 109232
136992 109455
137543 109151
137543 109151
136992 109455
136992 109455
136992 109455
136992 109455
136992 109455
136992 109455
136992 109455
136992 109455
136875 109724
136992 109455
136875 109724
136992 109455
136310 110186
136310 110186
136310 110186
136310 110186
136310 110186
135906 110356
135906 110356
135906 110356
135906 110356
134488 110556
134488 110556
134488 110556
134488 110556
134488 110556
132443 110598
132443 110598
132443 110598
132443 110598
132443 110598
132443 110598
132443 110598
132443 110598
132443 110598
132443 110598
132443 110598
132443 110598
132443 110598
132437 110942
132437 110942
131762 111079
131762 111079
131762 111079
131762 111079
131762 111079
131762 111079
131762 111079
131762 111079
131762 111079
131762 111079
131762 111079
131757 111628
131572 111544
131757 111628
131757 111628
131757 111628
131757 111628
131359 112026
131359 112026
130810 112116
130810 112116
130810 112116
130041 112165
130041 112165
130559 112296
130559 112296
130041 112165
130041 112165
130041 112165
130524 112412
129908 112463
129908 112463
129302 112443
129908 112463
129908 112463
129474 112732
129302 112443
129474 112732
129302 112443
129302 112443
129302 112443
128735 113010
128735 113010
128735 113010
128735 113010
128544 113223
128735 113010
128544 113223
129379 113412
129024 113184
129387 113296
129379 113412
129358 113564
129358 113564
129379 113412
129379 113412
129379 113412
129024 113184
129091 114180
129091 114180
129611 113669
129091 114180
129091 114180
129365 114466
128949 114687
128949 114687
128949 114687
128949 114687
128949 114687
128949 114687
128801 115002
128801 115002
128801 115002
128801 115002
127829 115177
127829 115177
127829 115177
127829 115177
127829 115177
127829 115177
127352 115338
127352 115338
127000 114593
127000 114593
126884 115365
126884 115365
126884 115365
126884 115365
125882 115463
125882 115463
125882 115463
125882 115463
125882 115463
125882 115463
125054 115497
125620 115522
123700 115574
123789 115537
124808 115397
124808 115397
123700 115574
123789 115537
123789 115537
123700 115574
123700 115574
123789 115537
123789 115537
123700 115574
123700 115574
123438 115633
123438 115633
123438 115633
123438 115633
123438 115633
123186 115870
123186 115870
123076 115898
122924 115929
122924 115929
122924 115929
122719 116030
122719 116030
122457 116089
122457 116089
122457 116089
122457 116089
122457 116089
122150 116249
122150 116249
122457 116089
122457 116089
122457 116089
122150 116249
122150 116249
122095 116705
121833 116764
121833 116764
121833 116764
121337 116825
121337 116825
121337 116825
121337 116825
121337 116825
121337 116825
121337 116825
121337 116825
121018 117208
121018 117208
121018 117208
121018 117208
121018 117208
119811 117400
119811 117400
119811 117400
119811 117400
119811 117400
119811 117400
119811 117400
119811 117400
119811 117400
119811 117400
119811 117400
119053 117470
118284 117544
118284 117544
118284 117544
119053 117470
118284 117544
118284 117544
118284 117544
118284 117544
118284 117544
118284 117544
118284 117544
118284 117544
118284 117544
118284 117544
118254 117670
117739 117798
117739 117798
117739 117798
117739 117798
117739 117798
117739 117798
117739 117798
117739 117798
117739 117798
117739 117798
117625 118175
117625 118175
117549 118268
117549 118268
117549 118268
117549 118268
117549 118268
117549 118268
117549 118268
117549 118268
117549 118268
117549 118268
117549 118268
117549 118268
117492 119153
117492 119153
117492 119153
117492 119153
117492 119153
117492 119153
117492 119153
117492 119153
116840 119762
116840 119762
116840 119762
116840 119762
116840 119762
116840 119762
116840 119762
116764 119855
116764 119855
116764 119855
116644 120091
116644 120091
116568 120184
116568 120184
116568 120184
116568 120184
116568 120184
116568 120184
115907 120637
115907 120637
115907 120637
115907 120637
115907 120637
115907 120637
115907 120637
115907 120637
115907 120637
115789 120896
115789 120896
115789 120896
115789 120896
115632 121078
115229 121139
115229 121139
115229 121139
115229 121139
115229 121139
115229 121139
115229 121139
115229 121139
115104 121396
115104 121396
115104 121396
114780 121606
114780 121606
114780 121606
114780 121606
114780 121606
114780 121606
114780 121606
114780 121606
114780 121606
114596 121761
114596 121761
114054 122142
114054 122142
114054 122142
114054 122142
114054 122142
114054 122142
114054 122142
114054 122142
113595 122322
114054 122142
113595 122322
113595 122322
113595 122322
113595 122322
113595 122322
113484 122557
113484 122557
113081 122618
113081 122618
113081 122618
113081 122618
113081 122618
113081 122618
113081 122618
112789 122739
113081 122618
112812 123084
112812 123084
112812 123084
112812 123084
112812 123084
112812 123084
112520 123205
112520 123205
112565 123407
112565 123407
112562 123490
112343 123582
112343 123582
112343 123582
112343 123582
112051 123703
112051 123703
112051 123703
112051 123703
112051 123703
112051 123703
112051 123703
111382 124086
111556 124005
111556 124005
111382 124086
111382 124086
111382 124086
111382 124086
111382 124086
111382 124086
111382 124086
111382 124086
111382 124086
111382 124086
111382 124086
110773 124721
110773 124721
110773 124721
110773 124721
110773 124721
110773 124721
110773 124721
110773 124721
110653 124823
110653 124823
110653 124823
110653 124823
110653 124823
110653 124823
109992 125288
109992 125288
109992 125288
109992 125288
109992 125288
109992 125288
109992 125288
109992 125288
109992 125288
109992 125288
109992 125288
109449 125556
109992 125288
109508 125848
109449 125556
109449 125556
109508 125848
109449 125556
109508 125848
109508 125848
109508 125848
109508 125848
109508 125848
109171 126084
108848 126337
109171 126084
109171 126084
108969 126241
108969 126241
108969 126241
108989 126238
108553 126426
108553 126426
108969 126241
108848 126337
108553 126426
108553 126426
108553 126426
108553 126426
108553 126426
108389 126759
108196 126725
108097 126801
108196 126725
108196 126725
108097 126801
108076 126827
108076 126827
108076 126827
108076 126827
107620 127202
107620 127202
107620 127202
107620 127202
107620 127202
107620 127202
107620 127202
107620 127202
107356 127463
107356 127463
107356 127463
107356 127463
107356 127463
107268 127598
107258 127651
107138 127753
106795 127718
107138 127753
106795 127718
106577 128008
106577 128008
106577 128008
106795 127718
106795 127718
106577 128008
106577 128008
106577 128008
106577 128008
106577 128008
106577 128008
106486 128419
106486 128419
106486 128419
106486 128419
106486 128419
106486 128419
106486 128419
106486 128419
106486 128419
106355 129349
106134 129033
106134 129033
105725 129362
105725 129362
105725 129362
105725 129362
105725 129362
105725 129362
105725 129362
105725 129362
105725 129362
104631 129530
104631 129530
104631 129530
104631 129530
104631 129530
104631 129530
104631 129530
104631 129530
104631 129530
104631 129530
104631 129530
104631 129530
104631 129530
104631 129530
104631 129530
104631 129530
104631 129530
104631 129530
104631 129530
104175 129905
104175 129905
104175 129905
104175 129905
104175 129905
104175 129905
104175 129905
104175 129905
104175 129905
104175 129905
103976 130396
103976 130396
103976 130396
103976 130396
103976 130396
103976 130396
103976 130396
103976 130396
103976 130396
103976 130396
103144 131328
103733 131359
102942 131426
103144 131328
102942 131426
102942 131426
102942 131426
103144 131328
102942 131426
102942 131426
102942 131426
103144 131328
102942 131426
102942 131426
102942 131426
102942 131426
102942 131426
102942 131426
102918 131696
102782 131863
102782 131863
102465 131827
102782 131863
102465 131827
102465 131827
102758 132133
102465 131827
102567 132673
102567 132673
102567 132673
102567 132673
102392 132864
102392 132864
102297 133087
102392 132864
102297 133087
102297 133087
102297 133087
102233 133387
102297 133087
102233 133387
102233 133387
102233 133387
102156 133781
102017 134111
102017 134111
102017 134111
102017 134111
102017 134111
102017 134111
101668 134832
101828 134395
101668 134832
101668 134832
101668 134832
101668 134832
101668 134832
101668 134832
101564 135261
101285 135172
101564 135261
101404 135698
101054 135780
101404 135698
101054 135780
101285 135172
101054 135780
101054 135780
101054 135780
101054 135780
101054 135780
100687 135927
100687 135927
100687 135927
100687 135927
100687 135927
100687 135927
100687 135927
100687 135927
100607 136327
100607 136327
100607 136327
100607 136327
100607 136327
100607 136327
100143 137155
100143 137155
99084 137035
99348 136832
99348 136832
99348 136832
99348 136832
99348 136832
99712 136644
99348 136832
99348 136832
99348 136832
99348 136832
99348 136832
99348 136832
99348 136832
99348 136832
99348 136832
99348 136832
99348 136832
99348 136832
99130 137122
99348 136832
99348 136832
99200 138084
99200 138084
99200 138084
99200 138084
98781 138530
98781 138530
98781 138530
98781 138530
98781 138530
98781 138530
98781 138530
98781 138530
98519 138619
98519 138619
98519 138619
98519 138619
98519 138619
98519 138619
98482 139167
98482 139167
97972 139512
97972 139512
97972 139512
97838 139674
98067 139610
97972 139512
97972 139512
97972 139512
97838 139674
97838 139674
97838 139674
97838 139674
97838 139674
97838 139674
97838 139674
97838 139674
97583 141078
97583 141078
97583 141078
97583 141078
97583 141078
97583 141078
97425 141110
97425 141110
97425 141110
97336 141440
97336 141440
97336 141440
97336 141440
97336 141440
97336 141440
96908 142915
96908 142915
96774 143077
96774 143077
96774 143077
96774 143077
96774 143077
96774 143077
96774 143077
96774 143077
96753 143316
96729 143586
96753 143316
96753 143316
96753 143316
96729 143586
96450 145676
96450 145676
96450 145676
96450 145676
96450 145676
96450 145676
96450 145676
96404 145926
96340 146534
96340 146534
96294 146784
96294 146784
96294 146784
96294 146784
96294 146784
96294 146784
96183 149017
96235 149300
96073 149875
96073 149875
96073 149875
96073 149875
96073 149875
95483 151332
95483 151332
95483 151332
95483 151332
95483 151332
95483 151332
95483 151332
95483 151332
95483 151332
94893 151477
94893 151477
94893 151477
94893 151477
94893 151477
94893 151477
94893 151477
94893 151477
94893 151477
94893 151477
94171 151808
94171 151808
94171 151808
94171 151808
94171 151808
94171 151808
94171 151808
94091 152208
94171 151808
94171 151808
94171 151808
94171 151808
94171 151808
93787 153030
93787 153030
93787 153030
93787 153030
93787 153030
93787 153030
93787 153030
93787 153030
93787 153030
93787 153030
93787 153030
93183 156843
93183 156843
93529 155570
93589 159173
93529 155570
93183 156843
93028 160477
93028 160477
93140 156512
93028 160477
93140 156512
93183 156843
92574 156340
93057 158175
92446 158567
92959 160826
92446 158567
92574 156340
92403 158236
92403 158236
92403 158236
92120 159009
92506 161013
92120 159009
92091 161311
92091 161311
92120 159009
92120 159009
92091 161311
92091 161311
92030 162833
90961 163571
90961 163571
90961 163571
90961 163571
90961 163571
90961 163571
90961 163571
91434 163451
91434 163451
90961 163571
90961 163571
90961 163571
90961 163571
90961 163571
90961 163571
90961 163571
90961 163571
90539 167606
90539 167606
90539 167606
90539 167606
90539 167606
90539 167606
90250 168187
90250 168187
90250 168187
90250 168187
90002 168437
90002 168437
90002 168437
90002 168437
