2291 11.9952
152957 185240 175131 147782
143281 168418 166154 154846
164585 142340 160477 175092
190041 152506 165533 150754
169612 164001 160036 133565
176304 153770 144550 171440
158800 158590 184534 146623
182575 140281 154505 164942
176304 153770 144550 171440
179798 154679 180422 142925
165774 179884 145693 166668
152957 185240 175131 147782
183478 157070 156336 150736
165542 146540 150701 157392
176304 153770 144550 171440
158800 158590 184534 146623
165774 179884 145693 166668
169612 164001 160036 133565
164585 142340 160477 175092
187857 165486 153300 157267
152709 177119 158885 150898
158800 158590 184534 146623
143737 165759 172669 152912
183139 160940 169739 136283
168864 157837 156248 154267
158894 165488 178490 141266
147314 155499 173246 157486
166697 162084 157770 157098
154594 173623 157266 159281
170402 159076 170792 147709
161362 153167 173920 161984
143281 168418 166154 154846
158894 165488 178490 141266
162228 166455 168824 138160
153133 169270 149524 160525
172007 166451 146438 154686
174616 145889 166242 143989
153020 165812 168141 146150
160804 150685 166012 167794
177099 144541 170178 158950
149463 167278 164208 164018
162228 148523 169416 167118
161362 153167 173920 161984
144321 171526 159522 152122
157886 165576 174701 148692
165656 175199 162073 144425
167614 145112 166701 148394
182479 152272 157134 155193
152709 177119 158885 150898
164585 142340 160477 175092
154594 173623 157266 159281
177522 158775 163658 147197
161347 156735 163317 157423
166453 168737 152974 150448
158643 158895 164537 150189
175369 143391 157443 169761
177103 150345 162046 151011
153133 169270 149524 160525
162671 169828 154251 152035
158894 165488 178490 141266
173106 175058 157980 147094
158489 164248 154700 152783
143281 168418 166154 154846
170402 159076 170792 147709
144321 171526 159522 152122
167614 145112 166701 148394
149463 167278 164208 164018
157886 165576 174701 148692
165774 179884 145693 166668
173106 175058 157980 147094
162228 148523 169416 167118
163970 157137 162927 155593
175714 157098 162803 153398
190041 152506 165533 150754
187857 165486 153300 157267
169612 164001 160036 133565
156094 163644 172818 156211
147314 155499 173246 157486
156791 159569 163480 151908
175369 143391 157443 169761
150705 166752 173975 151604
156791 159569 163480 151908
165542 146540 150701 157392
163519 174256 153892 151606
151950 155504 147787 160896
164324 151587 172896 152148
173106 175058 157980 147094
165656 175199 162073 144425
182575 140281 154505 164942
158894 165488 178490 141266
179798 154679 180422 142925
175369 143391 157443 169761
155647 160660 157663 158978
172007 166451 146438 154686
158894 165488 178490 141266
150496 158448 158005 158977
164720 152069 164108 166390
158489 164248 154700 152783
175369 143391 157443 169761
149463 167278 164208 164018
151950 155504 147787 160896
164720 152069 164108 166390
149463 167278 164208 164018
151950 155504 147787 160896
174616 145889 166242 143989
159841 165934 165334 147212
151950 155504 147787 160896
163279 161970 161706 157354
143281 168418 166154 154846
153133 169270 149524 160525
163219 159807 161462 157938
149463 167278 164208 164018
164585 142340 160477 175092
159841 165934 165334 147212
151950 155504 147787 160896
153020 165812 168141 146150
158489 164248 154700 152783
166697 162084 157770 157098
164324 151587 172896 152148
151950 155504 147787 160896
175369 143391 157443 169761
164585 142340 160477 175092
190041 152506 165533 150754
162671 169828 154251 152035
155647 160660 157663 158978
183139 160940 169739 136283
183478 157070 156336 150736
162228 166455 168824 138160
149463 167278 164208 164018
163970 157137 162927 155593
163219 159807 161462 157938
150496 158448 158005 158977
162228 166455 168824 138160
173106 175058 157980 147094
159841 165934 165334 147212
182479 152272 157134 155193
174616 145889 166242 143989
163519 174256 153892 151606
162671 169828 154251 152035
171571 158903 160789 151089
147314 155499 173246 157486
162671 169828 154251 152035
144321 171526 159522 152122
165774 179884 145693 166668
143737 165759 172669 152912
150496 158448 158005 158977
163219 159807 161462 157938
156094 163644 172818 156211
175714 157098 162803 153398
162228 148523 169416 167118
166697 162084 157770 157098
151950 155504 147787 160896
158489 164248 154700 152783
177522 158775 163658 147197
163279 161970 161706 157354
163279 161970 161706 157354
153020 165812 168141 146150
162228 148523 169416 167118
179798 154679 180422 142925
165542 146540 150701 157392
149463 167278 164208 164018
156094 163644 172818 156211
144321 171526 159522 152122
158894 165488 178490 141266
152957 185240 175131 147782
175369 143391 157443 169761
159841 165934 165334 147212
165046 154873 165956 157259
163279 161970 161706 157354
182575 140281 154505 164942
165046 154873 165956 157259
158800 158590 184534 146623
152957 185240 175131 147782
163279 161970 161706 157354
177522 158775 163658 147197
151950 155504 147787 160896
157886 165576 174701 148692
150496 158448 158005 158977
170402 159076 170792 147709
149463 167278 164208 164018
158643 158895 164537 150189
165774 179884 145693 166668
150705 166752 173975 151604
151950 155504 147787 160896
171327 155406 172705 148183
183139 160940 169739 136283
179798 154679 180422 142925
163219 159807 161462 157938
176304 153770 144550 171440
144321 171526 159522 152122
156791 159569 163480 151908
177522 158775 163658 147197
164324 151587 172896 152148
173106 175058 157980 147094
183478 157070 156336 150736
144321 171526 159522 152122
166453 168737 152974 150448
158643 158895 164537 150189
177103 150345 162046 151011
153020 165812 168141 146150
155647 160660 157663 158978
183478 157070 156336 150736
158489 164248 154700 152783
151950 155504 147787 160896
187857 165486 153300 157267
153020 165812 168141 146150
177522 158775 163658 147197
190041 152506 165533 150754
169612 164001 160036 133565
158643 158895 164537 150189
147314 155499 173246 157486
173106 175058 157980 147094
169612 164001 160036 133565
177522 158775 163658 147197
158643 158895 164537 150189
158894 165488 178490 141266
170402 159076 170792 147709
162228 148523 169416 167118
170402 159076 170792 147709
169612 164001 160036 133565
159841 165934 165334 147212
175369 143391 157443 169761
164585 142340 160477 175092
182479 152272 157134 155193
177099 144541 170178 158950
164324 151587 172896 152148
161362 153167 173920 161984
158894 165488 178490 141266
152709 177119 158885 150898
171327 155406 172705 148183
163519 174256 153892 151606
187857 165486 153300 157267
147314 155499 173246 157486
175714 157098 162803 153398
190041 152506 165533 150754
175369 143391 157443 169761
150705 166752 173975 151604
165656 175199 162073 144425
182575 140281 154505 164942
158894 165488 178490 141266
175369 143391 157443 169761
163970 157137 162927 155593
174616 145889 166242 143989
153133 169270 149524 160525
164585 142340 160477 175092
159841 165934 165334 147212
168864 157837 156248 154267
190041 152506 165533 150754
149463 167278 164208 164018
163519 174256 153892 151606
167614 145112 166701 148394
144321 171526 159522 152122
143281 168418 166154 154846
177103 150345 162046 151011
154594 173623 157266 159281
154594 173623 157266 159281
152709 177119 158885 150898
165656 175199 162073 144425
161362 153167 173920 161984
162228 148523 169416 167118
149463 167278 164208 164018
177099 144541 170178 158950
172007 166451 146438 154686
153133 169270 149524 160525
162228 166455 168824 138160
144321 171526 159522 152122
171327 155406 172705 148183
158894 165488 178490 141266
152957 185240 175131 147782
177099 144541 170178 158950
164585 142340 160477 175092
169612 164001 160036 133565
162228 148523 169416 167118
176304 153770 144550 171440
177522 158775 163658 147197
187857 165486 153300 157267
158489 164248 154700 152783
155647 160660 157663 158978
153020 165812 168141 146150
166453 168737 152974 150448
173106 175058 157980 147094
179798 154679 180422 142925
179798 154679 180422 142925
171327 155406 172705 148183
158643 158895 164537 150189
157886 165576 174701 148692
159841 165934 165334 147212
187857 165486 153300 157267
152709 177119 158885 150898
156094 163644 172818 156211
165542 146540 150701 157392
162228 148523 169416 167118
163219 159807 161462 157938
150496 158448 158005 158977
165774 179884 145693 166668
171571 158903 160789 151089
154586 165217 166658 151533
179798 154679 180422 142925
164585 142340 160477 175092
144321 171526 159522 152122
