4535 1022.05
93108 59875
51302 108684
51377 105494
51342 108027
90006 60203
88711 60317
87082 60416
88339 60347
92319 59998
91430 60001
85658 60618
85028 60767
92517 59950
52542 98345
52531 98894
79654 62551
86540 60464
86200 60570
92889 59920
84547 60995
62180 75547
54025 92257
53837 92460
61424 76135
75888 64016
64099 73284
79928 62363
76202 63981
51797 102178
52362 99734
51447 104496
52438 99349
52468 99008
52392 99393
61412 76330
82700 61522
82874 61369
61274 76334
61262 76529
61119 76716
51767 102519
51966 101258
51616 103576
69950 67789
69709 67859
51417 104837
65259 72096
79928 62363
73419 65583
73137 65586
63213 74300
62814 74769
54985 88838
62256 75089
62186 75336
63593 73769
63663 73522
74655 64694
76614 63626
75517 64235
68651 68892
66478 70823
64419 72934
52135 100507
51590 103871
52109 100802
51940 101553
65090 72107
82393 61597
68683 68702
67711 69596
67510 69797
66309 70834
69316 68152
70162 67491
65538 71527
60326 77913
56953 83709
79484 62569
79364 62739
56268 85340
56975 83500
93108 59875
92889 59920
74825 64676
57499 82197
84750 60936
66510 70633
67679 69786
54194 91506
90548 60155
90793 60150
65506 71717
77027 63603
76784 63608
75280 64550
66903 70340
65879 71353
65970 71178
51767 102519
51417 104837
92319 59998
55825 86459
55906 86275
57418 82381
56349 85156
63930 73295
73746 65415
60745 77231
53739 93054
58129 81038
53411 94012
70862 67078
82372 61675
57056 83316
84422 61089
60137 77961
51738 102931
60883 77227
68889 68571
74962 64574
72313 66249
62476 75075
83938 61142
81196 61925
80300 62333
68256 69121
51342 108027
51313 108439
51377 105494
51756 102764
52351 99979
51388 105249
51302 108684
51727 103176
51331 108272
51406 105082
52362 99734
53115 95792
66716 70502
65722 71411
59104 79643
71816 66473
80098 62345
73977 65201
61817 75842
59509 78992
58744 79996
58279 81030
59355 79061
59913 78277
60067 78208
58898 79927
80994 61937
88541 60335
77228 63402
78816 62797
83246 61339
79018 62785
78326 62982
85828 60600
88339 60347
81888 61728
91260 60019
83736 61154
83044 61351
90378 60173
86030 60588
86710 60446
86912 60434
91058 60031
81686 61740
90176 60185
78124 62994
70859 67111
57348 82628
56905 83747
61940 75767
53335 94397
54123 91663
53264 94554
53722 93072
54581 90181
53815 92669
52593 97724
53188 94939
53357 94188
52647 97548
55483 87463
54270 91121
54620 89954
54047 92048
55537 87287
54216 91297
54101 91872
53242 94763
54674 89778
54887 89432
53761 92845
55117 88659
77430 63390
71024 67032
57396 82590
55212 88345
52909 96262
52740 97013
55616 87002
54123 91663
57418 82381
52762 96804
56002 85959
53188 94939
53357 94188
57231 82715
52571 97933
53837 92460
55980 86168
53137 95560
54963 89047
54598 90163
53242 94763
54270 91121
55139 88450
52542 98345
54292 90912
55638 86793
56246 85549
56709 84119
57152 83000
57209 82924
53815 92669
54674 89778
55803 86668
53433 93803
57130 83209
56081 85674
53166 95148
52931 96053
52593 97724
55825 86459
56788 83834
53761 92845
53264 94554
54101 91872
54047 92048
54620 89954
55537 87287
54216 91297
53335 94397
55234 88136
55559 87078
53159 95351
52564 98136
55133 88630
56687 84328
54696 89569
54025 92257
75291 64453
76202 63981
80790 62148
80824 61955
53137 95560
60611 77369
56650 84727
56680 84531
60337 77816
60372 77627
56081 85674
55638 86793
54810 89474
55234 88136
53547 93708
54696 89569
55752 86698
54292 90912
54406 90817
55348 88041
56195 85579
53433 93803
64131 73094
70661 67279
73559 65486
72879 65813
59285 79308
58059 81285
56788 83834
57942 81372
57231 82715
58674 80243
59843 78524
59726 78611
59168 79395
58557 80330
75505 64430
65707 71516
62649 74796
59848 78381
61817 75842
62186 75336
56521 84855
82563 61579
82700 61522
83044 61351
69284 68342
74962 64574
81516 61758
77753 63213
83358 61316
77712 63349
79654 62551
70331 67480
80790 62148
80582 62292
73947 65214
76372 63963
90378 60173
78124 62994
86540 60464
90888 60049
80994 61937
75718 64034
76413 63827
71384 66822
69058 68560
77228 63402
87082 60416
84220 61101
67312 70072
90006 60203
91260 60019
79300 62744
91430 60001
84920 60918
77058 63420
91058 60031
78816 62797
90176 60185
79484 62569
70130 67681
82563 61579
81478 61884
86200 60570
80620 62166
78646 62815
77542 63367
84050 61119
78438 62959
77954 63012
80412 62310
86030 60588
80824 61955
84750 60936
75888 64016
83528 61298
88711 60317
90548 60155
76784 63608
82000 61705
83736 61154
86710 60446
81308 61902
85658 60618
82874 61369
79130 62762
78608 62941
81686 61740
86912 60434
69485 68141
75132 64556
77920 63205
88541 60335
75687 64217
73807 65219
83566 61172
52333 100146
52299 100322
67895 69480
74145 65193
90793 60150
90888 60049
74644 64791
74303 65040
74443 64992
74504 64839
52571 97933
56680 84531
53159 95351
53166 95148
52564 98136
56687 84328
80098 62345
70798 67250
56975 83500
60430 77575
60442 77380
61262 76529
64750 72305
64738 72500
56059 85883
56766 84043
74228 65113
52855 96438
63512 73861
61593 76124
63663 73522
71553 66811
67880 69585
64451 72744
72186 66261
62256 75089
70469 67371
64620 72733
68852 68691
66679 70622
72017 66272
62425 75078
68482 68903
63012 74501
72324 66152
72493 66141
69115 68353
64750 72305
60442 77380
62011 75558
63044 74311
65337 71728
63343 73872
69961 67692
64250 72945
71395 66813
62843 74512
70638 67360
67143 70083
63832 73511
64970 72291
65057 72185
72879 65813
73021 65772
51860 101984
51523 104111
51873 101793
51510 104302
82170 61687
60895 77032
76580 63819
69529 68041
73080 65612
61727 75986
54527 90320
53668 93211
53411 94012
57056 83316
66851 70459
64919 72294
66083 71052
85828 60600
63918 73351
63883 73508
62511 74918
59579 78745
58968 79680
59715 78708
71225 66831
68344 69046
66298 70931
68471 69000
66171 70977
62596 74891
71922 66451
72543 66080
57130 83209
55906 86275
55980 86168
55079 88806
70798 67250
52351 99979
51756 102764
51313 108439
52333 100146
51388 105249
51331 108272
51406 105082
68143 69247
52531 98894
52468 99008
84448 61018
63593 73769
63512 73861
52016 101168
56268 85340
69709 67859
69698 68030
54194 91506
57686 81863
57791 81803
61951 75670
62011 75558
60734 77328
59902 78374
51738 102931
66851 70459
75132 64556
74825 64676
68256 69121
66171 70977
68104 69303
68344 69046
65292 71930
72649 66058
68055 69322
67989 69422
74146 65186
57861 81556
55390 87829
55358 87966
68143 69247
67132 70180
67052 70258
72744 65879
81516 61758
77745 63324
83528 61298
83566 61172
78608 62941
80620 62166
78646 62815
80582 62292
81478 61884
51843 102134
51523 104111
52042 101042
51873 101793
52647 97548
51540 103961
52059 100892
52664 97398
51890 101643
52838 96588
51493 104452
51860 101984
52686 97189
51510 104302
51692 103360
51709 103210
57910 81547
73606 65420
84284 61096
82234 61682
67989 69422
64242 73056
64131 73094
56508 85007
61107 76911
60969 76915
71214 66928
58521 80612
52249 100412
53547 93708
53592 93596
54406 90817
54451 90705
67450 69963
66713 70602
70469 67371
70354 67399
71024 67032
71160 67030
74256 65106
72187 66254
58342 80819
57839 81765
73777 65232
62649 74796
61727 75986
84920 60918
84966 60815
51692 103360
52042 101042
51666 103486
71590 66691
69102 68460
66942 70284
67052 70258
55421 87802
80412 62310
77542 63367
79018 62785
84050 61119
78438 62959
78326 62982
82000 61705
83358 61316
81888 61728
79130 62762
81308 61902
83246 61339
58297 80928
67313 70065
69059 68553
65326 71825
57674 81890
73441 65499
52669 97339
75392 64447
63044 74311
63038 74453
75400 64431
59843 78524
53095 95868
52185 100417
52762 96804
52981 95963
52105 100848
52686 97189
51666 103486
52135 100507
53045 95958
52299 100322
52931 96053
52905 96348
52812 96714
52736 97099
66072 71149
65970 71178
65845 71407
54915 89085
54909 89223
54893 89294
65295 71830
55469 87544
58114 81155
67356 69972
69486 68134
58461 80718
80300 62333
77430 63390
83938 61142
81196 61925
56002 85959
56709 84119
57209 82924
55212 88345
57152 83000
55559 87078
55616 87002
55155 88421
67700 69693
67499 69894
55063 88835
71586 66718
55461 87672
58118 81135
57595 82175
71952 66438
72653 66031
72006 66369
71805 66570
71751 66639
72714 65892
54839 89470
71564 66802
65267 71975
58353 80722
63273 74119
64680 72552
63228 74195
64635 72628
54489 90637
53630 93528
53652 93319
54527 90320
54505 90529
53668 93211
53646 93420
62511 74918
67484 69909
58732 80191
57850 81653
56442 85140
56349 85156
71691 66685
76410 63837
76583 63809
77923 63195
63228 74195
65711 71508
64620 72733
67880 69585
64635 72628
69104 68450
61644 76121
61716 76083
74303 65040
73576 65433
85028 60767
84966 60815
51616 103576
52016 101168
51966 101258
75707 64131
70151 67588
64242 73056
77750 63223
64250 72945
60125 78156
60372 77627
64738 72500
60067 78208
58722 80205
60430 77575
63273 74119
64680 72552
63331 74067
54511 90428
73051 65759
71171 66933
58085 81240
67356 69972
69623 68032
64440 72841
65527 71624
66499 70730
70131 67674
67685 69708
69285 68335
68672 68799
56650 84727
56578 84760
57499 82197
65057 72185
71721 66652
59509 78992
59302 79212
59526 78896
59285 79308
54511 90428
60680 77335
74454 64895
74504 64839
53630 93528
53592 93596
54489 90637
54451 90705
58956 79875
58525 80505
58301 80821
72513 66093
56578 84760
56536 84822
56508 85007
56466 85069
62820 74665
60884 77129
63332 73969
52855 96438
76603 63723
75718 64034
73766 65329
61108 76813
72703 65989
58467 80712
63343 73872
61951 75670
77954 63012
59168 79395
69305 68249
57942 81372
57663 81987
58353 80722
59913 78277
66499 70730
72006 66369
77058 63420
57850 81653
57931 81469
59568 78842
76399 63934
68482 68903
59715 78708
60337 77816
71225 66831
59355 79061
69115 68353
74454 64895
67143 70083
66072 71149
60969 76915
73069 65709
62820 74665
58557 80330
59115 79546
59726 78611
71166 66991
68672 68799
60137 77961
69961 67692
65337 71728
77943 63109
61716 76083
74443 64992
58546 80427
64440 72841
74644 64791
72324 66152
64451 72744
65527 71624
72017 66272
61119 76716
58957 79777
77047 63517
59157 79492
69950 67789
60126 78058
59344 79158
67132 70180
58472 80621
60958 77012
58744 79996
71805 66570
68471 69000
66298 70931
75506 64332
59579 78745
58733 80093
62831 74568
58968 79680
73441 65499
73419 65583
77027 63603
76603 63723
75687 64217
69305 68249
77943 63109
77047 63517
73766 65329
54505 90529
53652 93319
53646 93420
57616 82110
70332 67473
68852 68691
58912 79886
59302 79212
59568 78842
59115 79546
59344 79158
59526 78896
59157 79492
58525 80505
57931 81469
57642 82065
57663 81987
58546 80427
56059 85883
56766 84043
66942 70284
72744 65879
72703 65989
70658 67312
70354 67399
53095 95868
53115 95792
58957 79777
61108 76813
60126 78058
75506 64332
58733 80093
63331 74067
61107 76911
60125 78156
56442 85140
56466 85069
70151 67588
75707 64131
60884 77129
63332 73969
52438 99349
51843 102134
51890 101643
51540 103961
52059 100892
51493 104452
51797 102178
51586 103917
51936 101599
51447 104496
52392 99393
68875 68610
55483 87463
54915 89085
58674 80243
56913 83738
57356 82619
54963 89047
57811 81767
65879 71353
65845 71407
60958 77012
82170 61687
73137 65586
60611 77369
52812 96714
52833 96647
55428 87719
52736 97099
52905 96348
52909 96262
52740 97013
55469 87544
54909 89223
54893 89294
69698 68030
69623 68032
55803 86668
56195 85579
55752 86698
56246 85549
57595 82175
62596 74891
61940 75767
66083 71052
55348 88041
55358 87966
55461 87672
55428 87719
58283 80969
79364 62739
53045 95958
79300 62744
52185 100417
82234 61682
84220 61101
52981 95963
84284 61096
52669 97339
63038 74453
63012 74501
68055 69322
57396 82590
67895 69480
58059 81285
58085 81240
57624 82101
65267 71975
72494 66134
70639 67353
73069 65709
64919 72294
60680 77335
62831 74568
62843 74512
63918 73351
88339 60347
71691 66685
56766 84043
56059 85883
58478 80615
68875 68610
52664 97398
52838 96588
52833 96647
77712 63349
52249 100412
55390 87829
63832 73511
61593 76124
62425 75078
63883 73508
61644 76121
64970 72291
58953 79884
60326 77913
76399 63934
76372 63963
66679 70622
57791 81803
69529 68041
58898 79927
58285 80955
57642 82065
51709 103210
51727 103176
84448 61018
51936 101599
51940 101553
51590 103871
52109 100802
51586 103917
56536 84822
58301 80821
59104 79643
67450 69963
64099 73284
71751 66639
71952 66438
73021 65772
73606 65420
55079 88806
55155 88421
66716 70502
