313 1.50674
350137 309151 301992 351482
324081 360208 298728 324863
330599 339148 286563 326464
307952 315942 300743 321922
317733 339710 335469 302348
342101 313587 329013 286636
334410 300802 303464 328887
362483 335764 296158 304732
322592 354453 322514 301693
334410 300802 303464 328887
342101 313587 329013 286636
322760 307284 331097 334621
356015 325036 293361 317618
335657 317589 309931 303756
356015 325036 293361 317618
312235 330852 310964 306862
346205 320724 305615 303391
341839 323754 301598 306531
351809 319714 323176 290960
315885 331443 299203 328815
332893 302657 304872 306454
329331 321668 324865 298479
351176 316527 297166 332930
332629 332500 290086 318459
351809 319714 323176 290960
311089 358675 314530 301772
322760 307284 331097 334621
324081 360208 298728 324863
328064 311209 329780 313432
331760 313140 327554 316287
334410 300802 303464 328887
335657 317589 309931 303756
348709 338962 321805 287661
346205 320724 305615 303391
329948 307835 333270 310570
311089 358675 314530 301772
322592 354453 322514 301693
349058 327241 290849 332833
347605 321399 308871 296356
317733 339710 335469 302348
342685 326854 311829 294893
326274 330965 319088 293376
321142 321460 321007 312375
332091 334691 306967 305078
315885 331443 299203 328815
332473 317444 317138 298534
307952 315942 300743 321922
332473 317444 317138 298534
353935 329188 300565 306602
323889 333139 301049 319204
348709 338962 321805 287661
346205 320724 305615 303391
328106 327253 319322 299507
322760 307284 331097 334621
331760 313140 327554 316287
311089 358675 314530 301772
321922 329496 334702 305643
325442 309218 311699 329949
323019 328884 315659 294796
355302 333534 303239 303803
362483 335764 296158 304732
328135 322651 320571 303536
321922 329496 334702 305643
325304 317551 294296 308391
351176 316527 297166 332930
331719 315058 321985 325026
349488 331017 299984 308097
332893 302657 304872 306454
350137 309151 301992 351482
328705 310943 328500 311354
351809 319714 323176 290960
332091 334691 306967 305078
316505 332855 307691 302529
324081 360208 298728 324863
325193 319177 326698 297208
326274 330965 319088 293376
342101 313587 329013 286636
351809 319714 323176 290960
350137 309151 301992 351482
331760 313140 327554 316287
325442 309218 311699 329949
330599 339148 286563 326464
323019 328884 315659 294796
328106 327253 319322 299507
315885 331443 299203 328815
328064 311209 329780 313432
311089 358675 314530 301772
332893 302657 304872 306454
332473 317444 317138 298534
325882 319905 312247 304037
322760 307284 331097 334621
342685 326854 311829 294893
324023 326235 316025 308964
355302 333534 303239 303803
332893 302657 304872 306454
325442 309218 311699 329949
334593 328987 308474 292987
350137 309151 301992 351482
329948 307835 333270 310570
349488 331017 299984 308097
334648 334060 298883 295575
354690 320043 313621 297707
316585 332531 301642 311394
332893 302657 304872 306454
311089 358675 314530 301772
334593 328987 308474 292987
342685 326854 311829 294893
321142 321460 321007 312375
325304 317551 294296 308391
322760 307284 331097 334621
328106 327253 319322 299507
329948 307835 333270 310570
324023 326235 316025 308964
322760 307284 331097 334621
325442 309218 311699 329949
329948 307835 333270 310570
328106 327253 319322 299507
351176 316527 297166 332930
353935 329188 300565 306602
350137 309151 301992 351482
311089 358675 314530 301772
321922 329496 334702 305643
332629 332500 290086 318459
330739 317434 321765 313290
326200 325556 324705 295975
325193 319177 326698 297208
334593 328987 308474 292987
334593 328987 308474 292987
328106 327253 319322 299507
334648 334060 298883 295575
341839 323754 301598 306531
330739 317434 321765 313290
347605 321399 308871 296356
322760 307284 331097 334621
328106 327253 319322 299507
331760 313140 327554 316287
323019 328884 315659 294796
332639 314249 321583 310988
325193 319177 326698 297208
331760 313140 327554 316287
328064 311209 329780 313432
325442 309218 311699 329949
330739 317434 321765 313290
351176 316527 297166 332930
322592 354453 322514 301693
321142 321460 321007 312375
354690 320043 313621 297707
332639 314249 321583 310988
349058 327241 290849 332833
324023 326235 316025 308964
334593 328987 308474 292987
341839 323754 301598 306531
331760 313140 327554 316287
342685 326854 311829 294893
323019 328884 315659 294796
323889 333139 301049 319204
354690 320043 313621 297707
341839 323754 301598 306531
323889 333139 301049 319204
325442 309218 311699 329949
321142 321460 321007 312375
328705 310943 328500 311354
334593 328987 308474 292987
323889 333139 301049 319204
348709 338962 321805 287661
307952 315942 300743 321922
316505 332855 307691 302529
330739 317434 321765 313290
321142 321460 321007 312375
354690 320043 313621 297707
332091 334691 306967 305078
330599 339148 286563 326464
326200 325556 324705 295975
332893 302657 304872 306454
307952 315942 300743 321922
329948 307835 333270 310570
321142 321460 321007 312375
351809 319714 323176 290960
332639 314249 321583 310988
321922 329496 334702 305643
349488 331017 299984 308097
322760 307284 331097 334621
329948 307835 333270 310570
316505 332855 307691 302529
342685 326854 311829 294893
311089 358675 314530 301772
331760 313140 327554 316287
334410 300802 303464 328887
341839 323754 301598 306531
328064 311209 329780 313432
342685 326854 311829 294893
316505 332855 307691 302529
322760 307284 331097 334621
322760 307284 331097 334621
311089 358675 314530 301772
328064 311209 329780 313432
323019 328884 315659 294796
322592 354453 322514 301693
324023 326235 316025 308964
362483 335764 296158 304732
328135 322651 320571 303536
351176 316527 297166 332930
328705 310943 328500 311354
315885 331443 299203 328815
331719 315058 321985 325026
334410 300802 303464 328887
317733 339710 335469 302348
328064 311209 329780 313432
354690 320043 313621 297707
328064 311209 329780 313432
332893 302657 304872 306454
335657 317589 309931 303756
348709 338962 321805 287661
329948 307835 333270 310570
311089 358675 314530 301772
362483 335764 296158 304732
341839 323754 301598 306531
325442 309218 311699 329949
334593 328987 308474 292987
329948 307835 333270 310570
329948 307835 333270 310570
328064 311209 329780 313432
346205 320724 305615 303391
335657 317589 309931 303756
326274 330965 319088 293376
315885 331443 299203 328815
332473 317444 317138 298534
353935 329188 300565 306602
323889 333139 301049 319204
322760 307284 331097 334621
311089 358675 314530 301772
328705 310943 328500 311354
332639 314249 321583 310988
334410 300802 303464 328887
311089 358675 314530 301772
323019 328884 315659 294796
322592 354453 322514 301693
330739 317434 321765 313290
322760 307284 331097 334621
325442 309218 311699 329949
316505 332855 307691 302529
329948 307835 333270 310570
322760 307284 331097 334621
349488 331017 299984 308097
321922 329496 334702 305643
332639 314249 321583 310988
351809 319714 323176 290960
351176 316527 297166 332930
307952 315942 300743 321922
353935 329188 300565 306602
326200 325556 324705 295975
330739 317434 321765 313290
354690 320043 313621 297707
341839 323754 301598 306531
307952 315942 300743 321922
334593 328987 308474 292987
328106 327253 319322 299507
334648 334060 298883 295575
341839 323754 301598 306531
341839 323754 301598 306531
342685 326854 311829 294893
347605 321399 308871 296356
329331 321668 324865 298479
328106 327253 319322 299507
323019 328884 315659 294796
322592 354453 322514 301693
332639 314249 321583 310988
330739 317434 321765 313290
331760 313140 327554 316287
330599 339148 286563 326464
323019 328884 315659 294796
332639 314249 321583 310988
332091 334691 306967 305078
311089 358675 314530 301772
342101 313587 329013 286636
316505 332855 307691 302529
353935 329188 300565 306602
324081 360208 298728 324863
315885 331443 299203 328815
335657 317589 309931 303756
351809 319714 323176 290960
328064 311209 329780 313432
329948 307835 333270 310570
334593 328987 308474 292987
325442 309218 311699 329949
322592 354453 322514 301693
315885 331443 299203 328815
332473 317444 317138 298534
328064 311209 329780 313432
354690 320043 313621 297707
317733 339710 335469 302348
325882 319905 312247 304037
324023 326235 316025 308964
350137 309151 301992 351482
356015 325036 293361 317618
332893 302657 304872 306454
342685 326854 311829 294893
322760 307284 331097 334621
322760 307284 331097 334621
312235 330852 310964 306862
