12088 2947.49
167088 80782
167088 80782
165814 80969
165814 80969
164603 81102
164588 81233
163881 81288
163866 81419
162655 81552
162655 81552
160067 81679
158856 81812
158134 81874
158134 81874
158134 81874
158134 81874
135357 82172
135357 82172
135357 82172
135357 82172
135357 82172
135357 82172
135357 82172
133014 82330
133014 82330
133014 82330
131740 82517
131740 82517
131740 82517
131740 82517
131229 82727
130514 82781
129986 82816
129561 82891
129561 82891
129533 83015
129108 83090
129108 83090
129108 83090
127768 83262
127449 83270
127019 83329
127019 83329
126861 83455
126431 83514
126431 83514
126040 83600
126040 83600
125877 83710
125452 83785
125452 83785
125452 83785
125371 83936
124941 83995
124941 83995
123486 84118
123486 84118
123486 84118
124464 84255
123486 84118
122932 84314
122591 84341
122166 84416
122166 84416
122166 84416
122166 84416
121880 84597
121281 84653
120940 84680
120940 84680
120940 84680
120901 84868
120550 84906
120476 84943
120055 84971
119630 85046
119630 85046
119630 85046
119296 85154
119296 85154
118450 85257
118450 85257
118450 85257
118450 85257
118450 85257
117737 85470
117663 85507
117555 85533
117050 85609
117050 85609
116709 85636
116709 85636
116709 85636
116259 85787
116259 85787
115656 85878
115656 85878
115572 85926
115231 85953
115231 85953
115231 85953
114984 86111
114643 86138
114630 86182
114252 86224
114252 86224
114252 86224
114042 86367
113664 86409
113664 86409
113664 86409
113664 86409
113664 86409
113664 86409
113047 86719
113047 86719
113047 86719
113047 86719
113047 86719
112717 86008
113047 86719
112717 86008
112060 87092
112060 87092
112060 87092
112060 87092
112060 87092
112060 87092
111600 87297
111600 87297
111600 87297
111600 87297
111600 87297
111600 87297
111600 87297
111557 87621
111557 87621
110618 87746
110618 87746
110618 87746
110618 87746
110618 87746
110618 87746
110398 87975
110398 87975
110398 87975
110398 87975
110398 87975
110248 88224
110248 88224
110248 88224
110248 88224
110150 88426
110140 88493
110140 88493
110140 88493
110140 88493
109930 88655
110140 88493
109930 88655
109930 88655
109986 88869
109986 88869
109930 88655
109650 89106
109650 89106
109650 89106
109650 89106
109171 89293
109171 89293
109171 89293
109171 89293
109171 89293
109171 89293
108951 89522
108835 89530
108709 89622
108709 89622
108709 89622
108615 89759
108615 89759
108489 89851
108373 89859
108373 89859
108373 89859
108373 89859
108153 90088
108153 90088
108153 90088
108153 90088
108097 90285
108045 90357
108045 90357
108045 90357
107877 90514
107877 90514
107877 90514
107877 90514
107877 90514
107769 90783
107769 90783
107769 90783
107652 90962
107652 90962
107380 91052
107380 91052
106926 91098
106926 91098
106926 91098
106903 91204
106864 91230
106643 91264
106189 91310
106189 91310
106189 91310
105947 91369
105947 91369
105808 91434
105808 91434
105808 91434
105515 91560
105210 91581
105210 91581
105210 91581
105071 91646
105071 91646
105071 91646
104536 91831
104536 91831
104536 91831
104536 91831
104536 91831
104513 91937
103757 92016
103757 92016
103757 92016
103757 92016
103757 92016
103757 92016
103377 92177
103377 92177
103377 92177
103020 92228
103020 92228
103020 92228
102531 92280
102531 92280
102531 92280
102392 92345
102392 92345
102392 92345
102369 92451
101794 92492
101794 92492
101794 92492
101794 92492
101655 92557
101655 92557
101632 92663
101397 92711
101397 92711
101397 92711
101258 92776
101258 92776
101038 92881
101038 92881
100660 92923
100660 92923
100660 92923
100521 92988
100521 92988
100521 92988
100521 92988
100371 93167
100371 93167
100371 93167
100371 93167
100155 93345
100155 93345
100155 93345
100132 93451
100132 93451
99758 93564
99758 93564
99758 93564
99619 93629
99619 93629
99608 93705
99399 93734
99399 93734
99021 93776
99021 93776
99021 93776
98882 93841
98882 93841
98882 93841
98882 93841
98685 94013
98685 94013
98260 94088
98260 94088
98260 94088
98260 94088
98121 94153
98121 94153
98121 94153
98121 94153
98121 94153
98121 94153
98121 94153
98121 94153
97866 94565
97866 94565
97866 94565
97441 94640
97441 94640
97441 94640
97441 94640
97441 94640
97291 94819
97291 94819
97291 94819
97291 94819
97291 94819
97261 95032
97177 95080
96836 95107
96836 95107
96836 95107
96836 95107
96836 95107
96836 95107
96616 95336
96616 95336
96320 95405
96320 95405
96320 95405
96320 95405
96320 95405
96320 95405
96100 95634
96100 95634
96100 95634
96100 95634
96100 95634
95945 95838
95945 95838
95703 95897
95703 95897
95703 95897
95703 95897
95381 95997
95381 95997
95381 95997
95381 95997
94966 96109
94966 96109
94966 96109
94966 96109
94966 96109
94644 96209
94644 96209
94644 96209
94644 96209
94566 96306
94566 96306
94566 96306
94424 96438
94424 96438
94346 96535
94346 96535
94050 96604
94050 96604
94050 96604
94050 96604
94050 96604
94050 96604
93830 96833
93830 96833
93830 96833
93830 96833
93830 96833
93784 97083
93784 97083
93784 97083
93784 97083
93784 97083
93376 97338
93376 97338
93376 97338
93376 97338
93376 97338
93376 97338
93376 97338
93156 97567
93156 97567
93156 97567
93156 97567
93098 97771
93098 97771
93098 97771
93098 97771
92971 97992
92878 98000
92878 98000
92878 98000
92878 98000
92878 98000
92832 98250
92832 98250
92832 98250
92693 98425
92693 98425
92693 98425
92693 98425
92647 98675
92647 98675
92647 98675
92647 98675
92647 98675
92528 98992
92528 98992
92528 98992
92416 99144
92416 99144
92416 99144
92416 99144
92196 99373
92196 99373
92196 99373
92196 99373
92196 99373
92196 99373
92150 99623
92150 99623
92011 99798
92011 99798
92011 99798
91905 99897
91905 99897
91905 99897
91905 99897
91685 100126
91685 100126
91685 100126
91685 100126
91685 100126
91685 100126
91640 100446
91640 100446
91500 100551
91500 100551
91500 100551
91420 100675
91420 100675
91420 100675
91305 100841
91305 100841
91305 100841
91305 100841
91235 101100
91235 101100
91235 101100
91235 101100
91014 101365
91014 101365
91014 101365
91014 101365
91014 101365
90794 101594
90794 101594
90794 101594
90794 101594
90794 101594
90794 101594
90584 101846
90584 101846
90584 101846
90584 101846
90584 101846
90538 102096
90538 102096
90496 102248
90491 102268
90491 102268
90276 102477
90276 102477
90276 102477
90271 102497
90271 102497
90271 102497
90225 102747
90225 102747
90225 102747
90225 102747
90225 102747
90225 102747
90225 102747
89981 103307
89981 103307
89981 103307
89879 103379
89879 103379
89665 103441
89665 103441
89665 103441
89576 103449
89461 103498
89461 103498
89461 103498
89287 103655
89287 103655
89198 103663
89198 103663
89198 103663
89198 103663
89105 103932
89016 103940
89016 103940
89016 103940
89016 103940
88999 104154
88606 104310
88606 104310
88606 104310
88606 104310
88606 104310
88548 104319
88316 104362
88316 104362
88316 104362
88338 104454
88316 104362
88048 104506
88048 104506
88048 104506
88048 104506
87925 104652
87925 104652
87829 104655
87635 104704
87635 104704
87635 104704
87539 104707
87539 104707
87539 104707
87367 104848
87367 104848
87271 104851
87238 104899
87238 104899
87139 105007
87121 105030
87088 105078
86957 105130
86957 105130
86957 105130
86825 105286
86825 105286
86825 105286
86825 105286
86722 105449
86722 105449
86700 105586
86454 105593
86454 105593
86454 105593
86454 105593
86322 105749
86322 105749
86322 105749
86252 105862
86252 105862
86252 105862
86120 106018
86120 106018
86020 106108
86020 106108
86020 106108
85918 106251
85752 106252
85752 106252
85752 106252
85752 106252
85662 106394
85620 106408
85620 106408
85560 106537
85394 106538
85394 106538
85394 106538
85292 106681
85292 106681
85262 106694
85150 106785
85150 106785
85150 106785
85018 106941
85018 106941
84622 106965
84622 106965
84622 106965
84622 106965
84622 106965
84622 106965
84622 106965
84354 107109
84354 107109
84354 107109
84354 107109
84354 107109
84264 107251
83971 107252
83971 107252
83971 107252
83971 107252
83971 107252
83971 107252
83703 107396
83703 107396
83703 107396
83703 107396
83703 107396
83613 107538
83613 107538
83471 107642
83471 107642
83345 107682
83345 107682
83345 107682
83203 107786
83203 107786
83203 107786
83113 107928
83113 107928
83113 107928
82845 108072
82845 108072
82845 108072
82845 108072
82845 108072
82845 108072
82663 108349
82663 108349
82663 108349
82663 108349
82663 108349
82663 108349
82652 108670
82591 108841
82502 108849
82502 108849
82470 108947
82294 108956
82294 108956
82294 108956
82294 108956
82233 109127
82144 109135
82144 109135
82112 109233
82112 109233
82051 109404
81962 109412
81938 109418
81849 109426
81849 109426
81759 109568
81759 109568
81759 109568
81580 109704
81580 109704
81491 109712
81491 109712
81491 109712
81430 109883
81341 109891
81341 109891
81341 109891
81291 110104
81202 110112
81202 110112
81202 110112
81141 110283
81052 110291
81052 110291
81052 110291
80856 110580
80856 110580
80856 110580
80856 110580
80856 110580
80856 110580
80736 110914
80736 110914
80528 111021
80528 111021
80528 111021
80528 111021
80528 111021
80378 111200
80378 111200
80378 111200
80378 111200
80255 111433
80255 111433
80255 111433
80047 111540
80047 111540
80047 111540
80047 111540
79897 111719
79897 111719
79897 111719
79897 111719
79897 111719
79680 112043
79680 112043
79680 112043
79680 112043
79530 112222
79530 112222
79530 112222
79530 112222
79391 112443
79391 112443
79391 112443
79391 112443
79241 112622
79241 112622
79241 112622
79241 112622
79241 112622
79241 112622
79142 113242
79142 113242
79094 113308
79094 113308
79016 113511
79016 113511
78868 113674
78868 113674
78868 113674
78868 113674
78790 113877
78790 113877
78656 114084
78656 114084
78656 114084
78656 114084
78506 114263
78506 114263
78506 114263
78428 114466
78428 114466
78428 114466
78428 114466
78428 114466
78369 115025
78369 115025
78291 115228
78291 115228
78291 115228
78251 115686
78251 115686
78251 115686
78006 116070
78006 116070
78006 116070
78006 116070
78006 116070
78006 116070
77836 116356
77836 116356
77836 116356
77836 116356
77770 116640
77770 116640
77638 116796
77638 116796
77550 116869
77550 116869
77550 116869
77418 117025
77418 117025
77418 117025
77372 117275
77372 117275
77335 117485
77277 117632
77277 117632
77231 117882
77231 117882
77194 118092
77148 118342
77148 118342
77091 118409
76959 118565
76959 118565
76959 118565
76550 118824
76550 118824
76550 118824
76550 118824
76550 118824
76550 118824
76550 118824
76550 118824
76445 118856
76445 118856
75824 119029
75824 119029
75824 119029
75824 119029
75824 119029
75824 119029
75824 119029
75824 119029
75824 119029
75824 119029
75824 119029
75749 119141
75749 119141
75749 119141
75328 119412
75328 119412
75328 119412
75328 119412
75328 119412
75328 119412
75328 119412
75328 119412
75285 119747
75245 119872
75245 119872
75229 120032
75229 120032
75064 120638
75064 120638
75064 120638
75064 120638
75008 120923
74970 121077
74970 121077
74965 121258
74909 121543
74871 121697
74833 121839
74833 121839
74828 122020
74734 122459
74734 122459
74734 122459
74734 122459
74685 123294
74685 123294
74685 123294
74606 124122
74606 124122
74606 124122
74606 124122
74365 124805
74365 124805
74365 124805
74365 124805
74365 124805
74365 124805
74365 124805
74365 124805
74365 124805
74365 124805
74365 124805
74365 124805
74365 124805
74365 124805
74365 124805
74365 124805
74206 129790
74206 129790
74206 129790
74206 129790
74069 130552
74069 130552
74069 130552
74069 130552
74027 131485
73860 131969
73860 131969
73860 131969
73188 132003
73660 131980
73660 131980
73188 132003
73188 132003
73188 132003
73188 132003
73188 132003
73188 132003
73188 132003
73188 132003
72541 132481
72541 132481
72541 132481
72541 132481
72541 132481
72541 132481
72541 132481
72541 132481
72541 132481
72541 132481
72541 132481
72478 132504
72447 132986
72384 133009
72384 133009
71854 133583
71854 133583
71854 133583
71854 133583
71854 133583
71854 133583
71854 133583
71854 133583
71791 133606
71791 133606
71760 134088
71285 134317
71285 134317
71285 134317
71285 134317
71285 134317
71285 134317
71285 134317
71222 134340
71221 134821
71191 134822
71158 134844
71093 135304
71034 136065
71034 136065
70877 136271
70877 136271
70814 136294
70814 136294
70757 136925
70664 137097
70601 137120
70601 137120
70218 138393
70218 138393
70218 138393
70218 138393
70218 138393
70218 138393
70218 138393
70153 138853
70028 138974
70028 138974
69963 139434
69891 139736
69891 139736
69673 140245
69673 140245
69673 140245
69608 140705
69608 140705
69542 141847
69542 141847
69352 143460
69352 143460
69352 143460
69310 144499
69225 144852
68987 144935
68987 144935
68987 144935
68987 144935
68850 145697
68850 145697
68798 146106
68667 146446
68667 146446
68530 147208
68530 147208
68478 147617
68478 147617
68426 154021
68374 154430
68284 155507
68232 155916
68232 155916
67880 168485
67880 168485
67880 168485
67880 168485
67817 168508
67731 169044
67494 172983
67494 172983
67494 172983
