392 16.9611
759270 764515
748282 799415
812511 742265
778346 744993
754863 778108
774945 746952
752537 790173
772584 757470
751775 797581
848791 730398
744217 840722
788643 747914
773135 759026
761577 769707
799673 746160
749800 808156
784458 754302
758795 778269
769935 765512
760086 774378
753809 792666
754137 791772
758407 789733
749060 815081
749005 815835
772638 765097
757712 791542
818796 742727
748435 822310
759489 778663
811047 746218
830202 743626
773649 762254
790617 752229
751957 814478
753870 795450
765019 772169
797437 750222
755307 793261
768774 770244
782149 760644
789688 758361
771721 769209
780784 761395
806940 750134
758438 792032
810716 749805
758843 791796
758675 791852
748991 829322
852133 743465
766153 779192
791674 756400
771948 769225
775888 762534
796599 754813
786738 760902
774398 764306
764917 791299
771299 778080
763209 794671
803076 751204
759886 794971
847866 798238
840470 822253
813681 805170
831704 812893
807644 834235
788048 823634
812444 797078
790280 823557
796693 797197
795680 826669
814753 792113
823672 793025
789442 808450
802347 823373
799945 780317
788944 834541
824656 833298
827649 815044
822158 814414
816139 801519
791133 798997
800071 790230
801940 806847
823338 804669
797047 812452
804463 811039
803624 798355
817178 798700
803909 833134
798725 790965
798993 804481
806538 821045
835078 798315
802114 816980
841234 808771
803947 822987
827693 799021
826375 796414
839499 829046
840970 826588
831185 805007
813957 811466
808948 802745
829125 822597
826960 804584
789389 818450
800497 839192
829267 818814
824857 791906
808719 814501
820103 805427
812051 821017
806323 834466
807894 825142
812401 838393
842655 826701
814597 804484
830391 810086
795069 818458
813623 806297
816656 781143
839744 789730
802224 833378
819457 817772
812438 832618
813877 822088
841201 808004
832904 813196
790480 823375
836061 803402
825500 819281
822582 827360
817785 798299
835357 818292
781852 811506
820583 791495
820219 804807
825953 832070
795593 807009
826005 837594
847758 814811
792401 792766
805098 821468
817242 786051
828739 810118
826221 798232
856340 813931
823098 830115
842531 818808
830666 815895
809606 794911
832097 822146
780372 802134
829838 823624
816176 817164
821494 827679
849819 797238
820244 819750
827524 760890
833989 818327
843235 816513
828663 788203
830423 823118
840283 815212
804016 809797
779959 798813
790255 831262
788152 792992
806294 809321
837075 787147
805355 815838
830768 800154
822002 803113
829012 803194
785605 801044
856222 807912
832288 811942
826590 800477
774428 785040
827480 826157
778956 815121
852024 790309
808291 811774
845235 814457
788385 798919
808014 824662
812530 804896
838824 827680
817517 808779
821234 806580
829952 807383
780921 798498
819927 815938
788950 812004
770075 822391
814302 821772
822278 778259
834408 801932
807571 822129
815636 788741
802334 781028
841768 822316
834098 814493
846371 816915
817002 799046
833597 790184
821435 804399
808393 800024
819032 784012
812750 823639
803731 817845
830658 819246
808846 819857
830035 807765
840445 836667
803062 801262
836161 797824
814535 806034
796154 799629
825831 805250
802059 820477
821772 841793
836960 833279
810372 785362
814680 825805
821772 786118
816722 823875
821742 808708
813863 795296
847607 801968
815761 793751
803613 823499
846085 820492
801297 788523
835219 800174
819196 817662
834132 837362
800592 799699
818292 787172
778910 802012
809141 833069
794761 812877
845141 814022
834036 817405
813200 831946
844884 823982
825851 799211
822750 816698
840200 827702
833722 801228
815059 805209
837248 804502
842739 798865
803356 825412
816271 784640
822757 822774
824188 844292
821486 804015
809287 826973
837718 811094
814251 798344
803195 805080
830330 809004
827382 811659
824149 811110
823688 828681
804613 811339
838810 806600
823498 784337
829742 811584
804627 808486
827408 783510
835204 833260
840754 800427
801174 822835
853134 813574
796599 812851
799610 812417
792646 791599
800452 820240
804101 807265
833607 803878
815687 828125
824251 790910
796795 802121
828383 823071
801781 807863
818576 823041
812322 834601
851951 802987
798659 815737
774376 831114
830297 805393
783292 771420
821291 810556
831678 793644
795214 812447
