146 9.59211
852767 735898 764474 770721
812165 772223 770520 716455
809089 726024 818199 759731
794982 753260 712313 746315
789628 711956 785046 797569
764358 735348 772305 821177
751674 822216 766064 763835
734150 782967 795475 769050
799917 729906 806975 761425
748129 812020 770191 760982
838322 746925 736963 769144
739365 734507 798716 808855
802680 717585 792774 768559
790104 740097 812229 757205
827113 732479 774096 769974
735123 773081 812675 803781
764358 735348 772305 821177
815567 793560 727126 732286
830769 792463 723612 746172
793854 723643 748850 813133
794124 769330 714000 759028
786971 779686 743994 742954
748533 803605 789078 773747
789628 711956 785046 797569
832613 743920 749969 758478
742836 783728 760089 795149
794500 799015 754656 730958
780722 720497 792437 808631
771232 776849 718963 749945
812165 772223 770520 716455
820472 772849 759767 727253
811351 797262 742292 727275
791626 767310 789494 729015
819942 733947 791792 773067
753967 801102 742755 793370
785682 791709 737024 744516
809089 726024 818199 759731
734390 786523 782865 800509
793854 723643 748850 813133
746500 821316 785137 774245
754988 820301 746951 761453
788932 788601 790133 721825
828622 744363 742589 733943
756756 814655 762388 762041
778385 735863 720144 773459
808279 737709 766083 745842
766730 748622 750908 790794
838322 746925 736963 769144
769109 792721 763999 734729
814114 761960 785801 738018
800110 727524 753257 782305
787856 760915 732931 761178
739382 784760 761661 788369
805698 719477 756656 779090
761590 743207 756199 767132
804681 763454 778911 739398
804287 719332 782235 805433
783477 754743 777770 750376
761365 728984 779868 809712
769734 773738 748127 752635
772938 796240 752111 748166
800480 747217 758383 760550
780769 765194 796589 738312
760189 763507 773781 764037
757372 786339 759430 788229
752521 777099 767597 783853
764358 784191 725252 764765
754582 729803 797893 793103
804530 787946 756946 726908
738577 745644 795868 768461
796890 723766 766537 785770
774003 746033 749968 795496
817140 755941 768893 743010
802321 729844 729648 804666
741996 760939 738892 802146
773688 768845 763695 724643
763110 783657 733813 763485
760970 785182 736590 791388
776016 760435 783307 740531
772981 772078 730143 763464
801345 729603 750374 779468
762681 730422 789186 778611
780814 730207 787608 777798
750703 761314 771763 781323
757400 765993 740990 754631
768020 789738 753464 743640
788932 788601 790133 721825
792724 736998 764757 770933
792402 723774 781285 781961
804596 736599 777849 756214
746928 800793 786265 781887
818160 768303 741880 746277
760955 768307 788383 748867
749377 795160 782270 750741
801427 771710 748557 731217
774743 778091 745540 747755
775501 775322 753668 752566
768122 754935 727989 770863
756756 814655 762388 762041
771631 759095 756866 745616
795184 751224 755898 751187
754092 788166 747179 785997
741996 760939 738892 802146
750846 750463 770961 765383
776610 756035 741893 769673
797926 737105 770961 754645
783927 750514 786263 762656
786252 789688 736286 747393
748826 736312 763700 805924
767089 732301 766462 774430
748533 803605 789078 773747
791429 756844 769516 739558
778978 760098 755840 739697
795182 723707 784455 797054
780814 730207 787608 777798
761365 728984 779868 809712
736114 788619 791260 783545
799187 744415 764360 754160
793397 749535 784568 754147
814114 761960 785801 738018
778238 740899 786670 741375
768988 750901 762358 752327
792743 778223 747403 747700
754988 820301 746951 761453
736114 788619 791260 783545
779988 758492 757521 753671
775740 775649 735491 757405
768325 760078 766305 758428
795984 741301 769660 762024
750118 773016 790130 752923
773688 768845 763695 724643
794982 753260 712313 746315
757115 789162 768585 761395
787326 750118 775607 750409
780090 764011 740243 768620
749388 770646 757901 801440
808846 746960 762761 759436
764358 784191 725252 764765
779636 747034 771715 763102
774608 724637 775365 778072
767252 758146 776289 751101
767089 732301 766462 774430
799416 743145 745897 763590
778238 740899 786670 741375
775740 775649 735491 757405
752521 777099 767597 783853
786017 756810 751249 742317
739382 784760 761661 788369
802614 753281 763696 744752
756988 732470 773413 778047
774608 724637 775365 778072
766730 748622 750908 790794
749388 770646 757901 801440
757400 765993 740990 754631
780090 764011 740243 768620
738577 745644 795868 768461
771232 776849 718963 749945
767252 758146 776289 751101
795984 741301 769660 762024
799416 743145 745897 763590
786017 756810 751249 742317
771276 769902 776211 745022
771276 769902 776211 745022
769078 758435 752347 770582
748826 736312 763700 805924
769078 758435 752347 770582
797926 737105 770961 754645
783477 754743 777770 750376
795184 751224 755898 751187
838322 746925 736963 769144
780814 730207 787608 777798
780090 764011 740243 768620
774608 724637 775365 778072
752521 777099 767597 783853
841443 743189 743037 784852
806953 771767 756687 740262
795407 738704 730223 789564
794189 733762 772267 801579
793093 736803 819925 776269
772265 799266 739175 775752
770361 772772 752787 813293
748222 776946 798087 773230
810779 742908 801864 780063
828971 755047 748297 746081
749129 790292 776715 798320
769499 789734 746634 807007
820956 747805 737563 782584
788834 785886 732603 800058
786965 784483 768962 752675
775956 768426 755072 757872
841443 743189 743037 784852
797774 762811 789567 769869
762071 765362 761749 796479
819370 771122 790602 742323
808088 762000 794488 764675
805169 753230 769883 770475
759030 770381 765204 787962
778675 765470 763387 760334
777505 756816 781091 775077
790410 750864 740569 804476
771929 776828 786564 746921
762977 739305 773899 781195
764053 776335 749337 759108
781681 751787 752933 785565
813770 765216 743555 774571
759926 746276 791999 798394
770764 773438 779077 767812
805474 743238 768854 777604
776466 776019 796084 751334
810786 748083 798954 768991
782713 758485 759967 769876
787012 769953 766060 751706
786786 784792 773494 748300
812299 773479 744649 769248
785401 755140 772922 779071
774085 770926 737643 787014
792466 766245 738964 776770
784458 761573 793236 768480
772458 760202 795313 775944
766503 736378 777207 787892
788857 750853 791793 776907
791007 758214 795870 747531
812644 754346 769994 770055
807794 746884 764290 780369
763393 764439 776348 776187
766503 736378 777207 787892
782333 753914 775970 777351
759365 754133 796906 779907
807721 757131 793803 769304
782518 751121 793648 773502
842058 758049 770523 777404
821908 754868 821060 777623
820482 745403 798992 788842
814588 767836 751783 811397
811090 791878 777224 745398
799961 778168 740025 781156
771859 805547 778903 773462
764002 777458 786506 783124
830785 751690 745358 787948
774460 758918 799220 791259
781821 799811 742951 792174
819782 774145 772932 756317
787852 795261 751382 770296
766613 789135 791871 773489
778249 779678 782236 761690
785219 768058 793639 794686
801380 751468 797309 784820
786447 782686 757651 775578
773212 757996 794648 805221
784356 784926 752765 777787
820951 751231 766654 787910
776419 790992 764527 764957
795342 760262 771136 772454
815988 753960 760438 791630
777953 751683 775726 805082
777671 773383 783092 767845
769107 776629 774043 785443
792238 769878 765418 758771
793071 765065 762573 782062
773612 793920 770170 776983
790058 765556 793461 786085
784209 762615 793834 779336
779429 789480 763210 757920
782435 772560 756978 777725
783536 770567 771704 789595
789504 761528 778415 788263
777128 774775 763042 783568
777752 768468 775801 783944
789488 768454 792009 788067
821499 755943 789339 789210
798020 803996 744025 794500
793518 774636 766171 763101
786200 809519 771684 782134
780298 778617 813675 801420
776651 796485 780303 808771
814477 774143 759350 791006
777362 790591 799086 801601
792363 771067 798792 765439
797356 773763 778415 773383
791646 763796 801186 790115
787741 781083 767596 790673
797362 765820 778400 782262
790247 776283 761819 789483
823097 780865 773981 777418
821458 782777 766263 800989
814882 775076 782658 766612
808972 774685 781553 823493
794367 785055 775366 778827
792220 784643 789203 807279
796627 777043 770910 777616
806567 779762 784877 776785
803192 775280 773803 792401
807566 780376 767708 791393
794801 782506 766306 799785
821021 786677 781787 807578
802686 806452 786284 790519
797956 778457 790033 780502
819773 783753 783804 791108
841164 785108 790678 796566
822705 779400 793762 786833
823891 755876 703701 760483
782688 793608 678737 767852
781484 711187 752246 759373
776774 731855 785829 729993
766402 758691 737102 680711
750199 724397 726640 801736
730710 797452 766459 727444
717593 787152 728897 775900
774244 760731 727296 691795
753740 751801 748287 708303
823683 761306 690331 770032
734890 776523 777205 726106
771958 770963 725703 700307
801067 731512 700735 774959
767990 727028 709312 795843
814820 741965 693511 776630
766402 758691 737102 680711
814820 741965 693511 776630
797686 720723 750797 776722
805890 736766 712519 746032
748834 747360 760419 728334
781794 734734 718381 793706
801476 776171 687104 738322
735887 787586 686082 777876
769900 728944 720190 794453
779603 713142 755827 781247
765244 750246 738711 712724
721777 768828 758547 758870
785779 733957 714969 770543
754043 737807 733074 748412
784547 728533 751841 732425
746507 758211 725845 744415
797686 720723 750797 776722
786631 786640 680783 789358
757158 764357 729599 730092
790901 743189 758197 727649
743530 796462 781086 717642
776142 777940 688900 782828
749605 775676 737287 716396
730710 797452 766459 727444
783765 718006 732048 782836
743530 796462 781086 717642
728876 767761 735972 759583
746108 739023 742586 766535
779603 713142 755827 781247
736896 772800 756206 718607
779153 719062 739688 785654
750199 724397 726640 801736
736549 736219 762286 739775
791486 766881 698793 751019
783299 775448 689236 770724
760825 783334 752460 700264
744933 741532 730040 755616
771769 790725 725636 719499
794560 769851 693253 773822
767148 761345 731723 695858
742242 790818 706573 749391
777294 755867 695891 766958
757192 760919 683281 800343
734890 776523 777205 726106
792018 734715 714213 759944
760825 783334 752460 700264
755396 785705 712848 720699
776774 731855 785829 729993
717593 787152 728897 775900
779140 748205 737072 724237
733771 762380 694291 754142
755747 751755 685686 800839
741029 766006 727643 747396
750561 759834 717389 767920
805890 736766 712519 746032
794956 759100 694723 719212
783765 718006 732048 782836
771634 741338 697104 780895
777865 783820 691378 765194
729434 785546 722614 778434
724473 773025 743158 736593
745627 783206 745952 710575
740735 745400 729104 750537
743105 740145 730838 729976
756342 738449 759771 741192
737826 748870 740657 724227
738299 758879 718771 763635
786345 763414 725321 692434
729203 757422 712229 789090
784979 742731 706240 745975
725290 753986 737214 761412
794752 774337 679989 750719
780127 753109 707999 761515
728450 791712 719287 785380
762529 770148 708614 749979
769314 775987 716616 722711
758851 727237 727061 737185
727341 786803 720267 779209
779853 782095 701366 753599
722273 793552 759564 742904
758139 750687 726669 712759
784462 769519 697060 735856
767148 761345 731723 695858
757192 760919 683281 800343
733103 749091 737612 752296
732452 777240 697653 767196
783434 766921 710347 734005
736549 736219 762286 739775
766475 744869 741140 711261
754800 767199 730732 725689
730418 794171 713801 786729
744283 779744 727648 742163
754351 754440 730451 739677
758975 746433 721866 738131
765701 768561 701463 748255
789297 740723 708363 770340
722273 793552 759564 742904
731675 750719 747068 755017
752524 741708 710022 741498
732431 749276 743602 768430
751899 757065 705737 773965
776276 756898 716908 739367
744283 779744 727648 742163
768152 770735 703486 748153
775917 753018 720348 718863
737082 783178 713998 747585
786345 763414 725321 692434
730789 780918 720778 733892
728450 791712 719287 785380
752095 736900 712714 764150
730271 795470 739214 738728
738031 752747 719070 800874
791138 773106 681727 773137
730789 780918 720778 733892
752228 768511 721666 746567
766475 744869 741140 711261
743674 775948 719667 753248
777865 783820 691378 765194
788911 776387 679189 735904
751735 762279 704312 768628
730580 754056 724368 753700
755331 784553 707530 749868
731675 750719 747068 755017
721777 768828 758547 758870
791138 773106 681727 773137
739318 769836 723386 747007
730418 794171 713801 786729
739318 769836 723386 747007
736108 754143 760038 752157
786631 786640 680783 789358
769314 775987 716616 722711
758975 746433 721866 738131
762529 770148 708614 749979
730271 795470 739214 738728
745627 783206 745952 710575
791041 773611 707917 726119
751735 762279 704312 768628
791143 740666 706026 736753
726888 777373 726103 759633
752403 759150 730895 728194
726888 777373 726103 759633
788911 776387 679189 735904
732431 749276 743602 768430
755331 784553 707530 749868
768152 770735 703486 748153
729203 757422 712229 789090
758139 750687 726669 712759
736198 762056 731197 727781
736198 762056 731197 727781
791041 773611 707917 726119
783434 766921 710347 734005
784462 769519 697060 735856
780127 753109 707999 761515
728450 791712 719287 785380
805191 733145 745026 740209
775011 774123 695000 788743
768917 760960 752013 705047
764915 741752 792172 737326
763553 741264 717287 790610
762064 821821 725968 726059
761495 727486 753764 744573
732378 795149 741796 768397
753079 806906 731212 734600
786666 763590 751370 724551
744638 747496 782790 736585
751471 796923 758434 735253
758980 766812 730390 713455
797590 752705 725223 751535
746225 762055 768540 739243
756110 760888 707707 775219
756026 778449 717822 745642
735203 773956 736567 788703
768280 732808 749245 768534
740363 772542 740647 750666
783290 761345 708334 763179
802396 756044 727984 750096
776820 733179 727346 782133
765545 744066 745880 731137
778214 761470 713353 766888
757628 739511 753714 754707
784576 751834 750656 726850
764915 741752 792172 737326
769685 745130 745206 733193
772429 734353 730468 758575
773800 735081 734595 741263
768469 768177 724104 739325
780613 758480 728381 748586
764299 765204 712263 750838
785383 740651 744285 731567
781021 744764 718082 751739
749443 749111 740182 780174
782668 729999 745079 752570
760235 774405 717990 744157
780575 734500 763649 740107
754626 760891 736191 777929
748277 777504 745512 737362
748799 768674 737436 741203
743699 773083 745145 750659
781770 750551 712482 758025
761004 742294 729891 766890
759549 749137 739245 734820
772554 755448 739704 726579
761254 733775 737268 776464
780575 734500 763649 740107
748800 759065 740410 737855
773800 735081 734595 741263
782653 748363 715490 756593
755312 750802 736335 738831
782653 748363 715490 756593
772826 742087 737420 754673
755461 743608 717623 755618
755461 743608 717623 755618
772826 742087 737420 754673
796586 737402 746212 744726
792447 770503 774370 723600
783397 759584 718068 755784
776879 789660 734575 748403
773559 735327 732258 761103
761900 772969 761006 721159
750732 756375 751400 788460
777153 744077 763854 736914
759123 778147 736570 732038
784632 777076 728602 739519
781152 769228 738947 750387
755587 753861 737212 753265
785752 739568 745036 760815
769759 752708 730583 766614
762346 750624 759892 737573
753154 764842 750868 777778
761572 748187 726695 776729
788469 761979 750901 744960
761786 780407 725937 755964
754344 782636 741581 760247
764085 788196 719132 767326
765278 766014 742725 745647
772625 759212 733650 759723
761434 765524 720801 759728
793599 786253 720231 754759
782277 746913 750996 745863
753545 787242 747567 764090
752889 766854 749924 766422
794418 751638 748459 749603
776493 772194 745954 737141
764011 749699 749828 767003
794351 750846 750168 758929
762016 787530 719302 754825
810815 765810 730624 762473
796353 783372 718198 775954
781441 769238 797300 750744
780097 785714 764406 737574
776150 768156 740311 806437
773860 740874 748241 763242
768620 796986 736900 780589
755827 765750 742479 762705
807207 776278 722598 770151
767230 772158 723109 786399
798926 751507 766106 747726
768548 760959 780177 771448
797373 753728 795875 740295
793047 750268 758531 760204
760020 791496 757138 742726
784802 759301 764040 744033
763127 795706 743689 745696
791113 760882 756400 753824
768159 783323 742263 757331
794386 767580 753336 757194
787187 770314 744413 746746
777488 769595 726915 760457
764537 773915 758054 757048
784416 761523 733820 762269
791137 753961 731154 780153
786536 773950 746820 742252
785355 761027 732670 778945
777149 762560 731167 780354
798883 757318 755980 766709
791484 786214 733488 771566
783799 756793 755735 787133
782585 799696 752334 763975
763422 807509 754256 792788
757673 794900 760834 767705
793709 768295 742568 765576
775183 775025 758732 766585
786461 777233 753538 764346
809007 770390 751134 792828
860821 765415 747413 728420
817228 796480 710953 809811
816779 716463 786948 777416
800868 767609 798799 695341
762283 828504 797810 733516
753476 783059 827012 742205
753005 779814 783967 831977
737907 790155 802688 812300
777997 807693 721135 799899
776376 816397 720546 830761
805844 738957 776907 707562
800868 767609 798799 695341
777850 821983 787411 719671
741997 784497 782685 780086
753476 783059 827012 742205
836481 718822 752651 811690
853926 769735 728675 740115
826107 767041 712927 761902
780466 733158 790554 803150
748043 764716 796554 781010
778068 732657 818693 766356
781130 760983 744063 762306
807406 791257 767478 711343
822330 786810 755007 718649
854988 759207 721078 732599
782577 802192 764866 744166
803348 792309 781223 707838
778068 732657 818693 766356
799424 744043 794173 736438
786032 731148 793696 813818
798702 744669 749116 807367
830967 720735 788780 755404
810576 824248 720866 821892
804781 722099 748487 800938
812996 721627 811502 772554
763777 765016 786374 819006
758255 779386 756477 793206
753406 781518 780087 794947
740825 786014 779491 763999
754221 772593 773688 824706
811780 778029 746533 731319
761381 766212 745852 767408
776376 816397 720546 830761
795987 742013 781825 746351
829296 734579 770414 741052
752323 767717 800007 780459
772871 754317 750781 800433
846229 739242 745478 749111
754014 796098 777509 796710
778541 729571 806017 773628
819409 736890 797292 714113
776712 745807 804399 755998
791315 769696 734594 791102
792103 748029 754339 723897
755637 774271 758582 759002
848523 751755 754962 717727
829100 731909 758527 779243
787901 730366 763529 771269
847402 797705 718688 728964
832570 740840 735610 772846
782334 770718 726009 768583
794152 765772 792044 720521
820712 777933 759756 713169
765551 739969 771981 793427
802488 776601 721717 736427
777144 751249 761644 785901
807721 757758 731159 749734
774027 741424 774292 765172
772373 771450 739080 770914
790083 772389 725144 800517
796815 741561 761090 817133
774859 757025 785305 747537
767506 775981 758120 759524
816200 767068 727718 771032
757686 794366 772376 754432
810576 824248 720866 821892
821340 791443 712232 810721
773109 755784 787997 750209
754238 788753 764001 770827
817481 768754 749185 724418
818764 771512 728333 725993
847402 797705 718688 728964
776161 762205 778608 747682
771510 793363 762656 754796
797857 762599 735119 774027
751532 798287 766827 763567
737907 790155 802688 812300
769568 741117 776795 785900
770884 760312 765950 775938
790487 800288 732103 753677
835044 737198 737647 784932
837443 801875 714818 743771
748043 764716 796554 781010
792584 747466 756871 776698
837443 801875 714818 743771
809789 737322 747217 772435
842782 771354 734704 732233
794283 726609 764105 770689
806114 725112 809355 747230
778731 749044 786280 751717
761611 765358 784189 734098
756493 795121 762337 753939
848523 751755 754962 717727
755806 771874 803395 777766
844402 772195 720707 749502
801429 746553 749970 750056
790487 800288 732103 753677
812349 725130 747862 785379
791857 727044 793293 750470
818632 752563 734086 801546
808435 737140 759524 760496
783565 733100 769439 765120
787193 738090 770771 760723
767751 758782 779778 781899
768788 741890 770930 758177
793381 728823 782396 743188
837932 769914 723252 739165
780754 736484 779923 757461
781438 762910 772071 746826
813141 728624 793216 754086
754081 783401 778926 817657
779695 760557 756223 751695
754221 772593 773688 824706
772333 766922 761011 764741
787383 747876 754943 808139
785401 749270 736480 733961
751532 798287 766827 763567
818632 752563 734086 801546
812996 721627 811502 772554
766161 758379 792411 769073
838725 748359 738854 738511
770384 738671 808296 791139
806114 725112 809355 747230
770384 738671 808296 791139
766517 748428 802804 737565
753005 779814 783967 831977
841769 741557 735728 744480
779985 798217 769380 737237
841769 741557 735728 744480
802761 732409 765475 769936
741763 760178 792318 783208
814077 720114 781639 770576
838725 748359 738854 738511
835044 737198 737647 784932
774722 769260 765035 758584
777144 751249 761644 785901
814077 720114 781639 770576
767258 760639 797184 720239
837932 769914 723252 739165
785188 777010 777924 742288
785188 777010 777924 742288
821765 735468 762421 746711
741763 760178 792318 783208
821765 735468 762421 746711
785401 749270 736480 733961
792865 746399 759711 769650
792865 746399 759711 769650
779985 798217 769380 737237
814077 720114 781639 770576
777144 751249 761644 785901
770384 738671 808296 791139
748043 764716 796554 781010
844481 770099 746964 738643
836714 784186 730923 727711
810481 726719 780839 775082
798625 728690 778909 820289
796554 777410 807966 745127
786853 801044 754406 774352
771938 746597 802358 783641
808663 744226 759440 804457
788352 735904 777567 792270
829714 799205 734849 757517
821856 772365 742638 732131
789699 789099 759069 786362
779179 745452 790923 782929
806950 756735 741084 776226
839720 755442 766866 775946
785369 766147 754714 794749
785420 786033 798717 751698
833526 776138 741292 733485
810842 751876 774022 759417
819985 747444 770970 773547
790561 765273 745810 775653
803801 778658 739428 756619
813384 786610 775126 748978
826873 758191 772592 763246
810650 765306 747898 752910
782961 774426 771764 771068
795712 797415 806594 742933
801688 777453 785936 745062
795895 791645 760673 769365
791974 793495 757846 768874
813742 748626 786914 758683
774283 768496 791198 752384
792100 780302 768821 765206
814849 782646 742831 743142
813905 737394 781730 762833
780427 768262 800011 761942
784063 745614 791730 757463
816226 758451 760615 734516
809669 798018 766053 750633
815956 759200 771331 733605
784694 743201 776228 761930
813576 739825 805626 767760
771938 746597 802358 783641
794241 780146 767445 767162
798476 778710 755159 760118
800212 792530 746479 759179
798580 797676 738504 768514
797816 771805 771594 757241
809845 757993 772550 766410
809369 739538 791092 774255
779179 745452 790923 782929
840826 768331 788729 735966
831951 729616 802739 777307
823722 794436 746202 787491
808707 747327 826129 757473
788302 813233 756773 796474
787483 746429 802464 813394
775253 770810 802362 802320
823539 803953 781119 746665
805610 738275 794082 793102
783612 797793 780226 785561
800388 768934 812960 763520
828026 745331 799551 791206
806771 750364 805373 769848
813017 760165 751695 791604
834508 788510 760313 751115
795206 766737 775002 812052
838946 754769 801140 759637
798487 799094 755823 768275
822971 769376 753078 782192
793432 775486 780118 800216
817817 781086 764015 780470
802752 792721 766813 761723
790240 751588 785228 777640
830415 769123 769840 749250
792734 747370 787263 775342
819135 771071 773102 774540
815613 773632 782745 757328
823873 765142 770438 790664
796649 787550 784888 778223
825711 766266 761295 775477
840762 760564 775611 754197
797088 777787 778643 788873
805513 779580 768856 773058
800415 787903 789846 770699
821158 755986 783712 764822
817256 774368 781287 756496
802115 774865 771595 765079
800007 761957 791815 768405
814263 774390 786139 753334
813785 784563 776852 753722
799635 781926 792269 762925
808071 778000 761886 789686
801894 778992 791616 750427
804990 796796 761706 792841
799535 791061 761791 763238
804255 784643 772776 763482
803873 768218 777923 789285
821209 781655 761326 760884
805109 780043 789130 763759
820574 768425 774820 750485
823627 755708 774610 764878
845642 796182 764866 764335
838843 776471 755982 785364
830461 777090 771979 750112
824622 818745 757549 794850
810086 747809 797293 776807
804332 782509 772129 801756
793046 765799 803891 780770
828751 787090 774447 760916
836016 769530 776393 750602
815989 800133 781050 801483
815053 775138 791133 772534
804357 757080 793193 800474
808299 767591 799904 792044
844989 758179 778398 775079
797399 769711 797106 796069
803414 792187 782469 766662
831643 790583 762708 780390
794791 778994 794817 783457
799815 789921 799699 763955
802495 764832 802935 778427
816829 790466 785036 782059
819125 762681 793133 776128
818171 775231 789656 774470
821292 792628 774665 784105
818870 775209 775228 789037
830268 798437 773783 779930
816743 795949 790218 764038
835710 783634 788644 768448
832380 777437 791825 758107
823148 793597 783018 793095
820853 797543 786046 796921
807598 771558 812174 790368
828558 787322 789811 775176
808016 794060 789738 790593
832603 792458 785013 766962
835388 794977 789801 795853
