1339 140.785
1.56419e+06 1.51255e+06
1.59877e+06 1.49815e+06
1.54932e+06 1.53494e+06
1.61384e+06 1.48908e+06
1.52568e+06 1.5693e+06
1.5337e+06 1.55554e+06
1.52148e+06 1.5874e+06
1.54019e+06 1.55138e+06
1.57706e+06 1.50923e+06
1.55692e+06 1.53111e+06
1.58668e+06 1.50698e+06
1.51896e+06 1.60022e+06
1.52931e+06 1.56489e+06
1.62132e+06 1.48856e+06
1.51894e+06 1.60858e+06
1.52261e+06 1.59296e+06
1.54984e+06 1.53942e+06
1.54096e+06 1.55547e+06
1.6253e+06 1.49838e+06
1.53185e+06 1.56954e+06
1.61627e+06 1.50312e+06
1.5833e+06 1.51077e+06
1.57344e+06 1.51768e+06
1.5285e+06 1.58237e+06
1.59544e+06 1.51e+06
1.52655e+06 1.58763e+06
1.56443e+06 1.52895e+06
1.56146e+06 1.53223e+06
1.55853e+06 1.53662e+06
1.53612e+06 1.56333e+06
1.61402e+06 1.50814e+06
1.55477e+06 1.53873e+06
1.56753e+06 1.5283e+06
1.58106e+06 1.51656e+06
1.53578e+06 1.56514e+06
1.53868e+06 1.56272e+06
1.57131e+06 1.52776e+06
1.57656e+06 1.5175e+06
1.56116e+06 1.53448e+06
1.59062e+06 1.51077e+06
1.6372e+06 1.49355e+06
1.52178e+06 1.6221e+06
1.54123e+06 1.55571e+06
1.53208e+06 1.58476e+06
1.57732e+06 1.52337e+06
1.58395e+06 1.51398e+06
1.61852e+06 1.50939e+06
1.5516e+06 1.54761e+06
1.5638e+06 1.5333e+06
1.58879e+06 1.51195e+06
1.60262e+06 1.51049e+06
1.56998e+06 1.5303e+06
1.55537e+06 1.54311e+06
1.52979e+06 1.58999e+06
1.54064e+06 1.57652e+06
1.56016e+06 1.54115e+06
1.52819e+06 1.59801e+06
1.5625e+06 1.5382e+06
1.58361e+06 1.52236e+06
1.60008e+06 1.51192e+06
1.56249e+06 1.54009e+06
1.6519e+06 1.49773e+06
1.52537e+06 1.60058e+06
1.57948e+06 1.58681e+06
1.64688e+06 1.65094e+06
1.61758e+06 1.57818e+06
1.59921e+06 1.61974e+06
1.63124e+06 1.63723e+06
1.61597e+06 1.58452e+06
1.61701e+06 1.61225e+06
1.6322e+06 1.64005e+06
1.59228e+06 1.59859e+06
1.58766e+06 1.61135e+06
1.61575e+06 1.59753e+06
1.67503e+06 1.60095e+06
1.64493e+06 1.58267e+06
1.67004e+06 1.61008e+06
1.66517e+06 1.60054e+06
1.61925e+06 1.60426e+06
1.62423e+06 1.62481e+06
1.62154e+06 1.64608e+06
1.59991e+06 1.63644e+06
1.65453e+06 1.61266e+06
1.6199e+06 1.60078e+06
1.64924e+06 1.5896e+06
1.64863e+06 1.61871e+06
1.6254e+06 1.56265e+06
1.59975e+06 1.62264e+06
1.64299e+06 1.5883e+06
1.6078e+06 1.63871e+06
1.6323e+06 1.63207e+06
1.64729e+06 1.58446e+06
1.58237e+06 1.6103e+06
1.60148e+06 1.59156e+06
1.56184e+06 1.59272e+06
1.62949e+06 1.64309e+06
1.6069e+06 1.58114e+06
1.59423e+06 1.60848e+06
1.62396e+06 1.58674e+06
1.63298e+06 1.59339e+06
1.64376e+06 1.58966e+06
1.61882e+06 1.6104e+06
1.62519e+06 1.57133e+06
1.60552e+06 1.58768e+06
1.61478e+06 1.61632e+06
1.61518e+06 1.6252e+06
1.61272e+06 1.61975e+06
1.60121e+06 1.60554e+06
1.66545e+06 1.61519e+06
1.6652e+06 1.63612e+06
1.64235e+06 1.61599e+06
1.62367e+06 1.61029e+06
1.60951e+06 1.59847e+06
1.61313e+06 1.60052e+06
1.65522e+06 1.61296e+06
1.60298e+06 1.57883e+06
1.62124e+06 1.61005e+06
1.6258e+06 1.58883e+06
1.66952e+06 1.61482e+06
1.65817e+06 1.62423e+06
1.58479e+06 1.59879e+06
1.62854e+06 1.61351e+06
1.62024e+06 1.56944e+06
1.64416e+06 1.58932e+06
1.5904e+06 1.5773e+06
1.68504e+06 1.57858e+06
1.59028e+06 1.61612e+06
1.64721e+06 1.59683e+06
1.63745e+06 1.59544e+06
1.60119e+06 1.6182e+06
1.66108e+06 1.5883e+06
1.59937e+06 1.61351e+06
1.62035e+06 1.60483e+06
1.59218e+06 1.60602e+06
1.69217e+06 1.62171e+06
1.64472e+06 1.589e+06
1.57988e+06 1.58086e+06
1.6138e+06 1.57383e+06
1.6434e+06 1.62199e+06
1.66366e+06 1.61349e+06
1.64266e+06 1.60416e+06
1.66113e+06 1.58815e+06
1.61793e+06 1.57141e+06
1.65272e+06 1.56685e+06
1.64734e+06 1.62104e+06
1.63263e+06 1.59869e+06
1.63972e+06 1.59761e+06
1.65998e+06 1.62896e+06
1.6311e+06 1.6237e+06
1.64201e+06 1.60069e+06
1.62276e+06 1.65582e+06
1.62196e+06 1.58515e+06
1.59652e+06 1.56891e+06
1.64851e+06 1.5986e+06
1.67983e+06 1.60792e+06
1.57607e+06 1.55169e+06
1.65919e+06 1.63145e+06
1.64161e+06 1.59524e+06
1.5732e+06 1.5966e+06
1.63755e+06 1.54778e+06
1.644e+06 1.58727e+06
1.63506e+06 1.58505e+06
1.63674e+06 1.60959e+06
1.60863e+06 1.60983e+06
1.65899e+06 1.59716e+06
1.63922e+06 1.60649e+06
1.65218e+06 1.60681e+06
1.66681e+06 1.62337e+06
1.61043e+06 1.56793e+06
1.64348e+06 1.62579e+06
1.6682e+06 1.58975e+06
1.6276e+06 1.55393e+06
1.5881e+06 1.61188e+06
1.62642e+06 1.60313e+06
1.61281e+06 1.59087e+06
1.65002e+06 1.58039e+06
1.67934e+06 1.62247e+06
1.61719e+06 1.56216e+06
1.62917e+06 1.62775e+06
1.65516e+06 1.64726e+06
1.63423e+06 1.61723e+06
1.60388e+06 1.6234e+06
1.55158e+06 1.61599e+06
1.64518e+06 1.58613e+06
1.59824e+06 1.62939e+06
1.61572e+06 1.58369e+06
1.6079e+06 1.61542e+06
1.63199e+06 1.59479e+06
1.65604e+06 1.59222e+06
1.66294e+06 1.57152e+06
1.65752e+06 1.62028e+06
1.65926e+06 1.58772e+06
1.62377e+06 1.61928e+06
1.63433e+06 1.59343e+06
1.6499e+06 1.57551e+06
1.61274e+06 1.6061e+06
1.65984e+06 1.62305e+06
1.63941e+06 1.5815e+06
1.59059e+06 1.5775e+06
1.61301e+06 1.59687e+06
1.64544e+06 1.58585e+06
1.65932e+06 1.63708e+06
1.59149e+06 1.63049e+06
1.63252e+06 1.5894e+06
1.62885e+06 1.61659e+06
1.63272e+06 1.58587e+06
1.63681e+06 1.59108e+06
1.60339e+06 1.5951e+06
1.64828e+06 1.61371e+06
1.64861e+06 1.5656e+06
1.61059e+06 1.64566e+06
1.65537e+06 1.58518e+06
1.6199e+06 1.59986e+06
1.61077e+06 1.57295e+06
1.60787e+06 1.57774e+06
1.62436e+06 1.58596e+06
1.5905e+06 1.59373e+06
1.64306e+06 1.54809e+06
1.61109e+06 1.62607e+06
1.60402e+06 1.55844e+06
1.63518e+06 1.58904e+06
1.65619e+06 1.60088e+06
1.64402e+06 1.5781e+06
1.62123e+06 1.60089e+06
1.61757e+06 1.59434e+06
1.63444e+06 1.57315e+06
1.6471e+06 1.62376e+06
1.61262e+06 1.62077e+06
1.6442e+06 1.60951e+06
1.60056e+06 1.62231e+06
1.61514e+06 1.62907e+06
1.62713e+06 1.62518e+06
1.65025e+06 1.59179e+06
1.63606e+06 1.59834e+06
1.59788e+06 1.58549e+06
1.63573e+06 1.59747e+06
1.6069e+06 1.60857e+06
1.6051e+06 1.61301e+06
1.61742e+06 1.60024e+06
1.65111e+06 1.57764e+06
1.64091e+06 1.57399e+06
1.69756e+06 1.57048e+06
1.61168e+06 1.59692e+06
1.60946e+06 1.60014e+06
1.6165e+06 1.63921e+06
1.63221e+06 1.60346e+06
1.66442e+06 1.65757e+06
1.62936e+06 1.59912e+06
1.64332e+06 1.56328e+06
1.60199e+06 1.61159e+06
1.6193e+06 1.5776e+06
1.59282e+06 1.66489e+06
1.63386e+06 1.57938e+06
1.63651e+06 1.59959e+06
1.61282e+06 1.65314e+06
1.59487e+06 1.64907e+06
1.64493e+06 1.6227e+06
1.66438e+06 1.61194e+06
1.64709e+06 1.57795e+06
1.66052e+06 1.58739e+06
1.64383e+06 1.60351e+06
1.66738e+06 1.60623e+06
1.6239e+06 1.60148e+06
1.63678e+06 1.6188e+06
1.64625e+06 1.59029e+06
1.66835e+06 1.56805e+06
1.60714e+06 1.59332e+06
1.64688e+06 1.59909e+06
1.62293e+06 1.58941e+06
1.60978e+06 1.6232e+06
1.62386e+06 1.60928e+06
1.58837e+06 1.61965e+06
1.64466e+06 1.60118e+06
1.66537e+06 1.56075e+06
1.59823e+06 1.60467e+06
1.64401e+06 1.57881e+06
1.60224e+06 1.64442e+06
1.58129e+06 1.5737e+06
1.62503e+06 1.63692e+06
1.61056e+06 1.58772e+06
1.61881e+06 1.62055e+06
1.61219e+06 1.59566e+06
1.6202e+06 1.63514e+06
1.64504e+06 1.59858e+06
1.62628e+06 1.57571e+06
1.62252e+06 1.6018e+06
1.67031e+06 1.59539e+06
1.63598e+06 1.62117e+06
1.60309e+06 1.59872e+06
1.60479e+06 1.64419e+06
1.64812e+06 1.55522e+06
1.61324e+06 1.61764e+06
1.62416e+06 1.58235e+06
1.66422e+06 1.55648e+06
1.63303e+06 1.5784e+06
1.61669e+06 1.59783e+06
1.58584e+06 1.56816e+06
1.62537e+06 1.58569e+06
1.65891e+06 1.58776e+06
1.64674e+06 1.62727e+06
