530 4.9259
73700 114338
126627 65243
73700 114338
97549 86566
99025 81596
100145 77273
99025 81596
116751 66855
73730 114103
73782 109734
123809 65663
118840 66648
126627 65243
105816 70967
107153 69290
112018 67970
114818 67621
93421 87098
110814 68157
123493 66024
74535 107074
104736 71137
74476 108856
100285 76842
100817 75560
95290 87076
104705 71873
122286 66183
81208 94090
113590 67899
75157 104976
75020 106297
113590 67899
114818 67621
121556 66506
120132 66541
103087 73923
103102 72600
120132 66541
103102 72600
104210 72392
101175 75048
101623 74252
105786 70989
109036 68908
107153 69290
108361 69265
76596 101927
81136 95107
101761 74198
102620 74004
104210 72392
96378 87016
78958 97883
97549 86566
96706 86681
73782 109734
74376 109432
100817 75560
101175 75048
110045 68849
109787 68859
110796 68800
80537 96348
80650 95712
83053 92921
83284 92396
90077 88543
78801 98428
76398 102577
74376 109432
74476 108856
110796 68800
74676 106546
77284 100768
77195 101331
77501 100356
92895 87251
95695 87022
96706 86681
108814 69127
81795 93996
90608 88410
74535 107074
85643 90487
76489 102399
75207 104823
74682 106382
100285 76842
108361 69265
91007 87991
90882 88356
121556 66506
121982 66356
78138 99780
76720 101501
76142 103017
88073 89387
86168 90448
87548 89426
75600 103799
102620 74004
103087 73923
85183 90883
91403 87918
82402 93290
84275 91386
79079 97782
84926 91017
92341 87428
88419 89138
88891 89095
80200 96464
78627 98850
86962 90072
121982 66356
91884 87592
79320 97727
83789 91991
83936 91681
89085 88932
89548 88919
76043 103167
95290 87076
95695 87022
77372 100665
91726 87789
80416 96449
87218 89789
84516 91331
81130 95294
75020 106297
76841 101400
77195 101331
82281 93391
83450 92286
82063 93585
83668 92092
83936 91681
76142 103017
87083 89971
79828 96974
91403 87918
85064 91005
75325 104561
78801 98428
80650 95712
80768 95450
78683 98690
78270 99042
77883 100172
90963 88122
86635 90098
84710 91168
82837 93072
83053 92921
92132 87584
92701 87414
108814 69127
77622 100255
89860 88750
92701 87414
92895 87251
84589 91269
88267 89224
87354 89589
87427 89527
90054 88587
89040 88941
88073 89387
78141 99455
81009 95395
81916 93895
78197 99295
96378 87016
90634 88364
75935 103530
84154 91487
84154 91487
75841 103721
88891 89095
82643 93235
80768 95450
75361 104162
75841 103721
85328 90751
89715 88882
89860 88750
83329 92387
75479 103900
75355 104326
75964 103528
80170 96699
75449 104135
76398 102577
76489 102399
79342 97579
79654 97396
79463 97478
79685 97223
109787 68859
110045 68849
92132 87584
75965 103295
81942 93686
86245 90316
79949 96873
80145 96827
88267 89224
88419 89138
79806 97122
80537 96348
82281 93391
81795 93996
85404 90659
78315 99033
84710 91168
79463 97478
85598 90496
86514 90199
83789 91991
82716 93173
91763 87693
79949 96873
86615 90107
79730 97214
82063 93585
75479 103900
83668 92092
78017 99881
83450 92286
76720 101501
76841 101400
78391 98941
81942 93686
87233 89690
82837 93072
78141 99455
78683 98690
78197 99295
86362 90285
92341 87428
86170 90336
79654 97396
78017 99881
77963 100032
75965 103295
86421 90270
75157 104976
77622 100255
81136 95107
89548 88919
89715 88882
78436 98932
77372 100665
77284 100768
101761 74198
101623 74252
85449 90650
91005 88103
77918 100041
75331 104397
74676 106546
75325 104561
81009 95395
77899 100143
85522 90588
85328 90751
86494 90208
87062 90031
80170 96699
80145 96827
91763 87693
91726 87789
85522 90588
82716 93173
81916 93895
78436 98932
82643 93235
86168 90448
87233 89690
79806 97122
87548 89426
75449 104135
79342 97579
87548 89426
75331 104397
90608 88410
90054 88587
87062 90031
77963 100032
83284 92396
89085 88932
73700 114338
79342 97579
81136 95107
80768 95450
75841 103721
83789 91991
81136 95107
