644 120.19
71346 108394
72046 97529
95228 71768
94264 72256
71796 106628
72899 91378
80134 78416
81397 77472
72591 92719
89422 73130
84767 75075
104913 67473
92386 72643
85653 74700
78260 81729
92308 72747
72372 95700
98920 70192
90674 72763
90674 72763
86629 74245
72591 92719
73579 89003
101609 69057
74179 87701
79794 79047
98304 70500
72081 97194
75165 86226
104043 67756
74444 87591
94512 72143
71621 107199
71381 108059
83801 75753
86260 74617
73009 90579
72191 96395
72191 96395
76901 84033
101149 69335
83269 76026
81823 76956
75315 85956
102508 68510
101149 69335
71586 107534
103442 68235
103177 68345
102610 68436
98920 70192
102153 68725
88452 73563
76720 84340
82589 76600
86623 74267
83803 75563
77067 83595
98451 70242
89061 73290
86262 74427
79975 78735
76727 84226
77060 83709
77706 82865
81752 77257
81490 77425
88807 73348
75222 86003
98451 70242
98304 70500
101990 68761
82966 76220
82660 76299
103177 68345
73009 90579
78053 82120
92386 72643
94512 72143
77887 82558
81752 77257
82660 76299
71586 107534
72046 97529
77887 82558
77953 82281
79975 78735
78053 82120
88807 73348
83015 76084
83269 76026
89061 73290
88545 73516
101990 68761
80041 78463
82589 76600
83803 75563
102153 68725
77713 82751
86262 74427
77713 82751
82966 76220
83015 76084
104043 67756
81823 76956
101990 68761
88545 73516
77953 82281
80041 78463
81397 77472
80134 78416
77706 82865
78046 82234
77060 83709
77713 82751
77706 82865
102610 68436
77067 83595
88545 73516
78046 82234
81490 77425
102610 68436
92386 72643
81823 76956
80041 78463
81490 77425
78046 82234
101990 68761
86629 74245
77713 82751
77067 83595
78053 82120
103177 68345
83803 75563
81823 76956
77706 82865
77067 83595
77060 83709
102153 68725
101149 69335
82660 76299
78053 82120
101990 68761
98304 70500
81823 76956
83803 75563
78053 82120
82660 76299
77713 82751
82589 76600
77060 83709
102153 68725
82660 76299
88807 73348
77713 82751
89061 73290
78053 82120
72591 92719
81490 77425
83803 75563
89061 73290
80041 78463
77067 83595
78053 82120
78053 82120
72191 96395
104043 67756
72591 92719
78053 82120
77706 82865
83269 76026
78053 82120
73009 90579
98304 70500
78053 82120
81490 77425
78053 82120
81823 76956
81752 77257
82660 76299
77706 82865
89061 73290
78053 82120
81490 77425
78053 82120
77067 83595
82660 76299
82660 76299
101149 69335
78053 82120
78053 82120
82660 76299
82660 76299
82660 76299
82660 76299
78053 82120
78053 82120
77713 82751
83015 76084
86262 74427
102610 68436
77713 82751
77067 83595
80134 78416
77067 83595
78053 82120
82660 76299
101990 68761
82660 76299
78053 82120
88807 73348
78046 82234
72591 92719
78053 82120
77067 83595
81490 77425
81823 76956
78053 82120
83803 75563
78053 82120
81490 77425
77706 82865
75315 85956
75315 85956
86340 74323
72591 92719
81823 76956
102508 68510
75165 86226
78046 82234
79731 79374
102153 68725
73579 89003
72372 95700
73236 89732
88545 73516
77706 82865
85746 74653
82660 76299
100189 69908
77060 83709
78053 82120
104913 67473
77706 82865
83803 75563
75315 85956
89061 73290
82660 76299
78053 82120
71674 106806
77060 83709
77953 82281
76967 83756
86260 74617
77887 82558
98304 70500
74179 87701
74092 88012
73579 89003
82660 76299
78046 82234
77713 82751
73009 90579
98304 70500
72591 92719
76061 84522
79882 78782
78415 81465
77060 83709
86623 74267
76901 84033
77060 83709
76720 84340
75222 86003
77706 82865
77067 83595
82660 76299
102153 68725
77713 82751
73899 88109
73579 89003
74544 87430
89061 73290
83803 75563
74995 86850
75165 86226
78046 82234
75789 84746
89422 73130
76901 84033
77067 83595
88545 73516
72899 91378
76720 84340
92386 72643
74465 87557
81823 76956
103515 67844
77060 83709
77713 82751
78046 82234
103014 68381
79975 78735
75315 85956
74179 87701
72191 96395
74640 86980
77706 82865
73806 88156
78046 82234
104043 67756
77953 82281
77067 83595
82660 76299
81823 76956
78053 82120
77706 82865
75322 85842
78053 82120
77067 83595
80041 78463
83015 76084
83803 75563
79794 79047
83015 76084
78046 82234
102508 68510
96622 71333
81823 76956
85653 74700
83801 75753
82660 76299
79975 78735
73009 90579
83321 76005
105268 67258
72591 92719
77613 82912
82178 76741
83015 76084
73806 88156
77706 82865
82660 76299
81490 77425
84248 75232
78053 82120
77067 83595
76901 84033
80041 78463
76727 84226
78053 82120
77887 82558
72156 96730
72838 92507
80674 77905
78053 82120
73329 89685
77706 82865
85128 74915
77953 82281
79975 78735
82660 76299
73579 89003
77060 83709
78053 82120
77067 83595
72481 93518
75222 86003
78053 82120
75315 85956
77060 83709
83015 76084
77706 82865
77706 82865
77706 82865
75562 85593
75315 85956
77060 83709
85746 74653
78896 80257
75222 86003
75165 86226
82178 76741
80134 78416
77713 82751
81823 76956
77887 82558
72191 96395
78046 82234
88900 73301
86629 74245
83803 75563
77068 83013
82966 76220
78046 82234
80674 77905
78053 82120
73236 89732
76301 84481
77060 83709
81397 77472
82660 76299
78752 80779
78046 82234
102610 68436
77713 82751
77706 82865
77060 83709
101990 68761
74092 88012
73806 88156
78053 82120
95228 71768
77067 83595
79975 78735
72481 93518
74272 87654
78046 82234
103177 68345
83015 76084
73009 90579
82660 76299
96846 70681
75222 86003
101990 68761
77060 83709
74444 87591
82660 76299
102610 68436
75165 86226
72191 96395
81823 76956
74272 87654
77713 82751
85391 74868
77713 82751
75222 86003
78046 82234
72943 90856
78053 82120
77713 82751
77060 83709
104043 67756
78053 82120
85128 74915
77887 82558
72899 91378
82589 76600
81490 77425
76967 83756
78053 82120
74465 87557
77067 83595
83803 75563
83803 75563
73579 89003
74272 87654
77706 82865
77887 82558
72481 93518
73009 90579
88807 73348
78053 82120
77706 82865
82660 76299
98920 70192
75789 84746
83803 75563
80878 77806
72046 97529
74179 87701
102153 68725
98304 70500
73009 90579
86260 74617
78053 82120
78053 82120
81823 76956
77713 82751
83994 75290
83269 76026
74179 87701
78053 82120
77067 83595
78053 82120
83321 76005
103177 68345
71858 98232
75222 86003
85391 74868
77713 82751
72591 92719
78053 82120
77067 83595
101205 69112
78046 82234
74092 88012
77067 83595
74179 87701
72191 96395
78053 82120
77706 82865
72359 96283
73579 89003
73236 89732
78053 82120
77713 82751
80134 78416
82660 76299
82660 76299
88545 73516
75165 86226
87751 73713
82660 76299
78053 82120
73806 88156
73009 90579
81752 77257
78053 82120
82753 76252
78053 82120
77067 83595
74995 86850
108864 67312
71773 108229
72211 97567
72000 104977
91947 72907
89958 73138
95572 72742
99596 70352
86523 74546
105750 67460
71951 106483
84505 75243
95720 72142
97364 70777
72628 92781
83059 76173
72482 94901
103965 67860
88273 73811
73274 90469
105750 67460
80764 78030
72533 94828
73139 92256
81832 77836
78693 82312
102828 68679
72000 104977
83997 75906
78755 80834
79982 79529
96966 71112
80675 78900
103558 68049
82327 76768
80516 79219
96966 71112
79440 80564
75968 84998
87159 74275
102660 68865
102080 69116
100885 69923
75281 86706
87402 74252
75430 86116
73665 89436
74440 87660
78755 80834
100524 70083
82099 77152
79521 80324
73482 89963
77011 83852
81851 77265
101712 69270
87970 74005
77325 83599
74045 88501
75925 85488
75508 85859
76897 84468
76208 84528
101163 69414
73682 89088
84158 75348
97364 70777
74433 87809
77911 82697
73024 92623
101163 69414
77005 84234
73382 90124
76208 84528
79780 79933
82327 76768
78387 82320
75011 87396
79780 79933
74408 88396
101818 69170
100537 69948
75925 85488
77804 83099
73041 92484
77693 83151
84155 75651
75098 86935
103700 67970
78060 82614
88267 73859
103778 67866
74408 88396
72482 94901
78184 82589
76897 84468
74035 88851
75508 85859
96966 71112
75041 87158
88011 73979
78264 82473
75011 87396
77513 83443
100524 70083
84155 75651
103558 68049
73865 88859
75021 87376
73865 88859
75098 86935
78264 82473
73865 88859
74035 88851
75077 87119
77579 83330
77804 83099
77479 83491
88011 73979
100524 70083
77579 83330
77579 83330
77479 83491
74408 88396
77579 83330
72482 94901
88273 73811
88267 73859
72000 104977
77479 83491
75077 87119
75077 87119
77479 83491
75021 87376
74408 88396
75077 87119
75021 87376
75011 87396
74035 88851
74035 88851
73865 88859
74035 88851
74035 88851
74035 88851
73865 88859
74035 88851
74035 88851
73865 88859
74035 88851
74035 88851
74035 88851
74035 88851
74035 88851
74035 88851
74035 88851
74035 88851
74035 88851
74035 88851
74035 88851
74035 88851
74035 88851
74035 88851
74408 88396
74408 88396
75077 87119
75021 87376
74408 88396
74408 88396
74408 88396
75077 87119
74035 88851
74035 88851
74035 88851
74035 88851
74035 88851
74035 88851
74035 88851
74035 88851
73865 88859
74035 88851
74035 88851
74035 88851
74035 88851
74035 88851
74035 88851
74035 88851
74035 88851
75077 87119
74035 88851
74035 88851
74035 88851
74035 88851
74035 88851
74035 88851
74035 88851
74035 88851
74035 88851
74035 88851
74035 88851
74035 88851
74035 88851
74035 88851
74035 88851
74035 88851
74035 88851
74035 88851
74035 88851
74035 88851
74035 88851
74035 88851
74035 88851
74035 88851
74035 88851
74035 88851
74035 88851
74035 88851
74035 88851
74035 88851
74035 88851
74035 88851
74035 88851
74035 88851
74035 88851
74035 88851
74035 88851
74035 88851
74035 88851
74035 88851
74035 88851
75077 87119
75077 87119
75021 87376
75077 87119
75077 87119
75077 87119
75077 87119
75021 87376
75077 87119
75021 87376
75021 87376
75077 87119
75077 87119
75021 87376
75021 87376
75077 87119
75077 87119
75077 87119
75021 87376
75077 87119
75021 87376
75021 87376
75077 87119
75077 87119
75077 87119
75077 87119
75077 87119
75077 87119
75077 87119
75077 87119
75077 87119
75077 87119
75021 87376
75021 87376
75021 87376
75021 87376
75077 87119
75021 87376
75021 87376
75077 87119
75077 87119
75077 87119
75021 87376
75077 87119
75077 87119
75021 87376
75021 87376
75077 87119
75021 87376
75077 87119
75021 87376
75077 87119
75077 87119
75021 87376
75077 87119
75077 87119
75077 87119
75021 87376
75077 87119
75077 87119
75077 87119
75021 87376
75077 87119
75077 87119
75021 87376
75021 87376
75077 87119
75011 87396
75077 87119
75077 87119
75077 87119
75021 87376
75011 87396
75077 87119
75021 87376
75077 87119
75077 87119
75077 87119
75021 87376
75077 87119
75021 87376
75021 87376
75021 87376
75077 87119
75077 87119
75021 87376
75021 87376
75021 87376
75077 87119
75021 87376
75077 87119
75021 87376
75021 87376
75077 87119
75077 87119
75077 87119
75077 87119
75077 87119
75077 87119
75021 87376
75077 87119
75077 87119
75077 87119
75077 87119
75021 87376
75077 87119
75021 87376
75077 87119
75021 87376
75077 87119
75021 87376
75077 87119
96966 71112
72000 104977
72000 104977
72000 104977
72000 104977
72000 104977
72000 104977
72482 94901
72482 94901
72482 94901
72482 94901
72482 94901
72482 94901
72482 94901
72482 94901
72000 104977
96966 71112
96966 71112
77579 83330
77579 83330
77579 83330
77479 83491
77479 83491
77579 83330
77579 83330
77579 83330
77579 83330
77479 83491
77479 83491
74035 88851
74035 88851
74035 88851
74035 88851
74035 88851
74035 88851
74035 88851
74035 88851
74035 88851
74035 88851
74035 88851
74035 88851
74035 88851
74035 88851
74035 88851
77579 83330
74035 88851
73865 88859
74035 88851
74408 88396
74035 88851
74035 88851
74408 88396
74408 88396
88273 73811
88273 73811
88273 73811
88273 73811
72000 104977
77479 83491
77479 83491
77479 83491
77479 83491
77479 83491
77479 83491
77479 83491
77479 83491
77479 83491
77579 83330
77479 83491
77579 83330
77579 83330
77479 83491
77479 83491
77579 83330
77579 83330
77579 83330
77479 83491
77579 83330
82327 76768
76897 84468
105750 67460
105750 67460
105750 67460
105750 67460
105750 67460
105750 67460
100524 70083
77579 83330
77579 83330
77579 83330
77579 83330
77579 83330
77579 83330
77479 83491
77479 83491
77579 83330
77579 83330
77479 83491
77479 83491
77579 83330
77479 83491
74035 88851
77579 83330
77579 83330
77479 83491
77479 83491
77579 83330
77479 83491
77479 83491
77579 83330
77479 83491
77579 83330
77579 83330
77479 83491
77479 83491
74035 88851
74035 88851
74035 88851
74035 88851
74035 88851
74035 88851
74035 88851
74035 88851
74035 88851
74035 88851
74035 88851
74035 88851
74035 88851
74035 88851
74035 88851
74035 88851
74035 88851
74035 88851
74035 88851
74035 88851
74035 88851
