17 0.813313
804219 749947 771293 798939
758637 796714 776045 812312
793737 766724 785420 778647
811680 794611 778184 762284
785844 808837 758622 791344
762595 753399 793457 824909
783672 787932 793420 773276
781384 817861 801373 762117
831788 775590 756215 795036
826175 792086 769448 775127
800797 799408 760783 804405
782615 801985 765905 810928
817178 820069 754508 806921
769261 801070 809633 802442
817238 778272 782646 774894
781829 777029 796129 802207
790372 755170 811633 810756
795444 804581 766817 790199
789048 779634 774317 792560
803032 819743 772751 785366
788052 777875 775161 793313
786672 777514 775127 805775
812047 799453 802602 761630
791095 771052 815691 779991
769756 817494 816993 798875
780569 788181 807595 800099
784971 811854 768276 801941
779357 787787 788912 814427
775437 821465 797761 804377
779368 805191 793125 807037
778984 782162 808436 812285
773702 788422 803486 820503
809930 784453 779169 789611
818082 795541 765476 811424
798870 790917 808390 772839
771704 795948 785794 816471
832844 768303 765078 819339
774611 824216 794693 807250
789577 772433 796779 818208
832848 789756 804843 761989
807064 795440 766227 825059
824861 788584 775523 785962
780507 784147 788773 821524
818034 791566 806614 770441
788898 794816 790883 787121
815778 774796 782733 791441
810177 809830 782074 779114
804504 790556 821514 771072
786378 787862 783640 804728
785714 767828 823116 809844
769116 776215 817662 824261
778637 793142 821900 800562
789808 791489 792171 785150
817249 797475 764827 814295
796148 810034 781696 789780
781708 809583 819808 796035
834198 790603 799547 765421
812885 788904 771110 820763
802516 796860 771411 814609
835979 800189 796799 760047
784461 805217 748227 834844
808812 741891 795630 788712
758547 821614 789438 822184
832504 825957 823694 805267
808522 830493 800433 787873
838083 810923 794279 809840
799278 820787 837216 813714
824337 812855 819943 809437
834276 792824 791104 809429
829476 771042 782187 803002
828274 804488 795156 804476
843827 803964 816556 810561
836023 830335 802480 801310
833831 809512 829309 803816
808425 821447 815078 816162
808521 797293 807742 822076
816369 834236 790674 801088
821971 811127 826475 812058
849690 832597 809793 812011
836452 803998 798778 794312
854595 814519 816098 807525
819039 789645 786855 828116
818334 830141 839426 796701
811268 799480 805971 808526
818545 824644 782439 809806
821933 817227 797607 812899
839579 819647 792797 819818
840097 810959 826108 827334
856723 829204 773003 781729
849555 801855 806849 831095
801963 806245 815352 816486
828439 804154 817696 787914
821958 805458 764849 845875
858920 822756 835074 806615
819348 833318 803974 785202
823952 807613 794602 830473
806176 802215 796160 809894
835200 818558 801057 844045
849362 797852 797784 840112
824420 819714 794957 777040
829699 790034 801035 843783
818486 826330 796426 810922
816852 809967 778808 808816
837519 811184 797086 820242
835678 822626 811331 802585
820246 842059 785742 816296
823125 771374 790062 795478
841799 809549 804754 812815
817555 799478 789786 788960
811889 810882 838830 828357
812762 806578 783130 803614
808259 829123 801325 811209
823921 809564 810711 815767
833737 766444 824584 802809
828243 800342 827826 794265
813874 823132 776324 817037
814925 779908 803073 808138
799287 795808 813075 790291
802084 786243 827645 850029
794367 793948 784658 813570
829584 802269 807114 830255
821016 826146 819075 817711
834143 826130 818149 818410
804079 819971 799645 814222
844828 810037 801122 815664
792269 800985 821065 815319
822872 791822 839885 840937
811561 785883 806911 791911
825389 799851 804998 792959
829338 832427 794059 792341
810769 798479 850673 822985
811473 812936 791693 839480
842148 826744 785890 827151
827035 805554 800739 821116
835111 807793 777867 811516
826951 825995 825669 829653
790728 773609 774491 804438
787061 809527 800675 798914
829291 784566 786749 806654
828087 825958 813768 817673
775879 799756 798564 829051
816070 779490 808222 854067
813498 827011 823794 796560
825028 799931 793664 814039
828252 813280 795349 819246
820845 807499 822362 782785
850372 814184 826772 810043
824655 825694 809883 847396
797170 807950 821107 814864
833739 808459 817525 826492
818063 854849 795676 798117
801557 790988 796343 824249
816789 833498 811430 825961
801451 820277 815287 814846
796336 817965 802505 816183
807462 811914 804921 819433
815955 833151 785951 791964
805802 833704 801970 852322
807721 809107 814045 811782
791538 796557 795830 841298
839307 805382 817622 801769
808626 798583 824379 809634
796348 810180 810024 802865
864864 827517 797853 792937
815801 844087 826407 780664
811365 805234 827436 806293
832033 787641 821117 837740
825340 815598 805672 799860
808655 796733 820778 799861
808699 837186 815629 827776
820163 781064 786168 842717
814277 768604 785491 816170
816718 813538 813680 821232
821099 775827 771679 818428
801857 760534 812326 781807
791051 825327 810178 796316
838303 811591 798466 815097
840326 827617 806135 802648
812219 796172 812448 812111
823354 800479 812916 800091
827669 810354 820250 807934
826283 780194 820357 810973
816220 826154 798767 825405
800812 809650 786397 835178
796863 825231 822960 781221
808751 789448 810788 817798
827199 832233 806119 835738
799376 828809 782964 825231
843556 811979 819656 802542
840237 822220 829547 812794
837640 793285 763321 806330
813008 808767 820277 814987
816951 803873 803960 819540
813764 814799 783557 811436
827865 804051 831387 819540
809237 796362 828754 809351
800166 830184 825824 839611
821998 787306 831340 822706
825863 812836 807757 858946
808845 827231 803386 839730
804536 816401 816108 815470
846364 829197 809880 830935
801021 797948 812385 826134
818975 796731 806633 790843
768100 795748 760878 820631
821561 818995 815949 823456
816996 809929 820920 809358
811807 826229 816752 801872
827018 830278 812669 828212
831417 783779 810379 833293
811775 804091 817604 811171
802031 823842 813101 816605
824889 791721 804185 823775
841027 823683 826272 814143
862897 777617 820290 815044
827794 814407 795016 822282
810060 833883 810362 829770
819824 818354 776628 813529
819257 815306 806910 785251
799625 835688 826684 781696
790959 819160 797192 823840
809288 805425 809135 792937
831475 815351 795972 823433
826081 811603 825806 801763
820883 785613 809044 824893
817241 808313 795277 823228
808019 812850 800612 819220
813803 817167 817963 799907
812372 825336 801869 822808
823170 826970 778638 802546
794705 812003 821314 807776
805529 787630 779999 824672
835066 809384 818092 801792
804706 828868 798803 793777
858079 804713 820567 793876
804163 819541 797906 782967
804083 818258 831295 818110
824800 819008 817853 812587
820678 825743 803940 836479
839090 823008 788929 814093
810614 840021 796294 830024
819371 829164 767530 828266
836940 819822 823423 844534
805930 827834 812711 826371
836763 853693 815105 814414
834887 802906 785401 806242
794448 787505 816912 804887
814803 803884 819126 802079
791007 789815 784161 808292
843389 812559 801137 799737
795363 808100 804501 807406
828579 814737 818872 855030
829091 816605 799092 830298
812337 755356 799063 813830
815917 782985 775030 836723
833143 833930 799313 781591
829411 812425 813151 805817
826156 796779 796722 799849
822273 817435 780402 811860
804218 829909 795642 805581
812296 820192 818556 823207
853277 795334 822884 828956
812313 806774 787444 819047
841864 786222 796040 831924
827431 821582 805307 830237
818515 800575 794586 823814
804501 826875 789317 816513
852437 793420 831702 795844
830895 808552 823788 814186
815769 786524 807651 811611
815944 810012 826336 837576
815242 827924 771524 812170
820194 843744 795681 818777
829311 796323 812914 805874
830561 794359 805706 821664
815696 813878 800297 798938
809017 814751 799263 812198
840922 811816 800825 828497
807451 801636 807923 797303
831840 815574 818068 842389
869745 813702 786527 820868
809539 822894 788402 827819
839124 799989 796654 829650
817465 795997 810660 845842
806408 805198 820556 823163
782648 802454 797118 824141
808461 806354 824256 809972
840425 802904 784748 835172
798351 821442 796772 823025
846147 799501 787656 826890
806315 849684 828897 774243
827918 779797 798995 819819
795690 813594 794770 820386
783196 814223 804953 802027
835997 768837 822476 824875
831838 795627 841951 829133
825309 801712 820123 804316
828298 785362 830400 839034
813664 807145 840069 820616
823581 798868 795307 803501
