377 31.9447
582404 480565
510017 565711
510017 565711
533112 529466
523799 533628
542735 515646
542735 515646
523662 546544
569033 481884
533112 529466
547366 497982
545378 507334
513714 562246
515136 554663
560707 482027
569033 481884
545378 507334
557347 487724
547366 497982
552256 492533
552256 492533
559803 487624
553692 490810
520667 550098
518617 551402
518617 551402
513714 562246
515136 554663
520667 550098
553692 490810
560075 483778
523799 533628
523662 546544
560075 483778
560707 482027
559803 487624
569033 481884
569033 481884
569033 481884
560707 482027
560075 483778
560075 483778
560075 483778
560075 483778
560075 483778
560075 483778
560075 483778
560075 483778
559803 487624
559803 487624
559803 487624
553692 490810
552256 492533
552256 492533
552256 492533
552256 492533
552256 492533
552256 492533
552256 492533
552256 492533
552256 492533
552256 492533
561447 484464
552258 522178
554276 495718
558716 491670
555230 495009
558190 494535
558602 493900
583101 484491
556015 509549
563015 484995
556894 497745
560047 497234
561604 486416
570002 487027
556040 517689
559987 498268
563258 487520
562155 489409
580006 487177
560929 503033
564309 490647
563360 496971
563835 493240
563717 495824
591914 489538
564284 494754
580666 489911
574508 491774
564304 493689
567630 492085
567809 492024
582309 492158
564329 516220
569786 493467
565262 509742
565374 495152
580916 493494
565480 500624
567085 495362
576116 494729
586733 494224
565559 524119
567329 497439
565575 510346
565799 503601
587548 494616
565864 511874
582922 498055
567665 498867
566817 511243
569557 498356
590137 495363
565956 513602
575495 498497
568300 504597
566905 511435
569017 500358
572654 499662
574687 498777
587958 499128
565965 528891
579594 500256
567615 522212
569284 506056
569106 517671
575268 503189
572429 503460
568993 519049
570554 503700
569458 504344
588195 499350
569461 516807
583849 501520
572656 503501
569482 508730
569564 504890
586963 501166
570821 503717
597752 503661
570162 510728
571863 504376
581426 504399
570235 518551
571374 513271
572385 509801
577970 504593
570665 518406
572433 506150
575175 504879
574020 505294
574935 505059
596388 504799
570763 521711
576032 505562
572554 517030
572783 509654
570770 519124
573437 506520
573252 508983
575252 506084
588789 505622
570915 521980
572966 512122
574749 507345
584423 507039
578875 507578
570988 529590
572144 522787
576621 510617
573313 514749
571251 526453
578409 507958
574873 512943
573410 513527
574827 513292
581204 507778
573392 531773
573440 516135
576026 513267
578663 510492
578925 509169
589149 508021
573916 516463
576867 514875
582843 511487
584748 509029
583011 510136
593156 509200
575174 524418
586119 512048
580397 516640
591013 511486
578204 522948
578637 519040
592385 511995
575224 526246
579132 521527
587885 514250
590308 512715
586179 517148
579796 520320
581419 519140
583117 518689
581318 520168
583310 518062
584985 517554
584808 518031
593916 513440
576439 526783
581934 522541
589531 517916
584112 518585
590664 515685
582854 519887
593642 515241
594583 514221
577621 535183
579751 526974
590228 518263
583419 520734
584994 520409
578511 534889
607234 514504
579822 534737
593433 519164
584740 521482
601067 516843
599006 517729
579909 530174
583909 527714
584032 523275
583600 530099
597393 519876
580513 544000
584750 524872
582276 532499
594909 522711
581139 537653
590080 523435
591552 523279
581870 534224
590294 523416
597558 521589
583482 537984
589477 526331
584260 534253
585576 527935
586630 527771
605957 521740
584523 541206
600259 525024
590355 534411
590708 528960
594875 527205
586300 536126
585057 536391
593963 527473
594316 527413
602922 526827
587893 536162
590772 535940
594062 530448
594571 527729
602266 526871
594135 529397
598286 528302
588696 544030
595616 530805
591441 536003
597866 529659
589320 539658
589384 538650
591004 537196
591157 536976
600282 529543
590634 551978
594331 537693
595924 532178
597833 531093
599574 529644
598433 530767
611070 530152
596074 539607
600428 531700
622603 531754
596479 541166
601946 534051
604242 532488
611229 535380
600940 547150
606479 546626
606955 539277
609576 537283
611523 535560
618437 539570
614196 540000
614871 546399
619242 548311
578193 482835
578193 482835
510017 565711
510017 565711
542735 515646
540775 528094
523799 533628
554393 491844
554277 505476
552644 507974
568863 483154
523424 544044
531768 532747
533112 529466
513714 562246
542735 515646
552644 507974
514668 555142
566956 485659
523424 544044
520667 550098
513041 564651
559631 488674
557155 491233
518617 551402
563331 486862
518617 551402
515136 554663
562467 487923
520667 550098
515136 554663
559631 488674
540775 528094
557155 491233
566956 485659
520500 550843
533112 529466
554277 505476
568863 483154
531768 532747
563331 486862
513041 564651
514668 555142
523799 533628
562593 487800
562593 487800
520500 550843
554393 491844
578193 482835
566956 485659
566956 485659
566956 485659
566956 485659
566956 485659
563331 486862
563331 486862
563331 486862
563331 486862
562593 487800
562593 487800
562593 487800
562593 487800
562593 487800
562593 487800
559631 488674
559631 488674
559631 488674
559631 488674
557155 491233
557155 491233
557155 491233
557155 491233
557155 491233
557155 491233
557155 491233
557155 491233
557155 491233
554393 491844
554393 491844
554393 491844
554393 491844
554393 491844
554277 505476
554277 505476
554277 505476
554277 505476
554277 505476
554277 505476
552644 507974
552644 507974
552644 507974
552644 507974
552644 507974
552644 507974
552644 507974
552644 507974
552644 507974
571130 483423
557597 503116
570257 492558
567085 497556
562516 500116
562340 502982
582290 487994
568529 510436
576047 499917
570770 505149
582214 498637
592210 488396
568655 517480
575173 505627
584561 496081
581724 502351
577137 505180
583868 497629
584736 498028
569625 523436
576185 507184
581914 502867
576608 505658
585136 500367
574325 531671
577925 511954
579279 508501
593743 501225
578729 513837
582989 511730
586178 504852
590801 503185
586378 503735
595365 505241
579788 537270
584489 511987
583106 528245
583958 517806
582798 535206
599433 508429
584262 524705
594965 513195
586574 514618
584703 517978
596495 511867
585333 516220
600022 509489
585356 521255
588835 517446
597219 513482
599685 510874
606143 514728
585620 527712
594653 517551
586816 521463
589474 518533
611584 519860
587814 527249
588836 521908
604806 519896
592117 521400
599110 520595
596796 520671
595814 522305
589067 541306
590872 526786
591704 523905
595181 523564
609672 522999
590041 547374
596188 523559
594435 524060
592853 538684
592404 540025
594774 524645
593755 548841
595877 526115
595096 534492
600503 526492
596070 537996
596745 527271
605079 529353
596776 543504
597504 531043
596881 536154
617133 530576
597941 535860
600281 532188
598144 533730
611792 532795
598380 544034
601140 533675
599558 538928
599940 537215
610080 534236
600013 537987
603168 535444
604087 534316
609438 536732
600400 549285
603998 539471
601362 545739
608539 537870
644609 537109
602740 550719
612899 537598
604451 542797
604458 540987
610884 537976
620056 537813
607481 549499
609529 545166
611910 538226
611316 540009
640042 538677
608769 549558
614268 539576
642542 538930
611257 559721
619998 541383
614704 546157
612985 559447
618816 544510
625824 541867
612939 560736
614960 551099
615998 546988
622531 544845
622970 544041
631690 542101
615470 559494
620711 547917
620619 553698
632116 543128
619847 582977
622413 552199
627143 548244
624936 550460
648178 547485
622407 592856
633969 548532
624487 578024
626378 567949
627391 559938
631108 553291
629365 557710
629920 556741
644082 550656
629542 573533
631474 553662
639245 552684
630968 564591
629576 565754
657466 553070
631417 574960
631822 554265
634199 556793
632537 563427
633658 560128
636543 558610
633477 566886
635221 559160
634143 565737
647615 559173
636578 585006
636682 560808
645304 561294
638919 585111
645099 562452
647661 561450
646632 565159
691741 564564
647978 576889
650009 566467
648288 572762
661283 569998
651207 579189
656333 572753
652829 578942
659141 579184
654521 600404
656120 599767
683079 581658
657071 605571
659485 586937
661969 582093
663534 582561
662373 588680
663740 591889
683908 605650
677217 620805
681701 608928
685751 607338
682110 610517
724996 608957
683325 614532
696444 610129
688664 618161
692394 636081
697195 655403
722017 656323
705172 662866
738617 672783
576485 472012
576485 472012
510017 565711
510017 565711
533112 529466
541877 499774
523799 533628
541877 499774
523662 546544
533112 529466
556340 477933
570344 472242
513714 562246
545823 490636
515136 554663
553452 480562
562748 477743
567225 473018
566554 475245
550749 486497
520667 550098
553452 480562
548283 490318
518617 551402
518617 551402
545823 490636
520667 550098
563728 475793
513714 562246
515136 554663
548955 487419
523799 533628
550749 486497
523662 546544
549637 487035
562930 477334
563728 475793
562930 477334
549637 487035
548283 490318
562748 477743
576485 472012
576485 472012
576485 472012
576485 472012
576485 472012
576485 472012
576485 472012
563728 475793
563728 475793
563728 475793
563728 475793
563728 475793
563728 475793
563728 475793
562930 477334
562930 477334
562748 477743
562748 477743
562748 477743
553452 480562
553452 480562
550749 486497
550749 486497
550749 486497
548283 490318
548283 490318
548283 490318
548283 490318
548283 490318
548283 490318
548283 490318
548283 490318
548283 490318
548283 490318
548283 490318
548283 490318
545823 490636
545823 490636
545823 490636
545823 490636
545823 490636
545823 490636
545823 490636
545823 490636
545823 490636
545823 490636
545823 490636
545823 490636
545823 490636
545823 490636
541877 499774
541877 499774
571855 472496
571855 472496
554318 525746
554502 502631
566200 478635
556501 479651
555252 483992
567997 474142
571855 472496
571855 472496
573559 477283
555267 504174
555758 494363
569369 479837
561513 481586
558958 489771
560125 487523
570222 479292
561082 482480
575817 477825
556121 509968
558632 498762
570772 481301
565416 481936
563411 489276
561841 494873
562771 494432
577034 480701
559843 504811
565719 482627
565081 489458
562898 495147
561217 500267
562249 498550
561975 499413
581525 482294
563939 495283
565750 493470
575626 482651
570794 482854
568498 485266
566748 488024
566859 487376
592955 484887
563957 523476
564349 506725
582941 484986
573954 485490
566051 494901
568947 490110
566328 493532
572103 489797
571267 489825
577058 486046
566197 505185
566803 493822
576261 489494
572069 491397
570871 493509
569016 493785
582153 486396
566281 514485
566682 507527
567636 499496
579038 490069
573005 492721
575413 492461
577397 491091
571351 495023
568746 499258
569552 497020
570254 496100
577776 490379
571331 495807
582487 487120
567842 506541
568970 500253
571522 495162
580810 490565
578646 493361
575875 493376
579865 491334
574438 494657
574787 494541
583240 489229
568650 510009
572167 496019
570040 509615
578911 493362
574916 495762
576129 494510
578495 493826
584231 490207
569668 512976
578674 493917
572269 510117
572273 502871
574248 496038
573228 497803
586489 490396
569671 515595
573244 500881
584413 491291
579011 493939
574814 500386
578023 496206
576113 497641
576456 496926
586166 491462
573284 522100
574361 501407
576545 497582
582426 493948
573580 510394
573365 512737
579064 495899
581519 494296
580327 494322
579624 495153
591929 491599
573559 519570
574899 509544
578194 501950
586064 494620
580208 498803
583469 496559
578518 500752
585587 496061
592162 492420
574068 524574
587632 497718
575706 513001
579034 506487
575482 515976
584830 498765
580468 498928
579644 502671
579423 505082
596958 495146
576092 520358
592708 496326
582940 499359
579582 511380
578931 518484
580575 505194
582413 501830
580827 502638
588775 499573
579399 545873
580609 508196
584949 501982
581073 502933
585153 499919
581017 503125
584950 500490
590973 499667
580793 510888
587812 500484
584846 503784
581149 506322
581914 503877
581083 510145
593614 500342
581703 510284
586995 503873
588780 500576
582559 506636
582542 509070
595838 500711
582874 519517
583422 507813
582972 513593
587662 507321
590525 506332
591365 501312
594546 501196
592273 502935
584083 517916
586302 508137
586170 514090
596439 504182
586303 520858
594414 508578
587670 510264
586417 513121
586737 511049
600747 504800
586575 523231
594528 509367
587762 511624
586794 515504
604590 505143
588974 523761
595829 511538
589023 511679
610196 510939
589085 526129
592034 514352
600089 512424
589668 523533
601520 516110
592373 527070
594246 520005
598928 517287
595980 518427
602749 522127
618109 537184
