30560 514.882
111406 125089
134088 108093
116118 110525
113181 110664
113181 110664
113181 110664
113181 110664
115657 110338
113181 110664
113181 110664
113181 110664
113181 110664
113181 110664
113181 110664
113181 110664
113181 110664
113181 110664
113181 110664
113181 110664
113181 110664
113181 110664
113181 110664
113181 110664
113181 110664
113181 110664
113181 110664
113181 110664
113181 110664
114949 110222
113181 110664
113181 110664
113181 110664
113181 110664
113181 110664
113181 110664
113181 110664
113181 110664
113181 110664
113260 110657
113181 110664
113181 110664
113181 110664
113181 110664
113181 110664
113181 110664
113181 110664
113181 110664
113181 110664
113181 110664
113181 110664
113181 110664
113181 110664
113181 110664
113181 110664
113181 110664
113181 110664
113181 110664
113181 110664
113181 110664
113181 110664
113181 110664
113181 110664
113181 110664
113181 110664
113181 110664
113181 110664
113181 110664
113181 110664
113181 110664
113181 110664
113181 110664
113181 110664
113181 110664
113181 110664
113181 110664
113181 110664
113181 110664
113181 110664
113181 110664
113181 110664
113181 110664
113181 110664
113181 110664
113181 110664
113181 110664
113181 110664
113181 110664
113181 110664
113181 110664
113181 110664
113181 110664
113181 110664
113181 110664
113181 110664
113181 110664
113181 110664
113181 110664
113181 110664
113181 110664
113181 110664
113181 110664
113181 110664
113181 110664
113181 110664
113181 110664
113181 110664
113181 110664
113181 110664
113181 110664
113181 110664
113181 110664
113181 110664
113181 110664
113181 110664
113181 110664
113181 110664
113181 110664
113181 110664
113181 110664
113181 110664
113181 110664
113181 110664
113181 110664
113181 110664
113181 110664
115422 109674
113181 110664
113181 110664
113181 110664
113181 110664
113181 110664
113181 110664
113181 110664
113181 110664
113181 110664
113181 110664
113181 110664
113181 110664
113181 110664
113181 110664
113181 110664
113181 110664
113181 110664
113181 110664
113181 110664
113181 110664
113181 110664
113181 110664
113181 110664
113181 110664
113181 110664
113181 110664
113181 110664
114949 110222
113181 110664
113181 110664
112942 110965
113181 110664
113181 110664
113181 110664
113429 111303
113181 110664
113181 110664
113181 110664
113181 110664
113181 110664
113181 110664
113181 110664
113181 110664
113181 110664
113181 110664
113181 110664
113181 110664
113181 110664
113181 110664
113181 110664
113181 110664
113181 110664
113181 110664
113181 110664
113181 110664
113181 110664
113181 110664
113181 110664
113181 110664
113181 110664
113181 110664
113181 110664
113181 110664
113181 110664
113181 110664
113181 110664
113181 110664
113181 110664
113181 110664
113181 110664
115192 110911
113181 110664
113181 110664
113181 110664
113181 110664
113181 110664
113181 110664
115422 109674
113181 110664
113181 110664
113181 110664
113181 110664
113181 110664
113181 110664
113181 110664
113181 110664
118485 110612
113181 110664
113181 110664
113181 110664
113181 110664
113181 110664
113181 110664
113181 110664
113181 110664
113181 110664
113181 110664
113181 110664
113181 110664
113181 110664
113181 110664
113181 110664
113181 110664
113181 110664
113181 110664
113181 110664
113181 110664
113181 110664
113181 110664
113181 110664
113181 110664
113181 110664
113181 110664
113181 110664
113181 110664
113181 110664
113181 110664
113181 110664
113181 110664
113181 110664
113181 110664
113181 110664
113181 110664
118485 110612
113181 110664
113181 110664
113181 110664
113181 110664
113181 110664
113181 110664
113181 110664
113181 110664
113181 110664
113181 110664
113181 110664
113181 110664
113181 110664
113181 110664
113181 110664
113181 110664
113181 110664
113181 110664
113181 110664
113181 110664
113181 110664
113181 110664
113181 110664
113181 110664
113181 110664
113181 110664
113181 110664
113181 110664
113181 110664
113181 110664
113181 110664
113181 110664
113181 110664
113181 110664
113181 110664
113181 110664
113181 110664
113181 110664
113181 110664
113181 110664
113181 110664
113181 110664
113181 110664
113181 110664
113181 110664
114530 110610
113181 110664
113181 110664
113181 110664
113181 110664
