13502 444.559
215866 114095
122786 210405
122786 210405
122848 205743
212082 114622
209153 114724
212640 114403
143454 160146
143609 157627
199191 115810
214888 114197
164324 130789
172871 124581
201843 115591
150909 144438
141200 162629
173685 124277
166406 129690
158352 135780
197880 115928
144248 154575
153217 141429
159395 134703
127710 188150
181629 120768
131975 175051
133966 171104
123462 201575
136999 166431
168900 128152
200374 115666
127290 191067
204646 115269
206048 115081
149549 146198
154209 140034
130883 178128
133734 171931
176906 122543
152802 142125
137295 165729
126410 192150
180437 121047
151334 143826
154994 138875
126069 193330
130202 180654
169106 127584
128712 184947
124963 197307
144160 155726
123248 202544
130474 178871
175084 123676
170482 126729
191633 117828
159631 133929
145999 151672
124726 198181
139937 162719
150360 145003
207296 115042
149974 145586
142947 160687
167538 128928
172365 125127
127607 188732
133392 172309
146294 150983
135732 167947
132398 174382
151708 143547
126147 192439
142658 160901
180872 120920
160001 133726
147654 148441
141689 161960
203442 115321
147136 149704
124613 198540
152115 143098
137723 165432
156359 137557
196591 116502
138586 164141
138137 164825
188717 118707
172097 125346
189685 118357
144887 153486
197296 116470
168119 128421
122850 205231
124219 199881
125132 196292
185723 119305
163122 131670
155930 137891
200169 115708
207384 114879
155527 138436
164980 130385
189203 118545
156645 137176
125270 195702
125694 194794
134566 170164
175748 123230
130372 179219
133096 172815
143848 156241
169554 127149
161453 133383
128571 185379
129466 181877
162271 132352
123712 201155
145543 151805
139225 163775
184617 119804
131019 177631
128051 186416
129021 183366
129156 182631
165710 129989
158931 135114
149127 146528
163422 131111
149074 146965
154850 139682
146542 150694
123223 202961
153657 141097
186951 119060
182294 120501
131792 175642
145293 152225
177649 122346
127916 187151
148706 147343
183676 119959
123969 200301
124965 196795
128356 185873
154036 140651
195402 116757
192270 117716
127018 191601
135158 169048
141444 162157
161869 132625
135436 168453
182431 120363
178969 121496
178239 121892
176404 122826
179621 121350
197774 116308
196037 116622
205090 115198
160623 133446
187323 118971
144894 152749
167538 128928
175464 123534
184020 119940
123967 200813
125931 193920
125694 194794
185440 119665
157079 136955
208362 114777
202607 115361
214888 114197
171544 125806
205568 115082
167897 128530
132662 173931
176176 122939
131101 177082
129452 182125
144649 153920
144498 154155
143454 160146
178239 121892
194624 116788
152578 142517
152440 142811
128810 183993
132958 173425
139512 163331
139834 162805
142114 161348
187973 118713
162690 132189
138010 164988
171591 125759
157936 136109
127368 190118
129760 181154
138713 163978
202296 115453
166328 129760
124274 199208
171097 126359
157451 136519
142114 161348
171097 126359
131416 176539
136315 167554
192919 117635
185115 119794
148272 147643
150153 145242
147270 148893
136574 166847
136315 167554
134262 170598
135031 169211
169913 126751
162952 132016
191079 118093
190268 118219
155851 138401
123007 204442
129760 181154
154984 139587
122988 204479
147268 149024
145045 152514
194480 116866
193867 116940
187904 118909
146729 150190
157823 136264
146886 150124
123160 203695
203274 115351
158931 135114
165498 130167
174428 124080
127472 189467
129054 182979
127916 187151
193156 117233
183024 120105
209153 114724
208362 114777
163422 131111
131329 176877
143741 156993
128160 186137
136574 166847
128810 183993
130237 179954
191079 118093
153710 140700
144009 155961
131596 176152
157296 136733
183024 120105
179621 121350
178969 121496
127018 191601
161782 133008
135690 168446
177649 122346
193723 117018
193300 117155
123160 203695
212373 114471
195669 116689
148103 148148
130237 179954
143741 156993
143609 157627
169855 127053
174428 124080
186320 119169
127368 190118
127472 189467
148072 148215
134781 169631
165242 130381
186320 119169
133087 173319
192652 117703
148408 147480
134414 170594
190268 118219
139409 163417
125270 195702
125931 193920
124274 199208
132535 174094
161637 133198
131690 175990
160623 133446
134781 169631
