7047 532.176
1.53211e+06 1.51932e+06
1.5145e+06 1.5516e+06
1.55952e+06 1.50148e+06
1.50785e+06 1.59737e+06
1.5924e+06 1.49952e+06
1.51357e+06 1.58494e+06
1.60372e+06 1.49913e+06
1.487e+06 1.623e+06
1.60432e+06 1.48631e+06
1.56964e+06 1.51548e+06
1.52353e+06 1.55487e+06
1.5147e+06 1.58043e+06
1.51769e+06 1.5711e+06
1.51162e+06 1.6104e+06
1.63542e+06 1.48884e+06
1.54452e+06 1.52687e+06
1.58751e+06 1.50266e+06
1.54921e+06 1.52498e+06
1.5284e+06 1.55226e+06
1.53883e+06 1.54658e+06
1.63188e+06 1.49124e+06
1.60667e+06 1.4996e+06
1.54275e+06 1.54082e+06
1.59136e+06 1.50219e+06
1.53409e+06 1.551e+06
1.58065e+06 1.50917e+06
1.58154e+06 1.50827e+06
1.63031e+06 1.4941e+06
1.61322e+06 1.49755e+06
1.6103e+06 1.49909e+06
1.55874e+06 1.52484e+06
1.61738e+06 1.497e+06
1.51671e+06 1.57909e+06
1.61464e+06 1.49711e+06
1.54158e+06 1.54566e+06
1.54447e+06 1.53219e+06
1.49644e+06 1.62467e+06
1.65218e+06 1.48841e+06
1.55539e+06 1.52805e+06
1.58384e+06 1.51758e+06
1.53997e+06 1.55337e+06
1.54892e+06 1.53538e+06
1.54406e+06 1.54648e+06
1.57027e+06 1.52109e+06
1.53579e+06 1.56117e+06
1.5429e+06 1.54934e+06
1.56404e+06 1.52544e+06
1.57311e+06 1.51904e+06
1.54833e+06 1.53726e+06
1.54699e+06 1.54248e+06
1.555e+06 1.53088e+06
1.57218e+06 1.51934e+06
1.53939e+06 1.55764e+06
1.54757e+06 1.54122e+06
1.53891e+06 1.55946e+06
1.56642e+06 1.52488e+06
1.53451e+06 1.56303e+06
1.56546e+06 1.525e+06
1.55492e+06 1.53525e+06
1.56538e+06 1.52535e+06
1.56608e+06 1.52499e+06
1.52464e+06 1.56338e+06
1.59483e+06 1.51712e+06
1.66331e+06 1.59074e+06
1.64813e+06 1.62841e+06
1.64391e+06 1.64823e+06
1.63871e+06 1.61722e+06
1.62816e+06 1.56852e+06
1.58428e+06 1.61339e+06
1.60186e+06 1.61224e+06
1.61531e+06 1.66226e+06
1.64704e+06 1.60212e+06
1.63804e+06 1.59299e+06
1.62418e+06 1.58062e+06
1.61901e+06 1.56325e+06
1.65591e+06 1.59338e+06
1.62241e+06 1.57346e+06
1.60578e+06 1.56748e+06
1.60774e+06 1.57982e+06
1.68074e+06 1.58414e+06
1.58792e+06 1.61042e+06
1.6323e+06 1.58524e+06
1.56921e+06 1.56695e+06
1.57406e+06 1.58412e+06
1.6567e+06 1.58729e+06
1.65306e+06 1.6235e+06
1.63094e+06 1.57548e+06
1.62575e+06 1.54672e+06
1.6094e+06 1.566e+06
1.62048e+06 1.62109e+06
1.59606e+06 1.591e+06
1.60531e+06 1.59859e+06
1.66537e+06 1.58194e+06
1.63384e+06 1.57077e+06
1.62315e+06 1.59354e+06
1.62622e+06 1.62909e+06
1.58927e+06 1.57333e+06
1.58851e+06 1.5867e+06
1.65837e+06 1.607e+06
1.66807e+06 1.64111e+06
1.64199e+06 1.61058e+06
1.62921e+06 1.57512e+06
1.62779e+06 1.59901e+06
1.67427e+06 1.60269e+06
1.60612e+06 1.61571e+06
1.59116e+06 1.5896e+06
1.63512e+06 1.57542e+06
1.61228e+06 1.62268e+06
1.5995e+06 1.61501e+06
1.60592e+06 1.6056e+06
1.65797e+06 1.5798e+06
1.64293e+06 1.57252e+06
1.63194e+06 1.55405e+06
1.653e+06 1.63284e+06
1.58486e+06 1.57695e+06
1.64557e+06 1.583e+06
1.6351e+06 1.59682e+06
1.64745e+06 1.59425e+06
1.58089e+06 1.55714e+06
1.6334e+06 1.58995e+06
1.60747e+06 1.58773e+06
1.6188e+06 1.57837e+06
1.64023e+06 1.62676e+06
1.5921e+06 1.62399e+06
1.62748e+06 1.63932e+06
1.66646e+06 1.59794e+06
1.59132e+06 1.62298e+06
1.64057e+06 1.56645e+06
1.585e+06 1.61326e+06
1.61125e+06 1.59023e+06
1.62673e+06 1.61353e+06
1.59709e+06 1.56249e+06
1.64169e+06 1.59099e+06
1.63014e+06 1.57196e+06
1.65079e+06 1.57336e+06
1.59271e+06 1.58682e+06
1.62083e+06 1.64842e+06
1.61045e+06 1.63862e+06
1.65953e+06 1.59357e+06
1.66851e+06 1.58809e+06
1.59705e+06 1.55892e+06
1.58179e+06 1.62424e+06
1.59685e+06 1.61958e+06
1.67093e+06 1.61098e+06
1.67354e+06 1.59415e+06
1.62706e+06 1.61717e+06
1.64143e+06 1.62507e+06
1.63534e+06 1.59292e+06
1.61489e+06 1.57354e+06
1.62718e+06 1.59065e+06
1.6275e+06 1.6193e+06
1.59368e+06 1.61847e+06
1.63086e+06 1.60466e+06
1.61303e+06 1.60899e+06
1.64563e+06 1.60562e+06
1.60703e+06 1.58954e+06
1.60482e+06 1.56514e+06
1.63714e+06 1.55593e+06
1.65289e+06 1.61167e+06
1.62317e+06 1.606e+06
1.62854e+06 1.63182e+06
1.62754e+06 1.63304e+06
1.59804e+06 1.58323e+06
1.6e+06 1.61346e+06
1.59123e+06 1.61924e+06
1.66367e+06 1.5974e+06
1.67558e+06 1.58121e+06
1.65959e+06 1.60439e+06
1.64851e+06 1.57992e+06
1.61036e+06 1.5744e+06
1.61877e+06 1.60046e+06
1.64539e+06 1.6398e+06
1.65406e+06 1.60405e+06
1.62097e+06 1.62522e+06
1.634e+06 1.6005e+06
1.61386e+06 1.62135e+06
1.61839e+06 1.61354e+06
1.6347e+06 1.64e+06
1.59721e+06 1.63421e+06
1.61754e+06 1.59882e+06
1.66411e+06 1.59482e+06
1.64158e+06 1.56709e+06
1.62446e+06 1.58957e+06
1.66177e+06 1.62986e+06
1.63408e+06 1.60269e+06
1.58446e+06 1.61964e+06
1.6652e+06 1.57001e+06
1.63023e+06 1.58193e+06
1.6381e+06 1.57485e+06
1.65615e+06 1.57203e+06
1.60781e+06 1.64718e+06
1.59132e+06 1.59616e+06
1.66673e+06 1.61024e+06
1.6491e+06 1.62531e+06
1.62234e+06 1.5713e+06
1.60189e+06 1.62109e+06
1.61512e+06 1.60992e+06
1.62739e+06 1.63455e+06
1.62603e+06 1.5913e+06
1.62424e+06 1.59407e+06
1.63893e+06 1.5933e+06
1.6337e+06 1.59298e+06
1.62566e+06 1.62353e+06
1.6125e+06 1.62156e+06
1.63326e+06 1.59031e+06
1.67594e+06 1.58117e+06
1.6633e+06 1.55589e+06
1.66821e+06 1.59998e+06
1.59571e+06 1.59062e+06
1.6466e+06 1.62039e+06
1.62005e+06 1.57405e+06
1.60783e+06 1.56605e+06
1.5855e+06 1.60813e+06
1.64448e+06 1.58618e+06
1.68006e+06 1.59604e+06
1.62467e+06 1.63146e+06
1.63836e+06 1.64022e+06
1.62862e+06 1.65883e+06
1.66066e+06 1.63463e+06
1.61562e+06 1.59845e+06
1.61023e+06 1.63732e+06
1.5818e+06 1.59303e+06
1.63653e+06 1.58705e+06
1.61052e+06 1.61558e+06
1.65642e+06 1.60563e+06
1.62796e+06 1.63784e+06
1.58804e+06 1.59943e+06
1.62404e+06 1.55105e+06
1.61214e+06 1.6048e+06
1.59445e+06 1.61298e+06
1.67097e+06 1.60202e+06
1.64797e+06 1.6057e+06
1.58835e+06 1.59909e+06
1.66304e+06 1.61e+06
1.64196e+06 1.59572e+06
1.59813e+06 1.58944e+06
1.63287e+06 1.61655e+06
1.68505e+06 1.62124e+06
1.59865e+06 1.62122e+06
1.62216e+06 1.6133e+06
1.63179e+06 1.59066e+06
1.66861e+06 1.63103e+06
1.65243e+06 1.57443e+06
1.61588e+06 1.65308e+06
1.5966e+06 1.61346e+06
1.64392e+06 1.65256e+06
1.62069e+06 1.63516e+06
1.68111e+06 1.60032e+06
1.65431e+06 1.61237e+06
1.63026e+06 1.56663e+06
1.66292e+06 1.6481e+06
1.64764e+06 1.59186e+06
1.60168e+06 1.59438e+06
1.67313e+06 1.58565e+06
1.59992e+06 1.63152e+06
1.61818e+06 1.5577e+06
1.61615e+06 1.60037e+06
1.61888e+06 1.5974e+06
1.57429e+06 1.6381e+06
1.58816e+06 1.59483e+06
1.62697e+06 1.59243e+06
1.5749e+06 1.58244e+06
1.64059e+06 1.58303e+06
1.62276e+06 1.61456e+06
1.64074e+06 1.63776e+06
1.61721e+06 1.57554e+06
1.63946e+06 1.59421e+06
1.63252e+06 1.58358e+06
1.59136e+06 1.57146e+06
1.60989e+06 1.58531e+06
1.6396e+06 1.61199e+06
1.61507e+06 1.6199e+06
1.64101e+06 1.60877e+06
1.60158e+06 1.65623e+06
1.619e+06 1.60158e+06
1.59793e+06 1.60025e+06
1.57042e+06 1.63923e+06
1.60082e+06 1.62418e+06
1.63403e+06 1.61038e+06
1.65787e+06 1.5978e+06
1.62365e+06 1.61338e+06
1.61266e+06 1.62851e+06
1.66016e+06 1.60808e+06
1.60672e+06 1.6351e+06
1.65123e+06 1.53319e+06
1.62627e+06 1.62331e+06
1.61327e+06 1.58801e+06
1.61444e+06 1.59615e+06
1.61396e+06 1.56421e+06
1.64244e+06 1.58625e+06
1.64971e+06 1.64391e+06
1.61707e+06 1.54155e+06
1.66074e+06 1.59743e+06
1.62872e+06 1.62002e+06
1.6389e+06 1.635e+06
1.65242e+06 1.61665e+06
1.64511e+06 1.62636e+06
1.64224e+06 1.60801e+06
1.62551e+06 1.61326e+06
1.61275e+06 1.62459e+06
