1 0.0657029
808149 822651
821061 805504
815134 824745
803674 795226
814010 808041
795321 802284
798134 831475
837550 791163
808426 819678
814493 815437
795309 817747
795319 824288
823365 797943
826266 833760
798878 783170
812369 802191
823348 781395
856925 796094
784864 799734
823348 781395
811200 797304
785167 813392
815800 789284
807656 778266
787262 798856
834676 792633
817596 795525
815558 786294
800754 768790
826333 815029
828254 785861
795531 818424
815435 802068
818058 798201
820614 801385
794715 844371
829900 796869
833032 816286
817937 804254
801986 800132
800942 785044
806747 794202
820775 786720
810427 798546
802949 809202
819572 797957
798310 843036
806511 815451
808289 790217
798310 843036
800969 844982
830574 787591
812726 835536
819954 779299
815435 802068
815159 820743
800168 815098
806069 770698
818698 796575
814346 800749
789112 821721
819319 808311
816768 831443
802674 794517
786338 797566
774806 839040
828552 812524
782626 825245
798878 783170
789758 791170
789112 821721
828100 802326
796193 779930
802556 790507
789758 791170
812906 793983
834676 792633
846973 790439
784701 787027
824704 798563
860483 791562
809673 799363
804596 779393
820550 780937
820775 786720
779823 804926
784864 799734
823969 792818
802949 809202
823365 797943
844059 793929
800111 784254
816971 803573
819823 791938
782626 825245
797828 805149
818436 791901
810182 803652
812556 789711
819319 808311
818856 817369
800942 785044
824218 787261
818270 807707
810614 787329
800749 797406
823659 790259
824218 787261
825562 783130
820098 816345
795309 817747
800168 815098
813535 795415
792439 792793
806418 815664
812906 793983
800749 797406
806487 816982
784701 787027
816768 831443
846003 777247
811476 806677
814990 812171
811562 790558
811408 812137
807741 824863
781412 808688
806090 802919
814346 800749
774806 839040
833950 799982
844059 793929
843641 809401
805160 802509
795268 779596
809011 800194
809086 803855
815833 815436
831295 804615
812602 791231
841849 775277
812843 793852
830220 805644
801555 785642
798262 809936
806283 797197
809017 797769
794226 795995
811878 801563
810182 803652
800657 796781
815420 813853
825661 807557
802081 798209
815800 789284
809603 798860
841658 791487
824922 810704
835063 781176
806090 802919
799074 784457
847980 776541
801656 809607
808515 821186
819974 774657
816971 803573
812555 818641
796349 791823
813210 834323
807186 794045
846003 777247
819924 822218
808289 790217
792185 810959
813086 807930
809391 784732
853024 778838
767179 838499
801555 785642
812843 793852
812985 797339
833950 799982
815833 812452
810026 784326
818856 817369
815558 786294
793668 794006
823316 799458
809391 784732
800111 784254
816999 792845
777911 812954
808076 802317
837734 781260
829641 809502
797892 790853
802556 790507
802495 826686
808660 820161
809017 797769
799558 807738
823415 773402
806898 825527
798134 831475
814929 804733
814755 789040
794226 795995
819481 821716
841658 791487
822675 811441
807270 802938
794795 788701
809086 803855
792067 833769
814929 804733
810058 788149
814200 792217
808515 821186
816286 799722
817596 795525
833604 781698
792439 792793
813204 803798
809128 816974
819974 774657
841193 778827
804871 808713
853024 778838
820127 765720
828185 791146
803982 795243
795394 810339
792623 791010
817674 814642
793590 836078
801819 818200
813535 795415
821558 783331
836887 795928
803674 795226
810614 787329
815694 789099
809011 800194
798262 809936
822266 811115
813166 795824
823328 791914
858043 800285
819572 797957
795531 818424
817476 801614
818270 807707
821558 783331
813166 795824
799558 807738
795934 782472
817937 804254
817476 801614
858043 800285
813086 807930
821129 830711
798212 811145
818955 815255
815482 835512
804366 809117
806487 816982
823328 791914
794795 788701
823659 790259
785167 813392
807656 778266
793890 795871
823316 799458
824704 798563
782380 841018
798212 811145
809826 841950
807986 867757
819293 819379
821869 820742
802495 826686
817293 823947
802674 794517
813556 820011
828185 791146
792185 810959
815159 820743
801986 800132
833032 816286
800302 812041
831295 804615
814755 789040
812843 793852
795934 782472
811408 812137
789972 785628
792623 791010
820127 765720
811878 801563
824804 805887
