4841 10.0714
146816 124725
126172 147521
137999 133177
129611 137659
126172 147521
129611 137659
146503 130007
134902 135634
126172 147521
129611 137659
146816 124725
141666 131975
126172 147521
144926 130577
142845 131906
146816 124725
144448 131042
142845 131906
141666 131975
141666 131975
146503 130007
146503 130007
134902 135634
141666 131975
144448 131042
141666 131975
144448 131042
141666 131975
144448 131042
144448 131042
141666 131975
141666 131975
141666 131975
141666 131975
141666 131975
144448 131042
144448 131042
141666 131975
141666 131975
141666 131975
146503 130007
141666 131975
141666 131975
141666 131975
141666 131975
141666 131975
141666 131975
141666 131975
141666 131975
141666 131975
144448 131042
141666 131975
141666 131975
141666 131975
144448 131042
141666 131975
126172 147521
141666 131975
141666 131975
141666 131975
141666 131975
144448 131042
141666 131975
144448 131042
141666 131975
141666 131975
141666 131975
141666 131975
141666 131975
141666 131975
141666 131975
141666 131975
141666 131975
141666 131975
141666 131975
141666 131975
141666 131975
141666 131975
141666 131975
141666 131975
141666 131975
141666 131975
141666 131975
141666 131975
141666 131975
126172 147521
126172 147521
141666 131975
141666 131975
141666 131975
126172 147521
141666 131975
141666 131975
141666 131975
141666 131975
141666 131975
141666 131975
129611 137659
141666 131975
141666 131975
141666 131975
141666 131975
144448 131042
141666 131975
141666 131975
141666 131975
141666 131975
129611 137659
141666 131975
141666 131975
146503 130007
141666 131975
126172 147521
141666 131975
141666 131975
141666 131975
141666 131975
141666 131975
141666 131975
141666 131975
144448 131042
141666 131975
141666 131975
141666 131975
141666 131975
141666 131975
144448 131042
141666 131975
141666 131975
141666 131975
141666 131975
144448 131042
141666 131975
141666 131975
141666 131975
141666 131975
141666 131975
141666 131975
141666 131975
141666 131975
141666 131975
141666 131975
141666 131975
141666 131975
141666 131975
141666 131975
141666 131975
141666 131975
141666 131975
146503 130007
141666 131975
141666 131975
141666 131975
141666 131975
141666 131975
141666 131975
141666 131975
141666 131975
144448 131042
141666 131975
141666 131975
141666 131975
141666 131975
126172 147521
141666 131975
144448 131042
141666 131975
141666 131975
141666 131975
144448 131042
141666 131975
141666 131975
141666 131975
141666 131975
141666 131975
141666 131975
141666 131975
141666 131975
141666 131975
141666 131975
141666 131975
141666 131975
141666 131975
141666 131975
141666 131975
141666 131975
141666 131975
141666 131975
141666 131975
141666 131975
141666 131975
141666 131975
144448 131042
144926 130577
141666 131975
134902 135634
146503 130007
141666 131975
141666 131975
142845 131906
144448 131042
146816 124725
144448 131042
126172 147521
141666 131975
129611 137659
126172 147521
146503 130007
129611 137659
137999 133177
126172 147521
141666 131975
141666 131975
141666 131975
146503 130007
141666 131975
141666 131975
141666 131975
144448 131042
144448 131042
141666 131975
141666 131975
141666 131975
141666 131975
144448 131042
144448 131042
141666 131975
144448 131042
141666 131975
141666 131975
141666 131975
141666 131975
141666 131975
141666 131975
141666 131975
144448 131042
141666 131975
141666 131975
141666 131975
141666 131975
144448 131042
141666 131975
141666 131975
141666 131975
141666 131975
141666 131975
144448 131042
141666 131975
141666 131975
141666 131975
141666 131975
141666 131975
141666 131975
141666 131975
146503 130007
141666 131975
141666 131975
141666 131975
141666 131975
141666 131975
141666 131975
141666 131975
141666 131975
141666 131975
141666 131975
126172 147521
141666 131975
129611 137659
141666 131975
141666 131975
141666 131975
141666 131975
141666 131975
141666 131975
141666 131975
141666 131975
141666 131975
141666 131975
126172 147521
126172 147521
141666 131975
141666 131975
141666 131975
146503 130007
141666 131975
141666 131975
141666 131975
141666 131975
141666 131975
141666 131975
126172 147521
141666 131975
141666 131975
141666 131975
129611 137659
141666 131975
141666 131975
141666 131975
141666 131975
144448 131042
