13 0.514713
814707 836269
784513 809907
856041 836984
792326 801610
827438 842954
828206 792050
824265 817163
831705 793878
826453 788386
804074 795111
844440 808820
828375 805148
821547 809990
838131 836751
834269 812679
815879 823597
807874 782334
811460 816997
827772 794877
809699 827977
815946 814449
806541 817696
818112 825522
833329 806600
794578 788647
788317 813410
828693 837410
840885 798255
805551 789344
824231 818292
789645 781064
822073 836102
827524 797760
808567 807097
827357 818448
825079 819079
846269 811894
811836 802570
819895 837868
832595 826378
812994 809320
807416 830396
828563 795910
849238 793948
828023 809228
810633 796239
834084 777301
810554 810460
769392 827317
832363 834615
819544 801097
798693 831419
803789 811107
823918 807279
847957 795022
811997 838811
814275 787831
827056 812936
821067 803102
802191 835513
843622 846052
787325 816365
825418 832514
843511 811274
825284 806756
819190 821326
834082 815022
842158 818031
802103 788423
817185 789198
801133 838745
824775 813274
814283 813367
843553 819438
839114 807886
770349 800317
799127 805469
802561 804439
846495 801987
845797 810344
781622 767091
815829 818501
813820 802469
846348 805537
837048 812785
823145 838785
823573 801026
811209 806701
825437 804756
817314 815376
837058 811229
821748 829062
846898 810175
838497 795625
814708 799096
813455 837167
813085 790779
822386 804787
788658 803977
803831 821545
857030 843876
823575 763555
815659 824801
803741 831789
816124 818181
801493 814335
821698 825736
851362 812316
817722 816906
792439 799787
842308 803887
786667 818329
817037 771028
803528 797460
826133 830062
828340 781337
810904 782730
835218 810158
800047 799007
844973 801140
838875 809071
827175 801798
822615 804761
832561 804803
806581 797794
826860 807705
815595 822898
813207 792966
810460 805379
851139 824491
812035 801726
799792 815021
802571 818553
829127 812688
823966 812017
818696 816929
794542 825582
806378 839661
809084 801747
791854 823030
797324 835495
837613 796140
808446 790422
829722 804702
821422 829618
837969 833630
828199 789303
811854 821383
842278 810203
857409 810154
814410 774132
837014 814394
816139 774348
833849 816163
842906 799713
818117 785579
803634 782893
840515 824170
794433 796350
842362 828452
830974 799937
808301 799070
812968 837227
830485 800479
831327 814614
844538 810273
769554 836975
833039 798747
821810 814494
804920 772695
841610 820905
842871 823071
815698 801056
833096 836423
817386 815864
811565 792766
826164 781608
814980 816313
808969 839629
805497 794353
811364 834310
807197 795625
862255 816567
815227 801225
800019 817740
803257 815053
814183 806143
813670 803988
815088 825432
816785 804417
806422 789455
813286 812385
826504 831220
824418 832677
813402 790425
803469 808519
816738 806830
845276 803009
811788 791311
822797 782058
836329 828865
824709 790210
848028 799883
827879 808979
833864 803596
845238 795559
794841 811081
818710 783543
843530 811533
829515 798345
834279 799189
804648 789705
808523 788182
802589 814461
831882 818531
827068 810814
798234 818463
826254 819629
827850 821334
783995 818999
814253 805164
802961 813328
849752 801782
807325 786163
793238 804534
825216 800893
826522 805152
819523 794442
814103 805623
823192 798897
821421 826452
831690 812477
842183 812277
819254 822425
838821 810736
805126 825701
820686 790878
824747 805433
834677 826598
817151 775538
836909 774117
833452 795440
773821 815628
796402 832223
805642 803165
804948 780754
837783 815193
810023 829644
833118 811910
844493 828359
827450 798481
799510 804896
847485 798320
824493 828742
804516 814416
825617 835129
827104 834808
802925 793674
786084 819708
805498 826490
825995 801286
785428 811128
809718 816963
828482 799665
807807 824709
795721 831850
812195 782107
820273 845910
792124 792202
810564 796572
816449 779357
829129 821740
844272 843440
823999 811474
805784 801686
805458 810067
840478 828805
826037 818378
821540 824309
802170 802863
807702 808734
813346 795941
817790 838453
830613 829876
818438 798955
823591 810220
839674 782787
833473 781740
809728 809083
801957 825770
838323 814502
781214 799239
838920 782292
823022 804356
858860 825274
821808 860367
811797 803875
833032 816045
813855 796584
838458 826249
