668 36.9773
717511 567678 584681
688070 556653 601083
639429 660385 552742
611416 690202 573222
594600 657209 648193
594000 666736 606400
717511 567678 584681
695810 592911 579584
599615 634520 632181
599384 643558 643087
630813 601606 618528
681404 557786 589065
628661 627623 593647
615898 674860 565228
623746 669727 561601
632479 594409 620505
626007 611501 630288
695810 592911 579584
607691 641280 628933
613339 621869 617540
647122 561869 610211
634647 680310 559107
673694 575691 588128
666806 576376 593094
613339 621869 617540
647122 561869 610211
634647 680310 559107
630060 686843 559606
630813 601606 618528
688955 576004 584919
679333 630532 582110
625819 614429 606729
611416 690202 573222
650218 571680 607591
673694 575691 588128
596913 675103 602602
598072 644429 623816
623746 669727 561601
652285 637896 580811
603372 665718 596964
636649 667151 555772
608997 661654 576580
644918 648328 571912
615898 674860 565228
605038 656029 618078
630060 686843 559606
621892 630832 585707
626007 611501 630288
657759 584523 594963
607959 651599 591210
636997 665304 568562
606020 657645 616397
632479 594409 620505
650218 571680 607591
594462 664038 625709
653760 587444 586836
598908 642733 646324
608997 661654 576580
607959 651599 591210
617841 634184 607451
625819 614429 606729
660147 573518 605671
639429 660385 552742
639422 577502 623623
599384 643558 643087
594462 664038 625709
642961 648423 577141
633297 588951 611862
636649 667151 555772
664135 583126 585507
665481 581773 591347
627176 629937 598905
636997 665304 568562
652406 591095 582934
681404 557786 589065
634540 580451 615036
639352 585765 597476
620268 642352 577533
644918 648328 571912
596913 675103 602602
666806 576376 593094
620268 642352 577533
661301 575198 600430
598908 642733 646324
633297 588951 611862
652285 637896 580811
621318 639681 601009
679333 630532 582110
656789 584226 597726
634514 587265 607324
636673 590830 604811
640976 580974 613829
639514 657002 569984
660147 573518 605671
606020 657645 616397
639422 577502 623623
641900 574675 601499
617841 634184 607451
599615 634520 632181
639514 657002 569984
640049 583858 603607
597701 665776 613343
599510 666581 584322
657759 584523 594963
636104 591257 599440
640049 583858 603607
627176 629937 598905
605038 656029 618078
603372 665718 596964
648587 580787 600004
644488 588281 584700
688070 556653 601083
664135 583126 585507
665481 581773 591347
661301 575198 600430
634540 580451 615036
641900 574675 601499
621318 639681 601009
653760 587444 586836
642961 648423 577141
636104 591257 599440
656789 584226 597726
639352 585765 597476
597701 665776 613343
640976 580974 613829
636673 590830 604811
653374 584373 599237
688955 576004 584919
647899 584176 601360
598072 644429 623816
644488 588281 584700
656972 575336 599859
594000 666736 606400
648587 580787 600004
621892 630832 585707
647899 584176 601360
656972 575336 599859
653374 584373 599237
599510 666581 584322
634514 587265 607324
688955 576004 584919
688070 556653 601083
688070 556653 601083
688070 556653 601083
688070 556653 601083
688070 556653 601083
688070 556653 601083
688070 556653 601083
673694 575691 588128
673694 575691 588128
673694 575691 588128
673694 575691 588128
673694 575691 588128
689858 584764 600442
672516 627829 672982
661503 638568 649503
680217 604991 640537
718418 609370 629846
707061 668756 660264
676763 646018 690289
702184 647336 669693
689779 665319 661865
706195 630432 664175
724821 640314 641175
716383 666895 689602
693672 687165 681850
702814 680632 668877
707182 672660 681184
723760 681740 661291
725149 645635 642391
701171 714738 734009
697158 736097 732942
710726 674443 685768
703951 708029 693794
717143 669179 691409
708890 725698 691925
730206 661873 666668
702241 735039 745552
729892 678402 724954
718583 686535 702172
713178 701643 689171
711572 692283 691885
757910 680718 674372
748261 667929 701991
715082 767651 735009
712366 756182 738278
732476 737173 676147
750892 730266 692264
717034 693551 722168
747286 682132 714510
716340 709361 713777
753913 701838 684072
722467 706094 698331
726265 703695 694308
730477 690606 697486
716010 742153 697657
713339 760232 736705
754841 684390 697105
747640 699158 693016
769147 689096 698699
766475 721189 698047
737028 761111 700809
718011 745221 763924
720496 741715 746297
722944 726475 717082
747405 725705 701815
733675 701469 704163
726685 713786 710795
744192 694974 716477
725290 715952 706483
753199 697460 728554
742158 713682 757034
733714 734228 706231
724604 732007 727080
731788 726563 733093
745363 701521 715397
744083 705813 706632
735383 727933 721322
732768 724012 727630
727241 728766 718381
725644 730348 715918
770381 709205 764933
760156 726801 706843
728027 759133 743441
741885 744934 708364
752955 730329 724249
738948 752362 721476
768039 720798 718259
755880 723015 749691
745628 729072 729761
729509 729953 735793
734589 744939 722126
756307 714186 722511
749359 726220 743585
754641 725187 716126
793454 730073 719791
777606 715921 728256
756223 723882 761326
741245 768875 741254
743712 739105 745490
763988 747461 720272
744160 764207 729863
767199 730437 726515
742589 752272 734532
749467 734491 734563
765023 716909 740403
759360 721649 731882
758323 739224 731516
756755 721790 742639
751431 733442 740802
750561 732532 741660
788874 719926 765544
771018 748776 727015
750485 783472 738374
741403 780056 783187
746408 752089 752072
781653 723028 730694
757863 722217 757531
747807 750147 778717
761676 728224 745875
751974 738917 738079
773044 722487 739474
762876 729933 734386
751717 734300 751413
762317 731444 736023
788946 730403 731829
773417 760003 730724
762760 723803 768347
754065 797902 749664
753771 764269 757635
754067 767086 747666
774105 732874 739044
787437 726802 754416
755960 757947 763647
781994 737273 735374
781815 752580 731065
771625 743608 736626
759378 759283 744635
765906 755328 738505
758845 743119 749998
766594 766621 736179
758487 766774 749242
785603 763372 739975
782924 737701 761702
765629 742880 773920
760269 768596 744714
777085 754857 744837
770896 757249 741794
763039 745131 752096
765214 744780 754229
789474 748521 752383
785672 768590 742472
778595 745231 787338
764321 758408 755151
776510 753278 778679
789331 750006 762291
782629 750119 757512
802562 760960 768409
765540 763498 771731
789847 764845 781236
717511 567678 584681
697922 557231 602285
639429 660385 552742
611416 690202 573222
594600 657209 648193
594000 666736 606400
717511 567678 584681
697922 557231 602285
599615 634520 632181
641547 601524 616999
599384 643558 643087
626007 611501 630288
647122 561869 610211
653760 587444 586836
689547 581739 589735
679333 630532 582110
634647 680310 559107
615898 674860 565228
623746 669727 561601
689547 581739 589735
660092 579795 606488
639429 660385 552742
666806 576376 593094
636649 667151 555772
682348 571037 603836
647122 561869 610211
615898 674860 565228
672004 575785 598144
672004 575785 598144
653760 587444 586836
630060 686843 559606
652406 591095 582934
631933 609959 631700
613339 621869 617540
682348 571037 603836
647127 605135 602476
634647 680310 559107
598072 644429 623816
632479 594409 620505
594462 664038 625709
643060 595824 607475
665452 579968 600193
603372 665718 596964
594462 664038 625709
622122 620757 606914
625819 614429 606729
693224 574267 593656
650218 571680 607591
630060 686843 559606
660092 579795 606488
632479 594409 620505
594600 657209 648193
665452 579968 600193
623681 625485 594263
611416 690202 573222
609140 641475 592109
598908 642733 646324
617841 634184 607451
612828 653783 570731
606532 636892 605145
636649 667151 555772
599384 643558 643087
695810 592911 579584
623746 669727 561601
598072 644429 623816
638870 627053 590609
621892 630832 585707
693224 574267 593656
648780 603442 595276
624392 651633 570103
625819 614429 606729
652285 637896 580811
614047 640564 595678
679333 630532 582110
644918 648328 571912
628661 627623 593647
610549 652540 579460
635821 653417 567329
630239 649523 574474
641547 601524 616999
644918 648328 571912
628661 627623 593647
619979 638633 583653
605588 659727 575903
598908 642733 646324
603372 665718 596964
621277 646284 575404
648780 603442 595276
609140 641475 592109
612012 657685 574765
616368 657655 568600
595303 647509 598696
622122 620757 606914
650359 592411 604480
620268 642352 577533
695810 592911 579584
666806 576376 593094
624392 651633 570103
638870 627053 590609
630239 649523 574474
643060 595824 607475
623681 625485 594263
610653 653067 578025
631933 609959 631700
605588 659727 575903
612754 636108 598970
606532 636892 605145
652285 637896 580811
617841 634184 607451
621277 646284 575404
612754 636108 598970
595303 647509 598696
613339 621869 617540
621892 630832 585707
650359 592411 604480
650218 571680 607591
646351 653237 567764
646351 653237 567764
620268 642352 577533
616368 657655 568600
605552 640219 606797
647127 605135 602476
599510 666581 584322
619979 638633 583653
604616 647772 584543
635821 653417 567329
604616 647772 584543
614047 640564 595678
611803 639318 598384
611803 639318 598384
610653 653067 578025
612828 653783 570731
599615 634520 632181
594000 666736 606400
610549 652540 579460
612012 657685 574765
599510 666581 584322
605552 640219 606797
697922 557231 602285
697922 557231 602285
697922 557231 602285
697922 557231 602285
697922 557231 602285
697922 557231 602285
697922 557231 602285
697922 557231 602285
697922 557231 602285
697922 557231 602285
697922 557231 602285
697922 557231 602285
681398 585521 605803
673182 701523 637333
726191 646769 652062
715990 632304 664061
702613 665467 680769
713127 637486 677426
737536 660168 661196
736712 720527 668375
713996 644117 691187
706477 713957 713864
704968 716053 688066
730654 687362 671058
727169 667951 680382
714210 682141 683110
723109 652146 687081
733477 649924 685242
770992 689877 689866
726195 648380 698777
723647 732789 684322
708051 725998 720526
707396 784527 713045
734160 689240 689952
714961 685006 719782
716319 706597 685256
744069 737717 702446
734185 661976 707658
716574 761837 736186
727200 721999 704203
736891 677679 704203
722427 736308 719886
719319 746995 719423
767251 706682 711703
742373 692686 717567
741969 708783 704745
719382 771041 721618
730100 744635 709638
739731 736919 715312
740691 715530 718094
728862 735460 720111
725697 740418 720334
774262 744546 705704
746686 706227 718754
734465 784665 715381
727903 745689 753068
751414 783499 715130
734021 752496 736279
759974 732106 707691
743987 729079 725944
739651 736205 740449
729804 738577 751093
744883 712912 735937
742470 746291 731206
759601 734499 717902
797616 709385 746510
774056 774256 707964
772744 706867 762775
734977 755741 744015
754481 731376 724835
739799 739396 749030
765899 758688 716756
771288 743093 718938
746799 715669 727848
746288 761950 729615
745014 754815 735307
760160 741592 723069
758456 711337 736355
748940 735976 727842
745412 734545 731330
739971 757299 740184
742530 754949 741377
798177 744844 722314
769128 713368 752755
749455 770256 739295
739975 739789 756775
782904 730432 738034
748495 719247 754094
756685 746502 733069
753032 764808 745412
759680 734401 730528
741246 753343 750858
767157 753659 730384
778242 761609 723125
774666 731011 748933
777819 767499 725381
771931 763324 729035
797998 736808 750159
782077 778480 725961
771961 724884 770330
759849 792084 738066
742460 742317 772523
769815 748675 734689
749819 748996 760072
753233 769278 748972
749758 773677 740443
760007 743416 735113
754729 727465 754411
746079 752396 758592
748290 759414 753754
755654 767370 751434
756882 756119 740282
771440 737139 752841
746202 768924 753839
776718 747354 737560
757123 742180 757229
755494 760162 772786
748330 782625 761104
752502 767865 761315
764432 748606 748746
755024 779355 754114
771454 755721 740946
757023 770200 748369
767761 747108 745134
759533 757640 742176
758859 763453 744201
772690 744173 744829
780153 758719 757573
778369 766686 737916
777621 754081 778760
757358 788822 765323
772525 756640 760029
768316 761436 771178
774337 763140 746880
775503 769567 741825
760786 767699 765251
764124 782597 742626
758948 774276 766938
765814 765930 746519
758178 775403 776510
763005 775226 744157
757427 778490 766147
757390 781196 770345
774538 760916 743630
789342 773874 746410
779506 757813 760048
779420 758704 778318
764159 798558 751464
777359 762985 762837
769785 767967 748067
775632 772076 747430
765867 766844 761621
792297 765442 768300
779224 809607 751263
774889 796470 784180
778525 769112 751283
776175 793084 773349
786833 774559 762929
785790 776100 792334
785047 785774 751527
780289 778883 759486
786849 787415 779090
717511 567678 584681
697922 557231 602285
639429 660385 552742
611416 690202 573222
594600 657209 648193
594000 666736 606400
717511 567678 584681
599615 634520 632181
697922 557231 602285
599384 643558 643087
615898 674860 565228
623746 669727 561601
659095 587302 604392
634647 680310 559107
607691 641280 628933
652285 637896 580811
636649 667151 555772
626007 611501 630288
641547 601524 616999
615898 674860 565228
630060 686843 559606
640629 587522 620891
662151 584740 597534
630060 686843 559606
644918 648328 571912
611416 690202 573222
639514 657002 569984
641768 598439 614854
691995 573825 588960
598072 644429 623816
653760 587444 586836
634647 680310 559107
644918 648328 571912
623746 669727 561601
603372 665718 596964
605038 656029 618078
608997 661654 576580
605038 656029 618078
632479 594409 620505
613339 621869 617540
667773 571986 604885
685198 561378 594438
607959 651599 591210
636649 667151 555772
617841 634184 607451
641768 598439 614854
596913 675103 602602
594462 664038 625709
608997 661654 576580
687789 579032 581539
647122 561869 610211
607959 651599 591210
621892 630832 585707
598908 642733 646324
695810 592911 579584
643246 606390 608423
693841 557753 602880
632479 594409 620505
625819 614429 606729
639429 660385 552742
594462 664038 625709
599384 643558 643087
648780 603442 595276
598072 644429 623816
643790 617819 602828
628661 627623 593647
597701 665776 613343
652406 591095 582934
620268 642352 577533
681443 563147 592011
620268 642352 577533
671932 569337 603613
652406 591095 582934
671932 569337 603613
676462 568599 604987
692684 572232 580876
662789 586062 595889
625819 614429 606729
647065 608039 601070
647065 608039 601070
664522 578531 598431
647702 580367 608978
643790 617819 602828
613339 621869 617540
682427 579991 586136
695810 592911 579584
641102 610660 603600
639514 657002 569984
650218 571680 607591
627176 629937 598905
666806 576376 593094
673139 574482 598225
634823 606642 604897
598908 642733 646324
627176 629937 598905
648620 624717 594359
676969 575640 597089
694793 582656 579858
650218 571680 607591
599510 666581 584322
664522 578531 598431
692212 565664 586736
687207 568951 589363
647966 622645 594719
621892 630832 585707
679196 561835 602532
631771 627808 593038
597701 665776 613343
666806 576376 593094
607691 641280 628933
648620 624717 594359
617841 634184 607451
679333 630532 582110
599615 634520 632181
687207 568951 589363
685198 561378 594438
631771 627808 593038
694793 582656 579858
681028 574578 587984
676462 568599 604987
648780 603442 595276
681443 563147 592011
596913 675103 602602
628661 627623 593647
692212 565664 586736
682427 579991 586136
673139 574482 598225
662789 586062 595889
662441 583107 600105
680886 574146 600439
662441 583107 600105
687789 579032 581539
603372 665718 596964
681028 574578 587984
693841 557753 602880
640629 587522 620891
647122 561869 610211
676969 575640 597089
647702 580367 608978
653760 587444 586836
643246 606390 608423
679333 630532 582110
647966 622645 594719
594000 666736 606400
680886 574146 600439
641102 610660 603600
691995 573825 588960
695810 592911 579584
687207 568951 589363
687207 568951 589363
664522 578531 598431
698058 599707 626411
676895 627462 614300
673783 645703 674335
687467 613705 656624
695362 605547 624103
727154 620428 624992
700339 612679 641251
694667 661490 636807
684387 660993 682857
687235 634419 658355
715481 615045 628463
696440 644265 638576
707825 625898 644997
704526 619993 659631
686921 670891 690577
701817 634608 666253
701871 643066 646981
720732 624935 665903
712445 629380 645621
708657 686669 679012
702039 658590 689564
708377 664698 683276
740149 651031 658651
721949 656636 646133
712721 640680 670923
711448 785271 694344
705324 741600 733023
707484 677133 697291
710609 691040 696493
721659 640760 663842
730383 652002 662089
730065 654278 658825
735080 658107 660567
728359 641260 664306
707908 721143 725149
714462 691523 680497
716915 663219 708730
720455 654084 677813
717317 661426 674096
718496 648682 678257
718935 657888 674865
746767 658238 676060
744444 656692 721220
740170 681067 673416
717080 742554 761240
735812 663746 685712
722231 668108 675033
717596 674712 695453
736826 666490 678052
722419 669357 675474
718553 685213 707427
752934 731588 678917
731028 671075 722412
721572 714576 709042
744413 686592 683790
739233 672740 688039
741061 697683 679393
729040 681826 694499
723534 693119 696463
726356 691912 691872
733795 672022 695830
727177 694409 679523
723849 696987 695142
744856 672110 696113
731715 701259 687217
724228 706224 743634
721944 743034 710951
732448 694031 698277
724226 734915 716721
743630 677074 715624
725832 706547 702184
722680 736859 734705
729150 684610 706309
724498 739503 706139
763152 680314 712043
755183 725300 697316
732999 692985 737758
731778 762997 698786
728884 722524 724482
735099 721552 703783
745099 680364 698169
734684 733956 707361
734799 732417 718784
734937 691698 710682
753065 682534 701035
747430 719049 698757
735246 732586 735326
732999 767957 715742
729000 747473 729655
743347 692700 713561
731138 742084 728908
741201 738243 707628
735806 708900 732921
738588 702769 715686
756222 689870 710967
755428 712488 703121
747556 768921 728375
737463 738558 761477
732500 758489 742998
749017 707301 735339
752003 727729 708293
742379 717328 730633
738604 751136 751070
751665 712580 719733
740149 739479 750174
748177 749515 717406
740847 736742 750422
741787 709567 734057
790694 707425 753365
767151 709728 761616
759481 780796 704139
733252 759645 748548
743174 753774 748113
753237 730812 727469
752742 764434 723702
764246 715404 714186
760828 723647 722172
748041 724812 733645
744656 726884 742612
766700 724650 708762
757335 714805 740406
761117 712712 732266
755453 712505 741236
787862 747768 720232
775097 751751 721745
770541 718917 749414
745551 746275 762262
756881 737635 727720
748128 725937 738632
777658 720484 735956
755745 732893 737748
771648 728271 732777
772805 763140 732228
752145 728676 749028
749410 795159 753821
764875 742542 740784
767320 773553 735940
814594 755018 764778
783567 740170 770508
776687 771466 734978
759909 746449 780847
758696 785728 756535
752995 762504 779877
773565 781921 738257
807953 750140 765136
754868 771678 777631
771796 755526 767559
778042 785881 761328
781173 788912 766583
