2282 479.703
1.5767e+06 1.35828e+06 1.41029e+06 1.42724e+06
1.53539e+06 1.32448e+06 1.4488e+06 1.46464e+06
1.52938e+06 1.45572e+06 1.34491e+06 1.48338e+06
1.47182e+06 1.42635e+06 1.45547e+06 1.30688e+06
1.44969e+06 1.52424e+06 1.37364e+06 1.44532e+06
1.42823e+06 1.34717e+06 1.44576e+06 1.50066e+06
1.38104e+06 1.42931e+06 1.51383e+06 1.42682e+06
1.38051e+06 1.44111e+06 1.50796e+06 1.42178e+06
1.41973e+06 1.49997e+06 1.39035e+06 1.435e+06
1.44969e+06 1.52424e+06 1.37364e+06 1.44532e+06
1.55409e+06 1.40708e+06 1.35673e+06 1.42116e+06
1.5767e+06 1.35828e+06 1.41029e+06 1.42724e+06
1.46857e+06 1.41934e+06 1.45934e+06 1.32379e+06
1.4942e+06 1.40546e+06 1.46468e+06 1.30793e+06
1.4316e+06 1.37726e+06 1.49956e+06 1.42884e+06
1.51248e+06 1.43722e+06 1.36144e+06 1.35452e+06
1.43957e+06 1.34517e+06 1.48673e+06 1.39275e+06
1.53983e+06 1.32784e+06 1.46179e+06 1.4421e+06
1.38544e+06 1.4253e+06 1.46199e+06 1.4013e+06
1.43857e+06 1.43486e+06 1.36698e+06 1.47818e+06
1.5464e+06 1.36458e+06 1.41886e+06 1.3949e+06
1.47872e+06 1.33121e+06 1.40047e+06 1.47203e+06
1.43509e+06 1.463e+06 1.47788e+06 1.35793e+06
1.40848e+06 1.48598e+06 1.46931e+06 1.36501e+06
1.48278e+06 1.42331e+06 1.36829e+06 1.41488e+06
1.3908e+06 1.45984e+06 1.50542e+06 1.38477e+06
1.49551e+06 1.4667e+06 1.4531e+06 1.32864e+06
1.52477e+06 1.32666e+06 1.44265e+06 1.46936e+06
1.4146e+06 1.46978e+06 1.42244e+06 1.38922e+06
1.46528e+06 1.47882e+06 1.43931e+06 1.33292e+06
1.55409e+06 1.40708e+06 1.35673e+06 1.42116e+06
1.4369e+06 1.36946e+06 1.44922e+06 1.49476e+06
1.50299e+06 1.42128e+06 1.35903e+06 1.38089e+06
1.44141e+06 1.33513e+06 1.43628e+06 1.46835e+06
1.48957e+06 1.3597e+06 1.38852e+06 1.44997e+06
1.41766e+06 1.39904e+06 1.43397e+06 1.40364e+06
1.48733e+06 1.34452e+06 1.39555e+06 1.47326e+06
1.3939e+06 1.44073e+06 1.45507e+06 1.46691e+06
1.47714e+06 1.40282e+06 1.40427e+06 1.41278e+06
1.44092e+06 1.4378e+06 1.39638e+06 1.40749e+06
1.50814e+06 1.3443e+06 1.4325e+06 1.38371e+06
1.429e+06 1.47088e+06 1.40865e+06 1.39036e+06
1.42925e+06 1.47678e+06 1.4812e+06 1.36139e+06
1.49977e+06 1.32698e+06 1.47357e+06 1.48774e+06
1.51067e+06 1.39764e+06 1.41011e+06 1.32658e+06
1.50567e+06 1.38631e+06 1.40171e+06 1.36982e+06
1.44835e+06 1.4168e+06 1.38257e+06 1.37944e+06
1.46232e+06 1.34919e+06 1.46861e+06 1.44044e+06
1.53105e+06 1.32674e+06 1.45851e+06 1.46026e+06
1.42547e+06 1.49217e+06 1.45581e+06 1.35085e+06
1.45768e+06 1.41652e+06 1.37826e+06 1.42617e+06
1.41187e+06 1.4981e+06 1.46698e+06 1.35964e+06
1.51949e+06 1.39562e+06 1.34902e+06 1.45867e+06
1.40947e+06 1.42528e+06 1.48224e+06 1.36307e+06
1.42666e+06 1.35095e+06 1.46011e+06 1.45036e+06
1.40048e+06 1.405e+06 1.46392e+06 1.4637e+06
1.45314e+06 1.42294e+06 1.34794e+06 1.43639e+06
1.46047e+06 1.40568e+06 1.37558e+06 1.37481e+06
1.44593e+06 1.39037e+06 1.36485e+06 1.46162e+06
1.43758e+06 1.40331e+06 1.50467e+06 1.3805e+06
1.45436e+06 1.4126e+06 1.41966e+06 1.34085e+06
1.39882e+06 1.40736e+06 1.49198e+06 1.42171e+06
1.42547e+06 1.49217e+06 1.45581e+06 1.35085e+06
1.48784e+06 1.3779e+06 1.38612e+06 1.37819e+06
1.46359e+06 1.41363e+06 1.36385e+06 1.48355e+06
1.41995e+06 1.37145e+06 1.45199e+06 1.48124e+06
1.52281e+06 1.34202e+06 1.40694e+06 1.45013e+06
1.4643e+06 1.36724e+06 1.47317e+06 1.39122e+06
1.4752e+06 1.37439e+06 1.40321e+06 1.41384e+06
1.44677e+06 1.45201e+06 1.41442e+06 1.36522e+06
1.40337e+06 1.38262e+06 1.39183e+06 1.43607e+06
1.49994e+06 1.4463e+06 1.41917e+06 1.34414e+06
1.39148e+06 1.4456e+06 1.44122e+06 1.49595e+06
1.49329e+06 1.3656e+06 1.42546e+06 1.37752e+06
1.40413e+06 1.42652e+06 1.45174e+06 1.41877e+06
1.46431e+06 1.48077e+06 1.39868e+06 1.36879e+06
1.45544e+06 1.37539e+06 1.50726e+06 1.38275e+06
1.43111e+06 1.3877e+06 1.40742e+06 1.41067e+06
1.45093e+06 1.40898e+06 1.48037e+06 1.33067e+06
1.44607e+06 1.38823e+06 1.51044e+06 1.3707e+06
1.53466e+06 1.43121e+06 1.35294e+06 1.43122e+06
1.41861e+06 1.38596e+06 1.43062e+06 1.38701e+06
1.44562e+06 1.35672e+06 1.41596e+06 1.44799e+06
1.43902e+06 1.3396e+06 1.45151e+06 1.45389e+06
1.39791e+06 1.42201e+06 1.43722e+06 1.48679e+06
1.47087e+06 1.39639e+06 1.42692e+06 1.40346e+06
1.43623e+06 1.43276e+06 1.44878e+06 1.34263e+06
1.42342e+06 1.41382e+06 1.42841e+06 1.41073e+06
1.48451e+06 1.35097e+06 1.44688e+06 1.44185e+06
1.53466e+06 1.43121e+06 1.35294e+06 1.43122e+06
1.45245e+06 1.36075e+06 1.40905e+06 1.43401e+06
1.53665e+06 1.3914e+06 1.44028e+06 1.36124e+06
1.51143e+06 1.36888e+06 1.40526e+06 1.38152e+06
1.42269e+06 1.40781e+06 1.41345e+06 1.41662e+06
1.49783e+06 1.39129e+06 1.38389e+06 1.39965e+06
1.43915e+06 1.43049e+06 1.42367e+06 1.40492e+06
1.42823e+06 1.34717e+06 1.44576e+06 1.50066e+06
1.46686e+06 1.41024e+06 1.44622e+06 1.33871e+06
1.52129e+06 1.37133e+06 1.37708e+06 1.38058e+06
1.46769e+06 1.37842e+06 1.44354e+06 1.42438e+06
1.44881e+06 1.35994e+06 1.41286e+06 1.4462e+06
1.51949e+06 1.39562e+06 1.34902e+06 1.45867e+06
1.4506e+06 1.42083e+06 1.41719e+06 1.35323e+06
1.39195e+06 1.41782e+06 1.4573e+06 1.45445e+06
1.48362e+06 1.40865e+06 1.41531e+06 1.3732e+06
1.46841e+06 1.36247e+06 1.42957e+06 1.42476e+06
1.43335e+06 1.44185e+06 1.48193e+06 1.36244e+06
1.4763e+06 1.37283e+06 1.42752e+06 1.43097e+06
1.52834e+06 1.42125e+06 1.37551e+06 1.39455e+06
1.49239e+06 1.44538e+06 1.44097e+06 1.3369e+06
1.44125e+06 1.38243e+06 1.4565e+06 1.42044e+06
1.39537e+06 1.45585e+06 1.48079e+06 1.37677e+06
1.44654e+06 1.4613e+06 1.43952e+06 1.34849e+06
1.45649e+06 1.39108e+06 1.37437e+06 1.43852e+06
1.44378e+06 1.41933e+06 1.43703e+06 1.36413e+06
1.49907e+06 1.39452e+06 1.43159e+06 1.34523e+06
1.39092e+06 1.45345e+06 1.49265e+06 1.39534e+06
1.48611e+06 1.35593e+06 1.47464e+06 1.42166e+06
1.45658e+06 1.34061e+06 1.43797e+06 1.45732e+06
1.48116e+06 1.39402e+06 1.41623e+06 1.39793e+06
1.41045e+06 1.38392e+06 1.48136e+06 1.3967e+06
1.45839e+06 1.40809e+06 1.42059e+06 1.39985e+06
1.41187e+06 1.4981e+06 1.46698e+06 1.35964e+06
1.43535e+06 1.4434e+06 1.39324e+06 1.42155e+06
1.45732e+06 1.39685e+06 1.47048e+06 1.36843e+06
1.39651e+06 1.42909e+06 1.49443e+06 1.39648e+06
1.4729e+06 1.41551e+06 1.41786e+06 1.34748e+06
1.41708e+06 1.39729e+06 1.43131e+06 1.40656e+06
1.43532e+06 1.45846e+06 1.45374e+06 1.36357e+06
1.47572e+06 1.39243e+06 1.44961e+06 1.37892e+06
1.40586e+06 1.40648e+06 1.44318e+06 1.37003e+06
1.47297e+06 1.43624e+06 1.40914e+06 1.36622e+06
1.48008e+06 1.40502e+06 1.47882e+06 1.33728e+06
1.49656e+06 1.35387e+06 1.44492e+06 1.39508e+06
1.46274e+06 1.40811e+06 1.51058e+06 1.36744e+06
1.49167e+06 1.33418e+06 1.45696e+06 1.39469e+06
1.49543e+06 1.33845e+06 1.41875e+06 1.42356e+06
1.41445e+06 1.48429e+06 1.41811e+06 1.41588e+06
1.49173e+06 1.34989e+06 1.47636e+06 1.38634e+06
1.39586e+06 1.44864e+06 1.44818e+06 1.44336e+06
1.43754e+06 1.4831e+06 1.43888e+06 1.36682e+06
1.3911e+06 1.444e+06 1.44803e+06 1.4557e+06
1.49518e+06 1.35478e+06 1.39789e+06 1.46432e+06
1.4817e+06 1.36402e+06 1.4767e+06 1.38026e+06
1.39651e+06 1.42909e+06 1.49443e+06 1.39648e+06
1.39588e+06 1.41122e+06 1.44452e+06 1.42271e+06
1.53539e+06 1.32448e+06 1.4488e+06 1.46464e+06
1.40046e+06 1.48482e+06 1.45205e+06 1.38314e+06
1.47234e+06 1.4097e+06 1.46542e+06 1.36998e+06
1.47528e+06 1.44869e+06 1.44528e+06 1.33704e+06
1.56477e+06 1.47857e+06 1.40321e+06 1.45558e+06
1.53802e+06 1.42694e+06 1.44196e+06 1.50352e+06
1.51966e+06 1.39683e+06 1.47557e+06 1.48947e+06
1.48763e+06 1.43748e+06 1.48395e+06 1.3843e+06
1.48215e+06 1.45589e+06 1.49871e+06 1.40622e+06
1.42838e+06 1.44486e+06 1.45608e+06 1.4811e+06
1.5477e+06 1.40884e+06 1.42978e+06 1.44301e+06
1.50221e+06 1.4329e+06 1.4098e+06 1.42578e+06
1.52167e+06 1.42949e+06 1.43708e+06 1.43391e+06
1.44255e+06 1.4766e+06 1.47579e+06 1.47327e+06
1.45184e+06 1.44987e+06 1.45144e+06 1.43942e+06
1.51622e+06 1.41453e+06 1.4481e+06 1.47712e+06
1.48263e+06 1.46806e+06 1.47454e+06 1.40022e+06
1.50099e+06 1.39842e+06 1.49297e+06 1.43751e+06
1.48488e+06 1.40759e+06 1.44927e+06 1.41063e+06
1.51931e+06 1.42004e+06 1.48027e+06 1.40894e+06
1.49235e+06 1.44677e+06 1.44124e+06 1.49208e+06
1.46763e+06 1.46401e+06 1.4488e+06 1.43091e+06
1.44538e+06 1.44587e+06 1.47358e+06 1.46e+06
1.46931e+06 1.4161e+06 1.46985e+06 1.4285e+06
1.46335e+06 1.40173e+06 1.44968e+06 1.44681e+06
1.45781e+06 1.43702e+06 1.4789e+06 1.4076e+06
1.44794e+06 1.42756e+06 1.46449e+06 1.47947e+06
1.48027e+06 1.47132e+06 1.44572e+06 1.45088e+06
1.48626e+06 1.43187e+06 1.45927e+06 1.40097e+06
1.46562e+06 1.47495e+06 1.47288e+06 1.40306e+06
1.47963e+06 1.44783e+06 1.44678e+06 1.40636e+06
1.47097e+06 1.42802e+06 1.44647e+06 1.44781e+06
1.50066e+06 1.42846e+06 1.44285e+06 1.48978e+06
1.48541e+06 1.44298e+06 1.44471e+06 1.44524e+06
1.49312e+06 1.43868e+06 1.44265e+06 1.44733e+06
1.48191e+06 1.47531e+06 1.44507e+06 1.45724e+06
1.46644e+06 1.44084e+06 1.47289e+06 1.42716e+06
1.50151e+06 1.44031e+06 1.4479e+06 1.42674e+06
1.53848e+06 1.44502e+06 1.43731e+06 1.43951e+06
1.50769e+06 1.45072e+06 1.42446e+06 1.45118e+06
1.5012e+06 1.44272e+06 1.44268e+06 1.50418e+06
1.47729e+06 1.40248e+06 1.47269e+06 1.45663e+06
1.46895e+06 1.43808e+06 1.51378e+06 1.40903e+06
1.46418e+06 1.46275e+06 1.50118e+06 1.4087e+06
1.45845e+06 1.49392e+06 1.49609e+06 1.42615e+06
1.46889e+06 1.47934e+06 1.48993e+06 1.48473e+06
1.53469e+06 1.44096e+06 1.43142e+06 1.46234e+06
1.51146e+06 1.4754e+06 1.49334e+06 1.41634e+06
1.52497e+06 1.47028e+06 1.48071e+06 1.42196e+06
1.46828e+06 1.43079e+06 1.51311e+06 1.46064e+06
1.51959e+06 1.41361e+06 1.45623e+06 1.47134e+06
1.49211e+06 1.43344e+06 1.46665e+06 1.48309e+06
1.5196e+06 1.43753e+06 1.50204e+06 1.41191e+06
1.53032e+06 1.40841e+06 1.4509e+06 1.44393e+06
1.49588e+06 1.42551e+06 1.46533e+06 1.46403e+06
1.52803e+06 1.41725e+06 1.44971e+06 1.4343e+06
1.47712e+06 1.46112e+06 1.49717e+06 1.43642e+06
1.49505e+06 1.4285e+06 1.4874e+06 1.43304e+06
1.47301e+06 1.42604e+06 1.47865e+06 1.43664e+06
1.48588e+06 1.47135e+06 1.49778e+06 1.43042e+06
1.49516e+06 1.47218e+06 1.45115e+06 1.47436e+06
1.50594e+06 1.4483e+06 1.43858e+06 1.4506e+06
1.52426e+06 1.42154e+06 1.46348e+06 1.46026e+06
1.52143e+06 1.40448e+06 1.47227e+06 1.44808e+06
1.48549e+06 1.43485e+06 1.45155e+06 1.44483e+06
1.4901e+06 1.43601e+06 1.4801e+06 1.43224e+06
1.47092e+06 1.43482e+06 1.45814e+06 1.44769e+06
1.51185e+06 1.44199e+06 1.44752e+06 1.44668e+06
1.51612e+06 1.43396e+06 1.45343e+06 1.42577e+06
1.50003e+06 1.43499e+06 1.47058e+06 1.43329e+06
1.50347e+06 1.42172e+06 1.46146e+06 1.42239e+06
1.50867e+06 1.43533e+06 1.44114e+06 1.48402e+06
1.51917e+06 1.44142e+06 1.4459e+06 1.43934e+06
1.51502e+06 1.43919e+06 1.46131e+06 1.43334e+06
1.50218e+06 1.43936e+06 1.45325e+06 1.42387e+06
1.53797e+06 1.46139e+06 1.44197e+06 1.44707e+06
1.50333e+06 1.44991e+06 1.44496e+06 1.43388e+06
1.50004e+06 1.46274e+06 1.45105e+06 1.43677e+06
1.56402e+06 1.47645e+06 1.44801e+06 1.45444e+06
1.5435e+06 1.49174e+06 1.45852e+06 1.44874e+06
1.52292e+06 1.41207e+06 1.48346e+06 1.48206e+06
1.52244e+06 1.47618e+06 1.43649e+06 1.45679e+06
1.50069e+06 1.41407e+06 1.49939e+06 1.49692e+06
1.48838e+06 1.45924e+06 1.5329e+06 1.41358e+06
1.47286e+06 1.46253e+06 1.47584e+06 1.45587e+06
1.51277e+06 1.42506e+06 1.50346e+06 1.4285e+06
1.51654e+06 1.42069e+06 1.47963e+06 1.48988e+06
1.53664e+06 1.4587e+06 1.47216e+06 1.43267e+06
1.48741e+06 1.48075e+06 1.46044e+06 1.4502e+06
1.53039e+06 1.44261e+06 1.46742e+06 1.43569e+06
1.47774e+06 1.44682e+06 1.47318e+06 1.45032e+06
1.55549e+06 1.47284e+06 1.45553e+06 1.44963e+06
1.49644e+06 1.43165e+06 1.52218e+06 1.45302e+06
1.49552e+06 1.42392e+06 1.48035e+06 1.47443e+06
1.49194e+06 1.43855e+06 1.49634e+06 1.45502e+06
1.49576e+06 1.41385e+06 1.51202e+06 1.45911e+06
1.54526e+06 1.42267e+06 1.46732e+06 1.46308e+06
1.50863e+06 1.42844e+06 1.48869e+06 1.44331e+06
1.49632e+06 1.43892e+06 1.46522e+06 1.46346e+06
1.55966e+06 1.42403e+06 1.46488e+06 1.44086e+06
1.50926e+06 1.4698e+06 1.47317e+06 1.44107e+06
1.48875e+06 1.42986e+06 1.48629e+06 1.45926e+06
1.5221e+06 1.4331e+06 1.46324e+06 1.44571e+06
1.52111e+06 1.44475e+06 1.46374e+06 1.43341e+06
1.50598e+06 1.46092e+06 1.47833e+06 1.43248e+06
1.51027e+06 1.42672e+06 1.47492e+06 1.44776e+06
1.5048e+06 1.42707e+06 1.46304e+06 1.45032e+06
1.50976e+06 1.4308e+06 1.47654e+06 1.43102e+06
1.50966e+06 1.44585e+06 1.45608e+06 1.45089e+06
1.57706e+06 1.46061e+06 1.46196e+06 1.46197e+06
1.55059e+06 1.45599e+06 1.46302e+06 1.49076e+06
1.52527e+06 1.43066e+06 1.51415e+06 1.45155e+06
1.51276e+06 1.47213e+06 1.45758e+06 1.47922e+06
1.51232e+06 1.46223e+06 1.48386e+06 1.43342e+06
1.47941e+06 1.47683e+06 1.50514e+06 1.4749e+06
1.50126e+06 1.4332e+06 1.50874e+06 1.47405e+06
1.48466e+06 1.46774e+06 1.49579e+06 1.47862e+06
1.48547e+06 1.44732e+06 1.47337e+06 1.45533e+06
1.51689e+06 1.43623e+06 1.49811e+06 1.48666e+06
1.529e+06 1.45242e+06 1.47228e+06 1.43475e+06
1.52779e+06 1.44351e+06 1.46912e+06 1.44596e+06
1.50796e+06 1.44612e+06 1.48612e+06 1.45317e+06
1.52335e+06 1.44027e+06 1.47739e+06 1.46061e+06
1.53264e+06 1.43791e+06 1.47767e+06 1.48054e+06
1.53794e+06 1.44611e+06 1.47975e+06 1.43445e+06
1.52506e+06 1.44462e+06 1.46713e+06 1.46671e+06
1.52002e+06 1.4511e+06 1.46391e+06 1.46246e+06
1.52748e+06 1.4487e+06 1.46722e+06 1.44759e+06
1.52446e+06 1.43568e+06 1.46582e+06 1.48886e+06
1.5675e+06 1.45029e+06 1.47628e+06 1.45237e+06
1.54287e+06 1.515e+06 1.48217e+06 1.44562e+06
1.53053e+06 1.45635e+06 1.51635e+06 1.43846e+06
1.52716e+06 1.44471e+06 1.51072e+06 1.48548e+06
1.5245e+06 1.44804e+06 1.4754e+06 1.47585e+06
1.51039e+06 1.46559e+06 1.48013e+06 1.49287e+06
1.48699e+06 1.44919e+06 1.497e+06 1.48317e+06
1.5186e+06 1.47932e+06 1.49867e+06 1.43866e+06
1.49281e+06 1.46203e+06 1.48859e+06 1.4598e+06
1.55536e+06 1.47908e+06 1.50502e+06 1.43889e+06
1.55475e+06 1.45565e+06 1.4918e+06 1.44728e+06
1.53799e+06 1.46459e+06 1.48243e+06 1.46846e+06
1.51432e+06 1.47278e+06 1.48885e+06 1.45561e+06
1.54082e+06 1.47716e+06 1.48289e+06 1.45826e+06
1.49127e+06 1.47443e+06 1.48991e+06 1.47979e+06
1.54746e+06 1.47348e+06 1.49691e+06 1.48208e+06
1.51908e+06 1.48068e+06 1.5157e+06 1.4515e+06
1.51631e+06 1.46402e+06 1.49332e+06 1.49846e+06
1.5103e+06 1.5068e+06 1.48884e+06 1.47551e+06
1.50157e+06 1.46442e+06 1.50219e+06 1.4695e+06
1.52152e+06 1.46945e+06 1.49132e+06 1.48389e+06
1.51063e+06 1.48775e+06 1.49712e+06 1.46757e+06
1.52729e+06 1.48808e+06 1.52036e+06 1.46771e+06
1.52428e+06 1.49393e+06 1.52067e+06 1.47374e+06
1.51345e+06 1.48915e+06 1.50113e+06 1.47783e+06
1.5767e+06 1.35828e+06 1.41029e+06 1.42724e+06
1.53539e+06 1.32448e+06 1.4488e+06 1.46464e+06
1.52938e+06 1.45572e+06 1.34491e+06 1.48338e+06
1.47182e+06 1.42635e+06 1.45547e+06 1.30688e+06
1.45475e+06 1.37511e+06 1.42239e+06 1.52487e+06
1.44969e+06 1.52424e+06 1.37364e+06 1.44532e+06
1.43871e+06 1.40387e+06 1.55266e+06 1.3829e+06
1.38051e+06 1.44111e+06 1.50796e+06 1.42178e+06
1.50648e+06 1.38931e+06 1.52697e+06 1.34625e+06
1.42823e+06 1.34717e+06 1.44576e+06 1.50066e+06
1.43871e+06 1.40387e+06 1.55266e+06 1.3829e+06
1.45475e+06 1.37511e+06 1.42239e+06 1.52487e+06
1.38104e+06 1.42931e+06 1.51383e+06 1.42682e+06
1.41973e+06 1.49997e+06 1.39035e+06 1.435e+06
1.56262e+06 1.33851e+06 1.44468e+06 1.46696e+06
1.54743e+06 1.34212e+06 1.43042e+06 1.432e+06
1.43857e+06 1.43486e+06 1.36698e+06 1.47818e+06
1.46857e+06 1.41934e+06 1.45934e+06 1.32379e+06
1.3908e+06 1.45984e+06 1.50542e+06 1.38477e+06
1.5767e+06 1.35828e+06 1.41029e+06 1.42724e+06
1.48914e+06 1.4527e+06 1.42484e+06 1.35192e+06
1.50746e+06 1.4019e+06 1.50004e+06 1.32971e+06
1.48733e+06 1.34452e+06 1.39555e+06 1.47326e+06
1.45036e+06 1.47561e+06 1.38253e+06 1.45323e+06
1.53466e+06 1.43121e+06 1.35294e+06 1.43122e+06
1.40932e+06 1.51119e+06 1.44949e+06 1.4174e+06
1.55409e+06 1.40708e+06 1.35673e+06 1.42116e+06
1.46528e+06 1.47882e+06 1.43931e+06 1.33292e+06
1.4704e+06 1.44619e+06 1.44889e+06 1.31747e+06
1.50003e+06 1.38537e+06 1.47548e+06 1.37936e+06
1.4942e+06 1.40546e+06 1.46468e+06 1.30793e+06
1.51067e+06 1.39764e+06 1.41011e+06 1.32658e+06
1.42743e+06 1.39814e+06 1.42758e+06 1.49117e+06
1.54187e+06 1.33628e+06 1.46566e+06 1.44014e+06
1.4756e+06 1.4914e+06 1.37744e+06 1.41698e+06
1.51949e+06 1.39562e+06 1.34902e+06 1.45867e+06
1.51661e+06 1.35319e+06 1.47631e+06 1.40982e+06
1.47594e+06 1.36308e+06 1.41664e+06 1.43349e+06
1.40366e+06 1.51854e+06 1.45545e+06 1.40349e+06
1.46096e+06 1.42686e+06 1.47267e+06 1.34416e+06
1.49134e+06 1.39373e+06 1.47052e+06 1.34752e+06
1.44111e+06 1.37252e+06 1.52101e+06 1.39296e+06
1.50102e+06 1.3961e+06 1.4968e+06 1.33581e+06
1.39148e+06 1.4456e+06 1.44122e+06 1.49595e+06
1.4254e+06 1.40904e+06 1.38822e+06 1.48535e+06
1.40102e+06 1.45038e+06 1.43183e+06 1.41768e+06
1.55885e+06 1.37837e+06 1.40459e+06 1.42389e+06
1.41445e+06 1.48429e+06 1.41811e+06 1.41588e+06
1.47296e+06 1.36642e+06 1.43254e+06 1.46025e+06
1.45658e+06 1.34061e+06 1.43797e+06 1.45732e+06
1.47824e+06 1.36135e+06 1.39021e+06 1.46225e+06
1.39454e+06 1.47102e+06 1.44697e+06 1.44391e+06
1.50299e+06 1.42128e+06 1.35903e+06 1.38089e+06
1.49854e+06 1.39022e+06 1.41231e+06 1.35685e+06
1.4461e+06 1.48677e+06 1.47334e+06 1.34921e+06
1.41335e+06 1.48704e+06 1.45231e+06 1.38517e+06
1.47757e+06 1.43368e+06 1.38489e+06 1.4107e+06
1.41995e+06 1.37145e+06 1.45199e+06 1.48124e+06
1.41144e+06 1.44552e+06 1.46962e+06 1.3975e+06
1.43166e+06 1.38791e+06 1.49297e+06 1.44222e+06
1.44311e+06 1.42534e+06 1.40369e+06 1.44993e+06
1.53813e+06 1.40732e+06 1.39189e+06 1.40029e+06
1.5173e+06 1.40842e+06 1.36244e+06 1.45237e+06
1.40932e+06 1.51119e+06 1.44949e+06 1.4174e+06
1.49518e+06 1.35478e+06 1.39789e+06 1.46432e+06
1.4974e+06 1.37694e+06 1.37114e+06 1.44067e+06
1.43367e+06 1.44803e+06 1.41176e+06 1.36872e+06
1.52477e+06 1.32666e+06 1.44265e+06 1.46936e+06
1.44844e+06 1.42086e+06 1.49009e+06 1.33343e+06
1.52834e+06 1.42125e+06 1.37551e+06 1.39455e+06
1.53983e+06 1.32784e+06 1.46179e+06 1.4421e+06
1.44141e+06 1.33513e+06 1.43628e+06 1.46835e+06
1.42186e+06 1.45767e+06 1.44004e+06 1.37526e+06
1.45302e+06 1.43823e+06 1.44242e+06 1.33856e+06
1.52938e+06 1.45572e+06 1.34491e+06 1.48338e+06
1.39949e+06 1.45227e+06 1.4438e+06 1.45409e+06
1.43518e+06 1.37631e+06 1.42066e+06 1.49203e+06
1.55574e+06 1.3891e+06 1.44398e+06 1.37247e+06
1.42621e+06 1.51857e+06 1.43715e+06 1.38308e+06
1.45697e+06 1.37416e+06 1.47967e+06 1.40706e+06
1.39791e+06 1.42201e+06 1.43722e+06 1.48679e+06
1.44759e+06 1.47283e+06 1.41099e+06 1.40417e+06
1.44521e+06 1.38173e+06 1.46742e+06 1.41416e+06
1.48542e+06 1.41547e+06 1.45646e+06 1.31818e+06
1.42416e+06 1.4346e+06 1.50217e+06 1.36754e+06
1.49633e+06 1.40482e+06 1.48792e+06 1.3409e+06
1.4435e+06 1.39921e+06 1.49685e+06 1.37659e+06
1.45314e+06 1.42294e+06 1.34794e+06 1.43639e+06
1.47872e+06 1.33121e+06 1.40047e+06 1.47203e+06
1.4053e+06 1.4245e+06 1.48191e+06 1.39114e+06
1.4154e+06 1.42427e+06 1.523e+06 1.41113e+06
1.50585e+06 1.37275e+06 1.45058e+06 1.39866e+06
1.41821e+06 1.45835e+06 1.41793e+06 1.42318e+06
1.4311e+06 1.46758e+06 1.48279e+06 1.35298e+06
1.52368e+06 1.35053e+06 1.45368e+06 1.40259e+06
1.43659e+06 1.43207e+06 1.45608e+06 1.35873e+06
1.48339e+06 1.39969e+06 1.39315e+06 1.37062e+06
1.44969e+06 1.52424e+06 1.37364e+06 1.44532e+06
1.42823e+06 1.34717e+06 1.44576e+06 1.50066e+06
1.4632e+06 1.44192e+06 1.37923e+06 1.42376e+06
1.40711e+06 1.49496e+06 1.45271e+06 1.41239e+06
1.48686e+06 1.46486e+06 1.37996e+06 1.4122e+06
1.3939e+06 1.44073e+06 1.45507e+06 1.46691e+06
1.38544e+06 1.4253e+06 1.46199e+06 1.4013e+06
1.48278e+06 1.42331e+06 1.36829e+06 1.41488e+06
1.45251e+06 1.41295e+06 1.45096e+06 1.39033e+06
1.47468e+06 1.46071e+06 1.43365e+06 1.35335e+06
1.4933e+06 1.4634e+06 1.40404e+06 1.36592e+06
1.5024e+06 1.41899e+06 1.37303e+06 1.41943e+06
1.4862e+06 1.42821e+06 1.35484e+06 1.43017e+06
1.45859e+06 1.38023e+06 1.46408e+06 1.38304e+06
1.4623e+06 1.41855e+06 1.40865e+06 1.3561e+06
1.50701e+06 1.35706e+06 1.49329e+06 1.40253e+06
1.45812e+06 1.40202e+06 1.48736e+06 1.38817e+06
1.52281e+06 1.34202e+06 1.40694e+06 1.45013e+06
1.43509e+06 1.463e+06 1.47788e+06 1.35793e+06
1.52929e+06 1.34437e+06 1.48876e+06 1.40811e+06
1.46657e+06 1.40025e+06 1.4678e+06 1.37806e+06
1.49233e+06 1.39184e+06 1.45374e+06 1.41313e+06
1.47979e+06 1.40596e+06 1.4686e+06 1.367e+06
1.47872e+06 1.33121e+06 1.40047e+06 1.47203e+06
1.46614e+06 1.4684e+06 1.5016e+06 1.33274e+06
1.41573e+06 1.40005e+06 1.45822e+06 1.45224e+06
1.43036e+06 1.44376e+06 1.46135e+06 1.3824e+06
1.49281e+06 1.35481e+06 1.40557e+06 1.43955e+06
1.39244e+06 1.46902e+06 1.46086e+06 1.43777e+06
1.51248e+06 1.43722e+06 1.36144e+06 1.35452e+06
1.43802e+06 1.49444e+06 1.44307e+06 1.36812e+06
1.51248e+06 1.43722e+06 1.36144e+06 1.35452e+06
1.52093e+06 1.37617e+06 1.45698e+06 1.37081e+06
1.44716e+06 1.40476e+06 1.47744e+06 1.36235e+06
1.4146e+06 1.46978e+06 1.42244e+06 1.38922e+06
1.42567e+06 1.49693e+06 1.45538e+06 1.3749e+06
1.44046e+06 1.42979e+06 1.48674e+06 1.37406e+06
1.4584e+06 1.41419e+06 1.48613e+06 1.36068e+06
1.5464e+06 1.36458e+06 1.41886e+06 1.3949e+06
1.53539e+06 1.32448e+06 1.4488e+06 1.46464e+06
1.39748e+06 1.44649e+06 1.46422e+06 1.36139e+06
1.44521e+06 1.40708e+06 1.48481e+06 1.41213e+06
1.5464e+06 1.36458e+06 1.41886e+06 1.3949e+06
1.48528e+06 1.36931e+06 1.48032e+06 1.36856e+06
1.56262e+06 1.33851e+06 1.44468e+06 1.46696e+06
1.47246e+06 1.41618e+06 1.43612e+06 1.42416e+06
1.44736e+06 1.45573e+06 1.35536e+06 1.47047e+06
1.4817e+06 1.41823e+06 1.45214e+06 1.36202e+06
1.38544e+06 1.4253e+06 1.46199e+06 1.4013e+06
1.42976e+06 1.41139e+06 1.4869e+06 1.39284e+06
1.47216e+06 1.41112e+06 1.43403e+06 1.43751e+06
1.52384e+06 1.36926e+06 1.44789e+06 1.4109e+06
1.44787e+06 1.42816e+06 1.43576e+06 1.43089e+06
1.52219e+06 1.35719e+06 1.43378e+06 1.42225e+06
1.54888e+06 1.41966e+06 1.49502e+06 1.3913e+06
1.54334e+06 1.42998e+06 1.47164e+06 1.38089e+06
1.52136e+06 1.48879e+06 1.44933e+06 1.40266e+06
1.51437e+06 1.47172e+06 1.43056e+06 1.46755e+06
1.50138e+06 1.38416e+06 1.48848e+06 1.44055e+06
1.46998e+06 1.40198e+06 1.52575e+06 1.38724e+06
1.46446e+06 1.45179e+06 1.46373e+06 1.48559e+06
1.44124e+06 1.46423e+06 1.47082e+06 1.42095e+06
1.45223e+06 1.47687e+06 1.43917e+06 1.4101e+06
1.51819e+06 1.40102e+06 1.51244e+06 1.42186e+06
1.51482e+06 1.39044e+06 1.4744e+06 1.47664e+06
1.45769e+06 1.43648e+06 1.47684e+06 1.45628e+06
1.54292e+06 1.42045e+06 1.46034e+06 1.3989e+06
1.47618e+06 1.43834e+06 1.45056e+06 1.41477e+06
1.53593e+06 1.40682e+06 1.44231e+06 1.40409e+06
1.52694e+06 1.43245e+06 1.43232e+06 1.44197e+06
1.50436e+06 1.47241e+06 1.45316e+06 1.39154e+06
1.51248e+06 1.42697e+06 1.50622e+06 1.40469e+06
1.49762e+06 1.42251e+06 1.44711e+06 1.42434e+06
1.47492e+06 1.44531e+06 1.44124e+06 1.40549e+06
1.51376e+06 1.40732e+06 1.49818e+06 1.40295e+06
1.45967e+06 1.45012e+06 1.51041e+06 1.45073e+06
1.45406e+06 1.46513e+06 1.46138e+06 1.48209e+06
1.48144e+06 1.42648e+06 1.44409e+06 1.43498e+06
1.51106e+06 1.41226e+06 1.48463e+06 1.44969e+06
1.47039e+06 1.45263e+06 1.48434e+06 1.42866e+06
1.5214e+06 1.43335e+06 1.43589e+06 1.47319e+06
1.48985e+06 1.41749e+06 1.47438e+06 1.42524e+06
1.50258e+06 1.45839e+06 1.44061e+06 1.43167e+06
1.45467e+06 1.45438e+06 1.47126e+06 1.46344e+06
1.48714e+06 1.43192e+06 1.45352e+06 1.38265e+06
1.51375e+06 1.3968e+06 1.45681e+06 1.46462e+06
1.53054e+06 1.4268e+06 1.51222e+06 1.38452e+06
1.50793e+06 1.42236e+06 1.49376e+06 1.42498e+06
1.46942e+06 1.43617e+06 1.45826e+06 1.43577e+06
1.4537e+06 1.39698e+06 1.48658e+06 1.45182e+06
1.52243e+06 1.41253e+06 1.47297e+06 1.41698e+06
1.47687e+06 1.42162e+06 1.47665e+06 1.46945e+06
1.47941e+06 1.41495e+06 1.46239e+06 1.42997e+06
1.51128e+06 1.42265e+06 1.47355e+06 1.4099e+06
1.47342e+06 1.4569e+06 1.44143e+06 1.4668e+06
1.46318e+06 1.43449e+06 1.48501e+06 1.40268e+06
1.52521e+06 1.41661e+06 1.46298e+06 1.42513e+06
1.47844e+06 1.43153e+06 1.45809e+06 1.40546e+06
1.47206e+06 1.42649e+06 1.4438e+06 1.45102e+06
1.57473e+06 1.43433e+06 1.43642e+06 1.44575e+06
1.53906e+06 1.42599e+06 1.45931e+06 1.49958e+06
1.51127e+06 1.4476e+06 1.47815e+06 1.3898e+06
1.51014e+06 1.403e+06 1.49321e+06 1.463e+06
1.50735e+06 1.43575e+06 1.52451e+06 1.41219e+06
1.44128e+06 1.49047e+06 1.47119e+06 1.4213e+06
1.47066e+06 1.46826e+06 1.47589e+06 1.42352e+06
1.55417e+06 1.42853e+06 1.45383e+06 1.43374e+06
1.50164e+06 1.41395e+06 1.50151e+06 1.46769e+06
1.50756e+06 1.43423e+06 1.5047e+06 1.42224e+06
1.50517e+06 1.42004e+06 1.48134e+06 1.42956e+06
1.53158e+06 1.43555e+06 1.45372e+06 1.47808e+06
1.4741e+06 1.43994e+06 1.49021e+06 1.40656e+06
1.54193e+06 1.40931e+06 1.45402e+06 1.45472e+06
1.48229e+06 1.45672e+06 1.48616e+06 1.4208e+06
1.52277e+06 1.44064e+06 1.45432e+06 1.47384e+06
1.49953e+06 1.45155e+06 1.4636e+06 1.39742e+06
1.52675e+06 1.44749e+06 1.4458e+06 1.45644e+06
1.50302e+06 1.42256e+06 1.49742e+06 1.43428e+06
1.51073e+06 1.42199e+06 1.46817e+06 1.44984e+06
1.51069e+06 1.42308e+06 1.47644e+06 1.48776e+06
1.51324e+06 1.44652e+06 1.44661e+06 1.49226e+06
1.48392e+06 1.43233e+06 1.4961e+06 1.45351e+06
1.48628e+06 1.4422e+06 1.48808e+06 1.44691e+06
1.48922e+06 1.4376e+06 1.48541e+06 1.41629e+06
1.49737e+06 1.42908e+06 1.47772e+06 1.46368e+06
1.49918e+06 1.43566e+06 1.46295e+06 1.44309e+06
1.48163e+06 1.44562e+06 1.4842e+06 1.45828e+06
1.50077e+06 1.45199e+06 1.46149e+06 1.41347e+06
1.5144e+06 1.44659e+06 1.4617e+06 1.41467e+06
1.48361e+06 1.44639e+06 1.44914e+06 1.4211e+06
1.49317e+06 1.43734e+06 1.48731e+06 1.40098e+06
1.5088e+06 1.4244e+06 1.47583e+06 1.45434e+06
1.49132e+06 1.44409e+06 1.45762e+06 1.44634e+06
1.50987e+06 1.44409e+06 1.46215e+06 1.40098e+06
1.48144e+06 1.4362e+06 1.48598e+06 1.45761e+06
1.49812e+06 1.4351e+06 1.47247e+06 1.41313e+06
1.49311e+06 1.43609e+06 1.45567e+06 1.42236e+06
1.56645e+06 1.45196e+06 1.45442e+06 1.45161e+06
1.5335e+06 1.45071e+06 1.46475e+06 1.41033e+06
1.52192e+06 1.42146e+06 1.48819e+06 1.47448e+06
1.50392e+06 1.44293e+06 1.5081e+06 1.44499e+06
1.50258e+06 1.4675e+06 1.45045e+06 1.4561e+06
1.49214e+06 1.47603e+06 1.48442e+06 1.43741e+06
1.48411e+06 1.46064e+06 1.45514e+06 1.48382e+06
1.48012e+06 1.44797e+06 1.50395e+06 1.44503e+06
1.52895e+06 1.43631e+06 1.47977e+06 1.47742e+06
1.5417e+06 1.46515e+06 1.46424e+06 1.41771e+06
1.55685e+06 1.45018e+06 1.50669e+06 1.4213e+06
1.49374e+06 1.45241e+06 1.46311e+06 1.4389e+06
1.52066e+06 1.47089e+06 1.46523e+06 1.4315e+06
1.50359e+06 1.42522e+06 1.50033e+06 1.45001e+06
1.48814e+06 1.44893e+06 1.46127e+06 1.46146e+06
1.50788e+06 1.44159e+06 1.49153e+06 1.47098e+06
1.50305e+06 1.44506e+06 1.46913e+06 1.44164e+06
1.48884e+06 1.46359e+06 1.49479e+06 1.44379e+06
1.48519e+06 1.45048e+06 1.49705e+06 1.41062e+06
1.50942e+06 1.44063e+06 1.48861e+06 1.44584e+06
1.50292e+06 1.46592e+06 1.4679e+06 1.42221e+06
1.5151e+06 1.44159e+06 1.46846e+06 1.45278e+06
1.49188e+06 1.44754e+06 1.45518e+06 1.4476e+06
1.48828e+06 1.45116e+06 1.45852e+06 1.45372e+06
1.52068e+06 1.4387e+06 1.49608e+06 1.47308e+06
1.53326e+06 1.44812e+06 1.50777e+06 1.42922e+06
1.53263e+06 1.44132e+06 1.50027e+06 1.43004e+06
1.49202e+06 1.4463e+06 1.50153e+06 1.43753e+06
1.52961e+06 1.47472e+06 1.47672e+06 1.44381e+06
1.5285e+06 1.51269e+06 1.49449e+06 1.43314e+06
1.51678e+06 1.45678e+06 1.50703e+06 1.41255e+06
1.50478e+06 1.43072e+06 1.53163e+06 1.49381e+06
1.49255e+06 1.45572e+06 1.45598e+06 1.48076e+06
1.48792e+06 1.47967e+06 1.50178e+06 1.44713e+06
1.51766e+06 1.44655e+06 1.51921e+06 1.44509e+06
1.52624e+06 1.44492e+06 1.48087e+06 1.47272e+06
1.51601e+06 1.45364e+06 1.50171e+06 1.43267e+06
1.49886e+06 1.46965e+06 1.50423e+06 1.43594e+06
1.50151e+06 1.4519e+06 1.46172e+06 1.45866e+06
1.51188e+06 1.45074e+06 1.45783e+06 1.47476e+06
1.50539e+06 1.44896e+06 1.47337e+06 1.46856e+06
1.49537e+06 1.45084e+06 1.46887e+06 1.45643e+06
1.50965e+06 1.46519e+06 1.48299e+06 1.4397e+06
1.5216e+06 1.46748e+06 1.48274e+06 1.444e+06
1.50139e+06 1.45173e+06 1.45634e+06 1.48167e+06
1.49282e+06 1.46276e+06 1.48142e+06 1.46633e+06
1.49531e+06 1.46615e+06 1.48756e+06 1.46324e+06
1.49481e+06 1.47725e+06 1.49323e+06 1.44101e+06
1.5289e+06 1.44729e+06 1.49555e+06 1.45335e+06
1.50513e+06 1.4501e+06 1.48499e+06 1.44232e+06
1.49483e+06 1.45656e+06 1.49698e+06 1.44111e+06
1.5457e+06 1.45389e+06 1.49189e+06 1.45504e+06
1.54381e+06 1.49862e+06 1.50738e+06 1.44647e+06
1.53862e+06 1.45155e+06 1.48288e+06 1.4839e+06
1.52103e+06 1.46575e+06 1.53514e+06 1.45109e+06
1.50254e+06 1.46271e+06 1.46446e+06 1.46368e+06
1.49552e+06 1.48011e+06 1.47277e+06 1.46998e+06
1.52176e+06 1.45549e+06 1.49201e+06 1.46826e+06
1.49719e+06 1.47857e+06 1.47648e+06 1.46038e+06
1.53806e+06 1.45297e+06 1.48398e+06 1.46338e+06
1.54187e+06 1.46311e+06 1.483e+06 1.46155e+06
1.56911e+06 1.45901e+06 1.48729e+06 1.47644e+06
1.56829e+06 1.46752e+06 1.49708e+06 1.48368e+06
1.53578e+06 1.46762e+06 1.46663e+06 1.47078e+06
1.53126e+06 1.46567e+06 1.50795e+06 1.4726e+06
1.53656e+06 1.48088e+06 1.47383e+06 1.47466e+06
1.5767e+06 1.35828e+06 1.41029e+06 1.42724e+06
1.53539e+06 1.32448e+06 1.4488e+06 1.46464e+06
1.52938e+06 1.45572e+06 1.34491e+06 1.48338e+06
1.47182e+06 1.42635e+06 1.45547e+06 1.30688e+06
1.45475e+06 1.37511e+06 1.42239e+06 1.52487e+06
1.44969e+06 1.52424e+06 1.37364e+06 1.44532e+06
1.4446e+06 1.38804e+06 1.56291e+06 1.38756e+06
1.36714e+06 1.47092e+06 1.51866e+06 1.4555e+06
1.45475e+06 1.37511e+06 1.42239e+06 1.52487e+06
1.43053e+06 1.39026e+06 1.52956e+06 1.42754e+06
1.42823e+06 1.34717e+06 1.44576e+06 1.50066e+06
1.4461e+06 1.48677e+06 1.47334e+06 1.34921e+06
1.44005e+06 1.3899e+06 1.55144e+06 1.37411e+06
1.46857e+06 1.41934e+06 1.45934e+06 1.32379e+06
1.4942e+06 1.40546e+06 1.46468e+06 1.30793e+06
1.41187e+06 1.4981e+06 1.46698e+06 1.35964e+06
1.41973e+06 1.49997e+06 1.39035e+06 1.435e+06
1.38051e+06 1.44111e+06 1.50796e+06 1.42178e+06
1.56262e+06 1.33851e+06 1.44468e+06 1.46696e+06
1.55409e+06 1.40708e+06 1.35673e+06 1.42116e+06
1.36714e+06 1.47092e+06 1.51866e+06 1.4555e+06
1.5173e+06 1.40842e+06 1.36244e+06 1.45237e+06
1.46431e+06 1.48077e+06 1.39868e+06 1.36879e+06
1.4369e+06 1.36946e+06 1.44922e+06 1.49476e+06
1.38104e+06 1.42931e+06 1.51383e+06 1.42682e+06
1.46615e+06 1.41579e+06 1.36518e+06 1.48889e+06
1.5767e+06 1.35828e+06 1.41029e+06 1.42724e+06
1.52281e+06 1.34202e+06 1.40694e+06 1.45013e+06
1.44111e+06 1.37252e+06 1.52101e+06 1.39296e+06
1.51304e+06 1.37852e+06 1.45085e+06 1.37125e+06
1.40932e+06 1.51119e+06 1.44949e+06 1.4174e+06
1.49994e+06 1.4463e+06 1.41917e+06 1.34414e+06
1.50825e+06 1.3699e+06 1.38778e+06 1.49773e+06
1.44005e+06 1.3899e+06 1.55144e+06 1.37411e+06
1.53466e+06 1.43121e+06 1.35294e+06 1.43122e+06
1.4974e+06 1.37694e+06 1.37114e+06 1.44067e+06
1.48537e+06 1.46038e+06 1.43284e+06 1.3382e+06
1.46528e+06 1.47882e+06 1.43931e+06 1.33292e+06
1.50648e+06 1.38931e+06 1.52697e+06 1.34625e+06
1.54187e+06 1.33628e+06 1.46566e+06 1.44014e+06
1.44141e+06 1.33513e+06 1.43628e+06 1.46835e+06
1.44318e+06 1.43896e+06 1.44335e+06 1.37839e+06
1.47296e+06 1.36642e+06 1.43254e+06 1.46025e+06
1.51067e+06 1.39764e+06 1.41011e+06 1.32658e+06
1.41707e+06 1.41515e+06 1.48838e+06 1.43105e+06
1.47624e+06 1.39157e+06 1.3693e+06 1.44642e+06
1.4446e+06 1.38804e+06 1.56291e+06 1.38756e+06
1.56262e+06 1.33851e+06 1.44468e+06 1.46696e+06
1.48833e+06 1.38074e+06 1.46071e+06 1.36356e+06
1.43857e+06 1.43486e+06 1.36698e+06 1.47818e+06
1.47021e+06 1.44135e+06 1.41527e+06 1.41247e+06
1.50299e+06 1.42128e+06 1.35903e+06 1.38089e+06
1.44577e+06 1.45134e+06 1.40323e+06 1.3854e+06
1.47544e+06 1.387e+06 1.51058e+06 1.35441e+06
1.5464e+06 1.36458e+06 1.41886e+06 1.3949e+06
1.52368e+06 1.35053e+06 1.45368e+06 1.40259e+06
1.4146e+06 1.46978e+06 1.42244e+06 1.38922e+06
1.46947e+06 1.39547e+06 1.51714e+06 1.3519e+06
1.53983e+06 1.32784e+06 1.46179e+06 1.4421e+06
1.54484e+06 1.34509e+06 1.44773e+06 1.44417e+06
1.46226e+06 1.42053e+06 1.46982e+06 1.37634e+06
1.52546e+06 1.38147e+06 1.43993e+06 1.41298e+06
1.43509e+06 1.463e+06 1.47788e+06 1.35793e+06
1.49551e+06 1.4667e+06 1.4531e+06 1.32864e+06
1.48733e+06 1.34452e+06 1.39555e+06 1.47326e+06
1.49252e+06 1.38428e+06 1.38095e+06 1.4331e+06
1.51949e+06 1.39562e+06 1.34902e+06 1.45867e+06
1.50452e+06 1.35323e+06 1.42881e+06 1.45519e+06
1.5319e+06 1.35788e+06 1.4622e+06 1.38848e+06
1.3908e+06 1.45984e+06 1.50542e+06 1.38477e+06
1.55135e+06 1.37022e+06 1.43024e+06 1.36686e+06
1.40932e+06 1.51119e+06 1.44949e+06 1.4174e+06
1.44736e+06 1.45573e+06 1.35536e+06 1.47047e+06
1.48695e+06 1.45942e+06 1.43455e+06 1.36125e+06
1.44969e+06 1.52424e+06 1.37364e+06 1.44532e+06
1.49019e+06 1.3481e+06 1.45664e+06 1.4427e+06
1.43251e+06 1.47306e+06 1.39552e+06 1.42748e+06
1.39591e+06 1.44087e+06 1.43832e+06 1.48207e+06
1.52834e+06 1.42125e+06 1.37551e+06 1.39455e+06
1.3911e+06 1.444e+06 1.44803e+06 1.4557e+06
1.49977e+06 1.32698e+06 1.47357e+06 1.48774e+06
1.45364e+06 1.44814e+06 1.43147e+06 1.39786e+06
1.4053e+06 1.4245e+06 1.48191e+06 1.39114e+06
1.45413e+06 1.39615e+06 1.4793e+06 1.3318e+06
1.47884e+06 1.41696e+06 1.45782e+06 1.36656e+06
1.48308e+06 1.39784e+06 1.37874e+06 1.43048e+06
1.45036e+06 1.47561e+06 1.38253e+06 1.45323e+06
1.54743e+06 1.34212e+06 1.43042e+06 1.432e+06
1.39791e+06 1.42201e+06 1.43722e+06 1.48679e+06
1.3939e+06 1.44073e+06 1.45507e+06 1.46691e+06
1.50191e+06 1.38495e+06 1.45033e+06 1.4054e+06
1.48045e+06 1.36088e+06 1.41329e+06 1.41917e+06
1.43948e+06 1.45681e+06 1.46708e+06 1.37535e+06
1.44859e+06 1.41288e+06 1.42502e+06 1.40325e+06
1.48906e+06 1.42751e+06 1.36123e+06 1.38671e+06
1.48366e+06 1.35618e+06 1.47568e+06 1.42393e+06
1.40366e+06 1.51854e+06 1.45545e+06 1.40349e+06
1.45237e+06 1.4019e+06 1.49552e+06 1.37876e+06
1.46739e+06 1.43532e+06 1.41972e+06 1.39334e+06
1.40059e+06 1.43519e+06 1.42074e+06 1.42668e+06
1.4805e+06 1.40501e+06 1.45619e+06 1.33898e+06
1.45994e+06 1.38648e+06 1.48212e+06 1.40152e+06
1.43952e+06 1.44799e+06 1.48475e+06 1.34734e+06
1.43563e+06 1.42694e+06 1.38533e+06 1.4256e+06
1.42933e+06 1.39436e+06 1.3908e+06 1.47701e+06
1.51031e+06 1.35466e+06 1.42701e+06 1.42211e+06
1.50746e+06 1.4019e+06 1.50004e+06 1.32971e+06
1.40337e+06 1.38262e+06 1.39183e+06 1.43607e+06
1.47772e+06 1.43198e+06 1.39027e+06 1.42047e+06
1.48339e+06 1.39969e+06 1.39315e+06 1.37062e+06
1.45314e+06 1.42294e+06 1.34794e+06 1.43639e+06
1.48475e+06 1.45427e+06 1.43814e+06 1.35642e+06
1.41271e+06 1.46518e+06 1.47039e+06 1.38748e+06
1.47086e+06 1.40039e+06 1.40545e+06 1.43e+06
1.40705e+06 1.39544e+06 1.47134e+06 1.43417e+06
1.44313e+06 1.45161e+06 1.42374e+06 1.41332e+06
1.45053e+06 1.40388e+06 1.49079e+06 1.39742e+06
1.52938e+06 1.45572e+06 1.34491e+06 1.48338e+06
1.38544e+06 1.4253e+06 1.46199e+06 1.4013e+06
1.53806e+06 1.39055e+06 1.3913e+06 1.41046e+06
1.42416e+06 1.4346e+06 1.50217e+06 1.36754e+06
1.4262e+06 1.40422e+06 1.4763e+06 1.42765e+06
1.40366e+06 1.51854e+06 1.45545e+06 1.40349e+06
1.45049e+06 1.38656e+06 1.49204e+06 1.40797e+06
1.45649e+06 1.39108e+06 1.37437e+06 1.43852e+06
1.49613e+06 1.47746e+06 1.42913e+06 1.35817e+06
1.39821e+06 1.43335e+06 1.45823e+06 1.41049e+06
1.49367e+06 1.35875e+06 1.43477e+06 1.4513e+06
1.49518e+06 1.35478e+06 1.39789e+06 1.46432e+06
1.45658e+06 1.34061e+06 1.43797e+06 1.45732e+06
1.42966e+06 1.39237e+06 1.49749e+06 1.41885e+06
1.47872e+06 1.33121e+06 1.40047e+06 1.47203e+06
1.42823e+06 1.34717e+06 1.44576e+06 1.50066e+06
1.47393e+06 1.37181e+06 1.4725e+06 1.40712e+06
1.4817e+06 1.36402e+06 1.4767e+06 1.38026e+06
1.47872e+06 1.33121e+06 1.40047e+06 1.47203e+06
1.43355e+06 1.36207e+06 1.45109e+06 1.45928e+06
1.41024e+06 1.42335e+06 1.4904e+06 1.43248e+06
1.50653e+06 1.36226e+06 1.39756e+06 1.4656e+06
1.51922e+06 1.38854e+06 1.42548e+06 1.40672e+06
1.50633e+06 1.4197e+06 1.38396e+06 1.39076e+06
1.4445e+06 1.35695e+06 1.44642e+06 1.45422e+06
1.4179e+06 1.39452e+06 1.5026e+06 1.37954e+06
1.47281e+06 1.40029e+06 1.45945e+06 1.38448e+06
1.45727e+06 1.38709e+06 1.50602e+06 1.35526e+06
1.38544e+06 1.4253e+06 1.46199e+06 1.4013e+06
1.41832e+06 1.40125e+06 1.49824e+06 1.41714e+06
1.42269e+06 1.40781e+06 1.41345e+06 1.41662e+06
1.42217e+06 1.43403e+06 1.48424e+06 1.38999e+06
1.45804e+06 1.41297e+06 1.44807e+06 1.37759e+06
1.44278e+06 1.41309e+06 1.49584e+06 1.41597e+06
1.44278e+06 1.41309e+06 1.49584e+06 1.41597e+06
1.42217e+06 1.43403e+06 1.48424e+06 1.38999e+06
1.53456e+06 1.39408e+06 1.45519e+06 1.43428e+06
1.52229e+06 1.46185e+06 1.4143e+06 1.43803e+06
1.50015e+06 1.38486e+06 1.46295e+06 1.44581e+06
1.49922e+06 1.39224e+06 1.4439e+06 1.50038e+06
1.49512e+06 1.47603e+06 1.48176e+06 1.38826e+06
1.45661e+06 1.40086e+06 1.55104e+06 1.40006e+06
1.45562e+06 1.42744e+06 1.48972e+06 1.37863e+06
1.41769e+06 1.44747e+06 1.50091e+06 1.45611e+06
1.4782e+06 1.41144e+06 1.51851e+06 1.4105e+06
1.50616e+06 1.47545e+06 1.45145e+06 1.41886e+06
1.50162e+06 1.41498e+06 1.42698e+06 1.47855e+06
1.43087e+06 1.45567e+06 1.50671e+06 1.45426e+06
1.47123e+06 1.44434e+06 1.44288e+06 1.46516e+06
1.49624e+06 1.43262e+06 1.4654e+06 1.4057e+06
1.47486e+06 1.42843e+06 1.43181e+06 1.44611e+06
1.46188e+06 1.45337e+06 1.43836e+06 1.46387e+06
1.46362e+06 1.43693e+06 1.44882e+06 1.4199e+06
1.44239e+06 1.43727e+06 1.4545e+06 1.48465e+06
1.49412e+06 1.45098e+06 1.48268e+06 1.3903e+06
1.45519e+06 1.40417e+06 1.46187e+06 1.4412e+06
1.4401e+06 1.43861e+06 1.4949e+06 1.43904e+06
1.48824e+06 1.41134e+06 1.45765e+06 1.4158e+06
1.4402e+06 1.456e+06 1.49479e+06 1.48749e+06
1.4533e+06 1.43812e+06 1.51698e+06 1.43537e+06
1.48943e+06 1.41786e+06 1.42932e+06 1.45716e+06
1.45385e+06 1.45883e+06 1.47555e+06 1.41631e+06
1.5276e+06 1.42492e+06 1.45001e+06 1.43042e+06
1.45934e+06 1.42312e+06 1.51146e+06 1.43228e+06
1.48498e+06 1.42683e+06 1.4703e+06 1.43124e+06
1.49503e+06 1.39241e+06 1.49286e+06 1.42611e+06
1.48892e+06 1.42051e+06 1.4704e+06 1.39383e+06
1.47794e+06 1.4213e+06 1.50478e+06 1.39582e+06
1.45726e+06 1.42601e+06 1.50375e+06 1.44046e+06
1.5008e+06 1.44688e+06 1.42904e+06 1.41959e+06
1.49526e+06 1.42449e+06 1.45468e+06 1.45603e+06
1.58519e+06 1.43705e+06 1.45844e+06 1.44505e+06
1.52348e+06 1.39441e+06 1.49972e+06 1.43702e+06
1.52052e+06 1.46033e+06 1.43036e+06 1.45348e+06
1.5143e+06 1.43242e+06 1.49888e+06 1.38936e+06
1.48943e+06 1.48703e+06 1.454e+06 1.47899e+06
1.47568e+06 1.42218e+06 1.48722e+06 1.49349e+06
1.47175e+06 1.41465e+06 1.54507e+06 1.44689e+06
1.4571e+06 1.46526e+06 1.49957e+06 1.47141e+06
1.55892e+06 1.4246e+06 1.48222e+06 1.45342e+06
1.46709e+06 1.43761e+06 1.5155e+06 1.44006e+06
1.50162e+06 1.43015e+06 1.53975e+06 1.41059e+06
1.49112e+06 1.44505e+06 1.53921e+06 1.43668e+06
1.50873e+06 1.46583e+06 1.44138e+06 1.42313e+06
1.53866e+06 1.42978e+06 1.46293e+06 1.47987e+06
1.48233e+06 1.44946e+06 1.48135e+06 1.46632e+06
1.49966e+06 1.45782e+06 1.4789e+06 1.41794e+06
1.46184e+06 1.42645e+06 1.46771e+06 1.48594e+06
1.48352e+06 1.47238e+06 1.49809e+06 1.42408e+06
1.50253e+06 1.47244e+06 1.49966e+06 1.4112e+06
1.50209e+06 1.41975e+06 1.44316e+06 1.49208e+06
1.48836e+06 1.44808e+06 1.51143e+06 1.43461e+06
1.49845e+06 1.47968e+06 1.48941e+06 1.4263e+06
1.49511e+06 1.44263e+06 1.5068e+06 1.43018e+06
1.49692e+06 1.43232e+06 1.4937e+06 1.42786e+06
1.53172e+06 1.42988e+06 1.451e+06 1.48257e+06
1.49948e+06 1.42042e+06 1.46666e+06 1.45612e+06
1.47449e+06 1.47833e+06 1.48957e+06 1.44864e+06
1.52724e+06 1.46166e+06 1.44707e+06 1.44119e+06
1.52389e+06 1.42896e+06 1.47468e+06 1.44216e+06
1.50833e+06 1.46556e+06 1.46645e+06 1.43066e+06
1.51583e+06 1.43511e+06 1.4571e+06 1.4859e+06
1.50242e+06 1.44097e+06 1.44766e+06 1.45081e+06
1.49875e+06 1.42645e+06 1.48418e+06 1.47022e+06
1.46917e+06 1.46484e+06 1.45927e+06 1.45202e+06
1.48955e+06 1.44592e+06 1.45312e+06 1.43783e+06
1.47059e+06 1.43435e+06 1.46454e+06 1.46826e+06
1.51597e+06 1.4438e+06 1.47619e+06 1.42391e+06
1.48906e+06 1.4525e+06 1.46428e+06 1.44716e+06
1.52084e+06 1.45595e+06 1.46921e+06 1.43724e+06
1.49605e+06 1.4632e+06 1.47351e+06 1.43424e+06
1.48278e+06 1.4483e+06 1.47753e+06 1.43403e+06
1.53122e+06 1.4361e+06 1.46198e+06 1.44847e+06
1.49566e+06 1.43786e+06 1.44183e+06 1.45392e+06
1.49405e+06 1.43773e+06 1.47062e+06 1.44508e+06
1.52991e+06 1.45495e+06 1.44266e+06 1.44875e+06
1.52961e+06 1.44199e+06 1.46683e+06 1.44596e+06
1.47203e+06 1.42312e+06 1.49954e+06 1.44943e+06
1.50031e+06 1.42016e+06 1.46324e+06 1.48156e+06
1.47011e+06 1.46118e+06 1.4704e+06 1.44989e+06
1.55281e+06 1.46775e+06 1.46125e+06 1.43468e+06
1.55061e+06 1.43558e+06 1.44931e+06 1.4981e+06
1.53627e+06 1.44824e+06 1.44308e+06 1.4929e+06
1.53266e+06 1.45092e+06 1.49013e+06 1.428e+06
1.52374e+06 1.40468e+06 1.51631e+06 1.47235e+06
1.51316e+06 1.51629e+06 1.45863e+06 1.46904e+06
1.47627e+06 1.47924e+06 1.54581e+06 1.45173e+06
1.49128e+06 1.48975e+06 1.48338e+06 1.4507e+06
1.5102e+06 1.42078e+06 1.47587e+06 1.4669e+06
1.48191e+06 1.46046e+06 1.48845e+06 1.48251e+06
1.53312e+06 1.48538e+06 1.44401e+06 1.45827e+06
1.48904e+06 1.43188e+06 1.50657e+06 1.48109e+06
1.54787e+06 1.42978e+06 1.49461e+06 1.4619e+06
1.4868e+06 1.46876e+06 1.49977e+06 1.4578e+06
1.49999e+06 1.46406e+06 1.46578e+06 1.44225e+06
1.54076e+06 1.43662e+06 1.4677e+06 1.46669e+06
1.49698e+06 1.45883e+06 1.4773e+06 1.49421e+06
1.52719e+06 1.45913e+06 1.44962e+06 1.47596e+06
1.49774e+06 1.44897e+06 1.51223e+06 1.44487e+06
1.51269e+06 1.45772e+06 1.50423e+06 1.42891e+06
1.50391e+06 1.45228e+06 1.45552e+06 1.47107e+06
1.50191e+06 1.43854e+06 1.47154e+06 1.47416e+06
1.49352e+06 1.46234e+06 1.48743e+06 1.46128e+06
1.48057e+06 1.42613e+06 1.50022e+06 1.48159e+06
1.47929e+06 1.44386e+06 1.50443e+06 1.45194e+06
1.50588e+06 1.44968e+06 1.48322e+06 1.46347e+06
1.5153e+06 1.44699e+06 1.45478e+06 1.46633e+06
1.50769e+06 1.4464e+06 1.47396e+06 1.45424e+06
1.51133e+06 1.43805e+06 1.45954e+06 1.47625e+06
1.51901e+06 1.45884e+06 1.50292e+06 1.44917e+06
1.51776e+06 1.43393e+06 1.50315e+06 1.45669e+06
1.52243e+06 1.43999e+06 1.46175e+06 1.4558e+06
1.53854e+06 1.44128e+06 1.46452e+06 1.45403e+06
1.50611e+06 1.4616e+06 1.49347e+06 1.44679e+06
1.51156e+06 1.4414e+06 1.46392e+06 1.4652e+06
1.50023e+06 1.43982e+06 1.49817e+06 1.4823e+06
1.4995e+06 1.46314e+06 1.49595e+06 1.44841e+06
1.52479e+06 1.44094e+06 1.49981e+06 1.44624e+06
1.49939e+06 1.44852e+06 1.47656e+06 1.46791e+06
1.49245e+06 1.44779e+06 1.48904e+06 1.45157e+06
1.52249e+06 1.46361e+06 1.45682e+06 1.44658e+06
1.58158e+06 1.47486e+06 1.49219e+06 1.43654e+06
1.56359e+06 1.44497e+06 1.46551e+06 1.47756e+06
1.53325e+06 1.445e+06 1.5304e+06 1.45261e+06
1.52802e+06 1.45225e+06 1.45588e+06 1.4727e+06
1.5004e+06 1.48177e+06 1.47554e+06 1.45643e+06
1.5e+06 1.45402e+06 1.47891e+06 1.49019e+06
1.49279e+06 1.46828e+06 1.50012e+06 1.4628e+06
1.56218e+06 1.4471e+06 1.48808e+06 1.46663e+06
1.5172e+06 1.45547e+06 1.52003e+06 1.44568e+06
1.51736e+06 1.45902e+06 1.48259e+06 1.47487e+06
1.52561e+06 1.46836e+06 1.46141e+06 1.44757e+06
1.51144e+06 1.47316e+06 1.49212e+06 1.45956e+06
1.51623e+06 1.46589e+06 1.47281e+06 1.46605e+06
1.50158e+06 1.45114e+06 1.47835e+06 1.48126e+06
1.52755e+06 1.44622e+06 1.5074e+06 1.47923e+06
1.51232e+06 1.44561e+06 1.4704e+06 1.48621e+06
1.54784e+06 1.45318e+06 1.46068e+06 1.49364e+06
1.53911e+06 1.46928e+06 1.50539e+06 1.46856e+06
1.5298e+06 1.47218e+06 1.4795e+06 1.46259e+06
1.5216e+06 1.47901e+06 1.48415e+06 1.49492e+06
1.50674e+06 1.47222e+06 1.50386e+06 1.46825e+06
1.50972e+06 1.47584e+06 1.51596e+06 1.48868e+06
