974 22.2273
176409 99290 116635 121865
170386 95951 129080 130406
157856 119867 99015 129996
140322 151002 128664 98967
134086 153069 107656 106289
132836 107343 116917 150930
127805 106466 155645 116400
107308 124594 139311 135667
129168 139742 138328 104579
171984 119835 102929 132479
130130 105001 154534 121081
131482 145297 116895 110041
163569 98371 142754 134808
150700 111192 107175 144384
127281 150354 108170 121330
140602 107038 146088 113027
115191 142776 135877 115619
135723 147929 101032 134183
143823 100783 151978 143686
145061 113328 107173 150743
174985 110207 119720 117064
141075 144137 99712 123883
153104 125803 105596 135228
140917 137771 99541 127178
167190 105498 123554 120172
165443 120607 132628 103155
139268 121220 101904 146708
136056 115371 108097 147884
120560 135626 117593 117419
121803 115166 140950 116671
159666 108697 114039 138487
163255 103517 126704 126177
148706 110717 118363 130739
154418 136980 122589 105075
147679 116980 101332 140736
118067 110488 149061 118891
152095 101994 123115 131548
155389 127367 109013 133150
112934 134286 133428 120621
152884 123651 103210 139792
127027 140165 131100 106435
161400 128218 129417 107074
133305 130070 111622 119033
122263 120320 113060 141379
110081 117774 132386 135335
138960 143001 122922 102448
144669 132576 131432 100574
127812 135080 129670 107581
123212 141236 119139 113533
146430 105822 124397 120111
139268 121220 101904 146708
156645 109169 118698 121436
149909 107979 129881 117942
130485 107594 151736 117489
124702 113226 138343 114737
124052 121723 125777 113240
137614 103603 124348 126481
135723 147929 101032 134183
143012 126403 117105 110226
147815 122747 120035 122298
142959 108780 134138 109646
136931 128971 115423 111486
117751 114206 148563 117394
114589 112122 126290 123172
173655 97006 122808 127076
165783 129797 107413 129954
116003 120813 127902 118322
162181 101438 150449 125810
157404 99884 125514 133334
169024 111195 120637 113385
168693 111590 103827 137681
135367 111390 143388 114248
108581 119083 133777 134078
114052 117554 144031 125608
118500 129215 112507 122900
143823 100783 151978 143686
154400 131979 106936 132956
144669 132576 131432 100574
111233 119889 127763 136844
123466 118752 116510 138976
111915 131212 122753 133350
136320 128901 110217 121832
117424 111084 141223 124749
139859 102585 127926 124008
111944 115297 134447 128893
110662 111333 137615 135842
125281 104113 128225 129755
130354 118125 147419 109113
116960 128204 124493 127885
147114 127594 125500 108929
134086 153069 107656 106289
154894 105155 121607 132604
153701 106266 112541 141201
121206 133664 115754 121108
131804 141180 115331 112641
173655 97006 122808 127076
122534 115355 139703 114337
140257 144918 112824 116146
126320 112909 146707 111074
125855 115651 113731 132931
160803 104523 114479 134449
129772 111631 122171 111234
151419 120254 119425 128600
141445 107809 135431 116387
134700 125002 118159 116178
134817 125581 127485 109382
128300 123941 116196 123671
119670 112899 142206 122338
113120 122250 123896 130164
119807 114609 118484 136356
132452 118701 147334 105938
131483 122515 106067 134837
118228 132613 125065 125200
151863 116162 119163 127404
120373 106668 136565 119524
164299 119115 107187 133866
164747 108360 123674 123259
114052 117554 144031 125608
128900 124385 110917 121850
161936 118569 111572 120413
121323 116515 141982 112616
107851 119846 147048 138167
165306 100988 135883 124401
118574 123389 133131 117962
121301 128018 122482 112448
119346 120652 135421 117937
138960 143001 122922 102448
125085 109653 133356 149097
160466 104172 121220 136688
133762 116969 127947 110644
135934 124607 130692 108299
155962 114044 109318 126567
133245 122271 131942 108534
122769 119055 137390 117706
168693 111590 103827 137681
128332 113748 110534 142652
162181 101438 150449 125810
127309 131585 136228 106126
123044 119523 127090 118138
135484 133216 122914 108144
125085 109653 133356 149097
157856 119867 99015 129996
125132 137149 114033 115214
155853 101855 136567 132926
152215 112113 121152 129100
126735 126240 115018 123956
128332 113748 110534 142652
120090 109972 124893 137864
152838 110874 114288 128263
152289 123471 109578 134478
171779 130089 131544 151019
164369 145997 156460 121004
161057 118284 139921 148065
154865 158280 133367 147757
145178 140560 122892 164588
132638 132824 133062 149790
156965 155129 129943 156326
150123 124766 145648 132399
163636 136641 125982 145486
166985 124697 125449 152405
157347 131486 130800 134458
147181 126089 138118 126630
137941 124923 140415 134212
135852 132123 138672 121731
143766 138633 135734 147475
142330 142376 130350 152418
163427 127207 132141 128907
152664 142375 133450 146127
155671 136291 130265 132623
167783 128559 140809 132999
159578 132776 132435 140015
149368 153931 137476 161555
149201 127223 147758 134904
147217 141505 163088 140167
137215 136462 140549 143877
142974 129418 151858 148808
153398 152723 137693 157974
156337 135605 144560 160460
150456 136510 138905 152834
157542 150482 135169 159997
144102 149658 143006 141499
158594 139355 132907 137094
145765 130843 150377 149562
149840 146866 140307 145354
161743 144366 137663 134560
162385 138051 135956 137581
144142 142516 148535 137253
164620 130374 139357 150539
165579 130804 138243 152139
164116 128143 143156 144308
162718 147068 138072 133395
147561 136291 143905 133396
169603 134464 141030 139327
161794 155472 139989 137181
158864 152621 135263 142649
157355 138067 157267 135821
154501 127780 153069 142080
153663 140213 142882 156924
148164 143096 145631 133766
137836 141882 140682 152728
167296 145989 139335 135319
146996 155106 142710 147161
154221 137150 150744 151594
164251 144940 135481 141630
161316 133677 144606 148082
149060 139507 143991 145292
154023 138202 146731 156196
166259 138450 142352 153296
155614 136399 145777 139556
160915 140137 139579 144322
177668 147323 147102 140559
173067 154500 141517 151689
168962 129973 154229 161799
162804 156670 148916 135957
159008 146650 177239 145478
157911 170053 145530 155329
153865 147096 145438 166641
145837 167480 156568 165353
159556 135582 167390 153591
151396 153093 151670 139563
172081 132245 158540 152825
168526 141428 161182 140796
148714 162767 146019 147664
148258 143475 148778 148875
160768 154942 160271 138558
153649 147289 142229 157578
149670 155660 155290 146777
169702 140862 144430 144007
152888 150778 149632 142911
160487 137865 148945 141424
155587 150403 147623 141066
158460 142885 142153 162017
162316 151105 144928 154611
166368 160197 146903 140731
169402 148696 143209 152968
163471 159240 148912 140731
163115 144507 146424 144292
165262 141542 145931 140900
159552 146402 147021 152775
154691 142123 145872 152883
163233 141832 146615 144374
168937 150894 143963 141359
148564 147176 146920 152831
174457 153244 144116 160889
171191 153225 150995 141692
163389 138689 158628 143490
157526 166336 142963 165372
156464 150739 166715 150370
152606 173941 161053 142433
149220 163639 149438 159252
165908 146482 150222 157786
152770 149252 165028 151341
156316 172743 165571 146458
151668 154975 156472 151171
150150 148935 152402 154409
170784 143292 150427 141699
172373 157243 147316 147130
163480 146877 148118 148761
154723 161019 154450 151264
160324 158350 146420 161824
159578 160722 146371 159627
160626 142311 152397 145561
157198 155975 153141 145029
154913 150887 150033 153380
162163 159964 150143 143068
157560 151197 152073 143554
158373 150830 148586 143500
157346 143070 146444 158727
175766 143257 160240 160627
169912 160811 149136 160997
169673 156137 162487 144985
157057 151249 171905 156707
151245 164832 156419 155963
173093 157076 149911 146551
151795 151675 159587 156904
156440 152781 151850 155002
163166 149359 165278 151760
159807 163023 150896 149677
169130 148046 149470 152322
167398 151081 169141 146484
160393 156056 151921 153033
158569 159589 165056 152075
160564 153963 151826 159842
159888 158363 153627 145386
161558 157076 151541 158297
167389 158606 153232 146548
167815 150314 150921 151208
162205 159199 151365 149879
161087 149009 160168 160731
173831 157255 150570 150081
173741 154353 151893 162812
170442 152331 154378 154895
161812 166673 155302 153173
159949 159519 163099 155565
160186 161370 157558 159280
171543 155939 160020 152060
171976 155635 158067 154332
176472 156576 153759 163658
176196 166422 159077 152739
170993 156170 162105 160076
176409 99290 116635 121865
170386 95951 129080 130406
157856 119867 99015 129996
140322 151002 128664 98967
133216 157185 120491 109169
132836 107343 116917 150930
127805 106466 155645 116400
107308 124594 139311 135667
162181 101438 150449 125810
131482 145297 116895 110041
128332 113748 110534 142652
130130 105001 154534 121081
135723 147929 101032 134183
117273 128987 125039 129311
108581 119083 133777 134078
120090 109972 124893 137864
167991 104515 111389 127994
150700 111192 107175 144384
165443 120607 132628 103155
136056 115371 108097 147884
140917 137771 99541 127178
154418 136980 122589 105075
130354 118125 147419 109113
135367 111390 143388 114248
166148 97663 123631 120722
115191 142776 135877 115619
141075 144137 99712 123883
120523 140974 139933 122746
123383 154220 131869 113576
122263 120320 113060 141379
111233 119889 127763 136844
149123 121701 117875 120116
143823 100783 151978 143686
141937 134489 119536 111777
145513 135775 124372 111324
143432 101355 136388 131760
127027 140165 131100 106435
163569 98371 142754 134808
169751 114609 128543 110291
111944 115297 134447 128893
138546 141290 112863 118627
114589 112122 126290 123172
166652 118404 104926 132300
111915 131212 122753 133350
110081 117774 132386 135335
144669 132576 131432 100574
139268 121220 101904 146708
147679 116980 101332 140736
174859 113138 108539 126495
159536 107135 108916 138706
110662 111333 137615 135842
139257 149705 122110 107946
155345 126822 128960 108148
134086 153069 107656 106289
128760 148829 120024 115032
133216 157185 120491 109169
161400 128218 129417 107074
173063 105099 110033 118061
126482 127932 129834 115714
171984 119835 102929 132479
145061 113328 107173 150743
176250 102985 116839 117652
116468 125041 122165 130204
156235 113308 106534 124569
130116 112428 121735 143875
124443 115709 141726 115198
161022 105572 126492 114849
158529 108377 116106 113258
165613 124156 129361 104521
121803 115166 140950 116671
133305 130070 111622 119033
163822 103602 116402 121596
129168 139742 138328 104579
114052 117554 144031 125608
114052 117554 144031 125608
148229 116842 124448 113661
142631 122418 107126 140118
156009 102241 126818 115287
138223 114056 113349 135072
137086 114546 114002 136383
145549 99882 130899 137695
132825 135197 135362 109861
152491 133227 112254 118885
147137 110493 118988 130997
174661 115719 104156 130911
130354 118125 147419 109113
164546 106748 114296 131285
144669 132576 131432 100574
145944 126483 119795 123568
141144 101762 120908 143616
138960 143001 122922 102448
125085 109653 133356 149097
151476 133773 115684 112997
154771 129713 118659 109360
129168 139742 138328 104579
139964 126549 117662 120519
151705 102826 114636 125205
161804 111707 103838 133228
146551 115228 104528 138269
142959 108780 134138 109646
170079 116330 109496 122410
136732 127888 140998 112673
132562 122632 107744 128277
162384 124884 128557 106071
127805 106466 155645 116400
121008 120726 125264 125590
139371 111035 115241 141197
153742 115969 127252 116137
152884 123651 103210 139792
125085 109653 133356 149097
153104 125803 105596 135228
170707 101275 114694 124099
154151 127540 102703 135881
161156 98618 114953 132842
163080 119333 102525 136588
164298 114339 100803 135286
140602 107038 146088 113027
156619 115115 116938 118097
123283 123733 121751 140328
139268 121220 101904 146708
157705 120928 116539 112416
159218 109462 109892 129859
150380 109201 120356 129423
156925 106878 113699 117249
143823 100783 151978 143686
152081 123269 122739 117122
163134 107775 107879 139354
134086 153069 107656 106289
160322 115723 105560 134648
155175 112896 110060 119558
138960 143001 122922 102448
152623 100286 123184 127870
131722 101857 125082 126833
166178 111940 130653 110499
151311 116489 111300 125583
146953 125562 118075 126052
130229 131941 120785 119266
124195 116078 119497 129126
144542 124478 118182 124375
149834 118532 120715 124027
165960 105406 111842 128740
125150 125037 135940 122605
154564 116430 130225 111048
107308 124594 139311 135667
153467 122549 105366 127584
158204 119733 129063 107599
141445 107809 135431 116387
140602 107038 146088 113027
123383 154220 131869 113576
155043 111119 112672 121406
155043 111119 112672 121406
169119 127552 129619 128128
162816 120557 114571 134800
157324 117522 130812 121356
147455 149579 150361 132055
136809 152033 144970 151166
156063 147133 119768 125738
160008 135125 125624 128700
146202 132114 129170 143808
148171 126279 139240 139445
150795 132691 127305 139350
152456 129906 141329 132167
152003 118144 117855 132585
176649 140365 135084 129624
173212 119440 137830 141371
170008 142200 147133 126734
166395 136668 115886 147542
165876 124130 151974 130644
147793 150065 145853 152956
147170 154179 149476 149767
156587 124972 132602 147134
158552 147001 120131 149820
170396 122162 118101 137319
151922 150580 140808 140766
158196 135966 141654 128567
161878 128039 139717 139145
164594 131538 127361 134133
154450 132178 134588 133236
158240 130811 122041 148570
157182 141196 144718 132654
152470 126253 125713 139740
165729 144379 124303 133797
164187 127997 135763 131352
152399 148939 138448 147906
160910 131821 141540 136132
166821 124536 124508 135204
159762 136417 133642 133309
167607 125389 124326 141077
170105 121893 136821 139211
180205 140723 141251 132803
172392 162642 134231 134390
166712 145097 120484 147831
165368 128916 126324 151342
164962 148611 148038 131593
154561 127831 151281 145528
167190 155474 133855 136425
155596 137248 128119 140808
176881 130859 137897 138807
158627 129366 133400 143235
179202 145901 145529 134209
171621 130112 125812 140203
161151 135683 123533 150320
163808 128521 142683 143206
172744 135492 136749 135328
155681 143369 138728 137105
158660 142630 148871 132935
161885 135336 126150 147883
163811 134337 148880 133693
161532 134278 135209 137831
160447 132630 136549 137337
162342 132358 134824 136762
164650 131352 138370 137419
160507 136097 136124 136792
180093 143004 135436 141534
175086 139178 130181 155657
159281 173036 149948 138226
157865 128004 174054 165973
156705 140264 146181 144881
163233 145152 153567 142514
163473 159166 142991 140635
162209 132004 138171 161120
162573 153167 131920 150108
172636 158794 131374 143633
169126 137495 131750 155062
160733 144968 130342 154302
161377 129867 146258 146850
159609 137882 145233 162338
165538 146361 133995 150199
158178 147754 140291 143673
157390 146443 142110 147832
171600 137504 135005 142176
166179 132958 144855 138788
166233 146963 134997 149383
159675 144618 136569 145285
165456 131116 137022 146626
167803 144160 134117 141589
164480 134294 140218 144807
162942 147390 132081 143151
172356 145672 135473 140403
164673 131967 140135 139853
163875 143887 141294 146687
167277 133516 135028 144060
165802 134018 137269 145232
167052 139521 137978 140909
164564 140043 139963 144056
167023 139322 135310 144033
185515 138412 138158 153811
165762 146731 142609 140013
165478 136098 140835 140341
164553 150133 131156 155255
161648 159548 138542 156182
158669 141450 160008 165103
157537 144546 147895 157019
158992 157426 150806 145792
173809 139949 146086 140137
161289 145021 143469 157379
158179 151350 149499 155557
170444 147004 134278 149141
162319 144629 156076 151860
172039 142778 136756 151711
163454 149487 138976 143380
172585 136173 139627 147259
168435 147520 138411 153309
164947 150184 133290 153959
163336 148397 143131 152824
161455 142025 146348 155736
178462 145932 148217 147281
175742 161642 167540 140600
170341 142257 144631 163011
169387 148795 142397 148194
165514 136190 148354 153075
162087 147179 154465 156539
164444 160177 147470 161607
166256 157842 160721 143846
171135 157297 143494 142906
166421 150641 157058 145659
177057 153388 149000 141863
164918 153758 154100 147105
168773 144556 145321 147737
169497 137104 146301 147439
170133 149452 145680 144903
172208 140242 149687 147598
171400 159428 142479 150302
171234 137429 166786 154027
167545 141279 149397 161479
169508 146969 158226 150754
171812 144974 151122 161272
169524 157745 144113 155190
169915 150131 147531 152722
172154 152303 146876 147675
171925 148788 150197 153564
182626 151655 148430 154989
179983 152492 151381 154330
174530 143708 152983 157934
170765 149466 164416 166545
169814 163632 153578 165881
173941 150706 156031 159755
174409 145441 156969 155268
172435 154210 153168 154928
173838 156169 158761 160614
176409 99290 116635 121865
170386 95951 129080 130406
157856 119867 99015 129996
140322 151002 128664 98967
133216 157185 120491 109169
132836 107343 116917 150930
127805 106466 155645 116400
107308 124594 139311 135667
152960 122504 106083 138608
167202 104067 112580 117700
130354 118125 147419 109113
111233 119889 127763 136844
137368 156523 131742 99597
150700 111192 107175 144384
111944 115297 134447 128893
121803 115166 140950 116671
161400 128218 129417 107074
162181 101438 150449 125810
163569 98371 142754 134808
155255 136376 109074 109020
128332 113748 110534 142652
143823 100783 151978 143686
171984 119835 102929 132479
145061 113328 107173 150743
118761 150059 114927 140704
134196 154298 122682 110791
167991 104515 111389 127994
115191 142776 135877 115619
135723 147929 101032 134183
124443 115709 141726 115198
143823 100783 151978 143686
155962 114044 109318 126567
144669 132576 131432 100574
130130 105001 154534 121081
159877 108918 113923 124704
114589 112122 126290 123172
131722 101857 125082 126833
170273 100801 126540 131237
154297 133011 111789 109793
139268 121220 101904 146708
119867 142524 130196 120739
123283 123733 121751 140328
175501 114601 121975 116147
136673 127336 112360 111994
172185 106095 137411 117282
110081 117774 132386 135335
149824 138529 110642 105978
141075 144137 99712 123883
151354 124358 109095 118451
139268 121220 101904 146708
163042 115795 104940 119952
107308 124594 139311 135667
157818 111555 118532 134510
153104 125803 105596 135228
125440 146107 104169 132212
122263 120320 113060 141379
116468 125041 122165 130204
137422 152706 115228 105393
141480 118282 109817 120180
131849 151678 125760 104839
147775 139584 114520 105486
145708 132182 106411 127873
130900 121945 124389 130596
137913 145446 105266 118181
168801 112762 111888 125984
135367 111390 143388 114248
114052 117554 144031 125608
117090 120593 121910 139712
173655 97006 122808 127076
140602 107038 146088 113027
147539 130306 114025 111241
125083 142336 117698 118765
138157 129848 116281 110443
114052 117554 144031 125608
138960 143001 122922 102448
126670 137672 111008 129468
125471 114760 124099 132673
164704 108198 117115 125067
165443 120607 132628 103155
159602 108296 107680 133003
133636 134280 128412 111233
128760 148829 120024 115032
117273 128987 125039 129311
164196 122874 119143 108190
149058 125109 106213 121657
127281 150354 108170 121330
134400 141622 125497 105004
144488 135721 134280 101427
148385 147310 113224 103320
119377 128575 136762 122196
159007 123329 127857 110371
140917 137771 99541 127178
127258 110390 137726 122008
110662 111333 137615 135842
108581 119083 133777 134078
129168 139742 138328 104579
122383 133478 117704 124088
169110 98728 128930 133625
148229 116842 124448 113661
150808 126660 132573 112865
142959 108780 134138 109646
169435 101573 116921 131748
148305 131473 103572 132546
173655 97006 122808 127076
128510 128348 127148 117042
135763 145009 103670 119371
122241 144825 123528 119797
135494 110991 136553 114034
141922 131929 113699 106724
162181 101438 150449 125810
121008 120726 125264 125590
120364 149025 142856 112514
137170 140963 122993 107678
138652 143248 121320 107062
142324 141046 124462 103107
108581 119083 133777 134078
143374 113080 115721 129929
144676 125953 118195 113255
147160 129095 118557 110008
127628 133437 130918 116268
129616 153548 117862 111588
146430 105822 124397 120111
118956 137164 116463 125283
125085 109653 133356 149097
123601 143845 113580 133288
129539 135413 101695 122521
132971 134800 133016 103755
130130 105001 154534 121081
125085 109653 133356 149097
123481 143610 119837 122760
158586 109746 123353 123159
133453 138606 112332 111057
127974 146420 109282 129604
132119 144036 124730 108356
141150 153211 112622 103890
136056 115371 108097 147884
125111 122767 139149 116022
132707 140376 112888 112420
130418 140624 135007 115186
145902 106347 118711 126474
141939 139877 120092 104514
139705 147478 118573 105968
140602 107038 146088 113027
141445 107809 135431 116387
136056 115371 108097 147884
132715 149324 123306 108124
134783 137367 104959 120849
131279 135006 124690 111654
123383 154220 131869 113576
143358 135526 120883 101475
143358 135526 120883 101475
176489 129317 132624 146723
162537 127569 144920 141531
153116 144398 119605 112767
145216 155706 152653 119239
136527 148719 156492 157854
142433 140642 124842 123125
169125 130430 128346 151048
138852 138410 134028 134910
164346 134796 133508 129470
144690 132858 131912 137640
156938 129342 139366 134198
157664 134624 128065 131349
154832 128840 148792 145330
154927 130466 142823 139656
157042 130618 150090 130706
178266 129581 135457 148244
175588 128222 151597 146534
169136 145009 125964 145342
149217 145525 137451 153839
146987 146725 126477 123915
141067 163297 134903 141653
139893 142841 155455 150974
165827 135609 134366 134057
167790 138635 141182 129786
170522 131507 141837 140508
163766 131737 146197 149768
158019 139012 146119 148851
155511 145404 149922 144849
175827 140777 128164 142629
153931 145455 132224 132352
167872 141576 129674 137671
160609 145613 130151 147424
142368 145895 136873 140342
153058 141382 140948 147575
158867 134880 132692 139504
155262 133481 139132 152121
155864 139819 139074 138676
149443 145449 136611 151555
169374 143201 126689 140730
166559 133033 141554 149822
158840 143001 138052 145948
167497 143148 128830 146160
175894 135184 152236 149981
172576 147101 131155 138513
164451 148159 131904 127260
161518 166138 132797 136883
160250 138599 144629 165849
153217 156943 167971 142708
142694 157815 138287 142427
147182 155246 145096 143611
158856 159662 140923 130023
157484 153438 142629 136520
156203 141737 157352 143798
167599 150852 131861 158882
159580 138316 159964 154116
158768 156784 155381 131944
158798 143431 160947 140047
154539 143824 146629 147936
152120 148468 137559 146237
158752 149438 151316 143627
154261 147911 140792 164761
161082 139067 133787 140036
162314 151940 131969 140649
166343 139058 140334 149704
170319 147720 131674 139927
166906 145655 132219 147445
159589 159122 136870 145678
143047 152189 137230 143789
169271 136369 132885 145822
160185 152205 152693 136793
168189 138339 139052 145594
167689 136864 146079 143210
159351 144731 138884 143076
175759 136773 142317 156644
169422 138038 133127 154075
168203 154800 136660 162324
166652 156218 151299 128661
159630 161737 161918 136996
152221 177214 139618 149566
150563 165138 142119 151597
169686 148612 157165 136076
159901 172932 153408 136402
173297 139544 136425 143654
156271 146379 149876 153802
164469 163099 133803 148067
165328 141677 138388 142128
167225 139214 156864 145093
152524 156494 145566 151831
161977 157470 154176 143127
154128 159039 140452 148885
153558 153967 137868 154548
160385 146504 158913 143450
150950 155629 157748 161108
174611 149759 140203 141061
166265 156116 148406 137124
158698 146845 149751 148523
168266 150606 141897 139378
159375 175941 158286 139390
152804 151014 146670 151131
156124 152664 147076 149041
162523 149812 147371 157025
163852 140158 154065 158653
163294 162601 146914 139933
167804 138893 149423 148504
168264 141133 140385 159160
167017 158282 142306 142098
175283 156303 136936 145792
173323 148468 142049 163625
168031 158709 150281 138885
166994 145717 152211 142501
165449 175576 141582 159083
159272 162191 160677 148964
152937 157531 160484 152088
166472 170644 157624 138974
153851 169289 144931 156258
170279 163303 140914 151306
156276 159972 154725 156682
156772 153186 149803 154327
165826 153065 152753 145120
162780 157054 160137 149600
160816 151234 151156 157499
167573 147957 146773 152023
172069 148696 144523 150983
167055 148777 138694 158451
164246 157548 143490 156159
170203 149379 148091 145481
163981 161232 142603 156888
164774 157546 148184 152138
160271 161301 149319 151570
162850 149510 151076 157688
167191 154787 148157 158010
160546 161236 149611 158072
172483 162583 148935 161075
168162 149662 158184 145410
167503 152853 152554 142664
165688 167720 152653 157508
159068 155079 169665 166014
163526 156127 151227 159422
171453 165158 149232 147962
171779 154837 151349 155006
175182 157323 157078 149718
170853 171052 157267 156920
170585 152474 168250 153584
168284 163679 160728 144052
167924 155668 157930 148158
176959 160596 158502 152554
175283 157105 159432 154972
171633 163927 159586 154084
169876 168563 159317 154449
