11 0.388321
353763 285071
353763 285071
288577 320621
288577 320621
300477 313584
305105 305160
336783 292531
330718 297767
348090 287898
336673 295310
307504 302263
348090 287898
317442 300957
322083 298850
319994 300352
307504 302263
322083 298850
317521 300374
317521 300374
348090 287898
348090 287898
322083 298850
317521 300374
307504 302263
307504 302263
354033 286679
354033 286679
294002 329193
294002 329193
307073 305649
326239 301709
342658 292803
294695 323105
305617 320602
339303 296548
305727 316147
331797 298144
330002 300742
305727 316147
331797 298144
305727 316147
305727 316147
305727 316147
294002 329193
294002 329193
294002 329193
365365 292290
295998 334636
295998 334636
312312 308057
298791 329432
350126 294747
339382 298527
307653 317275
307538 321725
320027 307995
359093 294729
343655 294797
307653 317275
300403 324416
327983 305714
331261 302135
334542 298557
303105 323167
323547 306072
359093 294729
303105 323167
312312 308057
343655 294797
327983 305714
332497 300285
300403 324416
322719 306366
333014 300269
322719 306366
331323 301564
331323 301564
333014 300269
359093 294729
343655 294797
343655 294797
333014 300269
333014 300269
331323 301564
331323 301564
322719 306366
312312 308057
312312 308057
312312 308057
300403 324416
300403 324416
300403 324416
363427 295128
363427 295128
299568 333147
299568 333147
353581 297843
300580 327691
303791 324229
338091 298849
307979 320806
319630 308818
310067 319826
353581 297843
313620 314020
336197 301080
332721 302991
331802 304489
326305 308695
313620 314020
317870 310829
314961 311104
337298 299598
328991 306048
310067 319826
328991 306048
327198 307578
327198 307578
338091 298849
316220 310869
314961 311104
316220 310869
326305 308695
363427 295128
338091 298849
338091 298849
338091 298849
338091 298849
327198 307578
327198 307578
327198 307578
316220 310869
316220 310869
313620 314020
313620 314020
299568 333147
359375 297855
299775 339370
299775 339370
307422 336173
311294 324756
344928 299048
338074 301841
315271 316835
311454 321941
318747 311953
333152 305178
331883 308153
343055 300570
315889 313988
326621 309813
325592 310056
325592 310056
325635 310050
359841 299905
303275 342061
311916 326682
319555 312508
352666 300514
312568 322510
334979 309291
345754 303980
335635 305357
345808 302473
318285 319830
318566 318550
326880 310270
325973 310293
335330 305876
346179 303440
309545 344877
341715 305372
327733 311985
311991 330452
320048 317327
317236 323104
324076 313859
313216 326275
323416 317323
315225 325786
316244 324044
349295 308289
313327 326706
321727 324747
342756 311361
323706 318469
339277 314648
332380 314897
328726 317697
331688 316990
349742 308680
313791 343873
318453 330643
336057 315387
322655 325346
324837 319532
325674 318655
331901 317136
320583 328991
321767 326486
332820 316410
335809 316186
354351 309040
318804 333547
352763 315484
339593 316230
346034 315903
333088 317698
322744 329147
325090 323652
318996 332079
322952 325455
331090 319901
329020 321695
329203 321381
356712 311457
319453 334515
337382 317737
355296 314034
323022 327981
333822 319965
324199 326623
327342 323853
331360 320949
330672 322792
328266 323658
330709 321997
356007 317542
319505 354118
319567 339643
338000 318014
323031 328268
334737 323977
327920 325652
335291 320500
328925 324068
328268 324277
356538 318631
319754 342895
322273 339734
325105 328890
342129 321306
328213 326504
335125 324410
348604 319079
333340 324448
345079 320784
347414 319349
359283 320149
326908 334117
345214 322811
328928 328430
337708 326734
331983 328111
342361 324360
339432 324732
359753 321692
327269 343977
329323 329983
333868 328476
344563 324590
351865 322868
346819 324124
329902 328667
347593 324710
327742 350071
330420 330218
328273 347522
336431 329828
343185 329097
345411 327642
347280 326591
349874 329285
328470 349826
330690 344794
330875 331633
342927 330008
336993 331346
360506 329492
331177 337585
343305 331557
340231 334223
342988 331671
335464 334849
332338 335556
331225 336933
357244 332412
332885 337917
345957 335411
334212 335995
339717 335572
346114 335728
332980 342604
336254 337197
342372 336752
341675 337373
338906 342583
340045 343847
342640 346275
356686 365639
355772 290622
293863 315657
293863 315657
311705 293400
303070 306041
299103 314133
303070 306041
303070 306041
355634 297470
355634 297470
298019 323304
298019 323304
323478 298827
301474 322970
306388 313650
344005 298547
314816 302953
311270 310292
344005 298547
314688 306605
306388 313650
319552 301231
309467 310696
314688 306605
319552 301231
301474 322970
323478 298827
309467 310696
355634 297470
355634 297470
323478 298827
323478 298827
323478 298827
319552 301231
314688 306605
314688 306605
309467 310696
309467 310696
309467 310696
309467 310696
309467 310696
309467 310696
309467 310696
309467 310696
309467 310696
309467 310696
306388 313650
306388 313650
306388 313650
298019 323304
298019 323304
350080 298966
298568 336150
298568 336150
330226 299045
304766 332561
307279 319702
325543 299090
317726 303229
313349 316722
317665 308502
322391 302521
302745 335247
313498 311580
308985 316984
304766 332561
322151 302869
330226 299045
307279 319702
317012 309939
302745 335247
308220 318392
313549 311212
315809 310129
308220 318392
315809 310129
313549 311212
308985 316984
322151 302869
330226 299045
330226 299045
322151 302869
315809 310129
315809 310129
313549 311212
313549 311212
308220 318392
308220 318392
307279 319702
307279 319702
304766 332561
302745 335247
298568 336150
298568 336150
357309 299286
357309 299286
304587 337418
304587 337418
326659 300013
308199 320113
310585 317790
313646 311783
320268 308213
308199 320113
322527 303610
310585 317790
322527 303610
326659 300013
317905 308944
313646 311783
315927 310639
322033 305263
322033 305263
315927 310639
317905 308944
357309 299286
326659 300013
326659 300013
322527 303610
322527 303610
322527 303610
322033 305263
322033 305263
317905 308944
315927 310639
313646 311783
310585 317790
310585 317790
308199 320113
308199 320113
308199 320113
308199 320113
308199 320113
308199 320113
308199 320113
308199 320113
308199 320113
308199 320113
304587 337418
349765 300272
307383 337610
308270 325873
328199 303602
319005 309845
337856 301370
332351 301642
318021 312354
314275 317642
325909 305703
343434 300844
324256 306061
324256 306061
314994 314227
315885 314080
310369 323611
332351 301642
310872 321496
343434 300844
340072 300914
310369 323611
340022 301088
312601 319822
318882 310188
312601 319822
313411 319127
310872 321496
313411 319127
318882 310188
343434 300844
324256 306061
318882 310188
310872 321496
310369 323611
348509 301004
348509 301004
308226 356885
308748 332805
329414 306400
320232 312446
311209 323120
336602 301783
333264 302804
317652 314702
317652 314702
310290 327545
309886 330769
336602 301783
348509 301004
348509 301004
348509 301004
343119 301835
343119 301835
311634 330048
331655 309030
323684 312728
317951 317692
315252 325323
335285 307290
336202 303303
338848 302446
321061 314745
314217 328989
319171 315502
314690 326887
344734 303567
312276 333541
318740 323598
323678 315650
334802 314436
338600 305401
337078 312155
359124 304433
317410 339757
341060 305436
339432 316285
317930 338891
319769 325475
339852 307253
326354 321008
331888 316954
323827 323863
329052 317878
320383 325178
359230 307659
319974 332303
337046 317977
327223 321013
341303 310780
325731 327336
348389 310341
357028 310022
320480 328904
355719 311840
322302 344245
341852 315456
339362 318396
329851 321371
327714 322943
322837 333774
327008 333216
325502 333317
346196 315757
323791 336850
329213 327531
341920 317671
324105 336713
337376 323061
333983 323271
331717 324791
329498 325012
354537 315827
324131 337150
346581 316811
330227 327343
338260 323436
332928 326822
336415 326145
338146 324982
356459 317650
327576 337914
355128 323408
331165 335926
331936 328644
341236 326683
346355 323781
334136 327469
345116 325119
347539 324314
328001 340899
342749 328455
333382 335066
337851 329276
334333 329606
334224 334477
350715 325586
331772 346031
338139 329601
334825 330150
333363 341025
332716 343453
336885 330712
335261 335192
336268 334074
341051 330898
336691 341953
337326 332989
336911 333964
342479 331258
337401 347698
346340 333526
337633 358882
343256 340243
346539 335355
344495 341672
350363 336396
345024 345314
347634 337608
357552 345188
351285 347926
353739 345803
323858 289067
293303 334695
299283 324675
309520 307783
315825 302374
302716 317692
302716 317692
312319 304561
315825 302374
331219 290921
300388 336093
300388 336093
303370 327381
326725 294654
325375 299618
313102 318535
313351 305935
317068 303501
306338 325292
309984 324103
310108 319256
315022 304626
317068 303501
325375 299618
313351 305935
309984 324103
313102 318535
310108 319256
325375 299618
317068 303501
313102 318535
310108 319256
338318 291708
338318 291708
304762 329089
304762 329089
322946 304305
328013 295037
316505 309519
313713 319133
317624 305210
314048 312311
328013 295037
310868 319666
310101 325035
308120 327079
308120 327079
314048 312311
309180 325942
317624 305210
309180 325942
310868 319666
338318 291708
328013 295037
317624 305210
317624 305210
317624 305210
309180 325942
308120 327079
308120 327079
308120 327079
308120 327079
308120 327079
308120 327079
308120 327079
308120 327079
308120 327079
308120 327079
304762 329089
355930 291824
355930 291824
305309 330219
340537 293686
335102 296021
325614 305652
328419 302369
332875 298761
317136 312195
323739 306434
318359 307227
340537 293686
315523 314434
309183 328811
330929 300286
314992 318544
312356 324699
310670 326558
314680 320460
318026 309242
329033 300794
310670 326558
318026 309242
315523 314434
309183 328811
312814 322249
314992 318544
312837 321373
312356 324699
312814 322249
314680 320460
318359 307227
329033 300794
312837 321373
355930 291824
329033 300794
329033 300794
318026 309242
315523 314434
315523 314434
315523 314434
314992 318544
314680 320460
312814 322249
312814 322249
349339 293945
349339 293945
308912 332386
313522 325582
335749 297854
315797 323208
324151 306650
317841 315972
325835 306419
340970 297546
340970 297546
316692 316931
317841 315972
324151 306650
332357 301716
330344 303041
330344 303041
332357 301716
331463 302790
317550 316640
316692 316931
317550 316640
332357 301716
332357 301716
330344 303041
324151 306650
324151 306650
324151 306650
324151 306650
324151 306650
324151 306650
324151 306650
324151 306650
324151 306650
324151 306650
316692 316931
316692 316931
371046 296475
371046 296475
309604 347648
340918 297900
319035 318822
314802 331411
310681 345105
325047 314708
313055 332728
327057 307987
338538 299218
329826 307719
331561 302990
330485 303915
338538 299218
331561 302990
371046 296475
371046 296475
338538 299218
338538 299218
338538 299218
331561 302990
331561 302990
347382 298016
311424 345293
327195 310190
314332 340816
321011 323853
318326 332938
324335 319060
326814 317682
318440 331716
341615 302479
341984 299770
334451 303167
333724 303229
333724 303229
334451 303167
341615 302479
341615 302479
334451 303167
334451 303167
334451 303167
333724 303229
333724 303229
333724 303229
333724 303229
333724 303229
333724 303229
333724 303229
333724 303229
333724 303229
333724 303229
350292 298110
314572 349203
322526 324005
327525 316831
321202 342034
322164 334301
339061 309594
330847 312817
315747 347475
344446 304936
344930 301444
334290 309831
353170 298774
323150 329868
346336 306953
339032 311737
326807 326736
328628 319208
345265 310400
332685 314940
331649 315775
359324 299422
324026 329953
339069 312158
351359 311251
355505 309171
333272 315864
358732 301541
329434 324497
329932 319918
329781 322552
372133 305321
324627 343353
348927 315401
338756 316161
324629 334099
329436 324698
326509 330384
329959 321833
336899 320320
337203 319606
326353 332741
341218 316839
325446 345696
327257 331659
325984 344411
337168 322070
329742 330977
335054 325789
332294 329449
332462 325937
336375 322219
346633 317379
327990 336678
333995 334941
341301 323035
336219 327101
344511 320098
336456 325814
346558 317502
351528 322211
330327 347188
337648 328897
346285 323096
336083 340869
330985 341021
335290 340915
349625 324455
331294 349530
337267 342519
338160 331764
338698 330232
346130 329611
332273 348374
333809 343468
346985 324700
346704 329018
334720 342751
353778 329754
337696 347024
338195 340155
340052 335759
340153 330795
347526 329948
345414 330523
347626 330961
341850 336972
346056 331509
342430 333468
341874 333597
346279 333397
343292 344882
359130 334427
354534 335909
362140 335035
358283 345373
