4115 962.163
56523 119323
104307 58896
56647 115847
56636 118202
56887 112665
56944 110839
56853 114351
56864 112922
56600 119315
56636 118202
103561 58979
100806 59475
104190 58918
100987 59363
97665 59862
98251 59759
101573 59260
96289 60299
93737 61083
94323 60980
88573 63185
89228 63171
62668 88328
56766 115140
56809 114451
95113 60646
100239 59478
96834 60255
95644 60616
62181 89345
98791 59753
102319 59177
98251 59759
99537 59670
102859 59171
101573 59260
98997 59676
102113 59254
57331 107084
57302 107673
62322 89239
64719 84596
61859 90904
60420 93786
63864 85719
63662 86625
57031 110161
57057 109718
57455 106146
57215 108351
57181 108780
62895 88223
61864 90465
63779 86056
57489 105717
90448 62633
57816 103587
90714 62356
88112 63372
88392 63297
90994 62281
64372 85232
64108 85309
64007 85373
62150 89739
58613 99857
58752 99637
63361 86640
60594 93611
65152 83841
62471 88776
60367 94108
75097 70947
75302 70815
58565 99948
59577 96371
61113 92098
57494 105486
58064 101561
58146 101114
59243 97200
99778 59665
89768 62966
89501 63014
64920 84541
61108 92329
59076 97984
87600 63591
84346 65086
68077 78619
66510 81209
68497 77817
72430 73264
70467 75291
65247 83738
69269 77027
61552 91172
65359 83521
62556 88545
63774 86408
63779 86056
103100 59166
84887 64871
66419 81278
57748 103933
57819 103244
68333 78311
63955 85650
86251 64233
87840 63553
86011 64271
90533 62468
79716 67737
72020 73731
90714 62356
60642 93520
82075 66244
98791 59753
102113 59254
102319 59177
98997 59676
90059 62759
90293 62720
85739 64452
60803 93228
60056 95018
76461 69975
84647 64901
96875 60196
79341 68065
65098 84095
64525 84891
70829 74968
57418 106406
94841 60827
58112 101470
56997 110517
58913 99220
102859 59171
99537 59670
60271 94143
95881 60432
91279 62083
96108 60411
93329 61216
91740 61896
93057 61397
91506 62062
93556 61195
91967 61875
92303 61676
97204 60049
85550 64458
62975 88117
60051 95249
58059 101792
60798 93459
57906 102566
59071 98215
60019 95278
57576 105039
58918 98989
57608 105010
59039 98244
57450 106377
57336 106853
57102 109472
57376 106838
57062 109487
57223 107974
83749 65399
64506 85108
64372 85232
65518 83108
62359 88993
65481 83354
59892 96031
59238 97431
60965 92675
62007 90119
58560 100179
58411 100536
59572 96602
58226 101008
60218 94465
63101 87434
56732 115510
76203 70205
76345 70092
60012 95547
71770 73837
74194 71533
70648 75080
69807 75864
68120 78396
72267 73448
70172 75569
73390 72352
71521 74267
72542 73047
56869 112691
79926 67581
61864 90465
61953 90293
61161 92007
78770 68347
59391 96974
92212 61745
90293 62720
78429 68591
76140 70224
78050 68845
82672 65931
60014 95509
91506 62062
91649 61965
57107 109241
66646 80843
57489 105717
67479 79795
90520 62572
67596 79647
78605 68562
83885 65273
57271 107883
59625 96280
94932 60758
78157 68772
75868 70405
69485 76799
81231 66653
83560 65405
79152 68071
81886 66250
87139 63778
69530 76502
72358 73379
76436 70023
67843 79034
66555 80912
58346 100650
73108 72664
72245 73523
73939 71902
72976 72758
103263 59113
99837 59663
60766 93488
79835 67650
69785 75939
69695 76081
71658 74054
70557 75149
72520 73122
64649 84762
76591 69885
80039 67470
71177 74662
73198 72621
59476 96637
58464 100214
78492 68572
57302 107673
85270 64649
76682 69816
57381 106607
67819 79183
59945 95709
63715 86597
65709 82671
86523 64052
86712 64046
87328 63772
81420 66647
92492 61670
94652 60833
92868 61403
97393 60043
80508 67173
80671 67135
66698 80566
62001 90202
61254 91992
57144 109040
64506 85108
66276 81624
73506 72165
73664 72126
70771 74982
72734 72955
71861 73768
74285 71464
74444 71427
79799 67678
57220 108120
57031 110161
63021 87540
60138 94571
63106 87203
56944 110839
57824 103013
62980 87886
60885 92781
60880 93012
60372 93877
58832 99531
57455 106146
57940 102499
56737 115279
56949 110608
57331 107084
59897 95800
57943 102306
59153 97768
57661 104611
57613 104779
60223 94234
56864 112922
59034 98475
58231 100777
57901 102797
57785 103673
58141 101345
56695 115756
59158 97537
58998 98883
58025 101859
57178 108973
60133 94802
56696 115572
58837 99300
63016 87771
60970 92444
57571 105270
57057 109718
57743 104164
57381 106607
59003 98652
57819 103244
58022 102052
57666 104380
58416 100305
57026 110392
75548 70608
89832 62907
89975 62810
78861 68278
80940 66860
63154 87112
65845 82305
62086 89865
65566 83017
72113 73617
67082 80168
68862 77522
67175 80054
74444 71427
74537 71313
72042 73656
68769 77636
70922 74854
85830 64383
82973 65746
73281 72526
71430 74336
73415 72234
71427 74379
94323 60980
94464 60928
96198 60368
85149 64725
57661 104611
57613 104779
64965 84523
69394 76868
84556 64970
84095 65157
84436 65043
81548 66531
83221 65706
82240 66114
82724 65920
84186 65088
82512 65933
65199 83829
97023 60161
79382 68033
79506 67935
95699 60543
93238 61285
67675 79427
67787 79210
91279 62083
92583 61601
92777 61472
91084 62238
91175 62169
95828 60486
59003 98652
60851 93137
59034 98475
60104 94927
77960 68888
71054 74760
61698 91020
61746 90929
70944 74779
79061 68140
81140 66722
69248 77175
77386 69314
77504 69252
103100 59166
83139 65745
65797 82396
78109 68794
74825 71128
77098 69499
73981 71851
74809 71132
77114 69495
75820 70427
80220 67358
80236 67354
57107 109241
58832 99531
58752 99637
60186 94480
63069 87449
58950 98960
59206 97446
60933 92690
58194 101023
63361 86640
61488 91298
61339 91655
61403 91529
67707 79400
64607 84813
62144 89856
65624 83008
62407 88902
66052 81833
65988 81959
67561 79707
63212 87103
65903 82296
65760 82642
83975 65230
70445 75366
70395 75406
69360 76958
82421 66002
82905 65808
100985 59395
85459 64527
82166 66175
62038 89956
89878 62871
61440 91389
73231 72566
57782 103866
57181 108780
71145 74691
74162 71739
58379 100551
76802 69766
77869 68957
82853 65819
67356 79942
64108 85309
69075 77332
69157 77244
94561 60902
72792 72941
57714 104289
61403 91529
62508 88636
63297 86766
61600 91081
83259 65672
88021 63441
77007 69568
83371 65527
80508 67173
92122 61788
75639 70539
73758 72014
94652 60833
86712 64046
91740 61896
87411 63713
76591 69885
75393 70746
70079 75683
83288 65586
78717 68400
63922 85710
86003 64281
85361 64580
81223 66663
73066 72715
81795 66319
93095 61382
67175 80054
92492 61670
80796 66982
68588 77748
75580 70590
79144 68081
86342 64164
80713 67041
86251 64233
97484 59974
92687 61515
67986 78688
89501 63014
97665 59862
97393 60043
85149 64725
66191 81673
80849 66929
84647 64901
66789 80497
83469 65474
82504 65943
69621 76433
68476 77965
74628 71244
97574 59931
88573 63185
89228 63171
89410 63083
73299 72421
68862 77522
82112 66197
71336 74448
66901 80280
76345 70092
87131 63788
92868 61403
77386 69314
87592 63601
67388 79864
89319 63102
70557 75149
76826 69680
82331 66045
75097 70947
75302 70815
85920 64340
93646 61152
77818 69001
75006 71016
81697 66372
71077 74732
94872 60795
85775 64408
74071 71808
85278 64639
87840 63553
77674 69123
80417 67242
80129 67427
85058 64794
76917 69611
80327 67285
69221 77180
96248 60358
66613 80903
92673 61558
77205 69426
66100 81742
78248 68703
88112 63372
68769 77636
74537 71313
67082 80168
77295 69383
86803 63977
68678 77705
69445 76839
78338 68660
68211 78327
83832 65340
73849 71945
81878 66260
83552 65415
92057 61832
84466 65013
74137 71760
81614 66431
86523 64052
67266 79985
77928 68906
68385 78034
71861 73768
81030 66817
87931 63484
93737 61083
66334 81615
91098 62195
79535 67849
78951 68235
81050 66765
84178 65098
74285 71464
73506 72165
69988 75752
70263 75500
66991 80237
78634 68459
75761 70478
86432 64121
93276 61270
66810 80349
72633 72978
75959 70336
71268 74593
95022 60715
74916 71059
91649 61965
78971 68183
76049 70293
89949 62854
61291 91746
61266 91898
88482 63254
69898 75795
97113 60118
74718 71201
99941 59612
64585 84888
71627 74183
77591 69182
77504 69252
69506 76651
65773 82545
66531 81061
75483 70703
79618 67790
86950 63900
87048 63847
58901 99280
59124 97907
56766 115140
59153 97768
56737 115279
84058 65171
66810 80349
67934 78965
66388 81407
67955 78817
66367 81555
66667 80695
68098 78471
68354 78163
69642 76285
68476 77965
66789 80497
66531 81061
69506 76651
69621 76433
63297 86766
103380 59091
100058 59590
100122 59500
103444 59001
68211 78327
103561 58979
103380 59091
104190 58918
100058 59590
103263 59113
99941 59612
100868 59417
103444 59001
104307 58896
100122 59500
71748 73912
65359 83521
65433 83445
65013 84432
69664 76210
63249 86857
71636 74129
69673 76156
65630 82891
67986 78688
68385 78034
67627 79518
66388 81407
65909 82179
65940 82050
67955 78817
68354 78163
63218 86986
65661 82762
66667 80695
61782 90912
93148 61328
77591 69182
81465 66590
87509 63660
87048 63847
79618 67790
87328 63772
84013 65228
81585 66517
68953 77453
57993 102177
57872 102922
60133 94802
57901 102797
58020 102090
58141 101345
57571 105270
57026 110392
60880 93012
57542 105395
57743 104164
65050 84186
65032 84324
63016 87771
59712 96272
59428 96728
62980 87886
59392 96843
59748 96157
72885 72827
77682 69113
70263 75500
70373 75481
72135 73542
74718 71201
88482 63254
97113 60118
69898 75795
90059 62759
74628 71244
78880 68252
73849 71945
74046 71829
78248 68703
82392 66006
88021 63441
75671 70521
79990 67561
97023 60161
81705 66362
87931 63484
97574 59931
86893 63934
93556 61195
85451 64537
90994 62281
83379 65517
77007 69568
75729 70496
85058 64794
95022 60715
79042 68166
85369 64570
76917 69611
88392 63297
69027 77423
92596 61584
85912 64350
84968 64837
83461 65484
97484 59974
80327 67285
75006 71016
84527 64974
78338 68660
92148 61763
81121 66748
68678 77705
76049 70293
80129 67427
67266 79985
81787 66329
74916 71059
87509 63660
77295 69383
86432 64121
68588 77748
75483 70703
86342 64164
69988 75752
66901 80280
80417 67242
73017 72733
93646 61152
86803 63977
80959 66834
92031 61857
96108 60411
77205 69426
75393 70746
75959 70336
66991 80237
66191 81673
58528 100194
59540 96617
59860 96046
62150 89739
56809 114451
82211 66118
72885 72827
80016 67538
60223 94234
65988 81959
57991 102215
56949 110608
58279 100686
59897 95800
65050 84186
62950 88156
60849 93189
57872 102922
63021 87540
62359 88993
59428 96728
60885 92781
60970 92444
66052 81833
62407 88902
65661 82762
61018 92353
58613 99857
60594 93611
62556 88545
59796 96066
66100 81742
59343 97065
65098 84095
65518 83108
60138 94571
65433 83445
59945 95709
61600 91081
58416 100305
63106 87203
58231 100777
63763 86506
65481 83354
65940 82050
61339 91655
57697 104294
61488 91298
60372 93877
62508 88636
57945 102268
63249 86857
69043 77410
59158 97537
67627 79518
57542 105395
59291 97109
60102 94979
61291 91746
62038 89956
56691 115803
61953 90293
57824 103013
59748 96157
67739 79301
65247 83738
100239 59478
70670 75005
72633 72978
57218 108205
57215 108351
73412 72277
94464 60928
82792 65858
82965 65756
80705 67051
77756 69068
68953 77453
95113 60646
69157 77244
74172 71608
83139 65745
95647 60598
94561 60902
89768 62966
78626 68469
67739 79301
77756 69068
61018 92353
61440 91389
59124 97907
58998 98883
76745 69773
79457 67991
62927 88208
84895 64861
100868 59417
89319 63102
89410 63083
83840 65330
59392 96843
65032 84324
57271 107883
72814 72866
70150 75644
73758 72014
73687 72053
70079 75683
73299 72421
71323 74525
80671 67135
72408 73339
57666 104380
57787 103635
63218 86986
65630 82891
65909 82179
95828 60486
87419 63703
92764 61489
91175 62169
83280 65596
79527 67859
81606 66441
76713 69791
61698 91020
65797 82396
92303 61676
97204 60049
85550 64458
93329 61216
95881 60432
95699 60543
58279 100686
90533 62468
80804 66972
78725 68390
69075 77332
67388 79864
59712 96272
79457 67991
76826 69680
84968 64837
82331 66045
82792 65858
71543 74192
65013 84432
81465 66590
81420 66647
71748 73912
65773 82545
69360 76958
63774 86408
63763 86506
83749 65399
96834 60255
93148 61328
57782 103866
57176 109011
57938 102537
58027 101821
59291 97109
59343 97065
61266 91898
77847 68999
66698 80566
56700 115525
86950 63900
86893 63934
56523 119323
64649 84762
71268 74593
72407 73361
69785 75939
68098 78471
74172 71608
72520 73122
71543 74192
69695 76081
70670 75005
69642 76285
70373 75481
70922 74854
72814 72866
70150 75644
71658 74054
72135 73542
67532 79773
73664 72126
73687 72053
67934 78965
63955 85650
67901 79025
66367 81555
59796 96066
58837 99300
80849 66929
