176 54.938
3.24413e+06 3.27273e+06 3.20504e+06 3.22981e+06
3.27165e+06 3.24441e+06 3.23328e+06 3.14054e+06
3.23315e+06 3.27722e+06 3.17791e+06 3.23105e+06
3.2326e+06 3.25014e+06 3.20241e+06 3.21954e+06
3.21376e+06 3.27586e+06 3.24125e+06 3.20346e+06
3.23509e+06 3.22141e+06 3.21841e+06 3.25292e+06
3.20429e+06 3.22827e+06 3.23511e+06 3.22266e+06
3.20783e+06 3.26212e+06 3.25775e+06 3.21302e+06
3.27671e+06 3.18488e+06 3.20381e+06 3.27786e+06
3.29533e+06 3.21957e+06 3.27853e+06 3.21261e+06
3.2091e+06 3.24777e+06 3.27595e+06 3.25897e+06
3.22975e+06 3.19795e+06 3.18018e+06 3.21563e+06
3.28389e+06 3.24218e+06 3.31323e+06 3.22606e+06
3.24314e+06 3.26639e+06 3.18923e+06 3.23992e+06
3.21584e+06 3.21614e+06 3.22796e+06 3.2484e+06
3.24659e+06 3.2225e+06 3.22247e+06 3.19646e+06
3.20355e+06 3.21907e+06 3.31417e+06 3.19969e+06
3.27286e+06 3.24026e+06 3.15286e+06 3.21207e+06
3.2452e+06 3.20735e+06 3.23121e+06 3.19417e+06
3.23386e+06 3.15706e+06 3.22e+06 3.16744e+06
3.2315e+06 3.26653e+06 3.22357e+06 3.18409e+06
3.24264e+06 3.20982e+06 3.24257e+06 3.26367e+06
3.22602e+06 3.28716e+06 3.24544e+06 3.14752e+06
3.23486e+06 3.27298e+06 3.23498e+06 3.24493e+06
3.24167e+06 3.23271e+06 3.26634e+06 3.19571e+06
3.22843e+06 3.29365e+06 3.23549e+06 3.16457e+06
3.21074e+06 3.19313e+06 3.22234e+06 3.23585e+06
3.24232e+06 3.17167e+06 3.24938e+06 3.22806e+06
3.27322e+06 3.2333e+06 3.20971e+06 3.2088e+06
3.22472e+06 3.28823e+06 3.23373e+06 3.22097e+06
3.22133e+06 3.26384e+06 3.27001e+06 3.1757e+06
3.24443e+06 3.28541e+06 3.24524e+06 3.21176e+06
3.22007e+06 3.25294e+06 3.23247e+06 3.24098e+06
3.24421e+06 3.18626e+06 3.19092e+06 3.21287e+06
3.21e+06 3.2103e+06 3.27094e+06 3.22204e+06
3.2217e+06 3.19824e+06 3.23862e+06 3.25977e+06
3.18108e+06 3.23617e+06 3.20642e+06 3.18761e+06
3.25124e+06 3.2614e+06 3.24446e+06 3.2479e+06
3.2557e+06 3.21701e+06 3.16031e+06 3.30355e+06
3.13864e+06 3.29489e+06 3.19902e+06 3.16937e+06
3.25208e+06 3.26591e+06 3.22708e+06 3.19269e+06
3.22339e+06 3.16918e+06 3.23751e+06 3.23795e+06
3.23106e+06 3.27114e+06 3.22836e+06 3.19693e+06
3.2401e+06 3.23022e+06 3.19203e+06 3.24087e+06
3.25044e+06 3.27118e+06 3.21048e+06 3.20186e+06
3.2453e+06 3.20668e+06 3.25567e+06 3.20604e+06
3.24722e+06 3.24309e+06 3.24779e+06 3.21874e+06
3.21491e+06 3.23539e+06 3.22812e+06 3.24238e+06
3.22125e+06 3.21722e+06 3.21268e+06 3.18123e+06
3.20732e+06 3.18842e+06 3.27297e+06 3.22679e+06
3.15577e+06 3.2937e+06 3.1912e+06 3.22739e+06
3.26613e+06 3.21784e+06 3.15797e+06 3.19276e+06
3.26439e+06 3.26332e+06 3.27984e+06 3.18112e+06
3.24084e+06 3.27624e+06 3.26122e+06 3.21792e+06
3.1941e+06 3.26784e+06 3.23365e+06 3.23806e+06
3.27651e+06 3.22966e+06 3.24517e+06 3.17694e+06
3.24552e+06 3.2142e+06 3.14908e+06 3.23343e+06
3.24921e+06 3.23579e+06 3.20781e+06 3.22898e+06
3.20902e+06 3.26674e+06 3.21448e+06 3.16969e+06
3.1889e+06 3.28379e+06 3.20041e+06 3.19136e+06
3.19964e+06 3.29306e+06 3.24632e+06 3.26326e+06
3.27206e+06 3.26464e+06 3.19543e+06 3.25178e+06
3.21356e+06 3.23718e+06 3.23408e+06 3.20746e+06
3.21305e+06 3.29339e+06 3.17039e+06 3.25414e+06
3.19154e+06 3.25966e+06 3.25674e+06 3.17504e+06
3.29486e+06 3.2093e+06 3.2607e+06 3.1821e+06
3.27892e+06 3.27691e+06 3.27084e+06 3.1465e+06
3.2087e+06 3.27142e+06 3.25535e+06 3.23993e+06
3.26962e+06 3.27549e+06 3.21178e+06 3.23423e+06
3.16906e+06 3.2752e+06 3.14688e+06 3.20834e+06
3.191e+06 3.29637e+06 3.24951e+06 3.21459e+06
3.2925e+06 3.21928e+06 3.19796e+06 3.19133e+06
3.20984e+06 3.23015e+06 3.22216e+06 3.23034e+06
3.22625e+06 3.22525e+06 3.29181e+06 3.18526e+06
3.16416e+06 3.24355e+06 3.21114e+06 3.23797e+06
3.28205e+06 3.27125e+06 3.13683e+06 3.24278e+06
3.2335e+06 3.23968e+06 3.20195e+06 3.21156e+06
3.19391e+06 3.20763e+06 3.20509e+06 3.24176e+06
3.29834e+06 3.25023e+06 3.19328e+06 3.29082e+06
3.19939e+06 3.28134e+06 3.23044e+06 3.18608e+06
3.25717e+06 3.24224e+06 3.23338e+06 3.2307e+06
3.24669e+06 3.22954e+06 3.24685e+06 3.23225e+06
3.17862e+06 3.28564e+06 3.27403e+06 3.23333e+06
3.27816e+06 3.23351e+06 3.21501e+06 3.16488e+06
3.28543e+06 3.23722e+06 3.17836e+06 3.20954e+06
3.23411e+06 3.25238e+06 3.23599e+06 3.22706e+06
3.24652e+06 3.20575e+06 3.23121e+06 3.14384e+06
3.20194e+06 3.27435e+06 3.2384e+06 3.22153e+06
3.23079e+06 3.19037e+06 3.2126e+06 3.20692e+06
3.19586e+06 3.22724e+06 3.29509e+06 3.1808e+06
3.26722e+06 3.27347e+06 3.20991e+06 3.22406e+06
3.2067e+06 3.19371e+06 3.23018e+06 3.27793e+06
3.16824e+06 3.26202e+06 3.25731e+06 3.23365e+06
3.20578e+06 3.25774e+06 3.27955e+06 3.2357e+06
3.226e+06 3.25873e+06 3.24822e+06 3.26227e+06
3.26183e+06 3.23448e+06 3.27977e+06 3.19938e+06
3.18213e+06 3.21212e+06 3.22611e+06 3.24209e+06
3.22361e+06 3.28742e+06 3.21825e+06 3.19169e+06
3.26889e+06 3.27718e+06 3.21664e+06 3.22997e+06
3.19654e+06 3.25911e+06 3.22729e+06 3.21614e+06
3.28026e+06 3.23586e+06 3.30796e+06 3.19166e+06
3.22458e+06 3.25007e+06 3.1997e+06 3.22139e+06
3.27482e+06 3.25124e+06 3.22274e+06 3.19763e+06
3.22111e+06 3.22104e+06 3.17544e+06 3.25398e+06
3.28317e+06 3.27287e+06 3.22976e+06 3.26419e+06
3.23278e+06 3.1962e+06 3.25104e+06 3.27316e+06
3.24512e+06 3.2109e+06 3.21705e+06 3.25041e+06
3.26008e+06 3.27668e+06 3.21781e+06 3.24215e+06
3.28003e+06 3.24098e+06 3.21964e+06 3.20934e+06
3.21424e+06 3.26916e+06 3.22688e+06 3.23735e+06
3.21871e+06 3.29282e+06 3.21996e+06 3.15499e+06
3.25697e+06 3.31411e+06 3.28782e+06 3.22517e+06
3.2295e+06 3.15008e+06 3.23991e+06 3.22796e+06
3.26866e+06 3.20724e+06 3.20626e+06 3.28117e+06
3.20959e+06 3.26178e+06 3.21426e+06 3.238e+06
3.22047e+06 3.29682e+06 3.20469e+06 3.20169e+06
3.24582e+06 3.24261e+06 3.22419e+06 3.26948e+06
3.2226e+06 3.24596e+06 3.24554e+06 3.2475e+06
3.19703e+06 3.26336e+06 3.21708e+06 3.26332e+06
3.27294e+06 3.29234e+06 3.23769e+06 3.20764e+06
3.23644e+06 3.27091e+06 3.21244e+06 3.17058e+06
3.2027e+06 3.31293e+06 3.17972e+06 3.24354e+06
3.26212e+06 3.31597e+06 3.21015e+06 3.20588e+06
3.26476e+06 3.2313e+06 3.2272e+06 3.24041e+06
3.27433e+06 3.25516e+06 3.19969e+06 3.26754e+06
3.2734e+06 3.27656e+06 3.20207e+06 3.19147e+06
3.23522e+06 3.20995e+06 3.21241e+06 3.22747e+06
3.23048e+06 3.22238e+06 3.28988e+06 3.22344e+06
3.22452e+06 3.27944e+06 3.227e+06 3.22468e+06
3.17624e+06 3.2297e+06 3.21583e+06 3.22449e+06
3.28003e+06 3.23182e+06 3.26894e+06 3.23459e+06
3.18079e+06 3.22947e+06 3.18806e+06 3.21553e+06
3.23372e+06 3.23197e+06 3.28053e+06 3.19682e+06
3.23418e+06 3.27382e+06 3.1621e+06 3.1801e+06
3.23192e+06 3.22888e+06 3.22274e+06 3.18626e+06
3.22583e+06 3.26636e+06 3.23234e+06 3.1862e+06
3.26063e+06 3.22356e+06 3.2248e+06 3.26503e+06
3.24312e+06 3.25325e+06 3.2634e+06 3.22902e+06
3.27257e+06 3.21313e+06 3.22944e+06 3.1544e+06
3.25561e+06 3.20783e+06 3.16686e+06 3.1956e+06
3.2088e+06 3.2709e+06 3.23581e+06 3.24888e+06
3.23878e+06 3.26307e+06 3.22875e+06 3.27093e+06
3.16927e+06 3.28179e+06 3.22215e+06 3.22104e+06
3.28418e+06 3.2598e+06 3.16809e+06 3.2466e+06
3.27715e+06 3.30806e+06 3.1677e+06 3.17212e+06
3.26934e+06 3.17809e+06 3.27568e+06 3.1625e+06
3.24327e+06 3.29728e+06 3.2116e+06 3.19776e+06
3.201e+06 3.18206e+06 3.20853e+06 3.19255e+06
3.22332e+06 3.24347e+06 3.2017e+06 3.17581e+06
3.2401e+06 3.26529e+06 3.1953e+06 3.22467e+06
3.29371e+06 3.27116e+06 3.25342e+06 3.21546e+06
3.23252e+06 3.21533e+06 3.18187e+06 3.2799e+06
3.1936e+06 3.2705e+06 3.19637e+06 3.22659e+06
3.19612e+06 3.2423e+06 3.21613e+06 3.16972e+06
3.23522e+06 3.22869e+06 3.23523e+06 3.19724e+06
3.2617e+06 3.24876e+06 3.24196e+06 3.189e+06
3.25624e+06 3.23908e+06 3.21999e+06 3.27354e+06
3.23836e+06 3.24006e+06 3.25148e+06 3.21886e+06
3.19329e+06 3.14892e+06 3.224e+06 3.16906e+06
3.26491e+06 3.26067e+06 3.25087e+06 3.22026e+06
3.22109e+06 3.22498e+06 3.21078e+06 3.19949e+06
3.18837e+06 3.25621e+06 3.19845e+06 3.13316e+06
3.1972e+06 3.24635e+06 3.25662e+06 3.2061e+06
3.27579e+06 3.22939e+06 3.26246e+06 3.22965e+06
3.22422e+06 3.2015e+06 3.20036e+06 3.19093e+06
3.23247e+06 3.23838e+06 3.18536e+06 3.15759e+06
3.25089e+06 3.20545e+06 3.22773e+06 3.19379e+06
3.29212e+06 3.22452e+06 3.20904e+06 3.19107e+06
3.27859e+06 3.2127e+06 3.22532e+06 3.25873e+06
3.2491e+06 3.22045e+06 3.25032e+06 3.20564e+06
3.22092e+06 3.2324e+06 3.22127e+06 3.24432e+06
3.23848e+06 3.2831e+06 3.18945e+06 3.2542e+06
3.24322e+06 3.25112e+06 3.14193e+06 3.18505e+06
3.23728e+06 3.20405e+06 3.21813e+06 3.27353e+06
3.22662e+06 3.21635e+06 3.21228e+06 3.18224e+06
3.26766e+06 3.29996e+06 3.18695e+06 3.21692e+06
3.20902e+06 3.2025e+06 3.19679e+06 3.20857e+06
3.25125e+06 3.21122e+06 3.24305e+06 3.22317e+06
3.27365e+06 3.18782e+06 3.24417e+06 3.23991e+06
3.28583e+06 3.22189e+06 3.25519e+06 3.22852e+06
3.33953e+06 3.28214e+06 3.18158e+06 3.21881e+06
3.25096e+06 3.22788e+06 3.18608e+06 3.24561e+06
3.21478e+06 3.27687e+06 3.25798e+06 3.23413e+06
3.20724e+06 3.29175e+06 3.22534e+06 3.21799e+06
3.19817e+06 3.23164e+06 3.2094e+06 3.22745e+06
3.20914e+06 3.17566e+06 3.21438e+06 3.20492e+06
3.2669e+06 3.19347e+06 3.27204e+06 3.14041e+06
3.23909e+06 3.17516e+06 3.2445e+06 3.23067e+06
3.213e+06 3.25085e+06 3.2338e+06 3.19948e+06
3.24022e+06 3.2111e+06 3.21121e+06 3.23767e+06
3.23151e+06 3.27394e+06 3.20392e+06 3.19317e+06
3.26704e+06 3.27209e+06 3.26843e+06 3.15692e+06
3.2226e+06 3.18071e+06 3.26977e+06 3.23735e+06
3.26142e+06 3.2438e+06 3.2318e+06 3.20853e+06
3.29209e+06 3.27106e+06 3.12803e+06 3.19947e+06
3.2372e+06 3.25339e+06 3.1628e+06 3.25662e+06
3.24896e+06 3.22173e+06 3.17095e+06 3.22636e+06
3.25478e+06 3.22257e+06 3.22013e+06 3.23203e+06
3.3379e+06 3.23828e+06 3.22125e+06 3.23628e+06
3.2209e+06 3.25645e+06 3.16818e+06 3.17516e+06
3.31405e+06 3.29177e+06 3.24457e+06 3.1963e+06
3.23672e+06 3.26888e+06 3.28018e+06 3.26334e+06
3.2223e+06 3.26778e+06 3.20601e+06 3.2577e+06
3.27344e+06 3.26605e+06 3.23397e+06 3.23969e+06
3.21739e+06 3.2341e+06 3.20241e+06 3.15006e+06
3.20627e+06 3.24521e+06 3.30132e+06 3.18536e+06
3.20835e+06 3.18437e+06 3.2445e+06 3.23786e+06
3.21186e+06 3.30049e+06 3.19893e+06 3.22642e+06
3.23393e+06 3.2429e+06 3.2302e+06 3.21256e+06
3.28443e+06 3.24022e+06 3.19551e+06 3.20612e+06
3.25307e+06 3.21888e+06 3.27299e+06 3.17836e+06
3.25158e+06 3.25847e+06 3.21398e+06 3.24105e+06
3.21605e+06 3.2139e+06 3.2092e+06 3.2174e+06
3.24182e+06 3.28845e+06 3.2729e+06 3.26038e+06
3.27462e+06 3.3014e+06 3.26884e+06 3.17401e+06
3.22938e+06 3.27362e+06 3.21512e+06 3.22705e+06
3.29884e+06 3.23891e+06 3.25808e+06 3.19661e+06
3.1762e+06 3.27498e+06 3.20448e+06 3.12323e+06
3.26233e+06 3.27001e+06 3.15337e+06 3.30851e+06
3.26534e+06 3.24875e+06 3.24434e+06 3.21163e+06
3.20714e+06 3.25987e+06 3.2784e+06 3.2085e+06
3.24081e+06 3.25656e+06 3.22375e+06 3.22771e+06
3.25674e+06 3.1655e+06 3.16166e+06 3.22913e+06
3.24392e+06 3.24037e+06 3.26442e+06 3.20581e+06
3.21192e+06 3.30124e+06 3.19839e+06 3.1887e+06
3.21761e+06 3.2093e+06 3.19284e+06 3.2623e+06
3.26982e+06 3.27299e+06 3.21857e+06 3.1775e+06
3.22632e+06 3.18996e+06 3.22178e+06 3.26723e+06
3.23116e+06 3.25103e+06 3.18812e+06 3.23036e+06
3.2556e+06 3.19975e+06 3.24588e+06 3.19515e+06
3.21557e+06 3.28582e+06 3.22022e+06 3.24941e+06
3.26861e+06 3.26323e+06 3.22142e+06 3.18555e+06
3.24471e+06 3.24124e+06 3.19739e+06 3.17134e+06
3.25256e+06 3.26128e+06 3.29606e+06 3.27862e+06
3.23115e+06 3.28776e+06 3.2612e+06 3.26058e+06
3.2583e+06 3.30836e+06 3.21262e+06 3.19595e+06
3.27963e+06 3.24666e+06 3.21124e+06 3.19152e+06
3.26104e+06 3.25252e+06 3.23878e+06 3.2589e+06
3.30888e+06 3.21015e+06 3.29402e+06 3.25246e+06
3.24277e+06 3.25193e+06 3.23532e+06 3.18356e+06
3.24246e+06 3.26287e+06 3.27744e+06 3.22671e+06
3.19956e+06 3.246e+06 3.21698e+06 3.17763e+06
3.25948e+06 3.28551e+06 3.22463e+06 3.25949e+06
3.21365e+06 3.24559e+06 3.19099e+06 3.17062e+06
3.17527e+06 3.26723e+06 3.25077e+06 3.22983e+06
3.23363e+06 3.24673e+06 3.25113e+06 3.16417e+06
3.25841e+06 3.22869e+06 3.2343e+06 3.2372e+06
3.30285e+06 3.28165e+06 3.20995e+06 3.22492e+06
3.23014e+06 3.20907e+06 3.24287e+06 3.21068e+06
3.23283e+06 3.29071e+06 3.21987e+06 3.21434e+06
3.28216e+06 3.25703e+06 3.3018e+06 3.24772e+06
3.21675e+06 3.29048e+06 3.23475e+06 3.24804e+06
3.24033e+06 3.25939e+06 3.22651e+06 3.18501e+06
3.21819e+06 3.28789e+06 3.17315e+06 3.26343e+06
3.26662e+06 3.27309e+06 3.21288e+06 3.22831e+06
3.24239e+06 3.25088e+06 3.21186e+06 3.23328e+06
3.23096e+06 3.19751e+06 3.26724e+06 3.19881e+06
3.2898e+06 3.28586e+06 3.26583e+06 3.26348e+06
3.29511e+06 3.26776e+06 3.22813e+06 3.19074e+06
3.23728e+06 3.25011e+06 3.14728e+06 3.18019e+06
3.25068e+06 3.25446e+06 3.24703e+06 3.22146e+06
3.29051e+06 3.16765e+06 3.25101e+06 3.17974e+06
3.19265e+06 3.25061e+06 3.21344e+06 3.26437e+06
3.20899e+06 3.25037e+06 3.1743e+06 3.13457e+06
3.20922e+06 3.24716e+06 3.22057e+06 3.27681e+06
3.22474e+06 3.25512e+06 3.23491e+06 3.19095e+06
3.21364e+06 3.21222e+06 3.20246e+06 3.18819e+06
3.20438e+06 3.22987e+06 3.20483e+06 3.24749e+06
3.2793e+06 3.23337e+06 3.25096e+06 3.18734e+06
3.25964e+06 3.33674e+06 3.21175e+06 3.18055e+06
3.266e+06 3.26333e+06 3.20384e+06 3.26697e+06
3.27854e+06 3.27463e+06 3.22984e+06 3.2653e+06
3.23368e+06 3.27135e+06 3.26558e+06 3.15645e+06
3.23462e+06 3.263e+06 3.17326e+06 3.19875e+06
3.19212e+06 3.2426e+06 3.25191e+06 3.19418e+06
3.23856e+06 3.23081e+06 3.25809e+06 3.18998e+06
3.24877e+06 3.28282e+06 3.22744e+06 3.2219e+06
3.26322e+06 3.32507e+06 3.24285e+06 3.24483e+06
3.27165e+06 3.22041e+06 3.2306e+06 3.21744e+06
3.25945e+06 3.26644e+06 3.19894e+06 3.19747e+06
3.26005e+06 3.25577e+06 3.24115e+06 3.23222e+06
3.25086e+06 3.20215e+06 3.24416e+06 3.25469e+06
3.24831e+06 3.25231e+06 3.23601e+06 3.21277e+06
3.19954e+06 3.21353e+06 3.19116e+06 3.20554e+06
3.2194e+06 3.23176e+06 3.26006e+06 3.21755e+06
3.2035e+06 3.20903e+06 3.20406e+06 3.24078e+06
3.22848e+06 3.27794e+06 3.2265e+06 3.18504e+06
3.27887e+06 3.20004e+06 3.24645e+06 3.17405e+06
3.19019e+06 3.23902e+06 3.29848e+06 3.2157e+06
3.24997e+06 3.22353e+06 3.21626e+06 3.26906e+06
3.22237e+06 3.25099e+06 3.24981e+06 3.25607e+06
3.29109e+06 3.25926e+06 3.2446e+06 3.18749e+06
3.26372e+06 3.23971e+06 3.18152e+06 3.20084e+06
3.25986e+06 3.24998e+06 3.17728e+06 3.20609e+06
3.30286e+06 3.24238e+06 3.26993e+06 3.19879e+06
3.2117e+06 3.23899e+06 3.17053e+06 3.22805e+06
3.22963e+06 3.28809e+06 3.29384e+06 3.22238e+06
3.30337e+06 3.22356e+06 3.20771e+06 3.2193e+06
3.19277e+06 3.2582e+06 3.22541e+06 3.20181e+06
3.27304e+06 3.22654e+06 3.24312e+06 3.17095e+06
