90 3.09366
756777 837233 842291
821192 768258 815386
832080 796293 751510
812549 805719 807438
825650 823131 792188
796290 813556 793355
789232 778410 773059
801758 834334 815465
836268 801182 760307
813033 786618 788162
779418 812387 772237
821889 816068 760778
800078 785811 790997
815890 807028 757892
823033 808283 793262
776968 784115 774010
810902 783887 781749
812097 781145 787023
830394 806836 805083
786591 796201 776477
817563 782614 805403
807845 767784 801126
800090 768778 788882
799852 804448 761415
768254 767468 782804
810346 796286 798750
786542 785176 779722
814087 783089 816598
769657 788079 805381
769902 785994 807373
792758 808225 800017
785227 773931 775047
795830 811175 831475
798691 776237 778316
810652 783796 805147
782589 803378 828028
786295 776259 778569
821089 826262 786132
824105 794252 828257
802581 813454 819889
814087 783089 816598
801792 796343 782684
803086 792326 790780
826635 795924 784312
795014 812697 806632
803626 792253 794422
842007 798627 783961
807112 807656 813421
790533 799046 787471
790804 795312 783350
831029 790676 779941
779418 812387 772237
868442 774052 782765
820536 772142 777491
793170 794550 767988
790013 811357 825910
789011 800801 819522
816919 783372 775817
806301 809489 809898
820536 772142 777491
804729 815194 808111
803484 789172 785637
792963 796687 782594
817079 791518 756746
806372 793921 789866
802705 810872 770669
800457 797225 791951
799694 792995 784426
839150 790391 799555
844526 791625 799468
800992 822158 827205
821889 816068 760778
791850 809187 749790
831611 798194 789495
817563 782614 805403
799907 793466 814038
806140 818489 783281
780537 783927 834273
812833 790193 796465
804148 811021 809340
804148 811021 809340
800457 797225 791951
801109 785816 819921
808485 816999 773550
842207 802417 824158
817844 780590 818535
812111 786675 806023
810459 796008 807252
797064 803859 804802
798691 776237 778316
800619 794908 765601
796290 813556 793355
788509 784399 774361
819679 795291 829290
824690 798206 796389
801178 812064 782364
800893 792972 816701
798007 788011 804765
801109 785816 819921
802378 823200 758367
842007 798627 783961
796674 815123 795547
816960 769913 777523
790804 795312 783350
779222 793318 780658
820854 798940 795050
824105 794252 828257
780537 783927 834273
806339 813401 786573
828797 795339 796233
839800 813027 792697
829306 809795 794085
819180 796982 805158
816551 845109 798202
793103 786129 797248
831611 798194 789495
795830 811175 831475
802581 813454 819889
810323 810600 786434
803930 805062 789917
795219 817218 804604
785856 799859 807436
810293 790612 817927
791950 801242 780566
807058 790577 788822
800217 784366 798498
792410 801092 824883
801816 797277 811059
808008 802330 832128
848590 812601 778043
792919 801974 794951
831301 779698 795242
784054 822695 798168
778080 781180 797403
793052 806523 792768
803626 792253 794422
785596 773213 769990
790515 816907 789903
831029 790676 779941
834099 781749 787601
814866 788962 754376
804280 790480 809367
802705 810872 770669
788821 809202 804208
790542 774154 774253
814991 821037 787812
803549 804800 804336
769752 800430 809016
828797 795339 796233
803117 795575 806082
810323 810600 786434
786649 770544 791841
786021 778928 769822
824612 805449 795072
783716 796585 820701
789232 778410 773059
852164 794379 793190
798691 776237 778316
809465 775604 783126
769902 785994 807373
792341 828301 814750
835056 791949 777059
828747 805195 798344
800217 784366 798498
852164 794379 793190
792508 798224 785941
811794 814548 770987
807845 767784 801126
812111 786675 806023
823438 780886 777244
784035 770789 779853
806485 818441 793531
834099 781749 787601
805295 813375 806788
801181 783438 821923
801816 797277 811059
804363 805707 815222
797889 826069 784268
832427 808204 809647
792341 828301 814750
844178 793795 775272
817942 790991 799138
804280 790480 809367
805092 832667 799598
824100 790666 771488
796240 785501 796530
849991 811267 790615
824100 790666 771488
863864 815614 800609
800619 794908 765601
839226 830964 793261
845628 818592 793883
804149 800907 807156
829762 802485 791870
801122 800869 811323
806978 784673 799788
821424 797343 790302
806144 789640 801281
778076 811152 776349
812603 794827 828886
805994 808875 788200
811454 852037 789568
808485 816999 773550
841328 796652 799401
786542 785176 779722
807230 785604 814781
841291 783319 822493
795081 815670 803361
806339 813401 786573
817942 790991 799138
808602 799598 806842
809465 775604 783126
789800 789728 774836
804435 851998 797086
811794 814548 770987
805502 799749 782800
810465 827117 817318
793170 794550 767988
788218 802859 811936
823609 789272 823828
814170 787699 801753
768254 767468 782804
842457 836254 778005
818303 815088 783558
795081 815670 803361
839226 830964 793261
813033 786618 788162
803086 792326 790780
809270 798424 789977
841291 783319 822493
823438 780886 777244
810293 790612 817927
818990 785292 805880
804167 812051 794928
820445 784449 789356
788821 809202 804208
812662 816251 783708
809790 790799 825776
781073 799542 794043
817079 791518 756746
831388 775953 791660
844526 791625 799468
820445 784449 789356
789815 794653 819595
795014 812697 806632
801180 789144 793110
823609 789272 823828
807058 790577 788822
841328 796652 799401
791850 809187 749790
807230 785604 814781
814044 794502 781089
804149 800907 807156
773508 792763 787003
828444 799040 791156
803351 800053 777639
818303 815088 783558
810902 783887 781749
794670 806162 816763
832456 791354 800805
846703 815951 797857
769752 800430 809016
798691 776237 778316
846763 818554 779814
839150 790391 799555
786642 775154 770078
803117 795575 806082
820611 792035 796425
810641 806851 795133
804255 816001 789522
815890 807028 757892
809167 790030 798266
793916 788297 778303
780064 800770 791847
820854 798940 795050
849991 811267 790615
801181 783438 821923
846703 815951 797857
838247 795425 778512
778076 811152 776349
834492 793603 799694
831301 779698 795242
820602 770614 782836
836268 801182 760307
822003 775665 784770
806372 793921 789866
786642 775154 770078
805567 818141 783633
785596 773213 769990
811454 852037 789568
824741 814397 794981
792410 801092 824883
796066 787987 782802
848106 811052 807363
795478 823601 792563
804167 812051 794928
795478 823601 792563
812662 816251 783708
773508 792763 787003
781460 787444 777326
