9473 2704.82
92317 127538
149907 96119
91699 118600
128713 106784
108965 77532
93523 150920
130039 144049
92679 129651
117996 104854
86662 110261
73946 107964
102775 117389
80283 120571
111440 106576
111659 147753
104928 163133
118397 136348
95503 109944
141471 131494
95030 154468
83733 119682
100964 114936
129000 123035
107231 94840
147418 92733
152439 111173
126702 131970
97841 127381
117980 88797
115107 113955
94437 129486
94230 121153
124063 124319
94321 134391
150558 126322
165699 124829
136499 141870
98633 150452
84977 81389
101721 103566
129254 150616
107639 114847
121139 116677
89549 125703
101987 90570
121727 121267
87028 132735
123916 137751
148757 108551
88904 128703
91675 122719
125126 115065
98638 115101
108994 158447
103460 102385
84914 104454
147273 109003
128198 115227
88026 118184
104783 106345
106317 91124
99551 126619
86685 141808
127435 126115
94359 127967
137775 129234
150290 103507
95533 146687
144778 118552
98695 100164
134866 119021
101447 118026
92124 105105
136601 126930
105500 86485
162808 128636
97194 132334
90558 111863
94674 113166
140073 134768
137928 126395
88668 120313
98129 85784
128834 124723
127848 98078
96974 111892
94067 100943
103023 95785
131710 136287
97160 102541
84891 109747
117428 98325
88496 135307
94206 114704
82372 106817
139786 133339
126015 122804
120258 99624
93574 127122
129320 137311
103319 104970
76933 123408
117566 115195
104430 128363
86510 112267
106548 103842
101356 84292
101829 123660
96309 149052
123225 105808
92458 152186
110347 89116
112616 101274
101542 97630
90826 143215
77771 117966
76818 122821
88423 110508
99326 110046
131205 163075
165715 113026
115593 130761
95041 135516
101305 134929
133281 89192
120071 152003
87284 92280
90176 112267
106770 93672
86422 115385
77573 114926
89249 94936
125211 114889
81437 104063
85319 112843
82165 113038
88150 106753
128714 108838
112825 107436
123951 90769
115798 139240
123298 90587
111842 98258
101898 158855
109186 114363
115681 113096
157984 124573
133000 132362
138141 140510
98790 150440
107746 123195
100741 105990
91042 111311
91187 97002
135027 112416
115091 92255
140213 126402
87020 92403
111645 97253
89734 88900
144266 129189
156144 128874
85841 129522
112766 135051
91618 145107
139207 119642
130759 110071
159940 111432
146789 135418
146044 116447
111882 128789
121080 137524
142265 134260
116963 100007
100575 97142
114177 116442
141889 107447
100872 145343
97442 118489
111589 123112
107517 102602
112581 96495
123012 105104
101865 117075
96296 126170
118622 137887
133024 110888
102454 116938
144861 106495
119411 98863
134002 142459
131389 82900
104278 134437
118289 95509
134083 96414
92760 166303
81955 132369
107599 92346
88744 159330
94054 123869
106944 86785
99226 122559
69924 83481
81518 155947
99600 111827
108478 122090
102623 98428
98237 101976
100006 133549
106897 122726
128219 124058
89520 106405
130372 94228
85862 126153
139406 111790
80480 123417
92019 154094
86644 99496
99777 108904
87386 133898
96669 124858
112194 97933
103219 114229
98799 122046
107112 158455
104016 103750
90227 122621
114601 122958
107677 100140
143808 131682
126577 108282
91748 116155
138181 103996
105103 162929
104143 123304
104136 122357
97748 143305
94254 118809
113301 98016
87729 112334
91696 120738
99066 110732
104972 93301
106130 116252
94369 80150
136522 133771
125041 130727
109088 115699
114831 122698
97254 157431
99677 132230
102819 94770
117191 118255
117671 161988
110061 101229
88559 123917
85861 102976
115719 108896
124455 131126
102802 99758
88594 97531
89810 134748
129337 102270
146869 88711
105997 111658
89338 137532
86778 127074
92038 103256
96760 138156
103149 96578
108613 162434
162242 89795
95708 91852
92511 112132
123627 94311
95643 93215
130605 131496
136406 128068
121515 90273
99842 115786
127890 143272
124979 116837
105767 133383
96703 83137
147165 135580
116130 159121
125005 94019
99657 86526
116728 101355
96889 120851
71511 108029
93403 119877
98578 96853
152763 93671
90565 121792
91749 95917
97037 121447
95341 151334
163280 108867
96155 131932
109775 131474
99754 116276
92746 108229
97680 85581
104281 103300
100391 102010
79750 98607
117258 147226
103757 122922
116119 128485
99448 102904
84123 103177
148109 99627
106240 87896
128673 133064
130537 121510
130855 116824
88317 136717
118631 114830
135301 100671
91825 124478
95635 110282
107190 159883
103693 128474
101883 111399
121655 94633
115425 145523
97324 111557
95489 89338
120681 133156
94351 130345
80140 107602
119135 90581
101735 158823
98097 116985
121415 95827
124797 135657
91369 126056
93018 145094
104862 98150
86699 161082
109915 125847
87478 99484
99027 103236
109924 132439
153221 127260
115220 101346
103467 152645
123043 122683
94864 100851
78198 84044
86629 133570
77142 125991
91654 107606
98526 90003
108354 121211
123095 125113
85579 107736
107202 126061
94941 113924
102848 89578
135929 135311
103772 126438
121084 136132
128130 113088
136781 95127
104240 151266
146599 96151
117443 129150
123621 109583
85498 119540
87465 97023
83954 134696
100004 155463
86022 121524
101840 109782
99859 109025
86914 94544
79699 81811
101602 127543
107385 107753
113296 113318
128920 95329
83163 106580
93818 141524
100688 147815
104335 158341
107120 120739
94943 108515
92860 124271
157541 122785
142519 138997
104610 111883
109442 110717
86280 145430
111681 157878
97302 127126
131758 114390
114824 146014
102945 130261
119038 92500
92411 130832
127255 76097
142153 95610
104204 177648
167823 129728
149653 137171
100984 118044
113216 146288
132009 147200
114513 96139
110140 103688
100592 105995
89609 100901
98812 103549
168479 128233
90779 78708
124107 88150
115451 151853
127741 115871
105831 86229
99682 93508
111331 120201
105272 150969
71688 112709
88323 92552
88142 124534
132051 127734
114610 148460
110777 83512
98076 137721
111548 173545
144324 118599
83302 120815
103696 126725
84243 98015
92137 130247
86336 120848
113398 85265
133914 129094
90008 102258
98870 109128
87159 111065
111812 83449
129750 153060
101569 134648
122045 152708
91821 116258
98840 138275
123158 138210
90373 95428
96470 111430
121804 174058
145040 94710
87685 120514
104254 117037
138996 134827
138491 104138
96762 92787
104253 164951
91409 102752
88896 95820
112809 119989
86677 115210
106284 130504
99438 163041
133170 102491
110623 114994
116762 168605
92867 117971
107676 179185
113275 118422
106136 120692
89664 117222
97017 95047
108844 125681
96026 106341
143242 112916
94859 134915
119781 121240
131295 156980
105933 113920
92635 118849
129586 99624
89683 123978
125487 80362
87354 121916
84154 103192
160580 127493
105451 148226
103013 87758
123571 164492
115079 91844
87139 112376
116362 102629
83060 120778
100456 136102
94558 83013
82343 95488
115139 121861
101613 128201
137360 93278
119955 102991
115709 101806
133938 88007
118696 82535
109686 160499
101372 100478
123665 131026
86440 113754
103001 124350
125482 114456
94862 119518
84917 142815
105345 163295
91296 109543
148657 130761
119853 116358
95188 105525
120637 97904
77772 107837
96202 142360
93337 107897
110058 90680
117046 173528
99955 148877
151448 103043
93344 120407
105629 103979
84293 119551
129311 100127
96484 121057
129443 106934
101723 110609
92070 96297
155120 145999
142917 136049
155983 115002
136087 87524
104760 156420
117936 103497
139422 128770
114511 96544
124692 109919
107785 144744
122401 124141
114709 127468
90886 101479
88840 132316
120046 106336
110899 137497
142055 114920
131806 137319
104966 116515
87558 136853
118171 102611
112156 169090
99094 108685
121734 170301
120207 108135
102835 125154
84554 117409
87813 81865
98647 121823
81993 109249
161935 124519
80473 124590
106550 154216
129331 105044
103936 95946
98540 86896
116614 125388
102783 131642
92116 100325
118822 161335
128377 103067
102727 117497
113823 151702
122025 125842
95212 128710
75644 130606
121725 97517
131690 117479
151978 127458
119405 98646
96186 133449
101000 112576
94260 154212
127789 88874
90478 125437
103248 91498
133849 130491
119317 114247
131087 126380
129463 108832
117060 127954
91698 90482
128740 105523
82289 138191
129836 139818
95122 127288
102425 134850
106405 103854
116273 111664
116799 133553
101418 133766
122072 103981
125357 89766
126473 162695
90950 122372
117112 131040
120557 124964
117538 153124
110030 91168
95039 115512
147258 138132
154618 128599
82529 91632
102631 102544
83690 108510
114805 112367
124529 99682
144473 123638
140580 136998
130426 112379
115931 83071
139880 129613
111927 108548
98156 92631
128998 163119
145698 120733
159424 117064
95046 103874
132829 122152
133915 135942
141431 115309
145223 118713
80004 126871
92498 127113
96427 116295
151895 141986
102467 109261
92418 83912
96648 130117
94250 89758
113568 87419
110511 140005
115946 115039
96526 110959
110469 126171
84559 109643
150742 150036
100157 84449
118170 120956
145222 108246
99097 169011
117280 97676
125173 134469
135184 82207
94481 135727
82566 103564
133993 92440
130189 123651
109960 126541
84573 112300
93879 117259
106159 113088
102736 113907
131229 137781
104153 105848
124261 131360
93468 107137
101264 84234
93444 111811
124729 114438
147576 153341
139971 144723
99890 101639
90469 137532
74186 92081
96936 90631
99798 105319
79744 113389
107723 172207
91264 85166
116624 139706
114440 109984
111117 129157
111027 104484
133297 123549
96199 109464
121342 117927
114742 119640
147813 109211
94692 92410
124129 115524
144524 92274
103316 132398
103014 155717
93868 140342
129677 138325
127871 163143
99427 101181
99346 163647
95266 165268
102331 130785
143063 125234
99747 113647
92848 120807
94230 109037
135529 130282
96507 98865
123395 99704
116247 116933
115358 104558
137625 120437
115675 95000
165947 157031
132634 129967
103841 113278
98739 136457
120404 96587
156204 117785
150612 133708
140262 128299
132252 141650
95246 104601
90195 119389
96561 118132
104802 166027
93695 119835
94772 104659
111466 143379
104004 126911
124541 131558
135530 119669
97880 113424
101254 115218
105825 111174
85214 120740
165777 104529
110512 91968
109881 158753
127813 95616
111528 134314
106765 170396
104577 149902
91887 125057
95578 119753
79145 82600
110956 165566
110418 86841
83561 79106
142281 131912
91503 110311
105936 120716
97675 139033
115129 128291
123186 124048
102876 158513
115612 132718
110705 109703
82617 116222
145781 120353
90556 114968
134531 91008
137348 131647
123535 90398
108701 131315
93735 126557
95031 143571
86234 115898
88124 77475
127575 121581
102739 111346
100460 138922
87624 133163
102620 95867
110843 116859
113178 108516
98153 121535
85445 94064
85479 112748
129325 135650
144366 135758
84489 125454
92422 98315
128431 107233
114488 118627
134142 129144
125300 98765
154943 117787
98427 119888
83756 90188
73576 114045
105319 163681
115800 97643
104859 133144
90702 136419
76857 115413
91995 127199
94811 119061
105394 118114
142776 126240
134968 142338
112071 88450
83693 81774
153124 125649
107143 107978
119644 135683
107000 106065
113849 106875
95624 159922
92415 143039
120755 129367
114145 91714
99021 124833
113295 162428
113783 86768
98378 124096
145084 144104
91936 91698
120644 95570
100693 114243
97171 114582
87470 129075
90376 99370
115203 127343
93033 118872
94104 122111
90491 128703
91491 116411
89683 105612
88126 117315
105177 110381
111005 152646
151922 125371
156750 102244
146959 90262
108208 95894
90542 123378
117371 121202
88889 135127
100545 118772
106619 127036
103179 162356
81763 139376
113738 126262
95529 108890
139454 142843
88407 109812
102942 105491
106921 101075
148639 84280
110871 140494
121222 154436
113539 126380
101734 124054
111607 146697
89110 117607
113144 87547
102073 110778
98712 131663
104977 138131
136461 115323
113786 148858
111254 144404
99374 99004
104267 118061
147798 88238
92350 122879
153103 121676
98897 127847
116349 120232
141636 95180
93554 126094
91063 125381
85121 150609
131062 125220
98802 91504
160121 118379
114156 126114
142176 141913
88485 113634
98874 116695
105661 117475
96957 123351
131839 82989
131743 89206
107645 97219
98393 123379
103470 111612
123440 105661
90148 106838
96705 124816
128011 136068
99470 122539
93976 140864
124642 130944
95673 116677
102810 134090
105086 122487
89485 99182
127500 94294
101590 83098
92077 121886
89451 123588
98235 176295
87200 109777
101491 99782
80468 115532
111194 161712
91798 133430
101451 98506
143243 125415
133951 106788
117118 90691
143155 109123
147316 125884
98332 167155
106240 128166
136511 105487
89193 108717
104075 84073
102306 114650
105659 124520
101021 112570
132258 135099
100678 115331
150290 100463
121698 99342
130040 93290
92107 155693
88827 86085
115043 124036
95720 126706
110152 97873
121009 104914
99464 107270
86765 98891
129865 129585
117664 133830
98204 102782
103079 130491
92501 105466
104773 110779
89839 117608
119731 107557
82030 120114
97102 119501
99687 122177
104253 98493
101281 140530
90796 106036
113078 83153
137197 155990
133461 102653
87020 129904
142575 134420
133267 81461
102365 106130
128501 132328
103377 149740
127598 110711
86699 126902
117963 94840
87471 118290
84841 100138
106290 143233
106060 129159
90183 126939
98699 94952
100163 116803
105185 110807
108802 133198
141592 126922
119851 119957
84957 124154
96178 147064
122611 121320
83401 122270
148469 107309
93337 134958
80952 116589
91912 137114
92333 109229
148662 113187
82770 156938
119136 80243
106778 128713
113334 113555
94951 118543
133900 105612
127843 122311
91164 122696
89578 145496
123255 117248
151684 101699
132878 107859
90091 154307
