6802 600.001
1.58993e+06 1.50138e+06 1.58252e+06
1.50969e+06 1.60194e+06 1.58858e+06
1.61681e+06 1.48515e+06 1.60939e+06
1.59223e+06 1.56315e+06 1.51724e+06
1.57232e+06 1.54863e+06 1.53274e+06
1.62231e+06 1.49874e+06 1.56739e+06
1.53881e+06 1.50427e+06 1.63292e+06
1.55488e+06 1.51374e+06 1.59607e+06
1.61937e+06 1.51451e+06 1.54597e+06
1.52772e+06 1.56074e+06 1.58202e+06
1.52858e+06 1.58059e+06 1.56582e+06
1.53051e+06 1.54263e+06 1.60172e+06
1.51711e+06 1.56152e+06 1.61891e+06
1.56628e+06 1.51727e+06 1.57276e+06
1.62255e+06 1.58998e+06 1.51233e+06
1.5616e+06 1.5249e+06 1.56954e+06
1.5976e+06 1.57327e+06 1.51541e+06
1.52106e+06 1.54637e+06 1.62307e+06
1.53971e+06 1.52707e+06 1.61787e+06
1.55693e+06 1.57418e+06 1.53218e+06
1.60575e+06 1.52498e+06 1.54306e+06
1.57924e+06 1.60117e+06 1.52251e+06
1.53802e+06 1.60005e+06 1.54395e+06
1.53952e+06 1.5906e+06 1.54828e+06
1.58144e+06 1.50514e+06 1.60779e+06
1.55144e+06 1.54664e+06 1.5665e+06
1.56354e+06 1.56503e+06 1.53136e+06
1.57523e+06 1.49517e+06 1.63587e+06
1.55815e+06 1.56436e+06 1.5392e+06
1.54524e+06 1.56263e+06 1.56628e+06
1.58511e+06 1.51775e+06 1.56736e+06
1.64149e+06 1.52143e+06 1.53573e+06
1.62906e+06 1.53014e+06 1.53695e+06
1.63525e+06 1.49475e+06 1.593e+06
1.60454e+06 1.4923e+06 1.62701e+06
1.54896e+06 1.53351e+06 1.60109e+06
1.58211e+06 1.5428e+06 1.5481e+06
1.64289e+06 1.50348e+06 1.56158e+06
1.59294e+06 1.53472e+06 1.545e+06
1.52148e+06 1.5866e+06 1.60748e+06
1.56328e+06 1.55569e+06 1.556e+06
1.59608e+06 1.52697e+06 1.54922e+06
1.59634e+06 1.55016e+06 1.53213e+06
1.55374e+06 1.57756e+06 1.55134e+06
1.55227e+06 1.54456e+06 1.57519e+06
1.58324e+06 1.52912e+06 1.56333e+06
1.54803e+06 1.54748e+06 1.59059e+06
1.53788e+06 1.55277e+06 1.59715e+06
1.59182e+06 1.52843e+06 1.55393e+06
1.52678e+06 1.60305e+06 1.57527e+06
1.56825e+06 1.54324e+06 1.56325e+06
1.54731e+06 1.58008e+06 1.56146e+06
1.61311e+06 1.49666e+06 1.61074e+06
1.59101e+06 1.49751e+06 1.63048e+06
1.53907e+06 1.57105e+06 1.57732e+06
1.52401e+06 1.57591e+06 1.61293e+06
1.55864e+06 1.52068e+06 1.59383e+06
1.52717e+06 1.57834e+06 1.59359e+06
1.57666e+06 1.53878e+06 1.56353e+06
1.60363e+06 1.5157e+06 1.57558e+06
1.65631e+06 1.62151e+06 1.49704e+06
1.61681e+06 1.48515e+06 1.60939e+06
1.49991e+06 1.61966e+06 1.64535e+06
1.63033e+06 1.56966e+06 1.62513e+06
1.67371e+06 1.62034e+06 1.58156e+06
1.608e+06 1.57595e+06 1.65178e+06
1.59332e+06 1.52573e+06 1.64501e+06
1.70355e+06 1.55656e+06 1.60263e+06
1.61243e+06 1.57833e+06 1.58284e+06
1.61982e+06 1.63178e+06 1.68628e+06
1.60897e+06 1.63129e+06 1.61547e+06
1.62967e+06 1.61377e+06 1.64927e+06
1.61916e+06 1.59152e+06 1.6117e+06
1.63289e+06 1.60579e+06 1.67175e+06
1.62153e+06 1.61253e+06 1.63931e+06
1.62723e+06 1.58825e+06 1.63062e+06
1.61438e+06 1.57051e+06 1.64716e+06
1.68625e+06 1.56474e+06 1.65048e+06
1.66593e+06 1.61254e+06 1.59234e+06
1.60176e+06 1.60654e+06 1.62205e+06
1.62161e+06 1.59152e+06 1.61776e+06
1.62062e+06 1.59391e+06 1.58559e+06
1.63707e+06 1.60189e+06 1.59929e+06
1.61891e+06 1.6094e+06 1.62718e+06
1.60014e+06 1.64978e+06 1.59664e+06
1.5892e+06 1.61138e+06 1.62468e+06
1.62182e+06 1.60881e+06 1.62176e+06
1.61831e+06 1.59668e+06 1.6565e+06
1.63431e+06 1.60412e+06 1.65599e+06
1.63434e+06 1.6251e+06 1.60761e+06
1.62975e+06 1.57082e+06 1.61236e+06
1.65432e+06 1.61345e+06 1.63901e+06
1.64284e+06 1.60276e+06 1.63043e+06
1.64854e+06 1.60804e+06 1.63378e+06
1.65173e+06 1.64143e+06 1.60995e+06
1.6143e+06 1.56325e+06 1.62066e+06
1.63071e+06 1.64748e+06 1.59224e+06
1.6211e+06 1.57105e+06 1.63551e+06
1.6688e+06 1.59616e+06 1.64616e+06
1.65787e+06 1.60788e+06 1.58e+06
1.62169e+06 1.61629e+06 1.60972e+06
1.62707e+06 1.59187e+06 1.60303e+06
1.67438e+06 1.60729e+06 1.62931e+06
1.66895e+06 1.58688e+06 1.64382e+06
1.64869e+06 1.60576e+06 1.63444e+06
1.57869e+06 1.61052e+06 1.6425e+06
1.63796e+06 1.59746e+06 1.63577e+06
1.6105e+06 1.63175e+06 1.60286e+06
1.63739e+06 1.60323e+06 1.63545e+06
1.5736e+06 1.59916e+06 1.65323e+06
1.63248e+06 1.62077e+06 1.57657e+06
1.65094e+06 1.62884e+06 1.63598e+06
1.61683e+06 1.62485e+06 1.56936e+06
1.66004e+06 1.60772e+06 1.6312e+06
1.6197e+06 1.61246e+06 1.63361e+06
1.63944e+06 1.63572e+06 1.64269e+06
1.62893e+06 1.54687e+06 1.62068e+06
1.63815e+06 1.66528e+06 1.64328e+06
1.61252e+06 1.57039e+06 1.6076e+06
1.61737e+06 1.59746e+06 1.62429e+06
1.60531e+06 1.55965e+06 1.62974e+06
1.69588e+06 1.59831e+06 1.62378e+06
1.60347e+06 1.6327e+06 1.61331e+06
1.64655e+06 1.58438e+06 1.59854e+06
1.67998e+06 1.56502e+06 1.65205e+06
1.61693e+06 1.59237e+06 1.63594e+06
1.68641e+06 1.59144e+06 1.62886e+06
1.61836e+06 1.64507e+06 1.64568e+06
1.64289e+06 1.6112e+06 1.6472e+06
1.6719e+06 1.61144e+06 1.65999e+06
1.60631e+06 1.60012e+06 1.63959e+06
1.64362e+06 1.55974e+06 1.65871e+06
1.64278e+06 1.59371e+06 1.62506e+06
1.64357e+06 1.59538e+06 1.60782e+06
1.6867e+06 1.57743e+06 1.63418e+06
1.61765e+06 1.57562e+06 1.62067e+06
1.63789e+06 1.59675e+06 1.65795e+06
1.59098e+06 1.60666e+06 1.61076e+06
1.64732e+06 1.6096e+06 1.63212e+06
1.61462e+06 1.61824e+06 1.61202e+06
1.67352e+06 1.6648e+06 1.60403e+06
1.6514e+06 1.6292e+06 1.62491e+06
1.61691e+06 1.58203e+06 1.61296e+06
1.62453e+06 1.62509e+06 1.63365e+06
1.65866e+06 1.58618e+06 1.64643e+06
1.61322e+06 1.65723e+06 1.61515e+06
1.61367e+06 1.5861e+06 1.63058e+06
1.60216e+06 1.59206e+06 1.61085e+06
1.60006e+06 1.60455e+06 1.64158e+06
1.62918e+06 1.552e+06 1.61495e+06
1.62945e+06 1.63743e+06 1.63543e+06
1.61018e+06 1.60613e+06 1.6227e+06
1.59725e+06 1.59898e+06 1.65674e+06
1.63906e+06 1.60503e+06 1.63567e+06
1.62621e+06 1.58067e+06 1.64404e+06
1.57506e+06 1.59585e+06 1.6316e+06
1.64185e+06 1.61677e+06 1.62869e+06
1.62933e+06 1.60242e+06 1.59144e+06
1.62532e+06 1.62749e+06 1.62476e+06
1.62489e+06 1.60866e+06 1.61005e+06
1.65106e+06 1.59535e+06 1.65896e+06
1.6307e+06 1.60787e+06 1.66676e+06
1.61862e+06 1.61286e+06 1.615e+06
1.65692e+06 1.5817e+06 1.62035e+06
1.62497e+06 1.5971e+06 1.57403e+06
1.66484e+06 1.62844e+06 1.61743e+06
1.64896e+06 1.60546e+06 1.61584e+06
1.57347e+06 1.60338e+06 1.58194e+06
1.64816e+06 1.56817e+06 1.57357e+06
1.60758e+06 1.60573e+06 1.64246e+06
1.6329e+06 1.58659e+06 1.61646e+06
1.64028e+06 1.62676e+06 1.61614e+06
1.60627e+06 1.64135e+06 1.62124e+06
1.60544e+06 1.5948e+06 1.64802e+06
1.6002e+06 1.61821e+06 1.59654e+06
1.6053e+06 1.59416e+06 1.6611e+06
1.62762e+06 1.61835e+06 1.62821e+06
1.6666e+06 1.5989e+06 1.64549e+06
1.6148e+06 1.62208e+06 1.67877e+06
1.60476e+06 1.62558e+06 1.64707e+06
1.6375e+06 1.57851e+06 1.60479e+06
1.67505e+06 1.59415e+06 1.63785e+06
1.63944e+06 1.62088e+06 1.62501e+06
1.62401e+06 1.5898e+06 1.62443e+06
1.62782e+06 1.65599e+06 1.63378e+06
1.64458e+06 1.58921e+06 1.6458e+06
1.66532e+06 1.56338e+06 1.60911e+06
1.63464e+06 1.61314e+06 1.61693e+06
1.57665e+06 1.57826e+06 1.60735e+06
1.61903e+06 1.61184e+06 1.63178e+06
1.61983e+06 1.6116e+06 1.6616e+06
1.65685e+06 1.58246e+06 1.60836e+06
1.68536e+06 1.6171e+06 1.63671e+06
1.63715e+06 1.61503e+06 1.58698e+06
1.6026e+06 1.55174e+06 1.60815e+06
1.61528e+06 1.65046e+06 1.56936e+06
1.63102e+06 1.5594e+06 1.64319e+06
1.61342e+06 1.60599e+06 1.62918e+06
1.63425e+06 1.57328e+06 1.6467e+06
1.59712e+06 1.56115e+06 1.65469e+06
1.6902e+06 1.61893e+06 1.61745e+06
1.58274e+06 1.58669e+06 1.61738e+06
1.58415e+06 1.60293e+06 1.61908e+06
1.64314e+06 1.63428e+06 1.59993e+06
1.59197e+06 1.62816e+06 1.64075e+06
1.63277e+06 1.58121e+06 1.62343e+06
1.61933e+06 1.60611e+06 1.64423e+06
1.65383e+06 1.59394e+06 1.64644e+06
1.61079e+06 1.58831e+06 1.56741e+06
1.65581e+06 1.61217e+06 1.6315e+06
1.63855e+06 1.58132e+06 1.61349e+06
1.62225e+06 1.58911e+06 1.63797e+06
1.67365e+06 1.64504e+06 1.6176e+06
1.61579e+06 1.61878e+06 1.63493e+06
1.64516e+06 1.6043e+06 1.63581e+06
1.63596e+06 1.62042e+06 1.6316e+06
1.60166e+06 1.60047e+06 1.60815e+06
1.57388e+06 1.61694e+06 1.63963e+06
1.62347e+06 1.56608e+06 1.6738e+06
1.65362e+06 1.55302e+06 1.56562e+06
1.64261e+06 1.6069e+06 1.61256e+06
1.64669e+06 1.60681e+06 1.60549e+06
1.59046e+06 1.59321e+06 1.62436e+06
1.64239e+06 1.62551e+06 1.64537e+06
1.62563e+06 1.58457e+06 1.62045e+06
1.66654e+06 1.62246e+06 1.65333e+06
1.63257e+06 1.59324e+06 1.61922e+06
1.62426e+06 1.62854e+06 1.61759e+06
1.64173e+06 1.59586e+06 1.65708e+06
1.59444e+06 1.60823e+06 1.65447e+06
1.64332e+06 1.56963e+06 1.6459e+06
1.64115e+06 1.64326e+06 1.6095e+06
1.65576e+06 1.60809e+06 1.62533e+06
1.63885e+06 1.61945e+06 1.6534e+06
1.66116e+06 1.60502e+06 1.64082e+06
1.63312e+06 1.57174e+06 1.59137e+06
1.61604e+06 1.61327e+06 1.62483e+06
1.62674e+06 1.55561e+06 1.58762e+06
1.63528e+06 1.60376e+06 1.5943e+06
1.66192e+06 1.60589e+06 1.612e+06
1.57716e+06 1.57013e+06 1.59363e+06
1.61916e+06 1.60135e+06 1.67582e+06
1.63038e+06 1.57361e+06 1.63821e+06
1.66285e+06 1.54002e+06 1.64633e+06
1.62217e+06 1.64017e+06 1.6561e+06
1.61758e+06 1.5911e+06 1.63107e+06
1.61015e+06 1.59252e+06 1.6189e+06
1.64255e+06 1.65159e+06 1.6064e+06
1.59928e+06 1.55819e+06 1.60749e+06
1.6644e+06 1.60861e+06 1.59048e+06
1.64986e+06 1.57329e+06 1.61262e+06
1.63199e+06 1.63138e+06 1.60982e+06
1.64696e+06 1.61347e+06 1.63387e+06
1.62574e+06 1.60983e+06 1.60623e+06
1.65066e+06 1.57344e+06 1.68042e+06
1.65508e+06 1.61462e+06 1.60274e+06
1.59875e+06 1.5534e+06 1.60881e+06
1.64558e+06 1.62764e+06 1.5944e+06
1.63127e+06 1.63846e+06 1.59531e+06
1.66274e+06 1.60582e+06 1.63611e+06
1.63227e+06 1.64379e+06 1.58463e+06
1.67362e+06 1.63009e+06 1.64388e+06
1.63677e+06 1.62786e+06 1.64902e+06
1.62018e+06 1.61194e+06 1.64032e+06
1.58987e+06 1.60158e+06 1.60516e+06
1.63511e+06 1.63458e+06 1.64471e+06
1.61358e+06 1.57827e+06 1.61046e+06
1.62585e+06 1.57045e+06 1.60805e+06
1.6018e+06 1.58971e+06 1.62047e+06
1.63957e+06 1.59143e+06 1.62896e+06
1.62988e+06 1.60259e+06 1.59063e+06
1.6032e+06 1.59344e+06 1.58438e+06
1.63857e+06 1.58611e+06 1.61737e+06
1.62726e+06 1.57734e+06 1.66175e+06
1.6305e+06 1.59252e+06 1.61833e+06
1.61478e+06 1.6046e+06 1.61808e+06
1.70294e+06 1.60037e+06 1.58756e+06
1.64788e+06 1.57659e+06 1.65587e+06
1.67013e+06 1.57688e+06 1.64641e+06
1.66167e+06 1.62315e+06 1.65051e+06
1.62016e+06 1.57331e+06 1.64582e+06
1.5867e+06 1.60148e+06 1.60722e+06
1.61769e+06 1.58295e+06 1.62254e+06
1.60777e+06 1.59145e+06 1.62212e+06
1.61881e+06 1.56852e+06 1.60892e+06
1.64428e+06 1.62446e+06 1.62874e+06
1.64066e+06 1.61016e+06 1.66138e+06
1.6087e+06 1.63743e+06 1.61526e+06
1.62399e+06 1.61812e+06 1.63551e+06
1.62214e+06 1.58692e+06 1.60755e+06
1.6639e+06 1.59704e+06 1.60887e+06
1.58139e+06 1.61016e+06 1.6319e+06
1.64998e+06 1.58886e+06 1.63294e+06
1.64557e+06 1.5828e+06 1.59482e+06
1.61017e+06 1.59794e+06 1.59617e+06
1.62049e+06 1.59957e+06 1.6274e+06
1.62779e+06 1.60318e+06 1.60929e+06
1.61122e+06 1.59075e+06 1.65348e+06
1.62172e+06 1.60441e+06 1.62461e+06
1.63561e+06 1.62348e+06 1.62048e+06
