173 6.27648
755922 799965
816762 729646
802411 747906
810865 759777
812142 735243
795059 763481
791039 737308
840562 740147
792657 734522
791565 756113
781745 750983
773596 741847
792254 778321
806236 775330
809682 781413
797531 748169
806327 756675
820604 751441
822951 736357
822951 736357
797807 749000
784100 740460
793292 737957
815658 727484
766636 736071
789151 739741
804197 761219
780045 719966
781426 731211
808689 722732
795404 776217
795107 736651
779792 770082
800244 748792
793269 794893
796506 791101
817840 763120
780760 738709
778833 745654
811664 761144
763843 749041
799006 755903
809611 750032
796381 735688
785409 744757
779484 747911
777977 720051
844944 740848
788470 740448
805643 799579
812528 769522
787103 768830
834773 763599
792314 791768
788403 748456
848523 758860
798540 777712
809611 750032
785718 747668
791351 766604
796582 756609
789185 733084
781522 743368
791206 764407
802729 784418
838077 749339
821186 747091
798540 777712
758912 755362
812988 731717
787180 741378
774068 741232
795977 758674
781809 790370
778685 791535
799290 745607
782084 747712
815247 752361
801810 796513
799634 775340
797174 782230
788563 757594
800895 762339
795700 730839
781522 743368
780886 755800
844944 740848
756333 771263
795000 751394
781745 750983
806327 756675
797174 782230
798619 797024
804948 781881
811508 823941
800700 743909
822265 730017
811440 752844
806196 768786
790847 742272
781606 728921
815247 752361
791057 778994
783891 763489
781370 748570
791292 809080
773777 747815
811504 749218
792176 759028
806720 742045
795587 813052
796381 735688
820604 751441
806236 775330
758263 741849
791858 741403
809682 781413
793022 747298
806604 750066
788056 769703
792413 752697
815875 758137
797250 787360
803676 756411
804669 773861
795499 733765
786644 775936
790600 751954
799634 775340
780037 752465
799367 740688
793292 737957
823526 751902
817342 772161
758912 755362
816613 750257
799864 741173
794456 753046
818515 758230
817012 744772
783551 737563
847289 749344
796643 752190
794456 753046
823386 754703
784693 790814
799290 745607
797951 798502
802729 784418
790620 753564
789586 759264
845904 744437
792657 734522
804121 759402
784693 790814
802666 731784
848523 758860
787770 774328
779721 739312
847289 749344
801794 775382
796390 756088
822265 730017
787146 759633
772076 750923
774068 741232
805979 756210
818857 763788
786513 739957
810664 753442
793083 740370
828020 761274
781426 731211
810887 746686
787180 741378
831486 757671
785950 771099
795760 753490
807748 791583
804497 765152
785172 792769
775760 744515
781324 769771
766187 737551
802666 731784
785529 773718
789586 759264
811964 736892
804497 765152
788403 748456
788181 751883
785529 773718
778236 753013
811964 736892
798414 805135
795107 736651
778833 745654
788880 726564
800700 743909
776829 745858
788544 745297
778976 721483
800004 792854
821432 760316
793373 743042
797136 767174
787447 734388
833461 762683
805781 760401
790600 751954
761612 732347
808689 722732
792254 778321
778139 741403
822912 764517
801473 760813
785681 770109
795059 763481
805099 736503
785321 753333
779721 739312
795977 758674
793083 740370
790736 766586
789894 757034
792413 752697
773777 747815
790880 751104
800004 792854
817558 752928
772076 750923
794163 741676
795404 776217
809889 742099
786513 739957
766821 750023
787921 754956
802430 771979
806604 750066
786545 750572
813251 764770
785340 794696
806720 742045
795587 813052
799367 740688
780760 738709
784100 740460
804507 766420
797807 749000
830238 752985
844742 760615
819408 756529
796390 756088
811508 823941
793941 784882
785630 752602
805781 760401
815875 758137
797136 767174
838077 749339
787921 754956
787389 741663
785950 771099
766187 737551
790620 753564
797062 756576
805974 755867
774068 741232
817908 755452
797018 748167
804587 769347
764382 731305
793373 743042
785172 792769
797951 798502
785465 751026
800895 762339
833461 762683
789894 757034
801231 800033
845904 744437
817118 760760
766636 736071
782932 743138
795625 768541
818857 763788
791057 778994
801231 800033
804669 773861
778022 752964
796506 791101
792828 745958
783057 728681
791073 819157
809082 765084
803676 756411
792314 791768
811440 752844
822912 764517
810664 753442
