23452 1620.93
134922 133208
146965 127157
129881 143386
143174 130357
133462 139549
125493 158303
128857 146993
126636 152067
127251 150500
152679 126673
156357 126242
126162 157311
155199 126491
134766 138405
160357 126146
146634 130252
160858 123765
123134 163824
134950 134334
129981 147405
127161 153676
147381 127927
155972 126732
149178 127333
125515 161712
132598 144378
126350 158352
146125 131936
164730 125940
143309 133484
124970 164977
134213 142074
166762 125621
131972 146531
169251 125191
141253 134178
127001 156690
133834 143788
129810 152694
145639 133272
134757 141966
145569 133472
170030 124294
124892 167215
135294 138446
136853 136098
146240 132249
148609 130874
132774 146312
140794 134514
132526 158763
132665 150054
159384 130843
140289 135305
148296 131161
132449 166749
142963 134362
144282 134232
133522 146207
148195 132179
145785 134221
172550 125661
128890 169766
167948 165599
164971 179595
158463 160514
167916 163559
166436 171418
159317 163324
161883 162300
161268 152027
173005 154752
161057 145772
161317 172126
157005 167728
177142 170190
171352 160559
170705 165080
167386 153073
158570 157681
165752 174495
162915 158923
165257 156305
170488 175921
164115 177099
165177 169621
169859 165964
166848 154928
176550 157013
169855 156424
174213 169881
177886 167832
163311 152252
174372 166418
153679 156280
167757 164458
149424 177304
166597 167782
158794 177124
171532 159888
172963 169997
171475 173255
161063 176813
160860 154750
166518 169979
157917 155389
172403 168569
148536 155294
169394 162023
158272 162621
167349 164754
144919 174937
165820 172471
163509 168839
166208 166623
178735 154019
159569 170522
170820 156182
181169 159921
169316 172695
172925 148003
176857 169039
167015 174039
160806 183179
166508 154013
171884 166232
163156 151012
166062 168706
160119 157796
165239 145963
148503 167239
157257 171568
178570 173778
158771 176455
156886 150939
175627 171207
160299 157415
152390 165682
162403 156054
164338 164388
173187 159117
175069 162187
167899 162600
149928 177552
169170 171188
173206 166687
150470 168974
180196 168393
174247 166658
172226 173298
163025 168107
156344 169143
164750 170068
178718 157627
166457 180881
173013 164435
160140 175967
165469 158431
162292 169957
169653 180978
166961 156074
164642 157641
167246 170625
153673 156488
175829 173636
167294 168233
168933 170001
171413 169617
171236 169808
153471 147966
171513 154697
159882 166131
153087 161333
191805 171072
181234 170251
176075 172895
158805 174814
174107 174363
160424 175392
153584 160343
169226 165892
157909 157054
175248 163808
162075 157131
170384 162063
159302 163281
175187 166270
165598 178900
159985 170137
167664 160100
156266 155745
173821 165812
178282 149755
162709 165899
169286 163182
167789 156874
155980 180123
162734 157521
152118 170446
175212 164081
171826 164558
150883 164760
171585 162777
169915 154645
171265 159432
159060 173072
160174 154202
171264 174279
161277 162417
174820 170274
168563 168314
149102 165948
174606 168037
173923 176032
152482 165458
166433 173774
169553 160806
152570 163220
158079 165968
169211 161216
166737 172680
165263 153136
164116 173150
162801 173819
174364 184064
164634 175189
175112 170059
166359 172465
165566 178647
162927 163501
158152 166007
162062 166299
174836 159817
160813 164096
154279 157018
159645 156948
167082 159602
163951 175116
163512 156581
162968 174789
161301 154518
161212 156717
177437 157908
157215 182167
166528 155296
163985 161162
160638 162044
169367 183704
164035 147145
169841 154378
165990 158490
167484 158073
179752 164675
180759 177346
165539 172712
168714 165083
164066 162240
152503 181330
173329 153569
168666 160136
183062 162798
160417 164807
163995 180780
160967 146242
158603 165480
161517 149956
173138 155928
168199 168332
168177 151453
165421 165128
161949 160708
163315 156946
152308 157280
166184 175999
177117 158590
171256 165874
167768 170506
157536 171822
175095 165323
178281 173031
164633 164269
154776 163374
160059 167340
169111 166757
182324 160182
156063 160143
145937 170713
149277 174098
166588 153429
178727 165015
178177 162918
175257 186413
169779 166722
160348 168346
165159 169420
170686 177618
161089 170955
164753 169276
170094 177017
160974 179831
166340 168314
179075 168491
168300 165962
160454 171461
169921 169778
176762 177157
151653 159214
158863 170095
171987 171339
162052 166649
178751 167922
171340 156909
163638 173737
161978 176117
161877 163334
173417 165082
166612 149557
181944 168523
170719 171121
157370 151950
165825 160359
173370 167510
163199 174955
180902 171537
167048 165810
162893 164142
151764 165604
165239 170488
157274 169304
160465 155479
159532 168066
174639 168004
151506 158929
165871 173562
164611 174549
173450 171095
176908 164771
160161 160756
158548 174829
162364 165841
171813 170301
160996 161339
171585 159050
161519 165910
150151 177821
179437 180218
160725 157438
145399 170799
156827 160063
166172 165392
163108 177113
173508 169922
176773 170135
174634 170617
153558 164679
174114 154616
175047 162755
175209 164757
173017 164499
179058 159415
170139 171524
172161 146719
174011 160481
172402 165957
146745 162682
165990 161785
168977 166619
155892 164319
172111 180556
176352 158219
172998 172530
175546 176636
166375 172442
156559 154738
158934 163383
178319 153076
173220 172045
178685 162442
169609 159359
157046 165906
168173 152327
160632 177729
156733 161359
169882 157833
165792 168813
174443 164514
168003 186864
153212 169111
163903 167728
172967 168461
160719 165205
158271 161195
177500 157736
181191 163797
161387 161154
166516 158974
185101 141872
166428 164783
182165 154367
166855 166814
176629 164259
171373 177389
156238 157454
165477 155858
160907 156381
162826 168162
158019 176165
162468 151619
174203 175403
162252 166620
172152 159275
149492 156303
148590 170907
180233 169249
156608 161114
159141 160213
185879 169222
169031 166186
176146 173623
160492 169758
156495 157564
171382 167314
167845 155707
163301 165477
172971 179388
161605 162262
161420 166953
157158 155831
167846 165246
157911 165596
161576 172277
170467 160292
159457 174397
158110 160468
160359 153594
160271 168211
168421 167792
155739 163017
170489 158754
161759 177441
178165 151293
164059 162544
167742 169296
159914 158478
172740 158364
161878 157460
165572 181432
156282 160357
158967 152109
158461 158933
155673 156992
164926 164668
167272 166879
175064 167487
151645 178815
168510 168306
162154 161514
166301 157973
158632 159595
165645 161810
163410 156075
158159 157958
172185 162792
161477 167708
165867 174438
174528 169765
167057 169285
161940 180031
176543 154920
174622 171927
168707 166878
169099 170888
177901 161292
156851 160135
172351 161654
156235 172021
160980 157377
163359 167866
163254 177588
173612 165961
154769 161373
146496 161844
173378 163084
158138 171601
172202 168676
172136 161852
166475 179806
173184 160110
169008 166537
161329 169432
160756 153296
163378 165754
158492 181304
177483 158861
167253 160024
152597 162074
165456 171374
169992 171775
168330 168244
161762 160695
169087 166972
157195 158556
171761 168257
161115 155531
162870 170168
177631 165859
170669 167184
167229 175311
158642 169426
163971 169895
156275 168927
158207 161678
171808 154675
178849 167857
160478 160734
159312 173847
171913 162296
157010 162048
176092 158072
167512 173499
162151 168011
148041 155498
165130 163527
153113 175719
162003 167650
169290 163805
165289 171861
180626 175396
164668 153127
163145 159349
147982 169461
163547 169207
170116 169038
170743 155704
170810 144682
162219 159832
167207 164289
159479 160916
165921 153773
161218 162239
150049 150409
159195 181445
179134 156789
164334 166172
160204 179390
156661 153662
171016 183681
167669 160237
151909 175318
166022 179275
152620 165264
166214 178894
174689 157664
163056 165045
149076 159218
165510 171856
163903 178138
165767 180416
168651 180053
159535 169414
178147 157106
163356 157219
170173 168335
159961 165719
166900 154414
163627 165363
177637 177512
152239 160035
156941 170412
169064 173643
173951 159096
177761 155617
173129 174394
161035 150930
169177 159024
160424 159072
157704 158432
168837 178396
179311 162724
151590 178020
158018 173541
164356 157709
176245 167530
171771 162945
162456 154747
164141 174346
163476 170451
155464 168540
146801 164774
155319 168383
169402 181056
163789 169363
171628 160102
177928 170505
157104 169775
175397 167724
157929 169312
170433 159934
157554 164124
170235 176394
157887 156864
166404 184505
151860 168220
143284 178900
166878 158384
166667 177220
174686 161927
160490 177056
164147 161231
154132 166860
167358 155088
158548 166565
166674 152282
164185 158193
167147 177029
175491 162738
152319 147925
171890 173064
160138 151032
163927 163091
169994 157720
174083 157960
172712 162115
172720 163294
149780 152139
160632 167170
155481 168226
167148 167081
163280 149790
179559 158454
164525 164844
152337 165995
170576 162732
174596 161853
168312 159944
168648 174211
159498 172853
156030 160327
165846 155187
168372 162922
155652 175273
173378 167486
166218 151377
151930 167804
172300 155922
171866 149817
173731 163860
155354 175759
170457 163040
163193 168749
161554 156427
158275 167196
181433 169459
163326 179245
154935 164217
164238 146244
159954 174601
170914 167320
160949 159727
165767 156039
157974 169129
165075 172885
168175 169450
152641 163117
128352 172844
175878 161782
175240 166712
165601 169467
171509 162561
172240 156558
165157 174118
152561 169059
152884 165897
169871 168427
176315 171209
161859 159827
165894 173803
161914 156666
164770 162473
183749 174816
166119 165777
151461 177190
158513 164391
169687 167483
164779 160370
152087 159920
178781 159221
167657 178197
163266 167714
172584 148480
159310 169012
150961 164377
173480 155099
170657 158544
167997 166690
157629 162275
157436 168089
162902 156146
162246 165626
154714 167967
164520 158327
155953 142808
167423 163319
156931 154749
148415 166720
151424 167149
165121 166751
159488 175679
171942 161588
159178 175288
152064 165374
169333 175873
168108 157038
171108 154693
160381 162015
166840 180844
170436 149938
183884 164310
161926 176015
177782 159906
173053 171667
167962 169271
170240 160974
175306 174027
152424 148076
155959 178452
178234 151950
158254 165468
166426 169696
158389 165473
157743 175502
169324 170819
169269 153784
146544 162088
150992 164381
166512 169082
162500 163106
163869 165213
170211 144928
168602 164869
180408 149579
180011 173138
161480 166878
167912 136857
157072 162064
178867 159429
165394 168322
154714 186079
160643 166699
158011 156344
165107 176511
169139 166358
153967 179446
176336 163690
180313 176090
176134 147644
156502 172993
153343 175785
172413 169192
156505 162576
169291 154770
158482 157770
154205 175795
168627 156199
163724 177807
161509 157114
158993 154570
172771 162311
150412 136699
176214 170601
162031 165442
160674 150598
163413 157261
182447 160677
150696 168153
167588 159348
164818 166741
164421 166080
174731 168706
166716 162869
166661 161614
164310 153449
160915 152620
161992 155692
172398 168638
175363 157608
164100 166966
191143 160323
162010 169321
168609 161125
160446 156294
160573 163282
153229 164830
152926 155894
156952 188210
175974 162025
172797 164218
159331 157181
168870 150523
158106 163765
169599 162385
164297 151686
153673 162097
176889 169407
159937 173895
169347 162656
161769 183151
167907 162602
171923 179523
156636 189460
164615 147322
159911 160259
163500 167314
168232 169235
172377 172555
175587 172522
172479 166403
165967 174312
152753 171286
165894 162190
184798 166381
165726 161502
159301 179337
165216 153162
163051 162865
157501 177999
178060 156282
156925 170611
152243 160254
156089 171886
171540 157975
166068 170080
167991 159467
154163 169066
156699 169346
170228 168725
163539 171687
178989 155171
155574 163243
167543 154622
170910 165083
168942 168065
152801 156697
166076 162872
166805 162231
159825 165698
162205 171924
158793 162385
154715 167593
167368 160411
169724 165515
170521 167620
177159 170184
166421 172710
171139 168963
162310 171023
167592 166282
164863 161280
162925 174271
161729 155025
172778 160107
171479 175811
159538 156005
163495 157083
161684 170633
163079 160807
169733 172991
157965 165014
167805 154678
176596 158800
167189 172829
171870 171792
181111 159388
183112 158341
173026 164499
141151 177754
175776 172517
183860 159665
154642 158206
171655 173371
170171 164939
163109 165921
165343 156735
160706 165506
173001 176858
169499 164640
168179 154990
164929 163894
169817 151528
162480 165097
177707 168794
159082 172892
157926 162941
153026 161346
175673 159526
157894 158020
171572 160227
165431 159700
157972 160050
176512 158519
165642 173322
171223 158552
167335 167795
167224 167364
158787 165836
163523 167041
169154 153655
171734 179076
149946 163519
168605 160269
169998 163454
169436 177612
159683 170364
159493 164464
177206 164018
172556 168575
170091 162485
181364 169782
161135 160740
170532 175847
169765 162406
162202 147339
172298 166202
154800 190402
170142 157497
156225 158381
164282 170200
152607 166894
170179 158106
164318 161027
165121 165220
163428 169343
177959 148141
163129 161398
157739 167793
175036 155938
171764 158831
152511 157617
158738 167363
158229 161597
171176 171613
166106 178363
156704 169267
154948 149817
180444 163492
160668 169298
158813 164078
170841 157679
165111 176951
157981 152655
164246 178941
167966 146411
166120 169600
158353 166842
164737 180010
169699 167975
177695 152253
173854 161709
170989 155312
162773 167552
167022 157943
180390 163220
182913 164600
177688 157572
171454 170267
155663 165721
161788 161672
155876 161006
161100 171546
167829 174625
160900 150331
167179 174405
172286 157182
168114 169457
149663 162955
165084 158942
167913 156382
150031 153816
164843 159374
171638 163550
160830 167027
153604 169154
161660 154705
177221 176489
163156 160085
161112 170782
162458 168957
171370 147549
164943 171895
146184 153747
160992 170861
171389 158083
166632 162740
173480 162433
160595 173602
167683 163661
170640 173151
170112 158250
157157 171521
161186 157258
