10369 2525.79
120917 57688
57170 107094
118774 57736
120643 57725
115421 57791
111091 57912
116697 57787
117498 57740
112367 57908
113168 57861
118774 57736
114444 57857
57878 99754
57869 100552
108484 58053
109511 58046
57353 105562
57358 104818
57364 104721
57425 104240
110518 57921
60177 90207
60571 88587
60616 88144
111091 57912
112595 57870
108484 58053
107911 58062
60672 87737
61067 85922
60678 87640
60734 87233
60164 90598
60616 88144
61011 86329
113168 57861
117224 57777
116697 57787
60546 89047
85446 62236
85226 62457
60547 88713
114444 57857
114889 57855
59488 92746
60849 87064
77955 65863
83512 62999
106970 58145
109577 58004
107379 58126
109986 57985
83129 63413
71244 70781
71046 70922
66863 75431
70350 71585
68784 73173
66665 75572
61202 85495
65753 76603
65385 77190
59109 94151
61532 84860
61668 84238
61686 83935
84140 62756
94314 59873
90044 60891
84948 62513
101297 58799
95058 59742
105327 58352
100553 58930
58326 97389
61182 85753
60292 90038
58852 94600
60509 89091
60949 86833
61457 84924
80356 64854
59281 92889
67904 74317
70548 71444
72773 69541
69480 72510
68982 73032
61965 83188
78591 65650
78303 65718
81062 64595
65270 77359
79754 65157
58024 98519
57232 106590
58065 98274
57191 106835
57612 102760
58382 96982
57571 103005
58341 97227
61801 83766
61821 83508
60312 89780
80704 64709
86341 61990
92727 60289
95868 59622
80078 64910
99746 59138
102910 58614
85676 62225
115143 57847
90309 60837
106692 58201
88014 61425
95861 59677
79541 65202
102107 58679
84070 62845
91508 60596
93535 60046
84418 62700
93507 60081
105605 58296
102100 58734
95336 59686
96671 59557
80426 64765
101575 58743
105859 58288
106137 58232
110240 57977
92298 60370
82483 63651
99774 59103
87512 61562
107911 58062
84668 62611
106970 58145
86004 62082
85226 62457
82811 63508
64339 78625
71446 70651
73197 69164
60020 90918
67761 74432
83292 63161
73384 68937
93257 60102
92048 60391
99496 59159
70328 71606
68182 73867
61295 85347
68762 73194
66063 76266
62380 82103
66643 75593
61779 83787
67739 74453
63100 80470
61914 83360
102940 58592
102378 58678
106137 58232
96139 59621
106438 58209
96701 59535
79476 65213
86074 61993
91241 60599
62151 82873
82033 63824
94592 59817
107633 58118
81234 64522
57252 106354
57247 106428
96169 59599
102408 58656
117498 57740
117224 57777
71299 70733
61005 86426
60989 86662
62152 82678
100205 59075
91700 60536
67464 74876
69639 72388
86352 61937
59930 91364
58500 96127
82881 63419
69257 72822
92450 60310
57705 101868
57689 102094
60481 89306
79329 65293
72553 69703
61667 84433
95056 59784
105325 58394
58833 94816
59934 91344
77648 66144
68577 73496
66085 76245
68204 73846
103211 58591
69326 72698
70915 71215
96423 59591
102662 58648
70137 71866
76926 66515
76696 66526
77900 65976
76092 66951
81531 64221
81997 63942
76578 66660
81311 64383
77351 66288
82135 63796
83457 63112
81649 64087
77044 66381
66480 75874
63122 80449
68599 73475
65900 76547
68019 74148
110518 57921
107633 58118
94592 59817
78185 65852
89501 61080
73530 68867
74544 68057
74858 67745
74638 67907
74764 67895
83157 63299
73255 69077
62686 81360
62752 81189
61624 84439
90322 60835
72868 69379
79128 65358
58907 94389
58590 95681
58792 95005
60378 89437
60337 89626
58142 97608
58631 95492
59178 93582
59747 91632
58833 94816
59219 93393
58948 94200
58183 97419
59240 93078
60256 90187
59844 91518
62056 83139
62287 82251
62522 81882
62752 81189
66550 75741
61146 85902
63839 79334
67959 74291
60734 87233
62845 81041
61686 83935
68089 74015
61821 83508
65970 76414
70235 71754
67646 74601
70103 72017
60827 87085
69365 72679
68669 73342
64733 78174
63007 80618
71012 71073
115421 57791
101829 58735
61601 84604
61446 85098
63007 80618
62987 80820
70931 71091
100831 58874
65088 77634
93785 60025
100024 59082
112595 57870
112367 57908
81429 64249
62657 81511
61317 85326
62402 82082
61936 83339
66253 76185
88070 61408
87792 61464
89279 61119
87722 61553
88292 61369
104152 58508
103881 58509
97642 59452
97913 59451
95590 59678
96972 59534
60378 89437
60481 89306
90589 60832
69419 72550
91519 60543
81046 64663
65496 76993
59949 91148
64579 78421
98167 59443
95336 59686
100831 58874
102662 58648
101085 58866
115143 57847
107379 58126
94846 59809
101575 58743
105115 58419
98622 59370
110240 57977
109986 57985
105605 58296
97364 59508
104861 58427
104152 58508
103603 58565
106438 58209
104406 58500
97110 59516
96423 59591
97913 59451
114889 57855
98876 59362
105859 58288
95590 59678
106692 58201
103349 58573
60989 86662
60949 86833
58459 96316
59706 91821
71741 70383
73088 69217
81266 64501
101829 58735
77198 66317
75939 66980
73659 68727
75737 67110
75060 67615
75555 67243
73806 68645
74913 67697
75242 67482
69144 72973
74248 68295
74441 68145
70695 71377
73001 69351
71604 70555
61533 84665
61668 84238
62286 82446
62287 82251
72498 69751
65735 76783
78981 65438
79128 65358
59706 91821
58459 96316
77735 66025
86984 61707
86880 61792
69861 72200
66430 75941
68487 73617
68372 73786
90029 60935
59163 93744
59601 92655
59135 93912
59629 92487
67997 74169
88822 61182
85446 62236
76159 66818
82253 63662
76696 66526
76389 66807
77418 66155
83742 62988
76926 66515
100483 59019
59844 91518
59747 91632
72392 69880
59281 92889
87444 61609
70235 71754
101295 58841
94846 59809
105115 58419
101085 58866
71666 70489
72615 69568
68089 74015
64269 78758
65970 76414
68669 73342
63192 80316
63715 79592
64671 78267
66550 75741
76421 66736
77418 66155
76159 66818
69037 72984
58569 95996
75335 67405
75462 67320
77143 66365
73510 68925
80704 64709
84600 62658
92728 60254
87262 61651
88471 61362
86534 61895
84418 62700
80886 64667
72593 69589
81649 64087
81870 64076
78591 65650
78761 65600
67520 74787
70603 71396
74269 68267
57267 106192
65673 76858
70750 71314
64613 78374
64786 78098
79329 65293
59513 92722
92326 60335
93255 60144
99494 59201
89683 61038
71024 70943
70115 71887
61160 85774
60263 90053
83394 63133
77837 65997
74046 68425
64436 78618
64454 78456
67064 75353
91978 60480
64848 78005
67159 75126
67085 75243
58948 94200
57940 99250
58907 94389
57720 101706
57674 102256
57767 101364
57776 101299
57323 105785
60005 91080
58777 95167
57845 100678
57440 104078
57627 102598
58071 98177
57487 103736
58341 97227
59644 92325
57893 99592
58892 94551
59163 93744
58444 96478
58575 95843
59691 91983
59225 93240
58127 97770
57314 105850
57618 102663
58590 95681
57176 106997
58142 97608
58009 98681
57232 106590
57556 103167
58024 98519
59629 92487
58397 96820
57949 99185
59178 93582
57689 102094
57705 101868
59240 93078
58792 95005
57836 100795
58080 98112
57571 103005
58388 96885
57496 103671
57425 104240
61346 85175
62686 81360
62431 81931
60312 89780
60337 89626
57556 103167
58009 98681
57996 98843
57543 103329
57830 100840
94034 59971
91768 60489
84878 62602
100273 59028
83860 62854
82601 63517
85794 62091
88721 61273
94244 59962
91239 60641
67300 74949
67246 75078
65878 76568
73988 68512
57878 99754
65106 77585
63807 79438
74489 68105
90961 60697
69770 72258
70022 72035
69914 72178
79803 65120
75133 67535
71686 70431
61202 85495
62921 80991
58500 96127
65023 77736
75884 67028
60115 90711
58631 95492
58736 95412
64026 79206
64157 78900
120917 57688
120747 57717
65403 77141
64104 78994
72172 70042
64921 77887
58127 97770
59225 93240
58444 96478
58575 95843
57668 102409
59219 93393
58771 95320
57674 102256
59685 92136
58569 95996
59691 91983
58121 97923
58438 96631
74342 68187
73847 68559
83237 63274
80078 64910
80023 65023
61437 85126
104684 58444
98344 59426
104583 58483
98445 59387
104406 58500
104861 58427
98622 59370
98167 59443
68424 73684
70823 71234
58777 95167
81898 63962
81311 64383
64663 78307
74122 68349
60121 90614
71961 70221
86704 61805
87160 61694
64034 79127
73310 69029
73604 68775
75517 67272
71848 70356
76041 66952
77300 66289
100024 59082
92909 60247
93966 60018
93785 60025
72117 70090
97504 59470
103603 58565
97364 59508
66918 75383
77722 66101
89279 61119
89001 61175
88542 61280
89100 61126
88292 61369
98967 59311
72108 70139
72813 69427
103743 58527
71519 70571
57440 104078
57800 101173
57973 99059
57520 103545
59133 94025
57347 105659
57851 100633
57782 101202
60565 88684
57917 99466
57329 105688
57744 101580
57720 101706
57464 103952
57291 106066
57893 99592
57955 99088
62245 82530
63335 80101
63604 79703
67614 74720
67646 74601
91088 60664
72278 69913
86072 62035
85726 62138
78303 65718
87734 61523
84946 62555
88820 61224
82533 63564
80426 64765
84138 62798
82879 63461
67025 75372
62937 80887
72232 69982
66283 76104
68402 73705
71888 70301
64848 78005
69968 72117
69748 72279
58183 97419
64921 77887
90589 60832
91101 60662
67559 74768
78939 65505
73015 69297
79889 65057
80023 65023
57267 106192
75664 67190
93105 60162
99216 59257
99216 59257
92977 60200
89764 60989
99344 59219
99088 59295
88474 61327
75737 67110
75060 67615
71919 70231
73035 69239
70770 71256
75664 67190
71466 70593
69204 72844
62635 81532
90893 60744
81870 64076
59601 92655
63520 79799
64135 78921
74067 68397
99344 59219
89879 60953
93105 60162
82253 63662
65249 77370
57543 103329
57481 103833
57996 98843
57308 105947
57934 99347
57806 101076
57917 99466
57979 98962
57744 101580
57823 100957
57291 106066
57464 103952
57526 103448
64454 78456
59662 92249
59685 92136
65643 76937
60053 90853
60061 90729
78908 65520
79858 65072
63724 79503
80886 64667
103743 58527
67085 75243
78233 65807
100551 58972
94312 59915
85724 62180
82531 63606
83792 62901
83742 62988
89100 61126
88752 61271
89001 61175
89879 60953
97110 59516
103881 58509
97642 59452
96972 59534
97504 59470
103349 58573
75884 67028
64042 79069
64973 77803
69990 72096
57761 101461
64086 79043
63542 79778
63427 79947
66368 76016
64219 78825
63357 80080
63582 79724
65735 76783
63489 79872
65434 77068
57823 100957
62617 81616
62076 82937
62542 81680
87160 61694
86704 61805
86882 61750
86982 61749
87262 61651
86602 61848
98966 59346
72297 69889
90711 60786
65199 77437
61346 85175
62431 81931
81429 64249
58403 96723
58086 98015
57633 102501
58771 95320
58121 97923
58438 96631
58736 95412
57668 102409
73869 68538
90711 60786
73946 68517
73806 68645
98445 59387
98344 59426
104684 58444
104583 58483
92450 60310
64764 78119
62076 82937
62542 81680
62058 83040
66346 76037
66305 76083
68487 73617
62267 82509
67246 75078
67159 75126
59135 93912
59133 94025
65156 77518
63285 80168
63242 80249
61533 84665
62220 82617
62524 81783
67361 74909
89751 60991
60005 91080
59949 91148
90808 60762
80356 64854
57761 101461
99088 59295
74638 67907
74764 67895
75133 67535
62845 81041
103211 58591
82135 63796
76476 66688
81531 64221
76578 66660
72077 70204
72210 70003
72452 69820
62220 82617
66458 75895
62987 80820
63192 80316
63900 79290
63242 80249
64219 78825
63654 79636
65156 77518
65014 77739
63285 80168
64269 78758
63950 79223
89514 61078
72452 69820
62524 81783
68372 73786
87792 61464
69694 72340
78761 65600
78853 65568
63427 79947
63397 80026
65664 76908
69184 72902
61011 86329
57358 104818
57308 105947
57502 103574
60678 87640
58086 98015
57806 101076
57191 106835
57934 99347
58403 96723
57633 102501
60571 88587
57979 98962
57526 103448
57364 104721
57353 105562
57481 103833
57170 107094
60672 87737
57185 106932
61005 86426
57612 102760
58382 96982
58065 98274
62058 83040
77699 66143
65199 77437
92046 60433
92977 60200
83860 62854
84878 62602
86534 61895
88542 61280
94034 59971
90960 60732
100490 59007
85794 62091
82601 63517
92018 60468
91768 60489
83792 62901
93966 60018
94251 59950
86602 61848
92909 60247
84600 62658
100273 59028
78981 65438
78233 65807
74342 68187
62617 81616
63489 79872
65434 77068
81915 63958
63724 79503
76389 66807
64973 77803
57869 100552
87444 61609
109511 58046
109577 58004
89599 61051
77044 66381
82253 63662
63900 79290
63654 79636
74858 67745
69639 72388
71266 70760
73659 68727
78853 65568
74913 67697
72813 69427
66885 75410
75335 67405
74544 68057
67614 74720
75280 67453
68982 73032
75462 67320
70548 71444
73604 68775
73310 69029
74122 68349
76476 66688
60053 90853
59644 92325
59662 92249
69694 72340
63807 79438
72077 70204
120747 57717
120643 57725
67300 74949
67361 74909
69441 72529
83237 63274
71870 70335
98876 59362
65603 76991
63397 80026
65603 76991
90821 60760
66253 76185
64436 78618
61067 85922
58892 94551
62937 80887
61601 84604
89599 61051
62286 82446
63950 79223
