110 15.4896
1.63847e+06 1.43117e+06 1.66159e+06 1.60236e+06
1.5598e+06 1.64549e+06 1.56404e+06 1.58925e+06
1.47471e+06 1.61383e+06 1.6015e+06 1.60013e+06
1.71036e+06 1.5389e+06 1.53052e+06 1.55522e+06
1.62912e+06 1.44527e+06 1.69899e+06 1.56939e+06
1.60803e+06 1.57028e+06 1.61387e+06 1.48594e+06
1.60125e+06 1.56396e+06 1.47311e+06 1.64034e+06
1.56757e+06 1.55104e+06 1.56516e+06 1.6695e+06
1.62513e+06 1.46652e+06 1.68076e+06 1.57415e+06
1.64672e+06 1.44887e+06 1.67457e+06 1.55842e+06
1.67338e+06 1.5748e+06 1.53404e+06 1.52817e+06
1.58156e+06 1.47505e+06 1.68491e+06 1.60287e+06
1.64565e+06 1.43458e+06 1.66667e+06 1.60045e+06
1.60157e+06 1.55722e+06 1.49181e+06 1.6366e+06
1.61962e+06 1.56702e+06 1.48039e+06 1.61332e+06
1.54166e+06 1.5856e+06 1.52147e+06 1.64361e+06
1.5502e+06 1.56867e+06 1.60023e+06 1.5219e+06
1.62934e+06 1.45589e+06 1.69036e+06 1.58548e+06
1.53648e+06 1.64087e+06 1.63226e+06 1.535e+06
1.7054e+06 1.54727e+06 1.53013e+06 1.55428e+06
1.58659e+06 1.56272e+06 1.49791e+06 1.62162e+06
1.63509e+06 1.44972e+06 1.69448e+06 1.56266e+06
1.59021e+06 1.58934e+06 1.47353e+06 1.62755e+06
1.49402e+06 1.61837e+06 1.63595e+06 1.56805e+06
1.50521e+06 1.59152e+06 1.57612e+06 1.56182e+06
1.57528e+06 1.47746e+06 1.66938e+06 1.61474e+06
1.56225e+06 1.5758e+06 1.52594e+06 1.66558e+06
1.57332e+06 1.5663e+06 1.60154e+06 1.50374e+06
1.53377e+06 1.60385e+06 1.55412e+06 1.59778e+06
1.62212e+06 1.44416e+06 1.69187e+06 1.57519e+06
1.59746e+06 1.47294e+06 1.66928e+06 1.56987e+06
1.62878e+06 1.51116e+06 1.58854e+06 1.63955e+06
1.5234e+06 1.5663e+06 1.59869e+06 1.65688e+06
1.61378e+06 1.53882e+06 1.51987e+06 1.65825e+06
1.56127e+06 1.62644e+06 1.52724e+06 1.61016e+06
1.6623e+06 1.49664e+06 1.56163e+06 1.6222e+06
1.50038e+06 1.59657e+06 1.57671e+06 1.55466e+06
1.51522e+06 1.60498e+06 1.61787e+06 1.53523e+06
1.48274e+06 1.6061e+06 1.61261e+06 1.60166e+06
1.5681e+06 1.57612e+06 1.51628e+06 1.63709e+06
1.57177e+06 1.63994e+06 1.54699e+06 1.5956e+06
1.50844e+06 1.60091e+06 1.6196e+06 1.55034e+06
1.70005e+06 1.55548e+06 1.53277e+06 1.5461e+06
1.48082e+06 1.61578e+06 1.59431e+06 1.60558e+06
1.69765e+06 1.54689e+06 1.53641e+06 1.54839e+06
1.65599e+06 1.49506e+06 1.56363e+06 1.62591e+06
1.58884e+06 1.46876e+06 1.62994e+06 1.5752e+06
1.5501e+06 1.56605e+06 1.54316e+06 1.65329e+06
1.55752e+06 1.62272e+06 1.52071e+06 1.61417e+06
1.58317e+06 1.55453e+06 1.63772e+06 1.5136e+06
1.63062e+06 1.48656e+06 1.62543e+06 1.55296e+06
1.60173e+06 1.61206e+06 1.52607e+06 1.5639e+06
1.66769e+06 1.49207e+06 1.58079e+06 1.62183e+06
1.54405e+06 1.59678e+06 1.50338e+06 1.6445e+06
1.59284e+06 1.57449e+06 1.60949e+06 1.49389e+06
1.57625e+06 1.47697e+06 1.66804e+06 1.61326e+06
1.51139e+06 1.58927e+06 1.59471e+06 1.58075e+06
1.59408e+06 1.51543e+06 1.65501e+06 1.56872e+06
1.58787e+06 1.56214e+06 1.48833e+06 1.64586e+06
1.6632e+06 1.50354e+06 1.55963e+06 1.62052e+06
1.48665e+06 1.59519e+06 1.6172e+06 1.5903e+06
1.60575e+06 1.55435e+06 1.482e+06 1.634e+06
1.65986e+06 1.54427e+06 1.56979e+06 1.5401e+06
1.52888e+06 1.58854e+06 1.59478e+06 1.57199e+06
1.57856e+06 1.57181e+06 1.62129e+06 1.49591e+06
1.56448e+06 1.63285e+06 1.57148e+06 1.5908e+06
1.53662e+06 1.58311e+06 1.58449e+06 1.6019e+06
1.49776e+06 1.59926e+06 1.59598e+06 1.57706e+06
1.64491e+06 1.53096e+06 1.57306e+06 1.58449e+06
1.5427e+06 1.5942e+06 1.5017e+06 1.6506e+06
1.58884e+06 1.46624e+06 1.68392e+06 1.60849e+06
1.63056e+06 1.48853e+06 1.63883e+06 1.55951e+06
1.60841e+06 1.55994e+06 1.62214e+06 1.49759e+06
1.57783e+06 1.62983e+06 1.55312e+06 1.60478e+06
1.59875e+06 1.57243e+06 1.61169e+06 1.48778e+06
1.69414e+06 1.55645e+06 1.53982e+06 1.54307e+06
1.52556e+06 1.59125e+06 1.58378e+06 1.56593e+06
1.5543e+06 1.57014e+06 1.59122e+06 1.51076e+06
1.61872e+06 1.46854e+06 1.65997e+06 1.56724e+06
1.55776e+06 1.56748e+06 1.54056e+06 1.66083e+06
1.65164e+06 1.50659e+06 1.55143e+06 1.63294e+06
1.59814e+06 1.58094e+06 1.60527e+06 1.49079e+06
1.64187e+06 1.46519e+06 1.63829e+06 1.58661e+06
1.62734e+06 1.60783e+06 1.51445e+06 1.56054e+06
1.57502e+06 1.57022e+06 1.51792e+06 1.63552e+06
1.4916e+06 1.60101e+06 1.59264e+06 1.58687e+06
1.64037e+06 1.57936e+06 1.55561e+06 1.53246e+06
1.63364e+06 1.52519e+06 1.57429e+06 1.60722e+06
1.57049e+06 1.54954e+06 1.51461e+06 1.64467e+06
1.58201e+06 1.56292e+06 1.60652e+06 1.49955e+06
1.6179e+06 1.45907e+06 1.66271e+06 1.58398e+06
1.61217e+06 1.60939e+06 1.51368e+06 1.57772e+06
1.5992e+06 1.57436e+06 1.58893e+06 1.50846e+06
1.63163e+06 1.45774e+06 1.67326e+06 1.58003e+06
1.55134e+06 1.63818e+06 1.57374e+06 1.57007e+06
1.48453e+06 1.59063e+06 1.59406e+06 1.59667e+06
1.66643e+06 1.57788e+06 1.54791e+06 1.5515e+06
1.57977e+06 1.61499e+06 1.52936e+06 1.54554e+06
1.59593e+06 1.5721e+06 1.58256e+06 1.51645e+06
1.56291e+06 1.64241e+06 1.56671e+06 1.59592e+06
1.57785e+06 1.62791e+06 1.55052e+06 1.60389e+06
1.58702e+06 1.48174e+06 1.67175e+06 1.58966e+06
1.67842e+06 1.58224e+06 1.52765e+06 1.54671e+06
1.585e+06 1.48067e+06 1.64735e+06 1.60727e+06
1.58928e+06 1.53441e+06 1.58542e+06 1.60162e+06
1.59377e+06 1.60168e+06 1.55004e+06 1.5967e+06
1.67602e+06 1.59203e+06 1.51277e+06 1.53283e+06
1.6486e+06 1.52163e+06 1.57555e+06 1.59896e+06
1.657e+06 1.50836e+06 1.545e+06 1.64109e+06
1.63669e+06 1.56898e+06 1.55872e+06 1.54314e+06
1.66836e+06 1.58329e+06 1.53744e+06 1.53592e+06
1.5684e+06 1.51424e+06 1.65833e+06 1.57483e+06
1.55721e+06 1.6343e+06 1.52347e+06 1.61917e+06
1.61615e+06 1.43915e+06 1.64923e+06 1.60306e+06
1.65256e+06 1.5194e+06 1.57786e+06 1.56955e+06
1.60566e+06 1.43695e+06 1.64653e+06 1.60656e+06
1.5971e+06 1.568e+06 1.57855e+06 1.53399e+06
1.69066e+06 1.55901e+06 1.52496e+06 1.5693e+06
1.55505e+06 1.52822e+06 1.61995e+06 1.59243e+06
1.61156e+06 1.51801e+06 1.64698e+06 1.55359e+06
1.54238e+06 1.59869e+06 1.50734e+06 1.64934e+06
1.62245e+06 1.46237e+06 1.64326e+06 1.5826e+06
1.47728e+06 1.6151e+06 1.59255e+06 1.60801e+06
1.66049e+06 1.50455e+06 1.56589e+06 1.61605e+06
1.59516e+06 1.54022e+06 1.5978e+06 1.51438e+06
1.66523e+06 1.57691e+06 1.53801e+06 1.56536e+06
1.60766e+06 1.4614e+06 1.64986e+06 1.59995e+06
1.6078e+06 1.44556e+06 1.64801e+06 1.59513e+06
1.55851e+06 1.6314e+06 1.52984e+06 1.61342e+06
1.58156e+06 1.51105e+06 1.66054e+06 1.57134e+06
1.65211e+06 1.49841e+06 1.56611e+06 1.62911e+06
1.63895e+06 1.45219e+06 1.66408e+06 1.56954e+06
1.61529e+06 1.48463e+06 1.64866e+06 1.56988e+06
1.68142e+06 1.58128e+06 1.52961e+06 1.53774e+06
1.6833e+06 1.5609e+06 1.52293e+06 1.55993e+06
1.58898e+06 1.59548e+06 1.60994e+06 1.49017e+06
1.48934e+06 1.58384e+06 1.62132e+06 1.57581e+06
1.61088e+06 1.46178e+06 1.6513e+06 1.58811e+06
1.7033e+06 1.56852e+06 1.52836e+06 1.54576e+06
1.52149e+06 1.62052e+06 1.61752e+06 1.54252e+06
1.50921e+06 1.58754e+06 1.60611e+06 1.56449e+06
1.59532e+06 1.57156e+06 1.5851e+06 1.54188e+06
1.54816e+06 1.5701e+06 1.59821e+06 1.57617e+06
1.5695e+06 1.55353e+06 1.60009e+06 1.51611e+06
1.61302e+06 1.49266e+06 1.64786e+06 1.54988e+06
1.65647e+06 1.54304e+06 1.55966e+06 1.57382e+06
1.68505e+06 1.55277e+06 1.53086e+06 1.5581e+06
1.60394e+06 1.44166e+06 1.65739e+06 1.58644e+06
1.58583e+06 1.5601e+06 1.59621e+06 1.50139e+06
1.55103e+06 1.58052e+06 1.51734e+06 1.64889e+06
1.60542e+06 1.45366e+06 1.65404e+06 1.60361e+06
1.57076e+06 1.5603e+06 1.50509e+06 1.64932e+06
1.63604e+06 1.5295e+06 1.60332e+06 1.55623e+06
1.60001e+06 1.55626e+06 1.49949e+06 1.62855e+06
1.6895e+06 1.5246e+06 1.5421e+06 1.61851e+06
1.61731e+06 1.48363e+06 1.61478e+06 1.58847e+06
1.51871e+06 1.53675e+06 1.62758e+06 1.61715e+06
1.5623e+06 1.63652e+06 1.57032e+06 1.59391e+06
1.67048e+06 1.54275e+06 1.55752e+06 1.55875e+06
1.61098e+06 1.49007e+06 1.61959e+06 1.57844e+06
1.5661e+06 1.58293e+06 1.5104e+06 1.63171e+06
1.58447e+06 1.48216e+06 1.66522e+06 1.5934e+06
1.64224e+06 1.4573e+06 1.65712e+06 1.57148e+06
1.63971e+06 1.45153e+06 1.65593e+06 1.58375e+06
1.56872e+06 1.54544e+06 1.5225e+06 1.63628e+06
1.69573e+06 1.56763e+06 1.53534e+06 1.54804e+06
1.55399e+06 1.5641e+06 1.64282e+06 1.53927e+06
1.57014e+06 1.56153e+06 1.50294e+06 1.64764e+06
1.60512e+06 1.57358e+06 1.57049e+06 1.50635e+06
1.5907e+06 1.56476e+06 1.59188e+06 1.52964e+06
1.59319e+06 1.57099e+06 1.58668e+06 1.51851e+06
1.49867e+06 1.59489e+06 1.60719e+06 1.58172e+06
1.61164e+06 1.56596e+06 1.48633e+06 1.62102e+06
1.55906e+06 1.57052e+06 1.53669e+06 1.66292e+06
1.49008e+06 1.61645e+06 1.62799e+06 1.57534e+06
1.59816e+06 1.55702e+06 1.50122e+06 1.6265e+06
1.59267e+06 1.56648e+06 1.61397e+06 1.49494e+06
1.56305e+06 1.56183e+06 1.5685e+06 1.64649e+06
1.56358e+06 1.58421e+06 1.51164e+06 1.63279e+06
1.5626e+06 1.50134e+06 1.62322e+06 1.59011e+06
1.53197e+06 1.56186e+06 1.59127e+06 1.65234e+06
1.55666e+06 1.57713e+06 1.52814e+06 1.65973e+06
1.61449e+06 1.53216e+06 1.62423e+06 1.54258e+06
1.64673e+06 1.5213e+06 1.58746e+06 1.56696e+06
1.54561e+06 1.59762e+06 1.56515e+06 1.61635e+06
1.56844e+06 1.56486e+06 1.61029e+06 1.51957e+06
1.51386e+06 1.58693e+06 1.61168e+06 1.5571e+06
1.65081e+06 1.52662e+06 1.57098e+06 1.59296e+06
1.64301e+06 1.50488e+06 1.60578e+06 1.57528e+06
1.70145e+06 1.57062e+06 1.52671e+06 1.54816e+06
1.64626e+06 1.44105e+06 1.64116e+06 1.62246e+06
1.60381e+06 1.43751e+06 1.64362e+06 1.60774e+06
1.5752e+06 1.56127e+06 1.61327e+06 1.50612e+06
1.57266e+06 1.50883e+06 1.62242e+06 1.62817e+06
1.47712e+06 1.60848e+06 1.59725e+06 1.59625e+06
1.65931e+06 1.49351e+06 1.57646e+06 1.62269e+06
1.5534e+06 1.63531e+06 1.52959e+06 1.62048e+06
1.6473e+06 1.51873e+06 1.59485e+06 1.60951e+06
1.5344e+06 1.58504e+06 1.58354e+06 1.58315e+06
1.53075e+06 1.57278e+06 1.60134e+06 1.60721e+06
1.4946e+06 1.6186e+06 1.62673e+06 1.55416e+06
1.60034e+06 1.57507e+06 1.56589e+06 1.52127e+06
1.49661e+06 1.58992e+06 1.60794e+06 1.59257e+06
1.68041e+06 1.5616e+06 1.54944e+06 1.5483e+06
1.67582e+06 1.56507e+06 1.53924e+06 1.55699e+06
1.51834e+06 1.54353e+06 1.62625e+06 1.61038e+06
1.64411e+06 1.57096e+06 1.5526e+06 1.53871e+06
1.62289e+06 1.56564e+06 1.48418e+06 1.62345e+06
1.62034e+06 1.52866e+06 1.54461e+06 1.60504e+06
1.53626e+06 1.5358e+06 1.6161e+06 1.59346e+06
1.57119e+06 1.54959e+06 1.5928e+06 1.51779e+06
1.65038e+06 1.45529e+06 1.64074e+06 1.56146e+06
1.56506e+06 1.6423e+06 1.56406e+06 1.58897e+06
1.65483e+06 1.51352e+06 1.58728e+06 1.57989e+06
1.64824e+06 1.43999e+06 1.62292e+06 1.61281e+06
1.49571e+06 1.59261e+06 1.62256e+06 1.57031e+06
1.60404e+06 1.55146e+06 1.48501e+06 1.6292e+06
1.68768e+06 1.55898e+06 1.53866e+06 1.55518e+06
1.60095e+06 1.57538e+06 1.48301e+06 1.62744e+06
1.59963e+06 1.52272e+06 1.59503e+06 1.59098e+06
1.65815e+06 1.55837e+06 1.54221e+06 1.56484e+06
1.67142e+06 1.59142e+06 1.5133e+06 1.53159e+06
1.62905e+06 1.46603e+06 1.65178e+06 1.57909e+06
1.62164e+06 1.45015e+06 1.64095e+06 1.60416e+06
1.61569e+06 1.48952e+06 1.63942e+06 1.55798e+06
1.66918e+06 1.54993e+06 1.54302e+06 1.56332e+06
1.54675e+06 1.5735e+06 1.59729e+06 1.5288e+06
1.5601e+06 1.56451e+06 1.55786e+06 1.66316e+06
1.62564e+06 1.48294e+06 1.6554e+06 1.56653e+06
1.60471e+06 1.55781e+06 1.48814e+06 1.60988e+06
1.52307e+06 1.58912e+06 1.59359e+06 1.55246e+06
1.59161e+06 1.59848e+06 1.55609e+06 1.58956e+06
1.58122e+06 1.5413e+06 1.52712e+06 1.64153e+06
1.58111e+06 1.5451e+06 1.50791e+06 1.63396e+06
1.55421e+06 1.56292e+06 1.54015e+06 1.66395e+06
1.49974e+06 1.55948e+06 1.6119e+06 1.56132e+06
1.59432e+06 1.56566e+06 1.58916e+06 1.53054e+06
1.65358e+06 1.49806e+06 1.56868e+06 1.62008e+06
1.62398e+06 1.55174e+06 1.58993e+06 1.56454e+06
1.5978e+06 1.52925e+06 1.59019e+06 1.59446e+06
1.63217e+06 1.52659e+06 1.58685e+06 1.58269e+06
1.58278e+06 1.57661e+06 1.52787e+06 1.62455e+06
1.57403e+06 1.54203e+06 1.52389e+06 1.63247e+06
1.60878e+06 1.4549e+06 1.64705e+06 1.60212e+06
1.5801e+06 1.53744e+06 1.53037e+06 1.65324e+06
1.56763e+06 1.5786e+06 1.52044e+06 1.66032e+06
1.68652e+06 1.56004e+06 1.52803e+06 1.5556e+06
1.51678e+06 1.58868e+06 1.60872e+06 1.55456e+06
1.51914e+06 1.5862e+06 1.60458e+06 1.58506e+06
1.62684e+06 1.54638e+06 1.53472e+06 1.60194e+06
1.68215e+06 1.55738e+06 1.52491e+06 1.57256e+06
1.5174e+06 1.57303e+06 1.61088e+06 1.55655e+06
1.62298e+06 1.48132e+06 1.61544e+06 1.57858e+06
1.51978e+06 1.54101e+06 1.6178e+06 1.60628e+06
1.58782e+06 1.56206e+06 1.60382e+06 1.50113e+06
1.63486e+06 1.44925e+06 1.62383e+06 1.6068e+06
1.61789e+06 1.61569e+06 1.50832e+06 1.5728e+06
1.65333e+06 1.5326e+06 1.54869e+06 1.58485e+06
1.62727e+06 1.45584e+06 1.64491e+06 1.59516e+06
1.611e+06 1.53322e+06 1.62894e+06 1.57208e+06
1.62053e+06 1.45993e+06 1.65346e+06 1.5837e+06
1.57244e+06 1.55666e+06 1.60805e+06 1.50972e+06
1.52161e+06 1.59373e+06 1.59919e+06 1.54738e+06
1.6291e+06 1.52448e+06 1.56512e+06 1.61092e+06
1.54616e+06 1.51288e+06 1.569e+06 1.61185e+06
1.56467e+06 1.62226e+06 1.5336e+06 1.60592e+06
1.52521e+06 1.58574e+06 1.59858e+06 1.5912e+06
1.62091e+06 1.46726e+06 1.6294e+06 1.60615e+06
1.54191e+06 1.57712e+06 1.56496e+06 1.6517e+06
1.673e+06 1.5679e+06 1.52853e+06 1.56247e+06
1.66988e+06 1.56901e+06 1.53359e+06 1.55738e+06
1.56268e+06 1.52959e+06 1.63739e+06 1.58668e+06
1.58424e+06 1.58138e+06 1.50928e+06 1.62822e+06
1.55562e+06 1.58102e+06 1.52723e+06 1.63111e+06
1.67748e+06 1.55599e+06 1.53453e+06 1.56654e+06
1.63798e+06 1.49221e+06 1.62499e+06 1.55411e+06
1.47516e+06 1.59264e+06 1.61466e+06 1.59166e+06
1.60261e+06 1.54133e+06 1.50952e+06 1.64918e+06
1.53522e+06 1.59365e+06 1.53009e+06 1.6409e+06
1.61017e+06 1.49746e+06 1.61306e+06 1.57265e+06
1.64896e+06 1.55329e+06 1.54225e+06 1.55687e+06
1.64467e+06 1.49402e+06 1.56927e+06 1.62131e+06
1.57088e+06 1.5802e+06 1.50246e+06 1.63247e+06
1.58184e+06 1.5578e+06 1.56209e+06 1.61838e+06
1.54885e+06 1.57499e+06 1.5315e+06 1.63252e+06
1.62254e+06 1.55659e+06 1.58004e+06 1.54775e+06
1.52263e+06 1.59277e+06 1.59698e+06 1.55821e+06
1.55214e+06 1.57013e+06 1.59979e+06 1.52839e+06
1.52136e+06 1.54241e+06 1.62699e+06 1.60034e+06
1.59992e+06 1.55684e+06 1.52308e+06 1.63016e+06
1.59626e+06 1.50738e+06 1.6116e+06 1.58987e+06
1.60208e+06 1.50704e+06 1.59527e+06 1.59169e+06
1.53142e+06 1.57772e+06 1.53769e+06 1.62531e+06
1.63926e+06 1.51278e+06 1.60406e+06 1.57801e+06
1.61028e+06 1.55025e+06 1.56664e+06 1.6178e+06
1.59486e+06 1.59825e+06 1.56879e+06 1.59811e+06
1.58032e+06 1.56349e+06 1.59642e+06 1.51404e+06
1.5659e+06 1.58461e+06 1.5102e+06 1.64044e+06
1.68865e+06 1.55587e+06 1.52516e+06 1.5777e+06
1.67157e+06 1.57244e+06 1.52527e+06 1.55768e+06
