2622 19.1164
807130 750389 788566
806930 757605 819077
748570 833755 781101
769129 834202 781049
817468 808450 742952
821119 751117 777823
817468 808450 742952
753057 823588 786282
773096 773235 813255
804325 777355 753401
766987 788558 782363
817468 808450 742952
773096 773235 813255
793408 800209 761200
748570 833755 781101
766987 788558 782363
791724 767192 766029
784470 800393 776527
776154 779701 793505
752128 785197 796837
790674 782623 780826
813220 759178 763206
795891 787517 760659
821119 751117 777823
806930 757605 819077
782418 763211 786194
784470 800393 776527
778730 775053 781642
772882 768302 814333
790674 782623 780826
795891 787517 760659
795891 787517 760659
791809 801888 759299
799539 762239 763646
775119 805558 764070
776154 779701 793505
806930 757605 819077
813220 759178 763206
778426 765196 791913
772882 768302 814333
787002 767620 785226
804325 777355 753401
790674 782623 780826
799539 762239 763646
752128 785197 796837
804325 777355 753401
782964 769985 784280
795891 787517 760659
778426 765196 791913
752128 785197 796837
748570 833755 781101
752491 788525 790169
793084 802379 756859
804325 777355 753401
784470 800393 776527
787002 767620 785226
769129 834202 781049
775119 805558 764070
793084 802379 756859
752491 788525 790169
752128 785197 796837
804325 777355 753401
778426 765196 791913
778730 775053 781642
813220 759178 763206
791724 767192 766029
793408 800209 761200
775119 805558 764070
791724 767192 766029
766987 788558 782363
791724 767192 766029
791809 801888 759299
783436 761445 802575
772882 768302 814333
787002 767620 785226
782418 763211 786194
806930 757605 819077
784470 800393 776527
784470 800393 776527
821119 751117 777823
799539 762239 763646
790674 782623 780826
775119 805558 764070
752491 788525 790169
772882 768302 814333
782418 763211 786194
787002 767620 785226
821119 751117 777823
799539 762239 763646
778730 775053 781642
787002 767620 785226
793408 800209 761200
778730 775053 781642
793408 800209 761200
813220 759178 763206
799539 762239 763646
772882 768302 814333
769129 834202 781049
752128 785197 796837
813220 759178 763206
778730 775053 781642
791809 801888 759299
806930 757605 819077
784470 800393 776527
769129 834202 781049
806930 757605 819077
791809 801888 759299
778730 775053 781642
748570 833755 781101
791724 767192 766029
782418 763211 786194
813220 759178 763206
778730 775053 781642
778730 775053 781642
813220 759178 763206
813220 759178 763206
778730 775053 781642
791809 801888 759299
778730 775053 781642
793408 800209 761200
807130 750389 788566
776154 779701 793505
775119 805558 764070
752128 785197 796837
787002 767620 785226
787002 767620 785226
793408 800209 761200
784470 800393 776527
772882 768302 814333
804325 777355 753401
778730 775053 781642
778730 775053 781642
783436 761445 802575
752128 785197 796837
772882 768302 814333
804325 777355 753401
793408 800209 761200
775119 805558 764070
804325 777355 753401
821119 751117 777823
784470 800393 776527
787002 767620 785226
782418 763211 786194
806930 757605 819077
806930 757605 819077
817468 808450 742952
817468 808450 742952
791809 801888 759299
813220 759178 763206
807130 750389 788566
791809 801888 759299
787002 767620 785226
793084 802379 756859
813220 759178 763206
787002 767620 785226
793408 800209 761200
778730 775053 781642
813220 759178 763206
772882 768302 814333
813220 759178 763206
793084 802379 756859
806930 757605 819077
787002 767620 785226
799539 762239 763646
772882 768302 814333
782418 763211 786194
793084 802379 756859
778730 775053 781642
769129 834202 781049
775119 805558 764070
787002 767620 785226
782964 769985 784280
772882 768302 814333
775119 805558 764070
787002 767620 785226
813220 759178 763206
778426 765196 791913
813220 759178 763206
782964 769985 784280
772882 768302 814333
784470 800393 776527
752128 785197 796837
748570 833755 781101
752491 788525 790169
784470 800393 776527
793084 802379 756859
804325 777355 753401
778426 765196 791913
791724 767192 766029
793408 800209 761200
775119 805558 764070
791724 767192 766029
766987 788558 782363
791724 767192 766029
791809 801888 759299
772882 768302 814333
778426 765196 791913
784470 800393 776527
799539 762239 763646
790674 782623 780826
775119 805558 764070
752491 788525 790169
782418 763211 786194
787002 767620 785226
787002 767620 785226
793408 800209 761200
793408 800209 761200
799539 762239 763646
772882 768302 814333
769129 834202 781049
752128 785197 796837
784470 800393 776527
806930 757605 819077
817468 808450 742952
821119 751117 777823
753057 823588 786282
766987 788558 782363
817468 808450 742952
773096 773235 813255
793408 800209 761200
748570 833755 781101
766987 788558 782363
776154 779701 793505
813220 759178 763206
806930 757605 819077
782418 763211 786194
813220 759178 763206
778730 775053 781642
790674 782623 780826
795891 787517 760659
799539 762239 763646
775119 805558 764070
813220 759178 763206
778426 765196 791913
772882 768302 814333
804325 777355 753401
790674 782623 780826
799539 762239 763646
804325 777355 753401
782964 769985 784280
795891 787517 760659
772882 768302 814333
784470 800393 776527
806930 757605 819077
817468 808450 742952
817468 808450 742952
813220 759178 763206
807130 750389 788566
807130 750389 788566
793084 802379 756859
813220 759178 763206
787002 767620 785226
778730 775053 781642
813220 759178 763206
813220 759178 763206
787002 767620 785226
821119 751117 777823
782418 763211 786194
793084 802379 756859
778730 775053 781642
775119 805558 764070
787002 767620 785226
782964 769985 784280
772882 768302 814333
775119 805558 764070
787002 767620 785226
813220 759178 763206
778426 765196 791913
813220 759178 763206
782964 769985 784280
772882 768302 814333
793408 800209 761200
778730 775053 781642
791809 801888 759299
784470 800393 776527
769129 834202 781049
806930 757605 819077
778730 775053 781642
748570 833755 781101
782418 763211 786194
813220 759178 763206
778730 775053 781642
778730 775053 781642
813220 759178 763206
791809 801888 759299
778730 775053 781642
784470 800393 776527
807130 750389 788566
776154 779701 793505
775119 805558 764070
787002 767620 785226
793408 800209 761200
784470 800393 776527
772882 768302 814333
804325 777355 753401
783436 761445 802575
752128 785197 796837
772882 768302 814333
793408 800209 761200
775119 805558 764070
