9649 2223.98
102347 47703
100810 47746
100066 47774
100113 47842
100066 47774
100113 47842
98942 48004
98868 48040
98868 48040
98868 48040
98868 48040
98728 48281
98723 48319
98132 48383
98058 48419
98058 48419
98015 48553
97267 48569
97177 48635
96860 48685
96844 48715
96844 48715
96595 48761
96571 48885
96595 48761
96571 48885
95813 49020
95813 49020
95813 49020
95813 49020
95813 49020
93904 49270
93904 49270
93904 49270
93904 49270
93823 49408
93457 49487
93274 49535
93274 49535
92857 49605
92857 49605
92857 49605
92029 49733
92029 49733
91960 49795
91915 49870
91846 49932
91398 49936
91329 49998
91329 49998
90934 50085
90913 50130
90913 50130
90200 50202
90200 50202
89689 50283
89689 50283
89689 50283
89198 50385
89129 50447
89129 50447
89129 50447
88941 50542
88941 50542
88208 50645
88364 50682
88364 50682
87696 50740
87696 50740
87521 50817
87521 50817
87521 50817
87024 50932
87024 50932
86849 51009
86849 51009
86849 51009
86849 51009
86849 51009
86849 51009
85808 51275
85808 51275
85808 51275
85808 51275
85808 51275
85808 51275
85198 51473
85198 51473
85198 51473
84842 51536
84098 51564
84098 51564
84098 51564
84098 51564
84060 51670
83316 51698
83316 51698
83316 51698
83247 51760
83220 51822
82957 51841
82957 51841
82831 51932
82438 51956
82438 51956
82369 52018
82369 52018
81980 52002
81980 52002
82049 52066
81953 52190
81953 52190
81943 52283
81171 52324
81171 52324
81171 52324
81171 52324
81171 52324
81171 52324
80812 52467
80812 52467
80812 52467
80812 52467
80812 52467
80567 52660
80567 52660
80705 52694
80567 52660
80567 52660
80265 52863
80265 52863
80196 52925
80196 52925
79906 53006
79906 53006
80020 53056
80020 53056
80020 53056
79661 53199
80020 53056
79728 53291
79728 53291
79728 53291
79728 53291
79369 53434
79369 53434
79318 53460
79287 53499
79249 53522
79218 53561
79218 53561
78928 53642
78928 53642
78859 53704
78859 53704
78859 53704
78454 53825
78454 53825
78454 53825
78385 53887
78385 53887
78095 53968
78095 53968
78026 54030
78026 54030
78026 54030
77982 54114
77850 54161
77850 54161
77781 54223
77781 54223
77737 54307
77736 54346
77688 54421
77687 54460
77373 54480
77373 54480
77373 54480
77329 54564
77328 54603
77328 54603
77128 54673
77127 54712
77084 54757
77083 54796
77069 54848
77069 54848
77069 54848
76868 54957
76868 54957
76867 54996
76824 55041
76823 55080
76823 55080
76823 55080
76823 55080
76823 55080
76624 55318
76624 55318
76580 55402
76580 55402
76580 55402
76580 55402
76580 55402
76538 55612
76538 55612
76538 55612
76538 55612
76538 55612
76520 55853
76520 55853
76476 55937
76476 55937
76476 55937
76476 55937
76476 55937
76435 56192
76435 56192
76233 56260
76233 56260
76233 56260
76233 56260
76233 56260
76233 56260
76233 56260
76233 56260
75989 56621
75989 56621
75989 56621
75989 56621
75989 56621
75947 56831
75947 56831
75947 56831
75947 56831
75947 56831
75929 57072
75929 57072
75885 57156
75885 57156
75885 57156
75885 57156
75885 57156
75885 57156
75885 57156
75685 57483
75885 57156
75885 57156
75885 57156
75746 57700
75746 57700
75746 57700
75746 57700
75668 57884
75668 57884
75624 57968
75624 57968
75624 57968
75624 57968
75624 57968
75424 58245
75424 58245
75424 58245
75380 58329
75059 58385
75059 58385
75059 58385
75059 58385
75015 58469
74883 58516
74883 58516
74858 58562
74839 58600
74799 58669
74745 58708
74755 58753
74623 58800
74623 58800
74554 58862
74529 58908
74529 58908
74516 58968
74447 59030
74422 59076
74403 59114
74378 59160
74378 59160
74378 59160
74378 59160
74143 59398
74143 59398
74143 59398
74118 59444
74118 59444
74118 59444
74118 59444
74102 59653
74077 59699
74077 59699
74077 59699
73918 59894
73918 59894
73893 59940
73849 59956
73824 60002
73805 60040
73780 60086
73658 60178
73658 60178
73589 60240
73589 60240
73545 60324
73520 60370
73520 60370
73490 60462
73421 60524
73421 60524
73396 60570
73352 60654
73352 60654
73230 60746
73230 60746
73161 60808
73136 60854
73117 60892
73092 60938
73092 60938
73092 60938
73092 60938
73092 60938
73092 60938
73092 60938
73092 60938
73092 60938
73092 60938
73092 60938
73092 60938
72993 61655
72864 61678
72864 61678
72864 61678
72820 61762
72747 61837
72747 61837
72747 61837
72747 61837
72747 61837
72747 61837
72747 61837
72747 61837
72747 61837
72744 62369
72744 62369
72206 62482
72124 62481
72124 62481
72124 62481
72124 62481
72124 62481
71408 62508
71408 62508
71408 62508
71408 62508
71408 62508
71408 62508
71406 62533
71175 62556
71175 62556
71173 62581
70605 62627
70605 62627
70605 62627
70605 62627
70605 62627
70605 62627
70372 62675
70372 62675
70372 62675
70370 62700
70370 62700
69743 62875
69743 62875
69743 62875
69743 62875
69743 62875
69743 62875
69530 62878
69530 62878
69530 62878
69322 62908
69322 62908
69322 62908
69322 62908
68993 63018
68993 63018
68993 63018
68993 63018
68622 63042
68622 63042
68622 63042
68569 63044
68569 63044
68336 63092
68336 63092
68336 63092
68336 63092
68336 63092
68336 63092
68113 63351
68113 63351
68113 63351
67942 63413
67942 63413
67942 63413
67709 63461
67709 63461
67709 63461
67709 63461
67442 63581
67442 63581
67442 63581
67442 63581
67209 63629
67209 63629
67209 63629
67207 63654
66899 63736
66899 63736
66899 63736
66899 63736
66892 63756
66666 63784
66666 63784
66666 63784
66666 63784
66666 63784
66666 63784
66666 63784
66560 64056
66558 64081
66558 64081
66560 64056
66417 64285
66417 64285
66417 64285
66360 64361
66360 64361
66226 64476
66226 64476
66089 64496
66089 64496
66087 64521
65820 64548
65820 64548
65820 64548
65818 64573
65818 64573
65475 64666
65475 64666
65475 64666
65475 64666
65473 64691
65287 64729
65287 64729
65287 64729
65285 64754
65285 64754
64959 64940
64959 64940
64959 64940
64959 64940
64959 64940
64957 64965
64878 65024
64876 65049
64876 65049
64876 65049
64678 65283
64678 65283
64678 65283
64676 65308
64597 65367
64597 65367
64595 65392
64595 65392
64595 65392
64543 65604
64363 65670
64535 65750
64535 65750
64270 65894
64270 65894
64363 65670
64270 65894
64264 65922
64262 65947
64262 65947
64262 65947
64169 66171
64169 66171
64169 66171
64169 66171
64169 66171
64169 66171
64169 66171
64070 66646
64070 66646
64068 66671
63989 66730
63987 66755
63987 66755
63987 66755
63987 66755
63930 67059
63928 67084
63849 67143
63849 67143
63847 67168
63799 67237
63720 67296
63718 67321
63718 67321
63718 67321
63619 67533
63619 67533
63617 67558
63617 67558
63534 67746
63534 67746
63468 67846
63468 67846
63468 67846
63315 67994
63315 67994
63315 67994
62914 68071
62914 68071
62914 68071
62914 68071
62914 68071
62914 68071
62769 68081
62769 68081
62769 68081
62769 68081
62769 68081
62769 68081
62633 68414
62633 68414
62488 68424
62488 68424
62488 68424
62488 68424
62296 68562
62296 68562
62296 68562
62151 68572
62151 68572
62151 68572
62151 68572
62151 68572
62151 68572
62015 68905
62015 68905
61870 68915
61870 68915
61870 68915
61870 68915
61847 69021
61818 69127
61818 69127
61717 69272
61717 69272
61717 69272
61566 69364
61566 69364
61566 69364
61537 69470
61537 69470
61537 69470
61444 69694
61444 69694
61413 69721
61233 69779
61233 69779
61233 69779
61088 69789
61088 69789
61088 69789
61088 69789
61088 69789
61088 69789
60949 70151
60949 70151
60949 70151
60949 70151
60814 70299
60814 70299
60814 70299
60814 70299
60668 70494
60668 70494
60668 70494
60668 70494
60668 70494
59854 70699
59854 70699
59854 70699
59854 70699
59854 70699
59854 70699
59854 70699
59854 70699
59854 70699
59854 70699
59854 70699
59854 70699
59854 70699
59709 70709
59709 70709
59709 70709
59709 70709
59709 70709
59709 70709
59573 71042
59573 71042
59428 71052
59428 71052
59428 71052
59428 71052
59428 71052
59376 71264
59376 71264
59376 71264
59283 71488
59283 71488
59125 71577
59125 71577
59125 71577
59080 71586
59080 71586
59080 71586
59002 71831
59002 71831
58844 71920
58844 71920
58844 71920
58844 71920
58844 71920
58792 72132
58747 72141
58747 72141
58747 72141
58699 72356
58654 72365
58654 72365
58654 72365
58636 72599
58373 72708
58543 72823
58543 72823
58215 72855
58215 72855
58215 72855
58215 72855
58260 72846
58215 72855
58215 72855
58215 72855
58215 72855
58107 73203
58062 73212
58062 73212
58059 73322
57927 73401
57927 73401
57882 73410
57882 73410
57882 73410
57789 73634
57789 73634
57789 73634
57729 73767
57729 73767
57681 73860
57681 73860
57636 73991
57633 74101
57618 74225
57573 74234
57525 74327
57525 74327
57348 74415
57348 74415
57348 74415
57348 74415
57348 74415
57255 74639
57255 74639
57255 74639
57237 74873
57192 74882
57192 74882
57099 75106
57099 75106
57053 75171
57008 75180
57008 75180
57008 75180
56960 75395
56915 75404
56915 75404
56897 75638
56852 75647
56852 75647
56759 75871
56759 75871
56759 75871
56759 75871
56759 75871
56730 76295
56730 76295
56667 76538
56667 76538
56667 76538
56574 76762
56574 76762
56574 76762
56574 76762
56574 76762
56513 77328
56513 77328
56513 77328
56513 77328
56513 77328
56513 77328
56255 78109
56255 78109
56255 78109
56255 78109
56255 78109
56255 78109
56255 78109
56255 78109
56255 78109
56255 78109
55935 78948
55935 78948
55935 78948
55935 78948
55935 78948
55935 78948
55865 78958
55865 78958
55619 79022
55619 79022
55619 79022
55619 79022
55549 79032
55549 79032
55510 79163
55510 79163
55510 79168
55405 79491
55405 79491
55335 79501
55095 79555
55095 79555
55095 79555
55095 79555
55095 79555
55025 79565
55025 79565
54994 79768
54924 79778
54924 79778
54804 79902
54804 79902
54804 79902
54557 80067
54557 80067
54557 80067
54557 80067
54557 80067
54495 80108
54495 80108
54456 80239
54375 80385
54375 80385
54280 80435
54280 80435
54210 80445
54210 80445
54171 80576
54134 80650
54064 80660
54064 80660
54025 80791
53944 80937
53944 80937
53849 80987
53849 80987
53779 80997
53779 80997
53740 81128
53740 81128
53676 81422
53606 81432
53606 81432
53516 81542
53516 81542
53446 81552
53446 81552
53391 81759
53217 81663
53217 81663
53290 81883
53114 81905
53114 81905
53114 81905
53114 81905
53075 82036
52971 82104
52971 82104
52901 82114
52795 82126
52795 82126
52795 82126
52725 82136
52686 82267
52686 82267
52440 82473
52440 82473
52440 82473
52440 82473
52440 82473
52440 82473
52378 82637
52272 82649
52272 82649
52202 82659
52202 82659
52062 82711
52062 82711
52062 82711
51956 82723
51956 82723
51886 82733
51886 82733
51847 82864
51777 83048
51777 83048
51671 83060
51671 83060
51601 83070
51601 83070
51562 83201
51455 83285
51455 83285
51455 83285
51373 83406
51373 83406
51334 83537
51240 83612
51240 83612
51170 83622
51170 83622
51088 83743
51088 83743
51049 83874
51012 83948
50942 83958
50903 84089
50903 84089
50727 84285
50727 84285
50727 84285
50727 84285
50657 84295
50618 84426
50609 84513
50570 84644
50516 84737
50394 84840
50394 84840
50394 84840
50324 84850
50324 84850
50285 84981
50231 85074
50231 85074
50092 85252
50092 85252
50092 85252
50051 85496
49981 85506
49981 85506
49807 85589
49807 85589
49807 85589
49807 85589
49759 85807
49666 86031
49474 86144
49666 86031
49474 86144
49474 86144
49474 86144
49474 86144
49474 86144
49403 86667
49403 86667
49349 86755
49310 86891
49289 87035
49208 87123
49208 87123
49147 87260
49108 87396
49054 87484
49054 87484
49015 87620
48913 87852
48913 87852
48898 87873
48888 88265
48766 88365
48766 88365
48727 88501
48603 88602
48603 88602
48603 88602
48564 88738
48510 88826
48433 88920
48433 88920
48394 89056
48353 89276
48301 89280
48301 89280
48286 89853
48209 89947
48209 89947
48129 90303
48129 90303
48105 91841
48105 91841
48053 91845
47956 92213
47956 92213
47917 92349
47917 92349
47874 93443
47803 93532
47739 93605
47739 93605
47700 93741
47700 93741
47591 94719
47591 94719
47552 94855
47466 95130
47466 95130
47366 95325
47366 95325
47296 95448
47245 95454
47159 95729
47159 95729
47120 95865
46989 96047
46989 96047
46950 96183
46889 96749
46889 96749
46837 96823
46542 97552
46542 97552
46542 97552
46542 97552
46542 97552
46542 97552
46513 98103
46420 98327
46420 98327
46294 100117
46294 100117
46201 100341
46201 100341
46201 100341
46158 109589
46099 110108
45997 112370
45997 112370
45871 112742
45871 112742
45812 113261
45696 113727
45696 113727
45637 114246
