12 0.556538
838616 786994 753615 776167
783512 770916 771123 821178
781444 793224 784036 798799
769436 825046 787857 800025
791375 749912 816407 822839
782594 821368 790960 787880
786398 819893 766808 804545
817576 771772 764283 784288
815147 792463 796965 762816
824898 796468 770764 778728
794604 805957 781492 790783
809876 805623 765439 788932
842254 758861 787796 825446
782781 809968 774712 813304
795961 810622 759573 780255
767886 790380 800101 810908
758605 794416 814235 814003
820002 795395 740505 809326
794425 806681 799274 772281
821355 784513 768762 781853
774460 818293 786498 795874
774175 841036 785453 804194
800396 770961 780525 797820
789315 780813 767399 814863
792237 810315 764787 798783
797817 766636 768553 799493
799998 818493 792878 771076
858899 776575 766559 783877
818824 802552 776634 770297
798114 765945 795822 799717
787424 775236 770903 822106
791825 805908 775944 812016
781541 766196 830643 818337
819006 794487 788919 766847
797673 762740 777366 833873
810453 794208 750955 807738
797365 809451 756815 824284
793529 766637 826372 800055
800407 808517 789410 774892
772116 786817 808296 780568
771078 805750 794028 802837
819585 763334 775398 798878
812898 754489 794844 810596
779353 814842 783846 803284
857473 775238 778986 778688
807260 803902 769952 781621
830598 748817 816654 784202
804698 754031 809579 772581
784119 783763 792392 804318
813518 762206 794583 820089
851494 760716 780389 811995
812828 791943 790910 768366
798767 781104 768430 781906
814158 786810 813509 767093
819886 772506 804751 782759
822895 791327 774978 781247
782476 807244 776350 818068
796910 795343 757755 840814
821320 774395 784712 773153
798360 778067 823919 772366
797884 794308 766949 813302
771610 802111 810143 792573
841788 798272 783443 772737
789691 778407 781794 809481
813314 779747 763492 811703
812570 786977 799803 744158
797573 815141 754513 823486
805113 805577 748098 828252
789243 804544 759349 852322
776777 759829 818671 824258
805289 778883 785305 790490
791055 791057 781883 802133
797478 793437 810389 772578
833321 796148 775444 774174
786658 798223 787036 781550
810944 816326 793948 770629
806854 803686 789508 780080
810973 779360 795368 776789
798908 768755 821239 788919
766449 790411 828918 795875
771930 810837 811531 772754
776422 821854 784344 793432
778584 813276 782212 803291
818373 762411 778392 786071
823080 754058 768181 834573
797748 762718 778008 799824
799779 810181 751535 828259
786658 798223 787036 781550
781487 792903 760351 821186
807471 761929 798232 798898
794924 805908 822197 766272
785827 774255 782181 805569
782626 803274 785209 785923
812581 778746 762519 834927
777293 798845 793930 775766
835663 748923 806231 784553
773805 790417 787839 795312
785663 797750 772691 813440
786263 802154 792879 785346
813207 796409 744813 799750
790018 806967 761489 809839
799732 775530 821604 758649
818415 770483 766583 786486
812517 764110 772491 807508
820232 852463 795146 766256
771214 778454 804612 804945
760984 813997 818838 810504
780645 784213 776895 844726
792375 826388 812890 766549
853946 772295 748242 797479
772617 773715 793760 777541
782594 821368 790960 787880
816101 776624 806913 763889
805956 805149 771189 778025
781546 770250 795975 801792
818684 795926 746920 786904
778081 772956 797578 774054
781072 774150 773244 820612
807935 783789 786418 778455
805802 806275 790358 778138
777859 810927 783650 833098
758588 821164 807798 794366
771981 802694 800699 806812
790032 810529 782799 804799
760253 826632 802015 832563
820945 766161 799672 779237
764435 807024 804423 804749
794226 741861 832070 783440
824621 778469 789778 766451
786025 814627 780086 792705
815480 778451 767513 787989
795035 787001 777685 783067
759044 840532 787805 797100
803233 813793 754492 795106
794322 775310 763639 813594
806920 797619 757393 808749
789275 821930 756221 817862
817875 786512 750873 827307
798289 772352 808708 790645
836043 790638 781410 781308
788213 768025 786904 806131
774634 815505 770403 801303
811774 788548 756314 832948
837574 784850 786907 770120
817260 799606 750177 796309
834308 751863 803772 789634
773290 811410 787318 805096
762562 825548 805261 832870
830073 827979 746649 798690
806505 779617 764595 795364
816775 780072 759319 805277
812079 788859 807168 771284
809687 762390 799865 796364
807978 760907 797943 814347
829851 747598 811309 789289
787739 816304 781748 773672
821146 785485 788666 760504
792587 766340 810794 816076
817528 775474 785877 778761
798001 764207 798461 794642
810723 779011 783681 781027
795482 798090 795342 754943
790141 745116 829496 785646
816190 809842 763645 791585
785727 776356 777126 810083
798731 772692 825826 770770
795173 809610 774452 806594
778591 822178 803332 773415
797136 776842 785931 790130
784662 783982 792264 868882
796554 847970 802026 784344
760291 803789 815562 825334
848307 832042 813881 744232
858578 768828 801915 795719
828168 754037 815465 836960
850904 815644 747836 823980
821136 800349 841873 762350
778731 774753 793818 858017
768023 842605 813318 807424
810741 778108 765230 850664
765620 818390 818624 820244
797479 779861 823361 779248
852228 794118 831003 755858
852803 771906 783271 803542
827292 757575 811194 837957
829031 830559 749689 799302
844766 802911 818705 748687
782973 795451 782545 848406
841690 809113 776588 781098
823899 815434 836162 752907
807604 809059 754370 832921
825721 826575 759464 791215
831587 760980 821340 821675
771243 840066 817711 804930
783446 788288 787084 843917
817185 830104 814428 747690
838371 759391 805862 837009
794959 767164 839814 812755
823546 777300 833530 782313
826421 837503 790198 769705
775655 835343 788552 808160
783669 825824 784811 817818
826168 820141 798621 764374
787864 817857 777485 826731
802542 794943 771048 824678
794933 761910 835984 825492
776171 804093 828202 791613
830285 770280 796489 791976
793307 770607 837141 799094
804923 757520 822171 796948
819157 763520 810141 795364
791810 802435 778329 842209
845044 776774 784419 784785
813675 841363 755548 820795
851849 794114 832031 757309
803909 782839 789274 806337
822431 828643 793634 765683
779354 804629 826198 787955
787201 801232 797360 785832
816366 764591 806785 800287
835850 791363 781208 783321
814920 807769 751509 820450
780710 783757 801017 842861
774144 835998 819964 801650
824228 823371 783382 779447
834285 804985 757532 793380
813749 788684 767866 830990
815617 773489 768952 811499
795344 784610 799912 802960
825143 787762 812394 771544
831844 765773 808845 793636
793989 810155 804846 774640
775106 831475 774826 814069
816699 763508 808194 822565
805779 811274 756868 829495
790388 798356 786182 834380
821105 829120 820154 747788
826564 785219 811845 767686
803562 768177 783063 819946
837172 797850 778114 777190
808681 841825 800263 772344
814016 796716 761964 807099
804186 766982 812480 814756
801195 822224 777318 781960
835440 802291 757758 824978
833749 765788 783857 828901
776576 795046 793369 802576
782093 799314 779065 843258
770907 802797 814010 814598
805306 759637 822158 790877
821552 788944 753393 830625
817881 797474 780182 789243
845023 777307 822335 761833
811766 778106 825977 785262
772727 790518 801453 811136
820100 807290 752642 808268
796180 821764 762586 814216
775000 789766 795357 792162
790566 814196 790840 794544
809193 836262 781412 780116
806668 795979 770069 812993
799187 766161 831902 810013
777750 811259 790199 808609
785343 787421 796773 812184
808297 772851 813263 792193
843167 786039 789214 769931
795844 806867 816646 777192
808727 806605 763865 811122
789595 803915 773387 819318
838184 774411 791448 801485
816948 788413 841091 777570
852779 793132 832116 759738
797733 795334 791717 816550
785864 812053 818240 779952
815387 765019 802482 829788
798889 806188 776271 813136
793558 813478 778551 809618
772865 801951 814181 801839
822795 762695 811958 805445
767696 841477 813876 808120
809932 798470 809515 766813
826823 793405 760350 805912
812593 814720 772468 781368
811458 769142 782454 803939
799997 789225 772062 797545
792761 776307 773603 821779
833633 807477 775063 783864
801542 786061 777853 804862
810615 810917 760969 797897
804036 817018 793780 773977
785692 808288 803636 786805
843853 764594 779874 822993
796440 798753 804541 773771
811644 778294 827369 784358
800004 813136 802906 784140
822136 775626 775501 789734
842716 768710 813797 785357
808947 791731 769852 806419
827643 786736 786678 773912
793944 812677 779382 810626
