42956 600.006
319234 271417
297596 285657
309693 280657
282787 312885
275303 319989
294431 295538
288675 309171
291029 306810
292750 300304
346320 271105
292661 300878
290698 307857
319196 278559
290418 308943
349386 268693
274676 324650
322530 276053
298108 290800
295318 296995
281511 323317
301805 288717
313152 281778
279755 334962
309780 285915
283804 319234
289691 311105
285532 315748
315344 281137
281135 329825
293682 303819
288416 314592
308913 287444
294589 302440
291468 307700
319483 280204
293201 305629
320458 279997
284974 318561
291298 309009
286640 315570
292486 307031
289556 313414
292194 307457
284789 319209
333768 273396
278371 338812
294194 306092
313862 285075
302808 289777
300398 291440
295378 300850
299364 293267
309621 288289
296230 298644
321030 283984
297812 297660
306161 288942
297326 298469
296047 300506
299326 296083
306057 289249
322823 277531
290180 326383
325252 348443
342822 332839
345522 343565
355555 307880
333359 339431
341846 328359
341800 347154
331158 339561
335950 347573
353917 327743
344200 337500
328871 315906
323184 325781
336573 341253
354072 353313
351075 346655
330653 306749
339542 327232
328121 326293
347719 320642
355072 315742
345275 328985
340057 317800
336818 321034
338747 324281
354794 334670
329688 312479
308901 323002
340209 333349
343845 330418
330371 340192
342867 348919
334192 327200
347242 337886
323231 333022
328126 332176
346302 331920
331178 312626
350412 344579
334798 323718
343120 354074
338810 316644
326358 333337
322225 326114
348275 349089
337958 340674
339375 324048
333238 340603
319798 314966
336633 332225
322854 336323
352152 325079
354062 317476
329447 340497
352555 358282
337825 320633
342382 323548
337446 334491
343984 322521
346521 334088
332204 309103
344356 331756
344690 319959
333847 329340
363889 346214
335439 336246
329928 325119
348047 333615
329846 310159
331523 322623
344387 326851
334270 331832
319412 309335
333579 331347
318904 336106
327911 323961
348366 321266
341871 325545
346246 318780
335653 338985
330040 333670
355526 313671
359160 332106
349984 334624
339121 341169
328577 329161
320576 330331
342431 309532
332172 319468
334032 325803
341436 337575
334871 328819
333384 326178
321342 330591
345540 301927
334412 337469
342340 330649
342607 304790
345489 330863
350065 340770
349236 338584
340223 313759
348474 326393
329344 315799
325999 337685
339527 320293
332860 354086
349897 326965
345188 349204
351809 345047
327915 329081
341984 337934
331864 344511
319388 336053
331303 338900
322456 323215
333522 328971
344959 324610
338382 308745
331862 318576
356846 327131
343707 345542
346296 325794
318156 334280
334809 321835
324210 331223
356390 323921
356335 345478
347256 337324
341842 317942
355465 314333
351627 348136
337824 329733
338104 359656
352858 330456
342116 330074
352091 324469
360544 337555
343971 344058
356448 324120
354316 305419
349622 337977
343315 348826
349074 326066
327009 322230
335898 351044
339844 331451
336678 336203
351017 305941
343116 333357
341376 324141
351441 332214
358289 316279
344061 334744
354441 308577
337759 333945
334014 349938
355759 322167
343006 337235
351191 334946
337169 330207
343123 344946
329888 309637
347467 335301
337969 318170
332345 335803
338887 321292
356129 346635
353564 330877
330152 333551
346153 335638
340635 339149
337992 338086
342143 328304
353471 339022
351935 333859
333227 337794
351549 320043
341370 318032
343912 335078
328130 324047
354359 322564
350142 349652
338313 351115
347509 324903
334806 345382
342347 332798
357995 317320
345835 342861
330836 331782
365249 313232
340225 326355
338282 339197
343223 336352
362167 342648
349919 335036
335994 333416
323062 352566
354963 326858
367018 343581
328944 333738
329666 318344
347425 336141
348349 326422
354841 336805
356067 348407
357162 330907
342242 335898
331294 333421
346619 325094
334873 321925
344399 331627
339105 318708
351021 332975
334089 323038
340150 320666
339096 326075
335800 320867
370817 327028
336624 333553
339114 322989
332463 310784
349404 323329
335567 335105
341381 330447
364746 333638
356316 343962
345388 321689
335340 334622
348444 356895
322197 339831
356895 316568
323529 341714
352221 327144
330841 335205
338011 325827
367946 337653
