7731 520.081
1.31742e+06 1.38333e+06
1.34684e+06 1.2626e+06
1.33264e+06 1.28305e+06
1.32452e+06 1.28162e+06
1.3522e+06 1.27874e+06
1.3332e+06 1.28128e+06
1.34171e+06 1.28128e+06
1.32746e+06 1.28522e+06
1.33439e+06 1.28149e+06
1.327e+06 1.28104e+06
1.35643e+06 1.2889e+06
1.32563e+06 1.27621e+06
1.33662e+06 1.28716e+06
1.33766e+06 1.30814e+06
1.31818e+06 1.2738e+06
1.31975e+06 1.29314e+06
1.32868e+06 1.27779e+06
1.33518e+06 1.28759e+06
1.3322e+06 1.28796e+06
1.32416e+06 1.2791e+06
1.31854e+06 1.27447e+06
1.32309e+06 1.26794e+06
1.32716e+06 1.27518e+06
1.34019e+06 1.2884e+06
1.31928e+06 1.26542e+06
1.34238e+06 1.28576e+06
1.32539e+06 1.28494e+06
1.35074e+06 1.29203e+06
1.33361e+06 1.27998e+06
1.32072e+06 1.28143e+06
1.33334e+06 1.27818e+06
1.32629e+06 1.28543e+06
1.3332e+06 1.27276e+06
1.33552e+06 1.26704e+06
1.33917e+06 1.30378e+06
1.35774e+06 1.28244e+06
1.32298e+06 1.2716e+06
1.32925e+06 1.29571e+06
1.32736e+06 1.29485e+06
1.32334e+06 1.27347e+06
1.31703e+06 1.27669e+06
1.32728e+06 1.27872e+06
1.32137e+06 1.27374e+06
1.32736e+06 1.29485e+06
1.34019e+06 1.2884e+06
1.32539e+06 1.28494e+06
1.32416e+06 1.2791e+06
1.33364e+06 1.30177e+06
1.34614e+06 1.28107e+06
1.34003e+06 1.30855e+06
1.32664e+06 1.28429e+06
1.3244e+06 1.27779e+06
1.31995e+06 1.27147e+06
1.32553e+06 1.27574e+06
1.35843e+06 1.2862e+06
1.3124e+06 1.27958e+06
1.32321e+06 1.27814e+06
1.31505e+06 1.27709e+06
1.33343e+06 1.2862e+06
1.32334e+06 1.27653e+06
1.32317e+06 1.27639e+06
1.33367e+06 1.27073e+06
1.31518e+06 1.27572e+06
1.31898e+06 1.27415e+06
1.34258e+06 1.28567e+06
1.35643e+06 1.2889e+06
1.33621e+06 1.27685e+06
1.32528e+06 1.27394e+06
1.31443e+06 1.26991e+06
1.31768e+06 1.28074e+06
1.33486e+06 1.2835e+06
1.32591e+06 1.27971e+06
1.33356e+06 1.26033e+06
1.34349e+06 1.28161e+06
1.31898e+06 1.27415e+06
1.31705e+06 1.27934e+06
1.33439e+06 1.28149e+06
1.33236e+06 1.28407e+06
1.32434e+06 1.27674e+06
1.32072e+06 1.28143e+06
1.33598e+06 1.28987e+06
1.34528e+06 1.31875e+06
1.32641e+06 1.28179e+06
1.32484e+06 1.28026e+06
1.37378e+06 1.28947e+06
1.33223e+06 1.2829e+06
1.33172e+06 1.2872e+06
1.33378e+06 1.27991e+06
1.32507e+06 1.27105e+06
1.32253e+06 1.29576e+06
1.31518e+06 1.27572e+06
1.32237e+06 1.26643e+06
1.31796e+06 1.27761e+06
1.33621e+06 1.27685e+06
1.32072e+06 1.28143e+06
1.33769e+06 1.31601e+06
1.35774e+06 1.28244e+06
1.33486e+06 1.2835e+06
1.33636e+06 1.28347e+06
1.32446e+06 1.27236e+06
1.33236e+06 1.28407e+06
1.33667e+06 1.28619e+06
1.32139e+06 1.27496e+06
1.33757e+06 1.28417e+06
1.33062e+06 1.2843e+06
1.32014e+06 1.28518e+06
1.32599e+06 1.27775e+06
1.32014e+06 1.28518e+06
1.3153e+06 1.27499e+06
1.33464e+06 1.27048e+06
1.31835e+06 1.27861e+06
1.33444e+06 1.28646e+06
1.37224e+06 1.28414e+06
1.31436e+06 1.27135e+06
1.31975e+06 1.29314e+06
1.32918e+06 1.27894e+06
1.31305e+06 1.2746e+06
1.33055e+06 1.2763e+06
1.34568e+06 1.28827e+06
1.31577e+06 1.27071e+06
1.32472e+06 1.27858e+06
1.36e+06 1.27525e+06
1.33007e+06 1.28596e+06
1.33984e+06 1.31872e+06
1.32883e+06 1.27309e+06
1.31694e+06 1.26998e+06
1.3417e+06 1.30164e+06
1.33168e+06 1.27997e+06
1.338e+06 1.26805e+06
1.31699e+06 1.27742e+06
1.32303e+06 1.27353e+06
1.319e+06 1.2774e+06
1.32425e+06 1.29904e+06
1.31928e+06 1.26542e+06
1.32686e+06 1.28023e+06
1.33491e+06 1.27856e+06
1.34742e+06 1.28822e+06
1.32694e+06 1.28902e+06
1.32072e+06 1.26698e+06
1.32623e+06 1.29076e+06
1.33662e+06 1.28716e+06
1.33491e+06 1.27856e+06
1.327e+06 1.28104e+06
1.33361e+06 1.27998e+06
1.31979e+06 1.26645e+06
1.32528e+06 1.27394e+06
1.33143e+06 1.2806e+06
1.31567e+06 1.27494e+06
1.32739e+06 1.33607e+06
1.3278e+06 1.27711e+06
1.33367e+06 1.27073e+06
1.32502e+06 1.27639e+06
1.32811e+06 1.27081e+06
1.36e+06 1.27525e+06
1.32128e+06 1.28047e+06
1.32129e+06 1.27615e+06
1.32548e+06 1.27791e+06
1.32389e+06 1.27674e+06
1.32811e+06 1.27081e+06
1.32762e+06 1.27379e+06
1.33311e+06 1.28351e+06
1.31699e+06 1.27742e+06
1.32682e+06 1.28556e+06
1.32043e+06 1.26954e+06
1.34232e+06 1.32507e+06
1.33118e+06 1.28358e+06
1.31577e+06 1.27071e+06
1.33516e+06 1.2885e+06
1.33832e+06 1.30972e+06
1.33671e+06 1.27443e+06
1.32215e+06 1.27598e+06
1.31783e+06 1.28112e+06
1.32072e+06 1.28143e+06
1.34058e+06 1.30486e+06
1.32025e+06 1.27624e+06
1.34029e+06 1.28642e+06
1.32694e+06 1.27632e+06
1.32507e+06 1.27105e+06
1.32446e+06 1.27236e+06
1.32628e+06 1.2757e+06
1.32351e+06 1.28085e+06
1.34429e+06 1.28325e+06
1.31739e+06 1.27041e+06
1.33639e+06 1.27709e+06
1.35968e+06 1.2933e+06
1.31876e+06 1.27831e+06
1.32344e+06 1.2842e+06
1.33143e+06 1.28556e+06
1.32082e+06 1.28479e+06
1.36042e+06 1.27642e+06
1.33518e+06 1.28759e+06
1.32739e+06 1.33607e+06
1.32321e+06 1.27742e+06
1.31694e+06 1.26998e+06
1.33777e+06 1.27953e+06
1.31982e+06 1.2886e+06
1.32434e+06 1.28588e+06
1.32957e+06 1.28199e+06
1.32961e+06 1.30641e+06
1.31988e+06 1.27633e+06
1.36042e+06 1.27642e+06
1.32728e+06 1.27872e+06
1.32746e+06 1.28522e+06
1.32416e+06 1.27677e+06
1.32179e+06 1.27461e+06
1.31567e+06 1.27494e+06
1.31443e+06 1.26991e+06
1.32628e+06 1.2757e+06
1.32698e+06 1.28069e+06
1.32563e+06 1.28117e+06
1.32548e+06 1.27791e+06
1.32309e+06 1.26794e+06
1.38729e+06 1.29238e+06
1.32396e+06 1.27723e+06
1.33172e+06 1.2872e+06
1.32391e+06 1.27776e+06
1.3329e+06 1.28533e+06
1.31876e+06 1.27831e+06
1.32548e+06 1.27777e+06
1.35843e+06 1.2862e+06
1.32413e+06 1.27769e+06
1.32719e+06 1.27194e+06
1.33512e+06 1.28698e+06
1.33143e+06 1.28556e+06
1.37224e+06 1.28414e+06
1.32641e+06 1.27668e+06
1.32762e+06 1.27379e+06
1.33228e+06 1.28038e+06
1.35934e+06 1.27968e+06
1.32988e+06 1.28438e+06
1.33343e+06 1.2862e+06
1.35824e+06 1.28161e+06
1.32988e+06 1.28438e+06
1.34536e+06 1.28941e+06
1.32676e+06 1.2837e+06
1.33608e+06 1.28672e+06
1.32416e+06 1.27677e+06
1.31816e+06 1.26863e+06
1.33832e+06 1.30972e+06
1.34029e+06 1.28642e+06
1.32321e+06 1.27742e+06
1.31818e+06 1.2738e+06
1.34349e+06 1.28161e+06
1.34722e+06 1.27916e+06
1.34025e+06 1.28157e+06
1.32682e+06 1.28556e+06
1.3183e+06 1.26932e+06
1.32784e+06 1.2968e+06
1.32677e+06 1.28394e+06
1.33884e+06 1.28298e+06
1.33235e+06 1.28123e+06
1.33552e+06 1.26704e+06
1.34231e+06 1.28854e+06
1.33062e+06 1.2843e+06
1.32641e+06 1.27668e+06
1.31831e+06 1.27377e+06
1.3124e+06 1.27958e+06
1.32574e+06 1.2781e+06
1.3307e+06 1.2796e+06
1.31799e+06 1.27678e+06
1.34568e+06 1.28827e+06
1.32317e+06 1.27639e+06
1.31739e+06 1.27041e+06
1.32215e+06 1.27598e+06
1.36265e+06 1.28463e+06
1.32298e+06 1.2716e+06
1.33118e+06 1.28358e+06
1.33242e+06 1.30074e+06
1.32686e+06 1.28211e+06
1.31864e+06 1.28052e+06
1.35023e+06 1.28222e+06
1.34286e+06 1.30536e+06
1.32774e+06 1.27978e+06
1.33483e+06 1.27538e+06
1.31526e+06 1.27509e+06
1.31505e+06 1.27709e+06
1.32664e+06 1.28429e+06
1.32386e+06 1.27033e+06
1.3197e+06 1.29976e+06
1.32389e+06 1.27674e+06
1.31606e+06 1.27913e+06
1.33638e+06 1.27255e+06
1.3205e+06 1.2724e+06
1.32025e+06 1.27624e+06
1.33464e+06 1.27048e+06
1.32781e+06 1.27658e+06
1.33098e+06 1.28442e+06
1.32925e+06 1.29571e+06
1.32599e+06 1.27775e+06
1.32137e+06 1.27374e+06
1.32351e+06 1.28085e+06
1.32719e+06 1.27194e+06
1.34167e+06 1.28187e+06
1.3276e+06 1.27867e+06
1.3183e+06 1.27438e+06
1.34722e+06 1.27916e+06
1.33405e+06 1.27706e+06
1.32836e+06 1.3088e+06
1.32107e+06 1.27559e+06
1.34873e+06 1.29121e+06
