4052 190.844
797002 728003 778548 782083
757940 797219 770765 762102
776826 734586 803909 791766
806642 754426 759048 764902
774967 766612 777779 770605
761479 767358 826611 759203
781015 770985 750515 794110
797631 775322 792700 749434
784215 771988 802475 755234
766683 768423 776522 782510
777548 799426 821823 737192
782663 775903 744625 798824
797918 788093 764216 755401
746411 802805 803989 764681
782026 764115 791231 765936
799025 780275 749269 776806
775343 791604 794015 754755
782406 758587 772080 792742
796246 780714 739481 797147
782171 744103 807002 784594
753002 771260 817993 788464
801011 786250 804270 743866
745056 787463 813583 792223
794623 770066 773625 763007
748930 782954 791440 802678
784007 761274 779843 776157
785516 795089 755145 767770
760114 799160 754816 802681
759320 783823 778993 786329
797749 740251 822131 772777
778196 792329 761477 770603
757985 756915 818325 800605
767475 787783 768717 784191
766031 757678 799497 790208
778295 750617 789672 797731
788992 761767 749941 812464
801285 768565 760411 768252
777232 744659 786121 810936
766042 764765 777999 797063
764442 759092 808787 787569
758852 769850 804050 796139
770775 786420 750794 811695
785903 775617 771334 770267
797433 756273 810866 766112
796756 804342 726809 800864
765512 752701 788406 814416
762007 778374 816104 776116
757129 784651 790843 785302
768689 792482 801007 761092
747214 780307 810877 800547
755813 778257 788664 804695
776877 770835 771828 787209
748730 803632 776213 795120
753567 801657 779358 783070
796205 802356 745964 774435
778903 801282 750831 784130
796182 791192 783655 752976
743763 795482 791133 813580
810865 808949 802482 729927
810865 808949 802482 729927
809525 804137 724348 817474
814319 724436 821960 819334
734756 808414 836930 811457
821597 832290 823012 833218
803474 785009 790861 816461
825772 789364 783260 801933
824220 800195 811542 807119
820877 804028 815213 790591
793452 808539 818242 806561
823253 843564 820483 802995
810416 796515 807654 823353
804661 807190 829500 807278
823156 829831 798555 819018
785240 816317 813148 816238
780510 816945 821852 816980
812988 796876 819304 823536
812581 834226 832661 794902
831427 803751 801009 812360
852549 795724 788437 791723
815387 829439 797796 819614
847837 798964 793556 797678
822751 811713 832907 795089
841280 815180 786632 847327
805849 823502 813761 838148
840502 815573 828158 800748
809440 848314 840779 835482
824973 800590 835384 832155
815282 827611 789821 800411
813039 833179 791279 841853
838135 809105 824412 792902
824051 802878 802193 791069
837906 823171 810136 790956
823292 799144 797439 823527
814759 809021 804502 816525
826558 821467 803952 822352
829494 822095 833417 815261
821971 771628 796584 809796
833738 840012 822676 796988
806211 800565 802798 781338
828767 788665 803540 807112
801464 804493 772109 824701
870415 797369 787990 810132
808728 806894 816553 791041
811456 796589 792847 836971
821886 814814 783485 798314
802759 804095 795327 800369
829860 800180 808943 830376
794687 800339 804393 794216
822320 794851 827920 792800
830827 799886 787025 786652
844047 819446 804633 807701
773791 810791 821555 806806
831052 796141 816964 831274
785367 808945 813159 839891
825663 842113 818856 784454
822174 803153 800801 824152
829110 791828 811137 793457
855707 815442 816160 797494
832053 811219 796611 798997
856198 821922 802785 815280
808504 836997 794116 835056
806741 816789 820393 804580
814089 801606 811737 845868
831684 825658 820499 831459
813132 800195 785618 819745
844099 813046 822401 794254
806067 813371 832097 805370
855086 826677 816787 793465
812537 801310 840427 803407
810867 824744 813643 827853
807880 807257 823426 830330
826071 810788 788156 800682
821580 833374 789414 815344
787769 797072 811148 798252
822819 817421 801744 791806
816792 814254 839226 791302
809286 791994 808117 857199
824908 822022 793036 811790
824191 825052 824309 789010
830654 794898 789097 822877
811704 785426 812389 831416
826515 793104 774580 825461
833341 813336 811091 786130
803336 811125 799611 793161
827172 783481 829565 808772
814246 795568 803045 813146
831137 800147 809652 802879
823881 815277 796272 816857
823618 805000 796567 829856
814002 787337 825191 807096
833453 826822 806149 818278
849145 800230 815173 800896
811678 818976 782103 842550
831851 786360 768040 792220
846262 792908 790872 808406
850011 820799 804158 821379
814434 802979 800359 839998
839276 797690 818542 802223
829482 788193 807343 814666
842408 822466 786517 780404
801933 795622 826886 791207
834648 809555 797633 816467
816607 795134 786265 838255
795336 814705 809142 814597
832574 819513 798291 802984
813631 833354 832031 814427
829805 832203 810244 833179
802669 822433 836162 851558
794539 792904 807034 794935
832457 831423 795939 812488
819427 788418 802843 822197
827619 828486 816713 794290
800138 800074 823622 851197
819600 813434 819266 811933
805036 799021 805246 794903
828919 785582 804509 830199
832745 780818 808585 821355
825644 813098 806888 834513
833756 804450 814842 797544
843456 826275 811637 809119
846336 791405 807437 823477
817276 801776 811031 837889
839019 794492 797778 815683
841429 789143 823769 795878
804563 816695 835193 814691
775280 811299 813563 816356
812836 808127 806388 810274
813093 802408 780018 832039
810965 788584 820254 838868
824701 833785 805140 805467
829806 781665 776890 807809
843540 827776 798655 798898
808761 820986 787837 840105
802455 815880 790704 828725
812628 790008 815558 840720
804574 817260 823361 821296
806029 826223 791946 835767
821230 816065 824898 806638
803541 799469 817317 827503
830237 821079 812111 817041
828245 811120 783364 789513
829728 787538 822176 812404
833886 806910 854585 839902
823166 823141 808649 811012
814409 811642 817101 838760
831959 801635 787825 811400
828035 807868 796425 835492
849307 827385 793972 816082
825741 791703 808503 813028
826352 820666 796442 811185
820320 797164 821808 810394
821465 789633 784051 813994
796495 838066 822633 794706
854777 814637 803440 796382
826920 828734 789792 834436
779459 827250 781334 804158
840751 804689 804322 796933
833259 805938 812360 818524
842719 800840 810830 776642
825977 816090 824478 800070
826930 817747 813654 823904
800678 813289 809538 838175
801917 798571 775085 818542
783225 801043 811397 831850
812622 811939 774788 801406
831388 795569 832056 807529
796558 788825 790189 834976
820602 841029 807864 843649
815998 795437 829893 825226
839947 783363 818161 819823
813064 823504 811581 838880
824932 804245 821453 822855
784843 819184 800004 833534
809895 789436 808704 804687
821160 817674 832502 829386
836619 808325 824077 830417
810669 808331 810188 856232
808962 790097 811269 848323
814494 819861 830383 825706
797550 826471 763877 800050
817235 814994 816664 821803
807553 793469 811967 817410
847374 832281 826402 799071
824203 829711 799548 831616
848450 797426 769546 830019
783208 827154 873951 810108
816186 807966 816430 833971
804509 807168 824397 839038
836480 829373 811446 815275
840817 804170 800549 789701
807894 832780 782612 830361
812454 836313 780502 819583
809172 809951 798018 831849
850391 831794 838709 833055
819320 776118 829111 801560
787346 779356 787783 792803
810181 807793 805266 806179
821780 795203 829582 831207
796978 810136 807442 824057
821232 784684 809814 836381
821475 793150 821154 815917
822046 819677 785958 822809
815806 819706 804138 819946
793250 800612 811021 815490
836704 810060 804952 844920
828601 813257 798832 818234
834666 836840 812220 788559
807870 826653 824508 791554
824186 813745 824460 823133
821281 782121 834986 819428
812018 794960 807600 802571
781688 808525 828880 822259
812648 836984 790480 784473
780608 784002 771780 801899
837458 821404 807820 804990
836680 794920 802430 799143
801816 812559 806446 813575
791160 821001 807417 805013
798922 841956 793592 802213
823463 820358 796651 845374
832084 763300 837716 825341
836762 799213 806853 835388
811347 801992 788681 812236
806881 822482 804554 797346
792315 788950 786938 817231
796116 813194 815888 817328
842449 822306 794121 789403
821262 842868 826858 861843
811120 809881 782344 794070
855278 809053 798448 791706
814958 827116 823855 806435
833795 803598 778534 798217
837359 814937 798760 821030
841106 785979 825662 829119
792249 817941 763752 812805
773981 820951 817515 758258
799283 815757 784239 827655
832783 800257 777491 837243
842321 808851 795103 831125
815076 798307 819354 792035
