591 12.4111
150329 159845 148123 135863
152847 159088 131610 137766
161463 159117 161091 127483
157012 142774 136036 121482
164479 166421 164084 105205
153035 155047 135017 151175
178823 165596 113408 144642
154853 131475 126015 138054
155357 166618 156250 108461
151731 169154 167586 146818
160460 149878 151459 120000
152438 137964 145186 144078
168171 162907 122935 126635
147803 156067 163212 103256
159545 165377 136975 119022
160439 155651 152045 119105
171142 144946 160256 124421
158959 139917 141054 156735
177960 162599 173184 102252
172784 162071 157523 118330
162647 159341 141137 143181
167438 160664 152210 133118
149972 155665 148266 119476
149016 149373 137255 135270
155833 154972 161105 123206
152432 160180 155461 141515
162148 163960 133559 145242
165356 158016 146913 159383
143832 162181 144962 117344
158015 166014 140527 157463
165267 151496 165448 130203
153889 164941 175840 132010
152914 152276 127470 148732
156012 144808 151102 129170
149807 157724 146990 135823
168519 163881 142171 145472
165352 167183 152225 123002
164116 157153 163642 111664
157247 162768 145986 127462
166611 171102 167740 130256
173294 159120 145239 113706
152614 163766 162550 122313
162514 160200 164014 112525
164777 153404 163162 107455
173692 146822 130785 147141
168421 166304 141101 139328
159422 150011 145740 119147
161657 147129 140825 145303
155684 147179 161810 120568
177078 160732 174650 121386
161064 158007 121105 128094
167411 148418 136361 130495
168868 163140 156330 128432
157674 149331 157633 135557
168716 166253 159723 127189
152150 161030 148447 115800
167290 156797 164369 146107
155031 159236 158778 136341
164747 154314 164325 129840
161633 163372 166073 125380
170448 143265 117568 159835
159863 163575 154988 143661
177107 165167 131559 145936
162116 150014 145055 140144
158890 143990 145501 137197
169410 172847 153704 108973
161151 154584 161737 131204
174909 151970 147404 132033
150561 151771 129948 138400
157836 154239 168774 110989
163523 157139 163505 122891
170333 157099 149633 119125
154517 154281 163538 139322
170051 173696 172248 158661
166825 150969 149003 155418
159958 162026 160420 145715
160219 154552 169908 132822
158064 156511 164212 142842
159866 161578 156364 134975
172461 148581 163293 128920
155748 153197 142355 140513
160542 152925 150840 119481
160221 157211 134695 151411
165969 173616 158967 107707
166166 163036 171911 128412
162517 180789 170117 111075
151888 166797 165920 120231
162298 159986 168181 127107
145725 157707 158459 143994
154768 167140 162929 133530
162934 153832 155457 113414
170346 170144 138888 140611
166137 168477 164683 107652
178104 172204 168915 119665
160595 149771 152721 131769
166817 160125 162756 123365
170113 165172 161888 121751
163504 158074 168439 143359
160374 155354 156405 130361
151529 153248 156285 142105
149931 169539 172182 139254
162694 138869 140005 152216
161619 149064 124533 134584
176081 155392 129474 129671
170546 168758 159628 125596
162813 171753 174537 114277
163469 154140 161974 116713
155571 171495 144426 141159
161948 171308 168433 139913
163384 168113 158279 122178
160917 169553 150606 128424
159668 176346 166443 131831
150395 174124 155451 121242
152229 162097 159587 132652
171831 163102 161083 126316
170060 172692 173873 110654
159925 156046 156078 141507
185138 159550 158836 116469
161055 157889 149952 135288
143819 157695 139131 137204
168494 158579 144941 136754
166597 138233 140273 137675
159302 162529 154711 144531
162911 148360 164893 119332
159004 174243 149024 130640
179520 160600 160877 123980
163773 160080 151365 131411
159157 157792 163600 108253
159000 153243 152387 136074
154862 165727 152890 116065
153306 165497 167765 125289
156102 156151 152090 124532
158334 153805 152248 147899
157773 133425 147117 146558
156238 145750 161204 118692
151139 175830 179941 121786
162304 154360 143483 166657
178591 159710 136612 149683
173991 158678 162974 116287
157204 147164 154229 120212
155798 166823 161709 129134
148779 157403 159019 118467
161878 158956 137294 151069
162100 157888 156464 111815
166280 148132 128497 147224
171052 145233 131178 148689
175333 170536 169721 102501
166840 156017 155491 125086
162557 162272 167606 137096
172877 145964 137847 151249
168327 161045 159574 121744
147727 161205 156201 125476
176568 152433 141783 153331
156271 174016 157983 113633
166280 143169 139239 124166
176254 171276 144389 106344
163394 147865 142848 136582
175089 148709 149540 129309
161451 164769 152419 152892
143269 162202 173108 121426
154788 145613 145341 138558
157058 145523 129700 127021
165120 152873 146562 144160
154776 154955 135506 136167
182830 170740 161862 123704
168115 158560 157307 107391
169791 152281 135000 142909
140968 159226 159967 118095
161214 162925 161307 134258
158626 171773 167516 130526
156210 175147 169307 120646
151196 159185 161743 139676
165771 160267 165364 118487
147075 167609 152152 118882
168405 149175 168487 124028
179993 148808 145185 144839
165847 131478 145475 146928
166353 160716 130630 137309
169339 158560 163374 102535
159898 155855 166839 115589
148295 165421 178816 109858
159851 171104 162561 139540
187962 159153 129749 158542
179283 149267 134075 151096
148371 171826 168976 108865
159392 155129 154238 140540
157300 156970 153193 125309
162408 156851 145822 154117
151057 168485 173979 108288
147121 151292 147950 127913
164569 172996 160373 127481
167551 142401 142530 135617
164754 164695 175722 114457
154812 163672 175379 120041
165418 163167 167877 111519
161503 164447 146939 118736
153918 152817 174294 122656
163745 159933 164170 128705
157135 157645 148964 138686
167565 170709 147540 145102
170129 161537 141772 135099
171561 162776 152992 132376
160256 150904 147908 159122
162633 151600 138275 144299
160957 172268 175864 110308
169313 155151 148883 143937
164987 157556 179989 108146
164752 169070 174730 110760
166278 167580 163176 123926
159376 162363 180310 112354
155408 152935 176032 116578
167255 160572 153241 130566
169037 168190 171386 127363
153541 167772 148964 142527
167941 167997 163250 110874
165123 176746 164835 129131
149396 180423 156657 120730
146658 172683 176235 132482
157274 153938 161450 124895
171831 149181 133630 130801
159969 158507 156638 131852
154574 168575 145873 129646
162335 169149 169054 124176
150643 158539 138973 134496
152844 146311 134700 138867
154003 147692 135403 129301
143833 167871 171596 148285
158156 150595 149676 131812
188633 161705 152194 132947
167636 166080 149316 118790
161252 143761 136875 150185
151383 144975 162032 119871
167456 164938 170772 112353
168316 148248 146224 121627
161580 164184 161841 130875
161460 156725 144796 145575
159239 157340 150617 140948
161991 145706 157854 123956
143025 151171 142498 116268
154576 178813 167559 120222
154249 154923 159019 115128
164012 145970 152517 120792
152103 151099 158814 132065
169235 159628 153871 131808
161558 156712 146996 139261
158887 154107 173475 115125
148568 181065 156655 141621
163906 185499 168637 123091
173318 156709 115572 140107
151021 184426 168573 133310
175612 171582 140511 133635
160312 160582 143566 130798
164816 172477 162804 120295
167557 159750 126735 142064
156520 159957 163992 129193
165192 167515 146221 131628
156522 154254 136887 140473
176271 168459 160841 127296
172035 163765 130161 136412
155265 148631 129407 149639
162339 173148 171374 106378
158754 148589 170277 110226
163271 151045 161852 107031
165713 168118 167450 135151
160704 170872 166120 118974
162106 157715 151835 144711
168812 161227 129721 145693
176786 160514 175234 127436
156714 162585 160789 128474
159049 148918 151519 142117
151120 148357 145737 144615
160157 156546 140812 125370
167850 160916 161635 132075
153563 158926 159141 123995
165209 145758 127318 154040
156284 168786 160844 110235
158228 154913 157100 134557
159100 174844 150748 122375
144305 157615 168292 131636
155644 165629 159176 134865
163580 147304 139385 131622
164682 160651 148124 104082
162116 166391 149682 122757
162178 153258 141019 118542
159623 154386 145698 151187
147951 147900 154248 115259
163421 159216 149050 125524
170122 158225 174080 128564
161408 167770 158542 123191
162638 152832 141573 136350
166679 161776 143506 125657
155241 158510 149127 121309
163792 153733 150493 138630
144735 171344 163135 124548
161990 164089 153306 125438
158449 155223 166574 125240
169273 150443 134333 153518
156554 149932 160667 138834
167009 178901 165159 130122
162727 158251 160285 118009
