1661 175.66
1.50498e+06 1.63527e+06 1.60623e+06 1.60902e+06
1.59005e+06 1.46332e+06 1.54211e+06 1.63823e+06
1.61953e+06 1.63114e+06 1.49774e+06 1.62689e+06
1.62587e+06 1.617e+06 1.57185e+06 1.5062e+06
1.56573e+06 1.57718e+06 1.57096e+06 1.62046e+06
1.66488e+06 1.60327e+06 1.52148e+06 1.60074e+06
1.57829e+06 1.56286e+06 1.55198e+06 1.60578e+06
1.56961e+06 1.57182e+06 1.59602e+06 1.57728e+06
1.55057e+06 1.54526e+06 1.5292e+06 1.57082e+06
1.58427e+06 1.59009e+06 1.58811e+06 1.56978e+06
1.57458e+06 1.60578e+06 1.63468e+06 1.59639e+06
1.56486e+06 1.54041e+06 1.58104e+06 1.64807e+06
1.605e+06 1.6007e+06 1.54706e+06 1.61172e+06
1.60485e+06 1.57397e+06 1.59836e+06 1.57222e+06
1.53176e+06 1.51293e+06 1.50497e+06 1.55981e+06
1.53921e+06 1.50847e+06 1.5388e+06 1.56407e+06
1.58877e+06 1.59446e+06 1.55994e+06 1.63146e+06
1.62275e+06 1.53966e+06 1.5917e+06 1.60047e+06
1.57566e+06 1.59606e+06 1.59691e+06 1.62959e+06
1.62587e+06 1.57548e+06 1.5925e+06 1.60313e+06
1.6028e+06 1.55987e+06 1.56835e+06 1.59329e+06
1.54172e+06 1.50719e+06 1.53292e+06 1.58616e+06
1.56026e+06 1.53908e+06 1.53296e+06 1.57977e+06
1.53485e+06 1.53236e+06 1.53759e+06 1.59451e+06
1.58716e+06 1.57333e+06 1.61218e+06 1.59802e+06
1.62275e+06 1.53966e+06 1.5917e+06 1.60047e+06
1.61505e+06 1.54596e+06 1.53279e+06 1.57981e+06
1.5709e+06 1.52638e+06 1.51804e+06 1.56408e+06
1.57207e+06 1.52644e+06 1.57161e+06 1.59959e+06
1.57245e+06 1.53412e+06 1.59273e+06 1.66038e+06
1.51493e+06 1.5063e+06 1.51758e+06 1.55855e+06
1.56125e+06 1.56136e+06 1.5392e+06 1.55686e+06
1.5779e+06 1.55414e+06 1.56647e+06 1.61812e+06
1.5727e+06 1.58672e+06 1.55984e+06 1.55389e+06
1.56961e+06 1.57182e+06 1.59602e+06 1.57728e+06
1.53423e+06 1.51391e+06 1.50337e+06 1.56005e+06
1.60121e+06 1.58304e+06 1.60157e+06 1.60012e+06
1.5631e+06 1.54404e+06 1.59489e+06 1.58503e+06
1.58156e+06 1.58583e+06 1.62007e+06 1.62095e+06
1.60737e+06 1.60762e+06 1.55746e+06 1.6119e+06
1.55078e+06 1.54262e+06 1.55161e+06 1.60695e+06
1.5507e+06 1.52246e+06 1.53451e+06 1.53825e+06
1.54722e+06 1.52976e+06 1.53206e+06 1.54155e+06
1.56418e+06 1.5262e+06 1.55795e+06 1.57309e+06
1.62076e+06 1.56141e+06 1.552e+06 1.57952e+06
1.64181e+06 1.52118e+06 1.56907e+06 1.63494e+06
1.56794e+06 1.61456e+06 1.56132e+06 1.57871e+06
1.60377e+06 1.56502e+06 1.59066e+06 1.61503e+06
1.58783e+06 1.60894e+06 1.6239e+06 1.65941e+06
1.57002e+06 1.54985e+06 1.55057e+06 1.61715e+06
1.58718e+06 1.57172e+06 1.58658e+06 1.58321e+06
1.5277e+06 1.55296e+06 1.5757e+06 1.61363e+06
1.60755e+06 1.55412e+06 1.58075e+06 1.58711e+06
1.6415e+06 1.6258e+06 1.5661e+06 1.62224e+06
1.60708e+06 1.58003e+06 1.55337e+06 1.63332e+06
1.54081e+06 1.50434e+06 1.53484e+06 1.56029e+06
1.57367e+06 1.5553e+06 1.54798e+06 1.61127e+06
1.55296e+06 1.53522e+06 1.57353e+06 1.58827e+06
1.59336e+06 1.57055e+06 1.55205e+06 1.58862e+06
1.60343e+06 1.56035e+06 1.54146e+06 1.58267e+06
1.62076e+06 1.56141e+06 1.552e+06 1.57952e+06
1.61275e+06 1.56074e+06 1.55442e+06 1.58766e+06
1.56628e+06 1.52644e+06 1.55874e+06 1.57355e+06
1.55666e+06 1.5874e+06 1.57967e+06 1.61044e+06
1.55402e+06 1.55817e+06 1.5367e+06 1.56948e+06
1.58469e+06 1.56968e+06 1.57219e+06 1.62122e+06
1.55394e+06 1.5223e+06 1.5333e+06 1.53769e+06
1.59652e+06 1.55073e+06 1.56182e+06 1.62503e+06
1.61611e+06 1.58051e+06 1.55101e+06 1.56077e+06
1.57027e+06 1.5564e+06 1.55494e+06 1.59549e+06
1.60818e+06 1.58089e+06 1.58933e+06 1.57431e+06
1.53983e+06 1.517e+06 1.53833e+06 1.56807e+06
1.58974e+06 1.54267e+06 1.57425e+06 1.59201e+06
1.54123e+06 1.54317e+06 1.56876e+06 1.58918e+06
1.59827e+06 1.55137e+06 1.61241e+06 1.63806e+06
1.59607e+06 1.5968e+06 1.61779e+06 1.56981e+06
1.59714e+06 1.57488e+06 1.55451e+06 1.59716e+06
1.62459e+06 1.56655e+06 1.57784e+06 1.63017e+06
1.58296e+06 1.5933e+06 1.58518e+06 1.62018e+06
1.62123e+06 1.5981e+06 1.60973e+06 1.58138e+06
1.56035e+06 1.55376e+06 1.57316e+06 1.57306e+06
1.61179e+06 1.57942e+06 1.57515e+06 1.59736e+06
1.59712e+06 1.57099e+06 1.564e+06 1.59615e+06
1.59095e+06 1.61029e+06 1.61394e+06 1.60648e+06
1.5933e+06 1.56675e+06 1.56614e+06 1.61524e+06
1.64065e+06 1.61992e+06 1.56496e+06 1.67809e+06
1.61509e+06 1.58404e+06 1.58906e+06 1.59023e+06
1.63337e+06 1.5774e+06 1.57025e+06 1.58685e+06
1.51762e+06 1.50648e+06 1.51638e+06 1.55665e+06
1.57245e+06 1.53412e+06 1.59273e+06 1.66038e+06
1.57258e+06 1.57231e+06 1.58974e+06 1.60746e+06
1.55113e+06 1.53392e+06 1.52802e+06 1.53889e+06
1.59248e+06 1.56118e+06 1.55882e+06 1.60034e+06
1.60346e+06 1.5732e+06 1.62321e+06 1.62115e+06
1.57839e+06 1.54477e+06 1.56151e+06 1.58028e+06
1.53423e+06 1.51391e+06 1.50337e+06 1.56005e+06
1.60324e+06 1.58991e+06 1.61924e+06 1.60304e+06
1.59171e+06 1.61754e+06 1.55533e+06 1.65936e+06
1.57627e+06 1.53653e+06 1.53204e+06 1.56236e+06
1.56952e+06 1.55973e+06 1.61747e+06 1.6206e+06
1.55021e+06 1.52096e+06 1.53696e+06 1.5428e+06
1.57945e+06 1.54302e+06 1.53515e+06 1.5986e+06
1.60783e+06 1.56021e+06 1.554e+06 1.58757e+06
1.58716e+06 1.57333e+06 1.61218e+06 1.59802e+06
1.60141e+06 1.57019e+06 1.5832e+06 1.58951e+06
1.54034e+06 1.51717e+06 1.52367e+06 1.55324e+06
1.53766e+06 1.52315e+06 1.50101e+06 1.5653e+06
1.59171e+06 1.61754e+06 1.55533e+06 1.65936e+06
1.623e+06 1.61424e+06 1.57878e+06 1.57626e+06
1.58844e+06 1.60825e+06 1.55204e+06 1.59663e+06
1.57012e+06 1.59502e+06 1.60569e+06 1.59733e+06
1.57892e+06 1.54058e+06 1.55606e+06 1.60308e+06
1.57207e+06 1.52644e+06 1.57161e+06 1.59959e+06
1.58236e+06 1.55226e+06 1.56567e+06 1.56506e+06
1.59415e+06 1.55128e+06 1.55103e+06 1.59692e+06
1.61611e+06 1.58051e+06 1.55101e+06 1.56077e+06
1.61615e+06 1.57292e+06 1.55004e+06 1.62886e+06
1.62671e+06 1.56455e+06 1.57182e+06 1.64326e+06
1.56035e+06 1.55376e+06 1.57316e+06 1.57306e+06
1.58469e+06 1.56968e+06 1.57219e+06 1.62122e+06
1.58375e+06 1.5795e+06 1.60209e+06 1.58302e+06
1.56073e+06 1.54805e+06 1.55563e+06 1.59531e+06
1.5474e+06 1.54139e+06 1.5837e+06 1.63289e+06
1.57258e+06 1.57231e+06 1.58974e+06 1.60746e+06
1.60448e+06 1.56421e+06 1.55531e+06 1.58485e+06
1.56125e+06 1.56136e+06 1.5392e+06 1.55686e+06
1.54081e+06 1.50434e+06 1.53484e+06 1.56029e+06
1.58744e+06 1.55975e+06 1.55173e+06 1.60464e+06
1.56486e+06 1.54041e+06 1.58104e+06 1.64807e+06
1.53577e+06 1.52103e+06 1.50289e+06 1.56026e+06
1.56228e+06 1.52999e+06 1.558e+06 1.57298e+06
1.58036e+06 1.54288e+06 1.58152e+06 1.5566e+06
1.60771e+06 1.57604e+06 1.57658e+06 1.5975e+06
1.58427e+06 1.59009e+06 1.58811e+06 1.56978e+06
1.55329e+06 1.55342e+06 1.56508e+06 1.58806e+06
1.57999e+06 1.54142e+06 1.51168e+06 1.56314e+06
1.62999e+06 1.62838e+06 1.57297e+06 1.58895e+06
1.55666e+06 1.5874e+06 1.57967e+06 1.61044e+06
1.54258e+06 1.55805e+06 1.56055e+06 1.59654e+06
1.60007e+06 1.53016e+06 1.55104e+06 1.60679e+06
1.5933e+06 1.56675e+06 1.56614e+06 1.61524e+06
1.59292e+06 1.58676e+06 1.58528e+06 1.57802e+06
1.57204e+06 1.54649e+06 1.55381e+06 1.59654e+06
1.55558e+06 1.5292e+06 1.50757e+06 1.56719e+06
1.56026e+06 1.53908e+06 1.53296e+06 1.57977e+06
1.60377e+06 1.56502e+06 1.59066e+06 1.61503e+06
1.59607e+06 1.5968e+06 1.61779e+06 1.56981e+06
1.60352e+06 1.54551e+06 1.55334e+06 1.56872e+06
1.55057e+06 1.54526e+06 1.5292e+06 1.57082e+06
1.54981e+06 1.55154e+06 1.53711e+06 1.58435e+06
1.58383e+06 1.59877e+06 1.58838e+06 1.61194e+06
1.54276e+06 1.51375e+06 1.52372e+06 1.55028e+06
1.58428e+06 1.56121e+06 1.5435e+06 1.60138e+06
1.60711e+06 1.586e+06 1.56609e+06 1.57573e+06
1.56628e+06 1.52644e+06 1.55874e+06 1.57355e+06
1.61267e+06 1.55845e+06 1.64419e+06 1.66896e+06
1.61996e+06 1.56072e+06 1.55428e+06 1.59368e+06
1.64065e+06 1.61992e+06 1.56496e+06 1.67809e+06
1.55232e+06 1.5322e+06 1.53264e+06 1.53778e+06
1.57458e+06 1.60578e+06 1.63468e+06 1.59639e+06
1.65448e+06 1.59844e+06 1.56451e+06 1.59978e+06
1.63772e+06 1.60247e+06 1.56072e+06 1.6074e+06
1.59303e+06 1.56401e+06 1.52566e+06 1.62514e+06
1.60685e+06 1.53947e+06 1.55062e+06 1.57122e+06
1.56425e+06 1.55238e+06 1.56371e+06 1.57479e+06
1.65037e+06 1.648e+06 1.5539e+06 1.63632e+06
1.61948e+06 1.58231e+06 1.53171e+06 1.61835e+06
1.58933e+06 1.53697e+06 1.54414e+06 1.57796e+06
1.65037e+06 1.648e+06 1.5539e+06 1.63632e+06
1.53423e+06 1.51391e+06 1.50337e+06 1.56005e+06
1.62422e+06 1.56227e+06 1.60075e+06 1.59891e+06
1.57228e+06 1.54064e+06 1.56721e+06 1.62789e+06
1.62123e+06 1.5981e+06 1.60973e+06 1.58138e+06
1.63255e+06 1.57396e+06 1.60689e+06 1.59037e+06
1.54878e+06 1.53228e+06 1.52771e+06 1.53906e+06
1.62621e+06 1.5882e+06 1.54818e+06 1.62974e+06
1.58718e+06 1.57172e+06 1.58658e+06 1.58321e+06
1.64e+06 1.57478e+06 1.53601e+06 1.6259e+06
1.58647e+06 1.54957e+06 1.55433e+06 1.58013e+06
1.58744e+06 1.55975e+06 1.55173e+06 1.60464e+06
1.5487e+06 1.53197e+06 1.53047e+06 1.53921e+06
1.59761e+06 1.57949e+06 1.56153e+06 1.5982e+06
1.5487e+06 1.53421e+06 1.52329e+06 1.54042e+06
1.55402e+06 1.55817e+06 1.5367e+06 1.56948e+06
1.56228e+06 1.52999e+06 1.558e+06 1.57298e+06
1.56588e+06 1.59988e+06 1.53876e+06 1.61951e+06
1.605e+06 1.6007e+06 1.54706e+06 1.61172e+06
1.51493e+06 1.5063e+06 1.51758e+06 1.55855e+06
1.55282e+06 1.52452e+06 1.53265e+06 1.51786e+06
1.60758e+06 1.5462e+06 1.537e+06 1.62933e+06
1.64181e+06 1.52118e+06 1.56907e+06 1.63494e+06
1.58456e+06 1.52054e+06 1.57643e+06 1.61802e+06
1.59169e+06 1.61199e+06 1.57842e+06 1.65037e+06
1.53358e+06 1.51146e+06 1.54028e+06 1.56587e+06
1.5561e+06 1.51968e+06 1.53451e+06 1.53941e+06
1.63341e+06 1.58953e+06 1.56495e+06 1.58772e+06
1.55106e+06 1.52037e+06 1.53279e+06 1.55672e+06
1.5574e+06 1.58364e+06 1.57584e+06 1.59674e+06
1.57027e+06 1.5564e+06 1.55494e+06 1.59549e+06
1.59432e+06 1.53868e+06 1.56212e+06 1.57644e+06
1.61849e+06 1.57146e+06 1.60013e+06 1.60666e+06
1.5662e+06 1.64679e+06 1.63325e+06 1.64389e+06
1.63341e+06 1.58953e+06 1.56495e+06 1.58772e+06
1.5824e+06 1.51768e+06 1.57002e+06 1.5625e+06
1.55023e+06 1.52155e+06 1.54758e+06 1.57912e+06
1.58974e+06 1.54267e+06 1.57425e+06 1.59201e+06
1.55023e+06 1.52155e+06 1.54758e+06 1.57912e+06
1.59648e+06 1.57398e+06 1.57111e+06 1.62052e+06
1.55003e+06 1.50738e+06 1.52863e+06 1.56352e+06
1.57657e+06 1.54776e+06 1.56613e+06 1.58846e+06
1.5542e+06 1.58477e+06 1.58734e+06 1.56444e+06
1.60405e+06 1.5543e+06 1.55534e+06 1.62482e+06
1.5561e+06 1.51968e+06 1.53451e+06 1.53941e+06
1.58189e+06 1.60246e+06 1.52871e+06 1.5928e+06
1.56794e+06 1.61456e+06 1.56132e+06 1.57871e+06
1.54972e+06 1.51876e+06 1.5331e+06 1.55831e+06
1.54034e+06 1.51717e+06 1.52367e+06 1.55324e+06
1.60801e+06 1.63251e+06 1.56685e+06 1.59073e+06
1.58188e+06 1.5533e+06 1.5591e+06 1.55836e+06
1.53766e+06 1.52315e+06 1.50101e+06 1.5653e+06
1.60434e+06 1.56342e+06 1.59031e+06 1.57112e+06
1.63772e+06 1.60247e+06 1.56072e+06 1.6074e+06
1.57228e+06 1.54064e+06 1.56721e+06 1.62789e+06
1.60591e+06 1.55204e+06 1.57841e+06 1.65179e+06
1.55057e+06 1.54526e+06 1.5292e+06 1.57082e+06
1.623e+06 1.61424e+06 1.57878e+06 1.57626e+06
1.54851e+06 1.52636e+06 1.55691e+06 1.58279e+06
1.53801e+06 1.51851e+06 1.5241e+06 1.5546e+06
1.55106e+06 1.52037e+06 1.53279e+06 1.55672e+06
1.5277e+06 1.55296e+06 1.5757e+06 1.61363e+06
1.5709e+06 1.52638e+06 1.51804e+06 1.56408e+06
1.55993e+06 1.55498e+06 1.59447e+06 1.57815e+06
1.5824e+06 1.51768e+06 1.57002e+06 1.5625e+06
1.59248e+06 1.56118e+06 1.55882e+06 1.60034e+06
1.60916e+06 1.55643e+06 1.56951e+06 1.60919e+06
1.57282e+06 1.50869e+06 1.55001e+06 1.59526e+06
1.57192e+06 1.53122e+06 1.56772e+06 1.60527e+06
1.61506e+06 1.5932e+06 1.55468e+06 1.58516e+06
1.58863e+06 1.59326e+06 1.59326e+06 1.62902e+06
1.61615e+06 1.57292e+06 1.55004e+06 1.62886e+06
1.57339e+06 1.53956e+06 1.54653e+06 1.57682e+06
1.60783e+06 1.56021e+06 1.554e+06 1.58757e+06
1.62874e+06 1.59681e+06 1.56412e+06 1.60708e+06
1.58751e+06 1.60177e+06 1.56197e+06 1.61341e+06
1.57999e+06 1.54142e+06 1.51168e+06 1.56314e+06
1.60602e+06 1.60064e+06 1.61687e+06 1.57921e+06
1.53358e+06 1.51146e+06 1.54028e+06 1.56587e+06
1.55238e+06 1.52281e+06 1.53197e+06 1.52074e+06
1.5795e+06 1.55006e+06 1.53845e+06 1.58227e+06
1.54815e+06 1.53614e+06 1.52406e+06 1.54056e+06
1.60087e+06 1.52586e+06 1.54239e+06 1.57631e+06
1.53731e+06 1.51639e+06 1.52556e+06 1.55407e+06
1.60602e+06 1.60064e+06 1.61687e+06 1.57921e+06
1.61995e+06 1.58388e+06 1.57133e+06 1.64547e+06
1.61509e+06 1.58404e+06 1.58906e+06 1.59023e+06
1.61444e+06 1.5715e+06 1.55694e+06 1.62223e+06
1.5816e+06 1.58726e+06 1.61317e+06 1.64035e+06
1.60758e+06 1.5462e+06 1.537e+06 1.62933e+06
1.61521e+06 1.59186e+06 1.51209e+06 1.62418e+06
1.6312e+06 1.60048e+06 1.54155e+06 1.59754e+06
1.54948e+06 1.52834e+06 1.52702e+06 1.54147e+06
1.55931e+06 1.52243e+06 1.53765e+06 1.53778e+06
1.59303e+06 1.56401e+06 1.52566e+06 1.62514e+06
1.57308e+06 1.58168e+06 1.58111e+06 1.63421e+06
1.55981e+06 1.57014e+06 1.56688e+06 1.59617e+06
1.62063e+06 1.59795e+06 1.60673e+06 1.58327e+06
1.53425e+06 1.56284e+06 1.60644e+06 1.60618e+06
1.60726e+06 1.58154e+06 1.54552e+06 1.59101e+06
1.59568e+06 1.57961e+06 1.5845e+06 1.63628e+06
1.61724e+06 1.55982e+06 1.57748e+06 1.64077e+06
1.53425e+06 1.56284e+06 1.60644e+06 1.60618e+06
1.60515e+06 1.56373e+06 1.57557e+06 1.57135e+06
1.64481e+06 1.57095e+06 1.55783e+06 1.63874e+06
1.57566e+06 1.59606e+06 1.59691e+06 1.62959e+06
1.55057e+06 1.54526e+06 1.5292e+06 1.57082e+06
1.53921e+06 1.50847e+06 1.5388e+06 1.56407e+06
1.61267e+06 1.55845e+06 1.64419e+06 1.66896e+06
1.592e+06 1.55748e+06 1.56975e+06 1.59368e+06
1.60596e+06 1.5725e+06 1.56399e+06 1.58456e+06
1.58383e+06 1.59877e+06 1.58838e+06 1.61194e+06
1.58188e+06 1.5533e+06 1.5591e+06 1.55836e+06
1.60141e+06 1.57019e+06 1.5832e+06 1.58951e+06
1.59264e+06 1.56636e+06 1.54245e+06 1.57547e+06
1.56682e+06 1.51414e+06 1.54643e+06 1.55835e+06
1.62924e+06 1.5958e+06 1.5343e+06 1.59601e+06
1.55222e+06 1.52004e+06 1.53484e+06 1.54741e+06
1.59334e+06 1.58271e+06 1.5547e+06 1.63964e+06
1.64819e+06 1.5664e+06 1.54396e+06 1.6195e+06
1.58653e+06 1.55778e+06 1.57491e+06 1.58705e+06
1.59095e+06 1.61029e+06 1.61394e+06 1.60648e+06
1.57803e+06 1.57317e+06 1.55929e+06 1.61049e+06
1.60448e+06 1.56421e+06 1.55531e+06 1.58485e+06
1.54878e+06 1.53228e+06 1.52771e+06 1.53906e+06
1.60939e+06 1.57988e+06 1.5591e+06 1.61497e+06
1.59712e+06 1.57099e+06 1.564e+06 1.59615e+06
1.53564e+06 1.52383e+06 1.5533e+06 1.55825e+06
1.61505e+06 1.54596e+06 1.53279e+06 1.57981e+06
1.60818e+06 1.58089e+06 1.58933e+06 1.57431e+06
1.55962e+06 1.547e+06 1.53268e+06 1.58628e+06
1.6028e+06 1.55987e+06 1.56835e+06 1.59329e+06
