1415 2.10702
129293 141302
129293 141302
152371 122295
150624 129983
152371 122295
136774 137388
150624 129983
134233 139147
148640 130279
141382 131569
136867 133183
129293 141302
150624 129983
136867 133183
129293 141302
148640 130279
136867 133183
148640 130279
148640 130279
136867 133183
148640 130279
148640 130279
136867 133183
148640 130279
129293 141302
136867 133183
129293 141302
129293 141302
129293 141302
136867 133183
148640 130279
136867 133183
136867 133183
136867 133183
129293 141302
148640 130279
136867 133183
148640 130279
148640 130279
136867 133183
148640 130279
136867 133183
152371 122295
129293 141302
136867 133183
148640 130279
129293 141302
129293 141302
129293 141302
129293 141302
148640 130279
136867 133183
136867 133183
136867 133183
136867 133183
136867 133183
136867 133183
136867 133183
136867 133183
129293 141302
136867 133183
136867 133183
148640 130279
136867 133183
148640 130279
136867 133183
148640 130279
148640 130279
136867 133183
129293 141302
136867 133183
129293 141302
136867 133183
136867 133183
136867 133183
148640 130279
129293 141302
136867 133183
136867 133183
136867 133183
129293 141302
148640 130279
136867 133183
148640 130279
148640 130279
129293 141302
148640 130279
136867 133183
129293 141302
136867 133183
136867 133183
129293 141302
148640 130279
129293 141302
129293 141302
136867 133183
129293 141302
136867 133183
148640 130279
129293 141302
136867 133183
136867 133183
136867 133183
136867 133183
129293 141302
129293 141302
129293 141302
136867 133183
129293 141302
129293 141302
136867 133183
129293 141302
136867 133183
136867 133183
129293 141302
129293 141302
136867 133183
129293 141302
129293 141302
136867 133183
148640 130279
129293 141302
136867 133183
136867 133183
136867 133183
136867 133183
148640 130279
129293 141302
136867 133183
136867 133183
136867 133183
136867 133183
148640 130279
136867 133183
136867 133183
148640 130279
136867 133183
129293 141302
136867 133183
129293 141302
136867 133183
136867 133183
129293 141302
148640 130279
129293 141302
136867 133183
148640 130279
148640 130279
136867 133183
136867 133183
129293 141302
129293 141302
129293 141302
148640 130279
136867 133183
136867 133183
129293 141302
129293 141302
136867 133183
148640 130279
136867 133183
129293 141302
136867 133183
136867 133183
136867 133183
136867 133183
136867 133183
136867 133183
136867 133183
136867 133183
148640 130279
129293 141302
129293 141302
129293 141302
129293 141302
148640 130279
136867 133183
129293 141302
136867 133183
136867 133183
136867 133183
129293 141302
148640 130279
136867 133183
136867 133183
136867 133183
129293 141302
136867 133183
129293 141302
136867 133183
148640 130279
148640 130279
136867 133183
148640 130279
148640 130279
148640 130279
136867 133183
148640 130279
148640 130279
136867 133183
148640 130279
148640 130279
136867 133183
129293 141302
152371 122295
136867 133183
150624 129983
129293 141302
136867 133183
141382 131569
148640 130279
134233 139147
129293 141302
129293 141302
152371 122295
136867 133183
148640 130279
136867 133183
148640 130279
136867 133183
148640 130279
148640 130279
136867 133183
136867 133183
136867 133183
148640 130279
136867 133183
129293 141302
129293 141302
136867 133183
129293 141302
148640 130279
136867 133183
136867 133183
148640 130279
136867 133183
136867 133183
136867 133183
136867 133183
136867 133183
148640 130279
136867 133183
136867 133183
136867 133183
136867 133183
129293 141302
136867 133183
129293 141302
136867 133183
129293 141302
136867 133183
136867 133183
129293 141302
129293 141302
136867 133183
136867 133183
148640 130279
129293 141302
129293 141302
148640 130279
129293 141302
136867 133183
136867 133183
129293 141302
136867 133183
129293 141302
129293 141302
129293 141302
148640 130279
136867 133183
129293 141302
136867 133183
129293 141302
129293 141302
148640 130279
136867 133183
136867 133183
129293 141302
136867 133183
148640 130279
129293 141302
148640 130279
148640 130279
136867 133183
129293 141302
136867 133183
129293 141302
129293 141302
136867 133183
136867 133183
129293 141302
136867 133183
129293 141302
129293 141302
136867 133183
129293 141302
129293 141302
129293 141302
136867 133183
136867 133183
