884 27.632
333919 299008 229124 284170
322112 309155 223111 286185
320692 329473 229724 286868
306802 258203 282188 227064
297581 229507 281956 256697
274468 246308 307461 248259
262580 278124 254495 304507
249959 282311 283858 272955
322112 309155 223111 286185
328786 303844 229980 281476
296966 320034 230119 294483
312857 317183 225263 292789
287072 277371 236947 251018
320692 329473 229724 286868
317913 306515 223301 289098
255378 291757 288081 258013
276352 263838 230549 258991
278241 265262 301081 237943
279071 289131 280276 235412
333919 299008 229124 284170
266167 268033 291327 255356
298564 232762 275312 254735
267827 295773 268781 240374
316274 303079 227469 287239
279480 246857 305360 255268
302819 237615 290594 246360
278241 265262 301081 237943
283130 259032 241779 297237
313552 235870 283377 254414
294900 255197 244319 279286
250328 290120 276869 288147
300301 262515 244500 252843
254026 280125 276313 258969
273593 236291 277209 267893
257584 298577 282837 256120
285502 247379 296233 255972
309276 230725 284808 255062
293698 258525 247094 263478
326336 293586 229452 287416
270564 244005 306175 251690
312114 258109 261179 253232
284694 238684 275844 275454
312857 317183 225263 292789
285502 247379 296233 255972
288959 264935 263164 244374
275052 283949 242302 261608
282169 278887 273890 238712
291625 259600 247448 254944
252172 301081 257274 281337
308765 248611 255531 268066
258469 270629 269520 260107
281221 250960 244885 282137
283898 287596 245772 253776
318541 263323 280816 228469
278318 251457 250671 290298
271942 262618 238225 272487
266053 281479 247713 259297
262165 273127 261614 277921
302819 237615 290594 246360
269377 247593 271954 292925
263795 262970 257467 300764
261341 274866 264677 268721
296966 320034 230119 294483
282569 247193 266532 285224
284012 242936 257191 289623
256850 275643 260291 272894
295313 255675 267786 245138
279071 289131 280276 235412
306802 258203 282188 227064
326336 293586 229452 287416
265236 269457 274592 251462
276973 272120 252688 247219
289105 235289 286102 265449
263795 262970 257467 300764
272426 250002 289638 268411
296778 294369 240473 250392
263885 292549 263949 252289
270959 300974 262681 252420
277574 272471 252938 245773
292217 254895 245017 270186
264297 271496 259255 298304
259216 286731 265252 253493
251783 294355 281589 270327
295847 234380 269228 283500
260279 289786 260058 260347
271528 253908 253671 284617
267220 256288 272172 270387
285446 262636 287441 230027
275420 274030 240055 259892
316274 303079 227469 287239
285446 262636 287441 230027
252658 277389 255893 262628
272961 273924 248794 269758
273698 245375 267123 267496
264864 268174 271476 254817
274557 275637 251435 241028
285870 240956 263127 248575
283562 263585 267282 232802
283462 253097 250778 262533
297061 283840 250458 242263
283562 263585 267282 232802
268654 271720 241727 270713
261614 303412 254274 271111
287894 271298 249669 255987
268445 276172 243547 291319
262595 274123 257050 273994
268445 276172 243547 291319
267545 258295 261307 266874
274646 268958 248921 265027
273262 264318 256407 250438
268511 270068 263370 260776
269950 254642 265562 268980
286484 285753 249392 238855
289886 255167 262764 249828
259357 250290 268585 275779
276025 269097 271732 249761
297061 283840 250458 242263
274468 246308 307461 248259
272306 279835 262095 249857
273810 257196 268663 262066
283575 239458 259902 265346
277784 258133 273026 253782
309841 246287 258695 277625
318541 263323 280816 228469
259347 266893 287854 273473
249959 282311 283858 272955
286484 285753 249392 238855
280883 268773 290313 250389
279537 249649 266869 269795
264417 255793 252123 273455
280662 254699 255423 276738
264156 275585 253853 271974
257961 267866 275724 263412
295847 234380 269228 283500
283456 263050 259631 257093
309841 246287 258695 277625
297581 229507 281956 256697
259471 280066 284509 259553
294103 243337 255305 286740
278114 261523 271493 262020
280602 243514 261489 298260
276927 262229 258302 259931
285870 240956 263127 248575
269858 254417 259055 272087
280209 261553 254907 265368
289105 235289 286102 265449
287468 256091 257760 261878
262848 279975 255030 273919
271608 267168 257997 262871
293831 249741 255097 262950
337580 316125 251167 293221
321231 327351 241078 292586
315885 339688 267353 308902
283097 278595 274035 268685
310302 282786 272386 282775
325814 295625 254433 298015
319647 318223 257376 290733
337107 303606 252783 286368
325139 307873 255567 305266
335922 326976 275082 302660
335017 330437 261635 307815
299733 330653 275007 322593
291157 292208 311147 269277
289538 285752 278593 293382
284823 314737 282964 290813
330933 327249 265159 299532
326734 317698 275794 308079
302082 291578 297470 281862
322310 327849 281067 289420
333623 298933 289335 288305
299948 307222 305616 280076
299119 320105 276660 302132
328597 324109 276140 286611
314558 329635 277526 287551
310280 300283 300933 276075
292627 326804 282637 278452
335618 308653 284343 292455
309068 300610 291647 281711
310718 303525 285220 281574
307681 303640 290454 280824
310535 315026 298629 280091
299764 304062 300901 292989
336116 313868 278808 301352
328370 320705 286064 284567
316733 321995 278364 310938
312215 285782 300194 306873
305645 291267 322625 295054
303284 322400 278425 323599
295892 315535 288870 295023
308042 298274 302567 297795
319355 318188 279200 315239
323550 293933 301654 289309
299997 290825 280959 300091
310265 310912 299979 294004
302073 308739 290435 298459
298826 312455 282595 294400
325865 303040 292619 299136
332535 316872 285363 286041
335886 302734 296277 286399
316776 305281 295815 294107
330499 318664 302040 289200
315746 298355 294328 296292
331386 299894 279793 296453
328151 314770 288461 291845
327530 311454 296363 293647
333702 311917 292190 293015
333548 292377 302332 293479
316233 312062 287831 296092
331133 307418 279300 293997
299478 308187 279874 300006
342118 309663 310325 291913
341169 292395 304100 310610
334965 311751 280085 326126
334251 312702 307967 290543
297555 343162 306308 301669
297368 319420 319183 317254
310053 302094 296914 319764
302016 325252 312888 300664
333437 335311 292417 294666
330640 320644 282980 315558
304774 292989 300917 304924
326045 304674 304411 298165
300254 327531 298547 296399
320292 321833 283913 297182
306434 314711 289912 295888
320900 310595 291319 299570
305629 327524 300380 305589
313345 302266 296004 302865
311128 318140 289073 304252
333928 333171 300165 293029
315924 308532 285430 300208
333699 303281 285520 323020
313833 317731 286075 302192
335148 303187 299912 300917
329638 319347 299239 294332
314449 320671 303349 295696
333867 305202 310397 290904
333631 306837 291855 299987
320677 313354 284254 304350
345441 318242 287639 305055
330617 315953 285690 307406
330064 304899 300275 323706
329936 330965 312010 295725
329440 305901 318977 302442
318898 293477 306249 311301
305147 309665 308135 307172
311035 324175 298297 320272
335230 322310 311412 297683
308060 325455 290771 312077
342326 293570 314211 310416
322894 297014 306969 305848
322542 304654 301705 311430
323964 319632 291543 300225
320328 309552 288969 308767
309432 317413 303779 300735
319933 325790 292367 307255
306995 322166 316346 306032
311096 327850 300470 310885
314830 317074 300597 298252
344005 309983 299538 302577
315796 312337 299560 307728
342909 312846 307909 305326
329408 312406 315346 298248
315242 319360 300392 322167
344503 315922 314971 298047
320193 317147 286373 307133
343921 311050 310684 309281
343251 327444 302365 298773
330119 304486 324613 315396
327558 329692 288654 316736
322806 339074 292475 320010
316400 323370 306888 331980
305629 311385 311583 308164
319116 315380 318687 307286
331524 325638 299416 306576
323748 320367 295104 308124
326537 334097 289129 310669
328094 311330 299024 313021
316587 325125 302556 300820
325484 313254 303555 308786
326025 337907 292640 308605
317328 313611 299643 309382
327818 324616 309524 300155
326204 311447 291066 311248
341215 316857 328676 310915
328635 314329 313668 311539
327048 320885 302014 320301
325133 320905 295621 314932
323309 333388 306464 309624
313567 320209 322741 308628
334875 329485 319621 308815
338282 323656 301049 309175
328787 314930 307967 313352
320910 327312 306481 311183
332729 317531 306409 309527
349450 323267 324122 314961
342740 319674 312193 320691
327599 334142 307845 310393
325308 333790 307559 317982
325524 331158 323132 317577
333919 299008 229124 284170
322112 309155 223111 286185
306802 258203 282188 227064
306714 323817 229470 291176
297581 229507 281956 256697
274468 246308 307461 248259
262580 278124 254495 304507
249959 282311 283858 272955
287072 277371 236947 251018
322112 309155 223111 286185
276352 263838 230549 258991
298501 259815 246224 263877
328786 303844 229980 281476
317913 306515 223301 289098
262848 279975 255030 273919
333919 299008 229124 284170
254129 280021 270649 277714
286484 285753 249392 238855
251783 294355 281589 270327
328786 303844 229980 281476
314326 314905 228640 287692
270564 244005 306175 251690
283130 259032 241779 297237
309276 230725 284808 255062
289105 235289 286102 265449
259471 280066 284509 259553
267827 295773 268781 240374
292460 262142 262119 240624
295847 234380 269228 283500
311435 248640 258775 253754
306520 315148 227019 295496
273593 236291 277209 267893
303416 266328 256291 253372
254475 272118 266391 261160
278241 265262 301081 237943
278241 265262 301081 237943
319906 318051 227235 268349
257862 276819 265444 279013
312857 317183 225263 292789
264297 271496 259255 298304
262031 251628 297132 284426
300311 273370 280870 229348
285446 262636 287441 230027
264619 267322 294964 247201
280789 238600 274326 255221
293444 255591 251941 257235
300941 257357 244058 272745
256857 286145 254957 278517
301156 261098 277912 233791
307914 232113 278067 260501
318541 263323 280816 228469
262580 278124 254495 304507
284012 242936 257191 289623
289105 235289 286102 265449
269059 245888 278613 270559
263795 262970 257467 300764
294809 235991 273262 250922
312857 317183 225263 292789
297374 247489 253769 270418
258321 255495 287205 264294
271312 251841 272383 257820
296966 320034 230119 294483
254316 282172 291905 264216
279863 260633 266258 249869
274473 288244 260738 271370
282098 249877 275531 245593
261614 303412 254274 271111
314262 323307 229712 282152
267523 275533 261113 270172
278535 254868 264059 253100
255378 291757 288081 258013
279273 264403 288601 237583
283562 263585 267282 232802
285956 284083 259777 257601
275009 261663 269906 246765
282750 240709 264934 251285
301967 269273 257824 243487
317479 249429 250372 260298
302314 260015 277145 236911
282611 241892 289971 249692
250328 290120 276869 288147
305314 254420 254291 260817
263795 262970 257467 300764
272426 250002 289638 268411
296966 320034 230119 294483
279071 289131 280276 235412
300066 242685 293367 239513
306240 241312 283294 247719
264338 254779 296591 256153
283130 259032 241779 297237
272461 267921 279126 244472
281246 267835 273558 242929
284389 254095 260819 241613
266069 252709 294208 286459
270564 244005 306175 251690
268837 255679 271501 251161
265593 282982 261201 257902
266754 270750 269652 272761
285870 240956 263127 248575
316274 303079 227469 287239
306802 258203 282188 227064
278660 268677 261871 258639
267426 246442 284732 271544
279233 244283 276781 244764
281016 250552 263247 254229
298564 232762 275312 254735
275971 249200 293354 251004
314775 301817 230177 287748
256332 263472 294011 255617
285150 258033 282476 240135
283562 263585 267282 232802
279071 289131 280276 235412
298047 252678 276357 240177
293373 256897 254317 268195
316274 303079 227469 287239
313552 235870 283377 254414
302819 237615 290594 246360
255378 291757 288081 258013
274468 246308 307461 248259
268445 276172 243547 291319
314775 301817 230177 287748
268445 276172 243547 291319
297061 283840 250458 242263
306714 323817 229470 291176
249959 282311 283858 272955
302819 237615 290594 246360
285203 249235 289516 243799
266167 268033 291327 255356
297581 229507 281956 256697
314262 323307 229712 282152
262031 251628 297132 284426
267524 275615 291337 239567
298564 232762 275312 254735
250328 290120 276869 288147
278273 269688 265204 241374
297061 283840 250458 242263
278273 269688 265204 241374
333919 299008 229124 284170
333919 299008 229124 284170
328786 303844 229980 281476
322112 309155 223111 286185
322112 309155 223111 286185
316274 303079 227469 287239
316274 303079 227469 287239
316274 303079 227469 287239
316274 303079 227469 287239
316274 303079 227469 287239
316274 303079 227469 287239
316274 303079 227469 287239
316274 303079 227469 287239
342774 307011 272017 292644
326743 309619 229095 296589
320655 275788 306760 309866
319674 325097 303933 280395
309245 345953 330825 293289
289876 314072 323471 323782
315641 316387 290585 316031
335818 294048 282870 292480
322682 336340 254002 287589
316533 304206 250048 304024
320420 284096 305431 292631
313739 336008 267701 306377
293694 326554 294642 302125
331448 329531 297678 282561
303318 323365 281554 306980
299072 323989 269562 301049
307430 321995 277398 308917
311581 331995 301692 288644
307737 301009 314440 293579
324963 316193 276903 299530
341634 305572 321272 287922
339219 319197 267802 294407
308925 321241 284526 297470
313587 309357 302314 290460
333787 297921 305151 302262
340500 308869 284302 286891
323874 309886 304421 284440
317040 300964 298958 296317
327522 299592 286846 287992
299683 331337 301779 293706
330307 302585 286570 302109
309447 317599 307096 303100
314596 319347 287252 307339
309567 303277 292313 300761
323351 314441 291612 284362
323942 317025 250238 302866
316378 301847 295328 301855
333430 317685 281543 287163
321780 306581 283906 300272
319925 315432 288373 295491
314434 331361 280492 300775
321249 315779 277334 288863
320912 315507 288235 295623
352522 309760 315985 296294
343696 294121 296353 309398
331897 341418 279272 299510
331044 325516 314380 282048
320587 339870 260614 306003
317181 303482 305610 333518
315210 319146 326517 291149
312272 335894 305470 317121
341507 298287 310967 313133
351232 322928 293443 284511
323155 309552 319725 317113
338072 319411 270232 311379
326416 305479 277432 310556
348062 300770 299518 306283
330020 318168 295445 287063
322768 319843 303540 308073
337154 299962 306708 306259
318167 327946 267045 310727
342389 310152 273735 310634
314253 338088 280756 302727
317969 334957 300548 296437
344522 314194 282192 305428
312600 332202 297478 305411
334373 318937 279114 297589
323316 297764 315740 303025
321136 328442 298105 303736
313800 311780 312163 294811
313282 322222 313502 302284
347073 310798 293332 305839
318740 329961 292176 298784
331918 308901 295649 301221
315606 330663 287745 304556
324402 313824 284450 300342
317579 316630 286279 312564
334991 304763 289094 306167
317822 330959 271729 301807
332018 316228 306333 291407
325568 330754 316537 286884
322867 315813 304557 309183
331168 323620 279627 302368
327931 301658 305643 297983
330986 329546 285614 297710
325664 311163 289790 304388
319137 326664 300547 302808
323231 313610 294779 300804
327249 304690 283532 310801
319364 328105 281767 305563
315563 311611 317044 304467
317666 310489 315449 293558
331874 318185 283457 298083
327033 316338 289125 292188
327918 311170 294237 294461
323186 302530 296861 302411
322789 316019 311034 293830
326952 313828 303560 297613
318903 311705 305659 301956
356716 300456 301206 310568
348880 319589 300798 289087
330426 310338 277981 323627
325048 304081 310034 328826
322542 327874 328488 312057
317656 343742 296388 311969
317583 328053 302154 316381
328397 338116 314898 293159
337213 325132 283147 316120
323116 328770 306792 310157
322099 317044 303793 325699
324648 315502 285675 306293
331573 325753 294361 297378
329337 311978 318090 310955
328132 312777 292108 311937
331860 317473 300184 302069
334985 325653 312690 293685
332448 315068 308790 295687
322656 318736 300681 320250
324096 322450 298145 315400
327223 323043 311391 305191
326854 324738 315139 304007
330784 312046 308637 314535
328967 325657 317501 303919
328949 312412 283977 310861
362283 309790 311074 325271
345156 338930 294497 302951
333903 326446 285627 315166
332618 347657 308949 305048
329836 325142 315405 308998
325826 313348 311518 334351
324682 317572 302116 322263
347426 317702 296914 307371
338796 332688 308605 308711
334056 334715 303048 303146
328745 321505 286820 309540
329790 320364 289507 320238
339603 315628 309272 306508
326188 336391 302601 318637
328471 318344 301546 319717
328206 333384 286422 306405
341476 320900 336704 308946
334220 324865 303272 310106
330454 322746 292060 310523
329864 318625 306996 323291
345519 350160 299874 312840
341254 332259 321421 316943
337253 323984 299484 318984
330680 332935 305821 310956
330177 319922 317702 331594
341546 323515 307684 313262
340315 314419 226470 284190
322112 309155 223111 286185
314086 331521 229258 290028
306802 258203 282188 227064
297581 229507 281956 256697
274468 246308 307461 248259
262580 278124 254495 304507
249959 282311 283858 272955
287072 277371 236947 251018
283130 259032 241779 297237
322112 309155 223111 286185
296966 320034 230119 294483
300941 257357 244058 272745
320692 329473 229724 286868
317913 306515 223301 289098
276352 263838 230549 258991
272426 250002 289638 268411
264297 271496 259255 298304
254316 282172 291905 264216
307922 316938 226783 303989
279071 289131 280276 235412
309276 230725 284808 255062
285502 247379 296233 255972
256857 286145 254957 278517
278241 265262 301081 237943
318541 263323 280816 228469
267827 295773 268781 240374
286484 285753 249392 238855
328786 303844 229980 281476
268447 260065 273680 275173
312857 317183 225263 292789
279929 248436 284570 244689
259471 280066 284509 259553
297061 283840 250458 242263
278266 273273 297849 246328
251783 294355 281589 270327
328786 303844 229980 281476
291949 239656 285448 262127
261614 303412 254274 271111
278273 269688 265204 241374
268445 276172 243547 291319
302819 237615 290594 246360
312857 317183 225263 292789
280662 254699 255423 276738
291174 257353 261905 258455
276552 240011 277474 262796
283914 257780 272417 237652
270564 244005 306175 251690
287648 260752 260745 245492
282169 278887 273890 238712
255378 291757 288081 258013
300948 240466 264591 281978
277449 252396 282028 253722
332455 300022 227229 286833
254475 272118 266391 261160
279480 246857 305360 255268
297374 247489 253769 270418
294205 229683 290497 259905
296966 320034 230119 294483
252172 301081 257274 281337
322008 315446 229145 279721
295313 255675 267786 245138
266621 261881 266951 249272
263795 262970 257467 300764
270368 258501 299248 265464
284694 238684 275844 275454
313552 235870 283377 254414
262031 251628 297132 284426
296108 259635 257047 261818
285870 240956 263127 248575
278062 232520 280559 291752
249959 282311 283858 272955
273593 236291 277209 267893
252979 297249 264115 284414
274468 246308 307461 248259
285446 262636 287441 230027
276811 264075 271502 247490
316274 303079 227469 287239
263795 262970 257467 300764
280632 242136 270650 280386
254129 280021 270649 277714
290702 268017 258124 247929
289105 235289 286102 265449
278715 251267 284354 260297
250328 290120 276869 288147
281145 253951 269640 251113
306802 258203 282188 227064
285446 262636 287441 230027
287409 261329 260165 263778
283562 263585 267282 232802
279071 289131 280276 235412
283181 233322 275763 285565
283562 263585 267282 232802
285956 284083 259777 257601
257862 276819 265444 279013
316274 303079 227469 287239
286484 285753 249392 238855
320692 329473 229724 286868
338145 296238 230475 287558
284012 242936 257191 289623
298564 232762 275312 254735
295847 234380 269228 283500
270368 258501 299248 265464
271006 252937 274858 250188
297061 283840 250458 242263
338145 296238 230475 287558
278241 265262 301081 237943
255378 291757 288081 258013
290346 238149 268029 287404
332859 298219 229108 285918
335572 298904 229305 284102
302819 237615 290594 246360
284676 247586 270836 255480
250328 290120 276869 288147
271006 252937 274858 250188
335572 298904 229305 284102
280670 259075 263923 257097
314086 331521 229258 290028
273593 236291 277209 267893
294634 253905 258244 256821
266167 268033 291327 255356
266167 268033 291327 255356
333919 299008 229124 284170
289105 235289 286102 265449
257862 276819 265444 279013
295847 234380 269228 283500
270564 244005 306175 251690
251783 294355 281589 270327
298564 232762 275312 254735
262580 278124 254495 304507
332859 298219 229108 285918
279480 246857 305360 255268
286279 258717 270594 247768
289561 253817 271629 248495
289561 253817 271629 248495
332455 300022 227229 286833
268445 276172 243547 291319
290631 240424 266728 251560
297581 229507 281956 256697
333919 299008 229124 284170
286279 258717 270594 247768
290631 240424 266728 251560
338145 296238 230475 287558
338145 296238 230475 287558
338145 296238 230475 287558
338145 296238 230475 287558
338145 296238 230475 287558
338145 296238 230475 287558
338145 296238 230475 287558
338145 296238 230475 287558
349428 298750 276286 291201
334176 327766 248940 292926
326830 339437 271706 296851
310022 277585 311295 303612
307128 311744 273341 323610
291950 297987 281487 267139
304592 284021 309377 282224
298680 280537 285629 294724
319668 303877 279951 323329
332620 292550 285543 299206
334954 311201 258927 319827
313336 319808 270361 304748
338888 323717 264119 293576
345432 302364 267704 295960
310466 324790 256841 299290
323467 312474 271846 312422
331261 309628 266865 297659
324481 317985 274372 310940
338589 302089 273290 309282
328904 320127 270360 301498
323536 313357 276828 293536
310779 320261 275309 296324
326985 300977 281292 292187
335073 312944 279243 293021
330479 312302 264192 303543
347738 309388 284366 283679
342976 287187 311652 285336
334740 299630 287413 327905
324144 329010 264231 302049
312079 336988 284532 293346
307262 318637 287436 269050
295884 325000 298304 295372
336388 329303 284749 280113
296833 314398 302277 307928
321632 335489 274158 314031
308387 312739 300190 324536
327664 293775 288471 300855
328347 292257 295304 305455
316953 300538 308257 314915
341289 302073 292829 289485
320427 311488 281575 313307
333603 326221 269705 324635
322017 302700 305764 298986
322917 303513 300936 315775
331683 323102 269929 307740
314498 303603 281934 293621
323048 319869 270872 305493
314240 328911 283022 311511
319530 308767 293623 283617
334276 310722 289868 290212
331905 317182 286589 283007
319438 316810 300528 292031
324736 302559 299064 299807
324265 301506 297381 306194
311739 311339 286890 304641
319501 328419 286881 287214
332832 311331 284598 292530
358507 325899 284491 302724
343212 343143 300205 274237
328333 304459 325090 301184
327391 323362 282152 328264
323874 302917 314779 311508
299952 317946 311669 320711
328181 330446 288454 295243
321293 314340 295495 287220
322960 306253 308901 293699
337382 329071 288992 278828
316328 320056 293925 319178
347164 304073 309036 296358
308779 320783 311946 303977
339041 309215 296042 300364
326396 307038 303157 306381
320360 315939 303046 302862
315513 308545 314353 300530
324810 321947 290809 282682
332393 321548 289544 282217
307316 322405 287749 297376
330928 324343 285064 318457
331703 308129 299812 302614
326204 311061 300880 294728
342722 310460 300631 297849
330800 321068 285613 310235
328480 327277 287440 299020
329906 328560 287384 294226
346673 321142 284999 295684
330426 325113 290432 295236
330923 304198 288995 307028
321792 303786 289095 306900
325649 322507 289130 296036
346721 309446 295702 312380
344945 308409 299932 310411
333558 323200 296927 288425
330429 331059 288817 302503
328628 312836 322469 316878
324675 309571 305820 329305
316560 349856 293666 309046
320038 327479 314585 302456
319287 336695 290080 315574
343482 332256 290894 300310
324773 320525 302235 323281
326464 323589 294320 297971
321423 314424 304015 289428
324626 322075 295640 293724
340758 313483 298824 304492
326876 309187 300596 321643
338574 313224 292552 322428
324617 321040 290805 312679
336027 309221 304507 303187
321054 317121 305086 308910
331943 316563 297110 323148
339839 309370 301110 306389
332974 314658 294444 310228
339833 317105 302190 304059
362423 315037 325660 308911
357646 318289 296782 326474
347396 332658 297117 290382
343119 313628 315969 320782
327793 334400 292245 316591
326702 344422 299404 300898
322644 332021 304516 292988
340371 328098 294529 310164
351632 322912 301254 298695
337912 319444 305782 304494
324416 316966 306570 296210
323329 324521 314608 299444
325384 321696 298661 314884
334736 315256 320610 309473
326498 325526 322403 295306
322923 326679 310154 292019
328727 330765 299931 307530
334018 329840 304566 307795
322959 317402 309959 302118
335803 322420 304071 307998
334664 321781 298306 317800
347481 325536 294713 307199
348204 319038 306311 299587
347975 320071 301963 308959
351824 331907 303719 307265
350391 327118 317315 294937
343229 348393 311692 306898
340972 317759 309245 306954
337219 327211 311748 320429
323745 321011 324458 303449
326119 341391 323096 310777
347364 323281 314529 297196
344732 323630 307080 313677
325926 336044 304590 311927
343413 330051 306008 305507
343569 317887 311039 319664
343140 335054 314597 315329
