4845 112.205
298027 233133 169456
276739 253149 165617
271149 283316 167793
245770 181390 214494
237406 192490 223564
207042 225954 205961
273111 258566 167346
271019 282692 167797
279919 240672 168257
286639 236175 168720
291622 236113 169826
243972 188774 219100
237406 192490 223564
268051 256590 168032
283918 239742 169854
298027 233133 169456
294335 246961 166496
284720 246845 167885
245770 181390 214494
255476 187430 190025
260971 184653 211294
276739 253149 165617
263788 200981 172919
260971 184653 211294
238338 189866 217455
268051 256590 168032
210323 219194 210335
273111 258566 167346
259099 199113 173656
209791 222715 207903
210035 220514 203845
252130 182399 213531
279535 249272 169268
209480 224609 206206
209176 227915 202175
246878 192861 180769
249355 189160 195761
277811 250772 166399
252130 182399 213531
211437 220059 203040
257111 185348 200974
214595 226362 187298
228269 212838 172803
277811 250772 166399
229403 200524 185719
218622 207107 182955
250136 185372 209714
217767 206339 189282
211523 229560 197882
213515 225194 193622
236899 195463 181886
223892 209724 177736
213469 227415 192645
238338 189866 217455
243972 188774 219100
243068 194637 179828
234962 198919 178378
252826 188116 194772
222146 224191 176478
215535 210102 204783
241352 204791 173045
226684 203191 194932
216841 205582 199742
294335 246961 166496
214793 216331 192340
262122 188510 185411
226991 202731 186428
207042 225954 205961
262522 193927 177450
248862 197008 175093
211618 222348 198719
223889 201667 200790
222002 218103 178676
216304 218736 181665
234391 214357 170739
216590 211514 190887
229132 199878 191774
232189 195840 193881
291622 236113 169826
245371 190729 202871
210027 222250 207991
252534 186758 196667
230722 199231 183977
237725 208984 172141
235633 217885 169943
211908 215556 193710
237896 192358 200047
286639 236175 168720
250258 190952 188526
247794 197590 177543
242149 194380 181353
226132 203482 191256
223467 210576 175753
231670 198391 184554
243223 213620 170602
225046 198690 196284
240720 210868 171793
233155 196502 187665
214922 211535 188173
254187 194830 174451
230156 202440 177145
257111 185348 200974
218774 208122 179133
220583 205203 184315
211523 229560 197882
225704 215289 175433
219578 202807 198422
239008 206271 174181
239626 193107 189202
219636 204353 193029
238025 193457 186788
233892 201180 176894
215535 210102 204783
244830 205686 171314
243587 191640 185237
209176 227915 202175
251581 193226 179406
253039 189638 185175
250136 185372 209714
213488 228976 191693
232840 198163 183596
254458 187479 188126
250993 190977 182582
235673 196735 182878
248109 196129 178765
228730 203734 176101
284720 246845 167885
225002 217178 174699
252534 186758 196667
246043 202289 175501
232228 207949 174881
251195 190387 182394
239180 213426 171255
225817 215791 173599
224862 205177 187912
242655 192815 197956
220412 227252 178726
253459 188802 184191
279535 249272 169268
231409 205728 175802
227807 202308 183679
238514 208582 172034
217080 210803 182086
263713 194198 176776
210027 222250 207991
228683 198109 193063
242206 211105 170796
240174 202707 176729
222383 204937 189250
283918 239742 169854
267962 228735 180855
248858 197085 186647
238615 229665 185069
240845 210281 183779
256673 223263 180910
275447 233027 183599
262187 240614 181546
256384 209408 192624
243757 229513 207889
240285 232458 207299
245515 213717 189829
271081 228687 185841
241769 238380 199716
251231 211956 199514
270266 229998 186669
242430 230582 194878
256343 210865 189186
273780 244311 182590
254387 214092 197466
245942 230953 211434
263802 243432 185642
246207 236656 200390
256409 217253 190253
251867 220716 197660
266304 239317 189366
270106 232552 189945
249518 225128 195247
249514 226825 199145
266116 216443 194081
255276 235178 192196
247020 237377 191543
246853 227765 193077
271685 244200 191116
266589 256204 189062
255469 217579 199318
255166 259695 192886
252370 223110 205106
250010 225762 197735
264699 245857 190589
252322 231394 194872
260050 221404 195067
258532 223972 191550
252904 225467 196739
276282 226588 191565
269310 251080 193121
260025 218766 200057
254101 226217 204691
251148 239578 201433
271989 219425 199970
274844 239617 192168
263120 225918 199987
256155 229708 202060
259483 229157 196576
257596 236090 201436
259195 238026 194199
254092 238471 195296
259235 232230 195938
261554 226343 196335
293914 229478 192034
272893 219213 204924
269863 261131 195891
254873 239167 208848
281200 251988 192776
255106 253060 202337
260164 235241 199190
275660 245221 193553
290199 239438 195772
272411 223936 205074
273343 243096 194200
257904 231653 203369
258339 229488 207375
269436 230679 197373
264233 225574 205037
265296 236014 197042
260393 237684 196216
275186 229761 204746
256111 239654 197361
281489 256583 195788
273083 230780 220735
257289 253392 207712
270108 231103 216665
259108 233799 209584
262741 235378 207229
266233 236927 205761
267162 248900 197108
258069 246708 198106
271044 233620 201967
277055 237595 200510
257775 243062 203960
257319 249285 205177
260505 237960 207783
271663 240038 199029
275244 239672 199925
274608 238482 200711
259943 240867 197815
269451 237370 203853
258191 242384 205361
270048 238454 203368
276452 231060 207517
291158 238318 201593
286509 235911 214492
276672 252784 197442
275331 258663 200248
259642 251778 215020
261509 237590 211866
280642 241566 202945
262289 249462 203858
269861 237042 208031
260182 256260 201396
275469 242754 198164
265159 245327 207183
282525 241830 201749
266510 237261 205956
266344 246909 203365
269071 244834 203739
270497 250857 201103
272301 245093 201253
286483 252076 200021
280515 259073 198600
270653 237360 217398
270144 272670 206119
261603 241005 212785
263450 250127 207021
285838 244820 202131
275697 238398 206088
267864 240451 206342
271229 249248 203464
274721 248718 202241
275622 242805 204021
275486 245458 202265
295629 253330 202188
276570 239476 207183
274054 268236 207548
268149 241889 215925
270476 248308 208283
286798 252369 204667
277247 245313 205939
289076 245007 203855
287262 263341 206355
284758 246548 213713
275656 263959 209966
270863 247582 219554
279180 255986 207956
274730 248724 216491
276573 254025 208036
284946 256902 232361
282591 260790 212356
277241 258143 215190
285629 259326 220345
284272 269111 216124
298027 233133 169456
276739 253149 165617
271149 283316 167793
245770 181390 214494
237406 192490 223564
207042 225954 205961
273111 258566 167346
271019 282692 167797
286639 236175 168720
291622 236113 169826
243972 188774 219100
237406 192490 223564
294335 246961 166496
279919 240672 168257
283918 239742 169854
260971 184653 211294
284720 246845 167885
225002 217178 174699
263788 200981 172919
268051 256590 168032
226222 213884 174841
298027 233133 169456
224254 205107 190783
243582 207476 170425
250993 190977 182582
219578 202807 198422
277811 250772 166399
273111 258566 167346
210027 222250 207991
232189 195840 193881
252130 182399 213531
263788 200981 172919
279535 249272 169268
263417 187507 183544
228128 203481 195170
210035 220514 203845
217159 213756 186035
224912 212078 184696
269765 192525 178621
234257 205395 187026
221193 209748 197297
213469 227415 192645
228683 198109 193063
252534 186758 196667
275384 254587 168731
222146 224191 176478
252130 182399 213531
247262 191811 186554
237711 194231 218850
218996 205334 207848
238338 189866 217455
211124 218735 215451
210323 219194 210335
213515 225194 193622
280480 250631 166330
248826 187247 210299
207042 225954 205961
260971 184653 211294
214922 211535 188173
228307 199398 188661
259087 206703 174888
275384 254587 168731
211124 218735 215451
250136 185372 209714
276739 253149 165617
227720 209345 175989
236304 195162 211257
211437 220059 203040
239597 233435 173880
238338 189866 217455
242793 202375 179577
240143 188787 202054
237163 197685 183694
209176 227915 202175
235924 204432 183174
245770 181390 214494
255476 187430 190025
258637 189918 181219
236568 207532 178619
249355 189160 195761
244869 197401 179493
232466 205798 187851
294335 246961 166496
216841 205582 199742
233129 209605 174329
250136 185372 209714
213209 208147 206383
216118 210581 195828
255476 187430 190025
280480 250631 166330
211523 229560 197882
291622 236113 169826
257111 185348 200974
268368 189900 180329
214704 211017 201009
209176 227915 202175
243189 189540 200799
286639 236175 168720
251621 188495 196968
259393 193974 176732
239504 208657 177440
257474 188575 188971
244214 186662 218915
209791 222715 207903
237896 192358 200047
223952 208811 189182
253877 196449 176725
240702 193658 183081
245621 230848 170200
245621 230848 170200
268051 256590 168032
240974 200137 179838
231072 205853 180867
237993 205324 177599
246912 193191 184745
241220 208903 175724
219574 205195 204516
253877 196449 176725
212419 209380 207036
241027 227234 174172
284720 246845 167885
213256 218821 204986
229679 208408 179266
214659 220044 200901
211523 229560 197882
283918 239742 169854
209480 224609 206206
246453 191867 192862
231072 205853 180867
236054 201595 180491
251749 190465 186259
229679 208408 179266
212419 209380 207036
223020 213756 185298
279535 249272 169268
239597 233435 173880
223268 210613 185270
246758 190649 197476
235122 200438 185709
235122 200438 185709
243876 203266 176441
258637 189918 181219
245668 201932 176896
223604 201865 204812
216118 208701 204958
241220 208903 175724
279919 240672 168257
216841 205582 199742
273908 201216 198665
247804 226997 180745
221621 221180 186922
230527 206235 195240
261378 205188 192956
264135 211091 181852
222360 215423 187199
222903 220883 186384
282623 251769 187053
267722 215952 197792
224023 220790 210811
240377 237758 191682
225265 224037 196249
231349 221200 207583
256900 234592 188557
231060 223866 199071
235632 236481 193601
250627 220091 189510
257250 217932 198970
246329 218240 191683
248283 216147 209066
272225 222490 193073
271637 233230 189802
263908 219439 208864
238865 227674 214655
235150 247866 201230
254066 239172 190316
257716 220526 194689
253117 228279 201916
242979 228324 200550
248451 231365 196325
266329 224395 192191
250905 229464 198941
266507 229484 190960
253250 226950 197770
255349 231350 190908
254428 223401 193361
255001 220733 196504
288290 240278 192587
265543 256242 193314
264957 222202 215760
245857 238906 201330
248567 233095 203994
259337 222723 212479
272617 223044 197257
261884 248184 195104
252941 233110 201739
268883 246572 193945
260223 225777 198312
256152 242586 195242
258839 235146 195355
257885 230245 196274
267615 224039 196115
256515 227118 197560
264897 239593 194572
270265 223399 197778
271882 223765 196843
257445 226380 196383
259386 238933 195321
276643 225518 202013
273748 242550 195850
257419 250404 196319
246960 243604 217851
246043 244090 207984
265886 225524 213521
248577 238219 209363
255665 241982 207215
262846 247254 197225
256630 232781 202906
259662 230666 209305
260458 240159 200550
261093 234589 198910
265312 226568 196465
255773 236597 208356
262420 227969 202379
260358 234185 202442
262843 227943 207220
276778 242563 196414
269592 252062 200488
268533 226783 201850
264963 228551 209910
257976 245335 209401
262910 230827 204537
270081 235642 197415
269634 249338 199740
262045 242538 200491
262180 235543 201258
269896 226994 200578
285228 251334 197242
279193 264180 198915
268726 229547 213190
259016 251303 213052
263452 246120 205530
277448 231503 201633
266896 244314 207270
281733 230544 209077
273536 253430 200541
262556 245137 205908
279255 241211 199527
276515 257295 199854
266489 238757 209195
270549 260149 199830
264249 232811 210346
263416 233975 211337
268585 261622 200652
268688 236586 201355
265506 232522 211207
271207 230961 205590
276272 263518 199332
275185 233609 201502
287494 239760 201708
286568 242129 201594
273090 234244 210645
262154 253109 227924
260240 264489 214686
268278 237892 215209
280323 234972 202702
276207 243150 202682
264778 246023 208636
266514 251053 207744
275293 238802 204394
271406 234624 211578
273807 248351 205862
263086 246887 208125
271774 244369 206102
269705 251351 205000
274287 244994 205685
270866 246150 207607
270040 242336 208307
288997 253334 201880
277100 254420 204670
274124 235588 219653
266631 251561 208591
278651 240932 205410
268087 248567 216244
272713 249936 207463
274074 245404 213286
272900 243879 217450
277024 249190 212864
283927 241654 206552
270974 253113 220330
270923 256806 213234
280251 246522 216747
273879 251120 209481
275775 246347 218707
285358 271223 208325
277427 253063 214727
274927 259413 232932
295579 253722 215869
281183 254057 227750
278351 261072 216656
288942 263446 216815
298027 233133 169456
276739 253149 165617
271149 283316 167793
245770 181390 214494
237406 192490 223564
207042 225954 205961
271019 282692 167797
273111 258566 167346
286639 236175 168720
279919 240672 168257
291622 236113 169826
237406 192490 223564
219578 202807 198422
243972 188774 219100
294335 246961 166496
283918 239742 169854
245770 181390 214494
284720 246845 167885
298027 233133 169456
268051 256590 168032
257111 185348 200974
228019 213443 184547
238338 189866 217455
277811 250772 166399
279535 249272 169268
224254 205107 190783
261218 191147 178286
210035 220514 203845
210027 222250 207991
252130 182399 213531
213469 227415 192645
216841 205582 199742
211437 220059 203040
221193 209748 197297
209480 224609 206206
243582 207476 170425
216118 210581 195828
264197 191064 178186
230856 209009 190040
252534 186758 196667
234529 207367 183911
273819 253688 168955
260971 184653 211294
225837 215589 179930
228683 198109 193063
268368 189900 180329
248539 190200 191949
211523 229560 197882
252130 182399 213531
229590 210209 180683
236304 195162 211257
213515 225194 193622
240143 188787 202054
280480 250631 166330
235342 212495 179394
237711 194231 218850
214922 211535 188173
258637 189918 181219
234839 204013 182836
244419 203280 172297
275384 254587 168731
273111 258566 167346
241311 199192 181302
263713 194198 176776
250136 185372 209714
209791 222715 207903
253786 202786 177128
272741 239873 169617
210323 219194 210335
233806 207992 186206
251444 197939 178047
263788 200981 172919
225002 217178 174699
225002 217178 174699
209176 227915 202175
222146 224191 176478
242456 195630 185359
207042 225954 205961
237896 192358 200047
214922 211535 188173
216841 205582 199742
248041 192978 187292
294335 246961 166496
222360 215423 187199
255531 190487 180959
260238 190720 179540
291622 236113 169826
260971 184653 211294
232920 209118 181803
232189 195840 193881
209176 227915 202175
286639 236175 168720
276739 253149 165617
254977 187821 195176
254609 202101 176858
249468 192463 183459
245459 193821 184937
245621 230848 170200
239096 209398 179025
250465 190999 187032
237967 226599 173829
224579 220098 186052
263849 195577 175679
250136 185372 209714
248826 187247 210299
275384 254587 168731
236447 196515 186181
249355 189160 195761
243189 189540 200799
243297 200320 179094
238338 189866 217455
240981 201535 181271
243050 213792 176255
268051 256590 168032
246758 190649 197476
244419 203280 172297
284720 246845 167885
236533 203546 179552
280480 250631 166330
211523 229560 197882
254705 189919 189319
210323 219194 210335
241622 215134 175016
246912 193191 184745
251484 193755 177292
238792 214458 178182
244214 186662 218915
237967 226599 173829
250993 190977 182582
255476 187430 190025
248169 192503 190709
279581 250035 168159
239463 205280 176547
254977 187821 195176
238419 195641 182316
245621 230848 170200
242913 192899 189052
209791 222715 207903
232189 195840 193881
233201 208207 188833
210035 220514 203845
225837 215589 179930
243972 188774 219100
233201 208207 188833
232345 195553 193770
283918 239742 169854
255138 200696 176384
241622 215134 175016
271149 283316 167793
251581 193226 179406
257925 209820 178675
253431 237052 186281
250698 211991 192468
238462 222316 191184
247085 232202 190488
238698 217017 191512
256743 230258 189916
253099 226746 191155
276588 211532 204458
272568 246814 187317
263918 262956 190803
244327 226886 193833
259229 216190 195359
264987 211741 199720
248100 220828 198151
251080 223234 194689
244846 228749 192124
264488 231997 187424
273162 222031 189015
266338 222759 187442
250674 224987 196352
294112 248033 189028
268484 259089 192210
260099 221302 204495
251057 236979 210321
278807 248940 189645
270700 251061 191951
254757 227042 206189
255292 237604 201345
269382 225010 203977
257002 240826 194680
256039 247532 193423
271178 221891 195538
251885 238939 196202
267938 230120 193718
264701 235739 195352
258399 232208 198485
257543 235855 198915
276056 225684 195363
277472 232803 193493
264924 239328 194275
258370 226028 206141
258438 238082 195107
270513 236915 191979
298055 267007 190318
263973 225527 204713
263100 227580 208965
252662 247769 200450
276984 228274 198595
263679 253699 196141
260242 234565 199677
269321 232593 200932
254328 241404 199376
271375 250016 192499
274758 227019 204709
270148 242263 194448
266825 249047 194458
271323 233439 198132
289302 251579 192824
283215 251963 195534
274880 228071 208235
255034 247284 215521
260783 240394 204075
279538 229310 200103
264007 238251 206581
272386 235359 200965
278069 234882 199806
270339 250392 196675
257577 241494 200943
276405 244128 199559
276716 249589 197407
265545 240854 199734
263162 248219 200465
271285 244947 199703
294193 253636 197781
277550 229131 213040
270351 240202 214404
262848 254643 208531
282123 232277 209788
270179 245559 200043
280811 237932 204946
264699 242794 201715
263361 241834 202000
265399 240936 205089
266293 240717 208928
287642 249003 200902
281753 229476 224525
279822 255805 200692
265040 243967 203474
285288 236182 217630
284324 239150 211008
272514 242849 203570
270385 254594 201715
265999 244071 201764
287925 244285 208185
285824 244239 213460
277571 262762 202483
274921 244601 224034
265816 259794 211198
266644 251095 209041
281074 248266 204155
273531 256056 205281
267682 254000 206059
270636 258618 202785
283000 246441 206912
268270 248519 207914
272390 245164 207792
270798 246415 211638
282602 244492 208563
293993 254350 205645
281850 245609 211095
274750 268940 203183
269013 256951 230743
268248 270931 208268
266874 260639 214634
286775 252693 208057
280069 261808 203215
275464 248842 209909
283272 258840 205712
272395 246257 211182
267665 257199 212556
303717 263562 206580
287244 266282 207509
283910 248849 216099
272635 252236 211489
289595 252939 208143
282652 250198 214398
281365 258140 209916
280706 255234 210663
279527 251655 211334
287934 265753 209147
283860 250745 209998
292669 251047 214509
292364 267289 209527
273358 278328 213767
272742 257822 224650
286352 252139 224270
282547 265048 210229
275489 254846 214905
275716 254223 212941
299948 285483 213401
294765 256882 215037
285355 259539 228600
278851 272671 222254
283720 267530 220460
288191 259882 216650
282288 263006 225032
283464 262200 226956
287527 262549 215263
304671 275067 226664
