136 2.31824
157914 100451 104774
149487 125315 96803
142156 95908 112944
118343 124417 131947
117104 136219 112778
117104 136219 112778
128152 104602 129896
120104 133410 111198
124272 106111 119779
123060 112272 125420
118343 124417 131947
126140 105378 122613
131402 101253 116071
153434 97277 107529
157914 100451 104774
149487 125315 96803
123060 112272 125420
148196 119002 98225
145844 100863 98748
142308 98168 107504
153434 97277 107529
119239 119138 120100
117834 130338 112387
129952 126945 98101
120698 112783 106211
130507 104145 123515
133714 121223 98978
135916 114899 99840
144612 126886 97685
118854 129294 111700
127792 109127 110019
129172 114693 102234
139120 97406 115918
117674 135762 110275
128203 116118 102987
134715 103025 102419
141621 97151 110269
127020 106997 113225
129283 112905 106008
135231 129314 96939
128243 112763 106483
127852 116792 103870
139907 98908 109801
137777 111468 99934
133117 112899 100596
131666 108432 103552
133728 102274 116065
133714 121223 98978
131666 108432 103552
131287 110225 103190
145437 97150 109834
125344 110996 113748
128160 119479 103665
117834 130338 112387
135907 98794 114421
126661 126433 104510
139012 126129 97933
135897 111066 101469
148793 97499 109250
120018 124977 111503
137777 111468 99934
131358 106381 108365
138601 99584 104836
148793 97499 109250
125100 126875 105138
123569 126172 105552
130507 104145 123515
139049 111555 99140
148196 119002 98225
131358 106381 108365
134350 101092 107110
134024 100090 113584
123464 112033 110562
118854 129294 111700
144612 126886 97685
126832 104624 114254
131287 110225 103190
133117 112899 100596
133556 103228 101967
128042 105479 109428
133556 103228 101967
139907 98908 109801
130268 112055 103954
134350 101092 107110
127801 126442 101551
138601 99584 104836
127852 116792 103870
130101 110807 105338
129184 106892 106089
135916 114899 99840
133171 103804 109703
117674 135762 110275
119239 119138 120100
134024 100090 113584
126243 114760 104878
133171 103804 109703
135907 98794 114421
117919 125290 119787
130410 105426 110652
126832 104624 114254
135231 129314 96939
129283 112905 106008
120018 124977 111503
145437 97150 109834
127020 106997 113225
130101 110807 105338
135897 111066 101469
125100 126875 105138
128160 119479 103665
128042 105479 109428
117919 125290 119787
123569 126172 105552
139049 111555 99140
130410 105426 110652
129172 114693 102234
130268 112055 103954
123464 112033 110562
126243 114760 104878
131402 101253 116071
127801 126442 101551
157914 100451 104774
157914 100451 104774
153434 97277 107529
153434 97277 107529
148793 97499 109250
148793 97499 109250
139907 98908 109801
139049 111555 99140
138601 99584 104836
138601 99584 104836
138601 99584 104836
138601 99584 104836
137777 111468 99934
135916 114899 99840
135916 114899 99840
135897 111066 101469
135231 129314 96939
135231 129314 96939
134024 100090 113584
134024 100090 113584
134024 100090 113584
134024 100090 113584
134024 100090 113584
133171 103804 109703
131666 108432 103552
131666 108432 103552
131666 108432 103552
131666 108432 103552
131358 106381 108365
131287 110225 103190
131287 110225 103190
130507 104145 123515
130268 112055 103954
129283 112905 106008
128160 119479 103665
126243 114760 104878
123569 126172 105552
119239 119138 120100
117919 125290 119787
117834 130338 112387
162465 101391 105948
152094 114007 100155
140174 98232 116711
131703 127018 100488
126221 109532 127035
120712 118127 116274
130319 105247 120166
143934 100651 113651
142393 114936 102540
148431 99429 109303
122555 115195 118467
121664 124542 108394
127114 121198 104890
126258 111453 117254
145635 103422 106754
136842 106191 108702
143960 102087 111341
138579 101552 112967
136168 107952 105216
124369 120460 107739
132824 112280 105234
120952 116634 111674
124633 117514 106673
147511 107953 100690
123193 118575 110522
137573 103798 107068
134359 121173 103379
130941 116330 105228
127958 120675 105526
134436 104715 113646
133904 108015 117624
135082 108389 106797
123670 122535 109863
121944 124026 109315
133180 123672 102793
123670 122535 109863
124211 117879 110829
137834 104860 103224
124096 120841 110433
150271 105046 100524
136897 113739 102800
150271 105046 100524
147511 107953 100690
124352 123313 107480
125933 113441 109527
139289 113255 102586
139454 116998 100623
130002 108786 106692
124434 117014 111610
123193 118575 110522
128820 114258 106924
128958 113052 107514
128820 114258 106924
128958 113052 107514
125933 113441 109527
130002 108786 106692
130031 108102 107540
124352 123313 107480
130031 108102 107540
150271 105046 100524
150271 105046 100524
150271 105046 100524
150271 105046 100524
147511 107953 100690
153868 106159 105008
143852 99870 128917
135549 137400 100617
120932 124536 118469
151461 101075 121915
123764 125458 110240
144963 102405 111566
140177 123132 101103
121334 119549 112931
141758 107403 103864
142820 104234 107937
138201 106882 116739
121915 120414 112102
129032 121913 109561
126162 116599 115379
130298 112288 120799
128226 114033 118052
131204 118026 111171
126797 115216 115761
139065 111776 104443
132326 110705 106915
133517 115313 106470
126114 122303 110008
134454 109210 107117
134655 106755 119572
141072 107889 105776
132185 117276 109825
143708 105292 107489
135051 113443 106062
120932 124536 118469
130944 112927 118153
138427 104682 107506
134542 108199 107691
150783 106595 110002
147031 105991 112735
144192 108628 105828
135024 107160 124335
130896 127003 111393
125818 124275 114577
139119 106030 117424
143017 118090 106544
140325 111869 108339
139143 115350 108384
133235 110795 113521
132934 120691 111734
135587 108993 116843
135192 113854 113165
132173 122208 115871
135012 121627 110580
136096 116567 110374
136761 108705 115078
135244 117695 109763
138904 106452 112180
141868 110863 110510
132268 122968 111725
140791 106360 114922
147014 109618 110321
139452 107622 112624
134184 114600 121477
129917 129438 117227
133796 119462 117988
135662 118964 111302
134670 121999 115836
133994 122600 111970
150819 117957 112334
142965 108383 123547
139283 122020 111977
136080 129840 113236
140308 108534 114153
139945 114287 114124
145419 112984 116793
141736 108580 122285
140457 118288 115016
143015 115734 120127
143074 111758 120635
145845 125281 116283
144740 98544 116768
137600 127022 100589
134381 98012 128834
125775 102674 128939
116277 130671 109333
104372 120915 126925
143648 100860 114996
104372 120915 126925
138656 105809 107452
131054 123548 103668
131054 123548 103668
106255 119558 126923
110878 127765 113085
116277 130671 109333
126465 116491 103823
113234 109476 119471
127296 98593 115980
143648 100860 114996
110004 113430 123011
110455 111784 124916
131801 118671 101448
127719 127036 101700
111620 113105 114385
116632 104719 117952
121956 115868 105712
117604 113697 107429
108481 117373 125413
127633 102386 114744
107512 120287 126143
128571 98305 120443
125346 112671 104792
116632 104719 117952
120434 103249 122110
135784 116451 102595
107512 120287 126143
133395 112567 105959
112325 114842 114166
113821 118568 110369
109038 117549 121656
128571 98305 120443
137600 127022 100589
121594 108880 109190
119032 109312 115187
136471 107070 105977
110004 113430 123011
144740 98544 116768
116345 120181 104719
116981 110386 113362
106255 119558 126923
125230 109480 109052
131163 105457 107571
123518 105949 115095
131801 118671 101448
118321 111325 109824
124459 111657 107313
118617 118399 106477
135309 109968 103796
119974 108564 113973
122177 111873 106899
115348 111714 116238
115930 111593 115890
110878 127765 113085
112325 114842 114166
130147 102546 112787
120283 110816 110935
108648 120776 122337
134381 98012 128834
108481 117373 125413
123892 102975 111849
116702 117802 110130
110972 118649 109349
119722 105801 116913
133902 106778 107194
121956 115868 105712
123046 106468 112165
110116 112197 121782
122997 107990 110368
112511 111762 111738
127060 106436 107918
131114 118619 102890
129120 105308 108556
129120 105308 108556
120835 106859 116059
125706 107342 108882
135784 116451 102595
115519 118561 110912
112472 110660 119679
138656 105809 107452
108648 120776 122337
129660 107647 107890
118321 111325 109824
119737 104972 117373
115348 111714 116238
119974 108564 113973
110455 111784 124916
120434 103249 122110
129660 107647 107890
122177 111873 106899
119884 107574 114228
120767 110563 108223
118617 118399 106477
123892 102975 111849
110608 120874 115489
117205 110672 112454
109195 113665 116232
130147 102546 112787
135309 109968 103796
136471 107070 105977
116702 117802 110130
116191 110961 110367
122997 107990 110368
133902 106778 107194
118728 110215 112671
115699 105191 117131
127060 106436 107918
109195 113665 116232
110116 112197 121782
118728 110215 112671
119737 104972 117373
120767 110563 108223
133395 112567 105959
112933 110438 117035
117205 110672 112454
109038 117549 121656
127633 102386 114744
112511 111762 111738
125706 107342 108882
113821 118568 110369
112933 110438 117035
112472 110660 119679
121751 105037 115412
131114 118619 102890
123046 106468 112165
116191 110961 110367
116345 120181 104719
120283 110816 110935
115699 105191 117131
121751 105037 115412
127719 127036 101700
127296 98593 115980
110608 120874 115489
116664 106986 116772
120835 106859 116059
115519 118561 110912
119722 105801 116913
116664 106986 116772
110972 118649 109349
144740 98544 116768
144740 98544 116768
144740 98544 116768
144740 98544 116768
144740 98544 116768
133902 106778 107194
131801 118671 101448
131114 118619 102890
125706 107342 108882
120835 106859 116059
118728 110215 112671
116664 106986 116772
115348 111714 116238
113821 118568 110369
112511 111762 111738
110116 112197 121782
104372 120915 126925
139896 108219 109402
131084 120081 105397
127000 106067 116006
117098 125841 111230
108374 120162 130053
119311 124462 110008
138137 108213 114347
113366 120685 114275
112601 118117 125347
122717 107794 120138
113653 119784 117115
111322 118336 118209
116366 107985 125224
114762 111985 117827
114974 110355 122116
120056 118089 108653
112627 115417 119367
115941 114342 115037
128100 112861 105793
117664 110469 118680
118395 115944 114988
114614 118606 112724
139551 108991 113392
116055 109986 120787
126802 116297 105476
123551 109041 113294
120683 114051 108255
126802 116297 105476
121457 108528 118664
120622 113574 110902
121651 109832 110885
128079 113030 106554
124828 110182 109388
122335 109270 112378
114974 110355 122116
119601 118496 107426
128079 113030 106554
128100 112861 105793
124828 110182 109388
121787 107957 118815
122335 109270 112378
121477 118376 107593
119667 113971 109227
121755 109114 112938
119667 113971 109227
121755 109114 112938
126802 116297 105476
121755 109114 112938
119667 113971 109227
134827 106349 118824
133542 113343 107217
121698 110082 124679
112228 124286 123348
128885 108031 119911
132273 109726 117483
112756 116904 121884
120570 114911 110213
129181 114299 111419
121251 122831 109985
125065 109913 112742
124575 115740 109197
115208 116406 120527
116877 118882 118157
134256 108784 119342
123016 120615 107543
118119 114345 117811
115561 119507 116210
124130 110708 113719
117708 121099 113266
114633 120987 115471
121705 111625 122626
115909 112270 118715
117325 119775 114381
113616 120800 119763
123064 119733 109659
122326 110841 112180
116651 120758 114743
120748 114049 111823
117068 114034 118549
122140 110928 114689
121756 113440 112989
122095 112024 113130
121841 109982 117519
136766 109661 119414
126496 124062 108618
115383 118463 122700
115277 127963 117391
129656 114876 112143
136728 115178 110988
118332 120148 114603
122316 126039 110079
120575 119398 113207
128093 111151 116047
117873 114351 121504
116955 116835 120134
122094 113121 117830
124576 112969 115096
119588 116329 119378
123642 110724 120505
123347 117899 116887
125776 111446 113057
126178 113773 112604
123493 116138 111191
123460 118304 115018
130655 111664 121162
129588 111934 114055
123722 114506 128744
118785 125286 115845
117453 122721 127764
127701 119338 114450
125319 114971 123336
124263 111919 127274
127466 121638 117237
121715 118073 119425
118010 114987 121917
120787 123385 117491
122800 117381 118173
126089 116085 121296
123079 116576 119285
126510 122804 116285
118506 123444 117683
123832 117558 117980
129951 112348 114127
124985 125400 117471
118791 116188 131678
118284 120535 127945
119651 115547 123731
123825 121863 121237
125875 119811 118931
128940 123087 118426
119041 124942 117958
132881 115852 114531
121474 125280 124122
135991 117425 118546
133720 116703 126499
133707 122575 118649
139157 105221 88932
139157 105221 88932
131966 94861 117541
131966 94861 117541
108479 119642 107400
107941 119321 116650
119399 97525 113245
138816 117019 90753
126324 113578 93265
134387 116515 92016
135379 114743 92349
137182 104521 92472
131127 95566 111158
111488 117866 99885
136674 114941 91160
108271 110168 109779
135864 107124 92857
138234 109546 91989
118703 117220 95793
121820 98174 110760
124198 106337 94957
119399 97525 113245
133194 107798 93765
120234 117803 94491
115312 103670 102881
110615 102801 108680
107941 119321 116650
119474 98848 101997
111784 100959 112433
126814 96383 107071
109451 106877 110322
121086 110451 94756
126814 96383 107071
113572 108942 101223
117685 111706 99029
122342 97321 104930
124627 105256 96716
115348 101877 105247
118004 101636 98212
117348 114798 97179
115175 99512 111806
114608 101870 108859
116286 102391 103967
115175 99512 111806
128410 95655 106663
128413 97300 97377
127753 112549 93898
127903 100169 99721
120507 98348 101577
112998 103272 103787
109875 109195 103371
115039 101379 106019
122787 105409 96342
136674 114941 91160
133296 112244 93642
118477 101229 104085
124351 96533 108650
111765 102005 108184
123408 113271 94368
121036 97613 111402
121820 98174 110760
118612 100480 105967
115818 100657 107803
116194 104345 100894
120734 106442 97638
126493 105376 95976
112587 112168 100229
123408 113271 94368
122955 105956 95168
130300 108162 93720
128768 115502 92110
118012 100431 106433
129254 112634 93844
130300 108162 93720
125757 103633 96929
119474 98848 101997
115887 106049 102095
128768 115502 92110
138816 117019 90753
109451 106877 110322
111602 102741 112203
115449 108305 99572
126289 110839 94560
122342 97321 104930
129619 112539 92927
128531 115943 92905
117685 111706 99029
115072 100259 108564
108479 119642 107400
117966 112052 97327
122955 105956 95168
120434 107575 97747
124598 111805 94126
114695 101078 108108
131446 104938 95936
115909 103491 101307
112106 106688 102704
115603 98400 109527
120420 110984 95707
115603 98400 109527
125448 104373 96740
115449 108305 99572
129680 100677 97372
128049 102747 97599
116206 102547 102436
110891 109010 103344
111488 117866 99885
113764 109478 100054
133542 114939 92145
120298 111276 97200
110891 109010 103344
110705 103393 103851
112712 105241 102444
115669 106720 101130
127816 101041 100733
138234 109546 91989
133661 100499 94407
128531 115943 92905
128410 95655 106663
134101 107206 94058
112106 106688 102704
131379 106984 94530
125448 104373 96740
119446 109649 98150
111702 110422 100886
135379 114743 92349
109875 109195 103371
129254 112634 93844
121036 97613 111402
116286 102391 103967
117646 100763 107462
118095 111787 98167
114527 101121 112329
114313 107221 101294
113764 109478 100054
114313 107221 101294
131127 95566 111158
119446 109649 98150
122751 107843 94691
113351 110173 100421
118477 101229 104085
123367 101162 100916
112998 103272 103787
115508 106844 100296
123212 101533 100481
125798 107553 94719
123212 101533 100481
131446 104938 95936
116232 104707 99732
129450 109264 93661
117348 114798 97179
113351 110173 100421
125798 107553 94719
122787 105409 96342
120420 110984 95707
117646 100763 107462
122751 107843 94691
120298 111276 97200
124351 96533 108650
134101 107206 94058
126289 110839 94560
129450 109264 93661
116232 104707 99732
133661 100499 94407
116194 104345 100894
139157 105221 88932
129254 112634 93844
125798 107553 94719
122955 105956 95168
122751 107843 94691
122342 97321 104930
118477 101229 104085
117646 100763 107462
142226 107971 91603
134226 116500 92182
123920 100767 109551
112840 105390 103363
135018 113448 93950
126494 102671 108324
121795 110438 97690
116613 104457 106431
116359 111967 101398
116388 108838 102288
132981 114451 94293
123960 102718 105258
130854 101121 102729
130200 103143 103505
128266 104549 97217
121498 104242 109377
114894 106948 102548
119352 106241 98598
123440 103486 102856
126842 104039 99034
118421 106169 102689
131942 107281 95260
129960 105236 96925
119065 106779 100950
125064 106386 96120
124446 114114 96793
125810 106209 99816
121850 114246 95007
133442 107156 95449
125433 112989 94500
126203 104480 99341
116553 112562 101185
125290 113284 95374
119215 112371 97379
119215 112371 97379
132860 115538 95240
128381 102377 111461
126145 103264 113662
125410 124364 95200
114534 113777 104436
117052 109276 107780
119447 113260 104560
125028 121348 97901
131427 104129 99797
130020 109667 96622
122655 104592 108842
121563 105794 111344
120680 108283 98973
123969 106624 100389
130272 104785 101913
119560 115236 98813
128436 105068 102890
126972 107809 97921
129926 106556 97955
122912 105476 103687
126498 106232 100965
122443 106108 108262
124807 103625 103610
126270 108129 97097
130006 113693 96060
121584 106173 104426
124513 105142 108042
140431 104461 102194
139625 104144 104140
133931 123667 96095
124542 104706 116372
120116 110703 115763
121294 116316 100195
121233 123447 106554
139487 112401 96978
124520 104983 111375
124106 105537 110526
131203 110118 97624
132444 105105 103230
125454 105273 105217
126706 108316 98437
122960 106181 105684
128783 105595 103921
130828 106897 98663
130162 107448 98295
123673 109127 99785
129183 109209 98076
121815 108486 103440
123053 108638 102345
123051 108212 104291
138759 107294 99455
133699 112754 97674
124090 106665 111840
123877 107388 116701
123114 124903 100346
121374 118312 109266
124821 113732 99842
126072 109436 103120
128022 108348 108083
131221 109048 100506
129674 111218 99250
125092 110925 101121
133445 108274 105020
123485 111197 105042
128799 107701 108984
127167 112329 99487
124047 108973 104204
125294 112010 100412
135948 112272 101974
135007 112841 98273
128256 117147 100870
126458 107420 116231
124032 114830 105308
133596 108167 113629
131378 109659 101977
124902 110712 108478
124430 110825 111991
126232 113941 104135
130039 107488 113700
129516 111417 104369
124991 110649 105199
128743 114052 101827
128710 114033 101984
137171 115249 101323
130691 108625 115868
128457 123707 103903
125635 110804 107947
133846 113173 102861
133494 111671 105288
128268 114433 104872
137555 120295 106103
132486 113266 110949
