24 0.28711
175632 159530 176890 125725
131577 148551 159171 150568
146422 138460 168056 180177
158347 187670 164793 139337
188466 161161 139911 157557
180564 120992 175012 170749
146902 148338 181268 141679
164946 167920 132995 173484
172002 127205 178669 159376
183771 122813 172639 162954
173099 154706 173349 128138
186393 159303 166594 130954
134713 164825 173830 144598
167121 179831 140022 156611
175632 159530 176890 125725
170288 125884 172064 160903
162257 167858 133511 174672
159785 182114 138780 158466
178662 162493 164617 132211
140302 165127 177988 142919
187230 161893 164713 133089
141858 146143 170943 166233
177276 130600 175152 156249
161821 135021 171075 154256
180796 131272 161881 166707
142391 177046 149662 157145
136298 165247 156696 155460
149857 140520 160479 177307
149094 140589 160676 177148
182017 131680 158225 168437
169910 129934 163257 168335
148641 153715 140642 170981
188466 161161 139911 157557
148591 184400 142597 170537
163965 170367 135447 160419
158485 132672 160518 170453
154287 149627 164544 144308
175320 129058 167800 165286
138451 171543 156111 152949
170861 150638 174843 134639
165046 172586 141610 153948
168465 146422 151376 163504
180101 140277 144445 169294
169571 162483 136214 165535
152581 145678 154591 168781
145401 149091 147053 161988
153652 149172 138808 161019
150281 171555 138636 161606
179526 165932 133943 153888
169073 171959 167806 133884
153447 135806 166698 169711
158924 149053 148987 172332
158285 164306 170454 137378
150733 147464 151488 164921
142400 153736 152726 155923
167324 128766 174108 160058
174124 167228 152645 134648
160321 185125 164731 139239
175607 136483 158513 162200
169100 161586 137731 156974
161507 139389 152276 165169
143665 160411 150341 162936
177415 137782 169481 147628
182717 166666 135356 153870
160426 176763 136862 162856
173211 142077 145271 167027
166562 151887 146141 151043
166395 169148 135273 170019
139521 148135 160674 172998
165862 161608 173311 135913
177742 140984 152929 153845
160514 139068 174329 152553
156919 157363 159871 145060
172884 154251 169745 141283
151287 171050 144847 146356
152376 156741 163874 143449
137171 169799 155068 155715
159077 144583 177609 143424
171514 143673 153306 162329
163837 174671 133582 160973
154554 138541 164351 156716
158869 155755 142623 143031
148086 184691 143957 169333
146083 154517 155492 148282
158032 167776 149249 143070
137171 169799 155068 155715
165676 173968 167248 136267
139010 168882 152469 153524
147407 153352 165916 149547
158928 169276 150229 139895
155893 141550 162673 162810
166232 142957 164383 148921
147056 150992 163164 150327
163880 155521 143907 148601
166889 158545 174061 136314
166581 142759 168786 151684
172741 166884 155474 138930
165939 132616 162471 158239
144437 152669 148928 160110
153700 141932 171304 147181
164058 144134 157563 153808
156432 156975 140399 158363
155204 163211 147979 151927
157089 139423 165161 154804
162917 147318 153480 164736
152125 166530 137123 159183
155144 163526 145695 144751
165811 162871 164072 141671
161809 154827 153853 152288
170254 159972 137145 165137
171699 142242 153564 163388
173573 150484 149644 140815
149374 145757 173071 138403
153434 146753 166107 149420
165545 144555 148896 172719
167784 137341 165223 155463
152071 172025 150334 142748
155498 164952 140161 158607
152349 158993 163880 142573
162654 141997 161037 154582
185873 161247 168044 133605
163016 132180 166018 157739
165349 163311 161590 140600
184728 168037 140154 152894
162882 164305 138401 172865
177567 163022 157791 140552
174469 153300 166575 139078
153894 145278 167328 159226
164798 152330 158090 142103
144010 152284 173882 148150
167886 168186 147776 137918
157760 157773 150540 151518
161740 138865 157235 157725
151026 153028 144732 173224
144058 168664 149002 158721
166804 171294 160680 137611
164379 143923 169621 153567
171765 137094 159110 150886
147976 156006 145440 161912
153296 167115 150236 150966
164946 167920 132995 173484
170111 163459 168353 136139
160242 144566 153914 162632
157364 146649 160359 155984
164398 151691 153252 153031
148986 163883 143646 168462
146456 164384 161856 141121
159593 163765 166307 139536
172015 132476 159963 155145
163647 160179 172919 140280
185873 161247 168044 133605
145135 168365 145449 162640
163479 168204 142236 148340
165235 144768 148360 172715
163699 144233 166524 147883
156571 146487 170151 154423
162290 145208 163790 155597
165726 163381 171771 139357
171905 153372 144519 157414
151477 164985 141059 164959
165254 151114 172530 138510
169742 157615 173809 135940
147741 168793 153310 147349
177224 132288 164986 167537
173573 150484 149644 140815
151600 167019 153659 148050
154087 166707 161779 145544
158659 173971 156646 141093
172414 154433 155034 145896
166016 158425 156995 142209
161059 145023 166908 144768
146347 172398 149040 157174
166376 141392 154288 156400
159315 140103 154230 157953
163837 174671 133582 160973
167517 166069 133804 154674
168135 140971 165223 144894
170557 146494 153385 162680
144240 148038 150512 155182
176153 158600 166375 140229
162288 164319 162731 139733
151478 160718 172358 145710
148986 163883 143646 168462
161008 140863 152594 169342
149235 154296 168438 145716
156950 148057 156933 147122
167305 136691 156054 166030
147824 147004 166052 151593
184728 168037 140154 152894
179559 167343 134523 153462
169208 159741 141980 153270
162749 138248 164832 155650
166996 140729 159565 154337
161113 148518 159987 143299
160801 145702 160439 155442
158779 148625 156487 151852
156930 151326 150782 154554
177195 150776 169548 140456
162408 149383 146649 154182
162458 148469 160795 142230
169109 139957 155487 162051
166654 160809 172098 138136
167359 162584 170373 139199
165122 164979 173615 136266
169521 147905 153455 156409
158536 151375 159363 146732
179544 168372 136665 150135
151132 166669 160741 146084
174327 158003 140936 156619
169897 137495 160359 160139
149462 154532 145870 153450
164384 138996 153292 164071
175926 130954 167645 165890
176631 147820 153683 161001
157242 142186 171007 154029
162408 149383 146649 154182
162407 166245 161739 137875
167305 136691 156054 166030
177260 138310 154896 162847
152518 160485 154454 151428
159868 156995 153186 142471
166994 160847 159299 141090
165394 138895 168065 154546
149831 167236 159277 145922
177224 132288 164986 167537
154167 155988 150738 153021
165235 144768 148360 172715
179559 167343 134523 153462
179544 168372 136665 150135
160439 168262 136853 160305
149524 161946 145362 165736
159868 156995 153186 142471
142371 167870 164463 149681
149202 167839 159423 147645
162564 163188 172136 136273
151011 167139 153620 149782
166106 151207 145394 157832
176153 158600 166375 140229
151003 167993 170161 139380
164384 138996 153292 164071
161711 146327 162681 149532
164946 167920 132995 173484
153954 145002 166307 169857
169917 160113 160039 140809
154096 166002 145531 153300
174327 158003 140936 156619
167719 153241 145376 153433
169208 159741 141980 153270
149399 172455 149079 155517
149524 161946 145362 165736
156486 150647 156955 152294
160321 185125 164731 139239
175926 130954 167645 165890
151044 165093 160462 146389
167886 168186 147776 137918
159315 140103 154230 157953
185873 161247 168044 133605
171558 159719 160485 139043
171765 137094 159110 150886
176631 147820 153683 161001
157541 147426 158332 161725
167560 142742 158060 153900
151056 140764 160530 177299
148591 184400 142597 170537
162882 164305 138401 172865
179559 167343 134523 153462
158536 151375 159363 146732
172505 148598 144655 151786
151413 150840 170254 148816
175926 130954 167645 165890
152518 160485 154454 151428
148986 163883 143646 168462
149857 140520 160479 177307
167560 142742 158060 153900
165360 169229 142216 152766
160315 150805 164945 141976
160426 176763 136862 162856
157541 147426 158332 161725
151413 150840 170254 148816
158779 148625 156487 151852
169917 160113 160039 140809
167324 128766 174108 160058
179559 167343 134523 153462
165360 169229 142216 152766
153954 145002 166307 169857
176631 147820 153683 161001
142371 167870 164463 149681
172505 148598 144655 151786
184728 168037 140154 152894
160315 150805 164945 141976
163479 168204 142236 148340
162407 166245 161739 137875
177195 150776 169548 140456
157541 147426 158332 161725
164946 167920 132995 173484
171765 137094 159110 150886
179559 167343 134523 153462
184728 168037 140154 152894
148986 163883 143646 168462
175926 130954 167645 165890
