1308 240.37
283288 149550
277911 149384
275557 148574
286849 149186
276935 148936
276935 148936
275557 148574
275686 149424
283288 149550
275686 149424
274329 149723
274329 149723
273914 150020
274047 150117
273914 150020
274329 149723
274329 149723
274329 149723
271308 150807
271308 150807
271308 150807
271308 150807
272829 150724
272052 151219
272829 150724
271777 151428
272052 151219
272052 151219
272052 151219
272052 151219
272052 151219
271777 151428
271777 151428
269918 152519
269918 152519
271777 151428
272608 152366
271194 153222
271194 153222
269311 153305
266552 153060
264452 153049
269311 153305
266552 153060
266727 153817
263762 153953
263448 153940
263448 153940
263448 153940
263448 153940
263448 153940
263762 153953
263448 153940
263762 153953
263440 154818
263440 154818
263440 154818
263762 153953
254631 155405
254631 155405
254631 155405
254992 155541
257140 155714
253073 155636
254631 155405
253073 155636
253073 155636
254992 155541
253073 155636
250026 156420
247585 156405
250026 156420
250026 156420
248735 156439
248735 156439
248735 156439
248735 156439
247537 156715
246633 156734
247585 156405
246149 156896
245574 156929
245864 156987
246149 156896
243901 157201
243901 157201
243901 157201
228429 156771
229398 156812
228429 156771
227301 156950
228429 156771
229398 156812
228262 156873
228429 156771
228429 156771
228429 156771
228262 156873
227301 156950
227301 156950
226347 157029
226347 157029
226950 157197
226347 157029
226347 157029
225372 157274
226347 157029
224108 157566
224108 157566
224108 157566
224108 157566
223958 157646
223958 157646
220222 157810
220222 157810
220222 157810
220222 157810
220222 157810
220222 157810
220222 157810
220133 157977
220133 157977
219266 157866
219266 157866
218437 158160
218437 158160
217702 158234
217702 158234
217535 158336
217535 158336
217535 158336
217535 158336
216909 158497
217478 158662
216909 158497
217478 158662
217478 158662
217232 158945
217478 158662
217232 158945
217022 159303
217175 159271
214049 159459
214049 159459
216067 159648
214763 159618
216407 159286
216407 159286
214763 159618
215983 159957
214592 159763
214592 159763
214366 160100
214592 159763
214366 160100
214366 160100
211660 160247
213375 160400
211660 160247
213375 160400
213375 160400
210126 160499
210126 160499
211660 160247
211660 160247
210126 160499
207437 159793
207437 159793
210126 160499
210126 160499
210126 160499
209690 160747
207437 159793
206974 160833
207084 160711
207437 159793
206974 160833
206661 160692
207437 159793
207084 160711
206974 160833
198904 160877
204235 160831
198904 160877
198904 160877
204235 160831
198904 160877
201477 160518
201615 160690
198904 160877
201477 160518
198904 160877
201615 160690
201610 159935
201610 159935
198904 160877
198904 160877
200059 160705
200059 160705
198904 160877
198904 160877
198904 160877
198904 160877
198904 160877
198904 160877
198904 160877
198568 160948
198568 160948
198126 160934
198568 160948
198250 161218
198250 161218
197398 161282
198250 161218
197398 161282
198250 161218
198250 161218
198250 161218
198126 160934
197398 161282
198250 161218
197398 161282
198100 160691
197355 161814
197355 161814
197355 161814
197355 161814
197355 161814
196158 162248
196158 162248
196158 162248
196158 162248
196158 162248
196158 162248
196158 162248
196158 162248
196158 162248
196158 162248
196158 162248
196158 162248
196158 162248
196158 162248
196158 162248
196158 162248
196158 162248
196158 162248
196158 162248
195859 163038
195859 163038
196158 162248
196158 162248
196158 162248
196158 162248
196451 162453
196158 162248
195965 164007
196451 162453
196451 162453
195965 164007
197094 163033
197171 162278
197141 164802
197171 162278
197141 164802
196852 165055
196852 165055
196852 165055
195949 165255
195949 165255
195949 165255
195949 165255
195949 165255
195949 165255
195949 165255
195949 165255
195663 165575
195663 165575
195663 165575
195541 165348
195663 165575
195256 165834
195663 165575
195256 165834
195256 165834
195256 165834
195133 165942
195102 166261
195102 166261
195102 166261
195093 166498
195102 166261
195102 166261
192763 166304
194309 166708
194309 166708
194309 166708
192763 166304
194309 166708
194061 166906
192763 166304
194061 166906
194061 166906
194061 166906
193035 167151
193035 167151
193035 167151
192912 167433
192763 166304
193035 167151
193035 167151
192912 167433
192912 167433
192912 167433
192912 167433
192912 167433
192912 167433
188753 167241
192912 167433
192912 167433
190692 168145
192912 167433
190692 168145
190692 168145
188753 167241
192575 168455
192575 168455
188753 167241
192013 167981
188753 167241
188139 168623
190474 167839
188139 168623
187850 168168
188922 167867
188922 167867
186311 168274
187850 168168
187100 168039
187100 168039
186175 167843
186311 168274
187850 168168
185995 167609
185995 167609
186311 168274
187100 168039
186907 168056
185995 167609
185056 167767
186158 167664
187119 166518
187100 168039
185995 167609
185944 167293
185995 167609
186175 167843
185944 167293
185056 167767
185909 167963
186175 167843
185995 167609
185923 168299
185172 168311
185172 168311
185172 168311
185172 168311
185172 168311
185172 168311
184204 168423
184204 168423
184204 168423
184204 168423
184204 168423
184204 168423
184204 168423
184204 168423
184204 168423
184204 168423
184204 168423
184204 168423
184204 168423
184204 168423
184204 168423
183206 168939
182369 169159
182369 169159
182369 169159
182639 168836
182369 169159
182639 168836
182369 169159
182639 168836
182639 168836
182369 169159
182369 169159
182369 169159
182702 170002
182369 169159
182369 169159
182369 169159
182639 168836
184219 170771
182639 168836
182369 169159
183491 170234
183491 170234
183173 170732
183173 170732
182425 171141
183491 170234
183173 170732
182425 171141
182425 171141
182425 171141
182425 171141
182425 171141
182425 171141
182425 171141
182425 171141
182425 171141
182425 171141
182425 171141
182425 171141
182425 171141
182123 171657
182123 171657
182123 171657
182123 171657
182123 171657
182123 171657
180944 172044
182123 171657
182123 171657
180944 172044
181667 172353
181667 172353
180182 171982
181667 172353
182123 171657
182123 171657
182277 173284
182123 171657
181667 172353
182123 171657
182277 173284
180525 173101
180182 171982
179784 173483
182277 173284
180549 173909
180549 173909
181524 174039
179784 173483
180549 173909
180549 173909
180647 173698
180647 173698
182317 173217
180549 173909
181237 174565
180410 173947
182436 175488
180549 173909
181237 174565
182436 175488
182096 174822
181806 174790
181806 174790
182139 174568
181817 175693
181817 175693
181714 175824
182096 174822
181817 175693
182096 174822
182139 174568
181902 174817
181817 175693
181714 175824
182139 174568
182096 174822
181838 175057
181732 177516
181391 177640
182139 174568
180748 177291
181391 177640
180748 177291
181350 176995
181732 177516
181732 177516
180527 178346
181350 176995
181728 178542
181732 177516
181716 178674
180654 178888
180654 178888
180527 178346
180654 178888
181250 178065
180654 178888
180654 178888
180654 178888
180654 178888
180654 178888
179241 177770
180607 178926
180607 178926
179925 179167
179301 177796
179301 177796
179925 179167
179925 179167
179146 179010
179241 177770
179146 179010
179588 179467
179688 178487
179588 179467
179241 177770
179241 177770
179241 177770
178521 179746
178521 179746
179329 179852
179046 179990
179046 179990
179046 179990
178521 179746
179046 179990
179046 179990
179046 179990
178521 179746
178356 180487
178356 180487
178356 180487
178356 180487
178356 180487
178356 180487
178356 180487
177275 180686
178124 180743
178124 180743
178124 180743
177275 180686
178124 180743
178124 180743
178124 180743
178124 180743
177625 181677
177625 181677
177625 181677
177625 181677
177625 181677
176200 181797
177625 181677
176765 181321
176200 181797
176765 181321
177353 182308
176551 181096
177353 182308
176765 181321
176765 181321
176200 181797
175876 182782
176200 181797
176200 181797
176200 181797
176200 181797
176200 181797
176200 181797
176200 181797
176200 181797
176200 181797
175876 182782
175876 182782
175876 182782
175876 182782
175876 182782
175876 182782
175876 182782
175876 182782
175876 182782
175448 183538
175448 183538
175448 183538
175448 183538
175448 183538
175448 183538
175448 183538
175448 183538
174622 184214
175267 183296
174622 184214
174622 184214
174028 184337
174622 184214
174622 184214
174622 184214
173725 184353
173725 184353
173725 184353
173725 184353
173725 184353
174028 184337
173725 184353
174028 184337
173725 184353
173725 184353
173725 184353
173725 184353
173725 184353
173725 184353
173725 184353
173725 184353
173725 184353
173255 185105
173255 185105
173110 185566
173110 185566
173110 185566
173255 185105
173110 185566
173110 185566
172702 184532
171526 185708
172706 185339
172702 184532
171326 185969
171970 184553
171526 185708
171326 185969
171970 184553
171526 185708
171970 184553
171970 184553
170787 184588
171277 185313
170787 184588
170787 184588
170589 185465
170589 185465
170818 185087
171277 185313
170589 185465
170787 184588
170787 184588
170787 184588
170787 184588
170589 185465
170787 184588
170589 185465
170589 185465
170532 185656
169611 185764
169611 185764
169611 185764
169611 185764
169611 185764
169656 185233
169611 185764
169611 185764
169611 185764
169656 185233
169611 185764
169611 185764
169248 186031
169611 185764
169248 186031
168479 186335
168479 186335
168479 186335
169175 186318
168479 186335
168479 186335
168479 186335
168479 186335
168479 186335
168479 186335
168479 186335
168479 186335
168479 186335
168479 186335
168479 186335
168470 186585
168470 186585
168470 186585
168470 186585
168470 186585
168128 187143
168128 187143
168470 186585
168479 186335
168479 186335
168479 186335
168027 186685
168154 187869
168027 186685
168103 188914
168479 186335
168462 190369
168832 189412
168479 186335
168233 191159
168103 188914
168233 191159
168233 191159
168233 191159
168233 191159
168233 191159
168233 191159
168223 191263
168204 191522
168204 191522
168193 191819
168193 191819
168130 192244
167591 192443
167591 192443
167591 192443
167591 192443
167591 192443
167591 192443
167591 192443
167591 192443
167591 192443
167024 192827
167024 192827
167591 192443
167591 192443
167591 192443
167538 194082
167477 194341
167477 194341
166833 194384
166833 194384
166833 194384
166833 194384
166833 194384
166833 194384
166833 194384
166833 194384
166833 194384
166833 194384
166833 194384
166833 194384
166571 195437
166833 194384
166571 195437
166571 195437
166571 195437
165946 194837
166026 196174
166026 196174
166026 196174
166026 196174
166026 196174
166026 196174
165946 194837
166026 196174
166026 196174
165946 194837
166026 196174
166026 196174
165946 194837
166026 196174
166026 196174
166026 196174
166555 196378
166026 196174
165983 198773
166483 200336
165983 198773
166323 197230
166851 203343
166483 200336
165644 203782
165425 203967
166575 204041
166031 203643
165925 203246
165644 203782
165425 203967
165644 203782
165925 203246
165531 203755
165644 203782
165643 203405
165603 202684
165603 202684
165425 203967
165343 203921
165425 203967
165134 204459
165134 204459
165134 204459
165134 204459
165113 204820
165113 204820
164921 205101
164852 205287
164852 205287
164883 205327
164883 205327
164164 205747
164164 205747
164164 205747
164560 206130
164560 206130
164330 206637
164309 206998
164309 206998
164164 205747
164164 205747
164164 205747
163401 207468
163401 207468
163401 207468
163401 207468
163401 207468
163401 207468
163401 207468
163401 207468
163401 207468
163401 207468
163336 207790
163336 207790
163124 208455
163124 208455
163124 208455
163124 208455
163124 208455
162830 209348
162830 209348
162809 209709
162830 209348
162830 209348
162652 209862
162652 209862
161357 210022
161357 210022
161357 210022
161357 210022
161357 210022
161357 210022
161357 210022
161973 209644
161357 210022
161357 210022
161357 210022
161357 210022
161357 210022
161357 209590
161357 209590
159983 209433
160763 210161
160763 210161
160763 210161
160763 210161
160763 210161
160763 210161
159983 209433
160763 210593
160428 211199
160632 211207
160632 211207
160428 211199
160632 211207
160632 211207
160487 211957
159818 213559
159818 213559
159818 213559
159818 213559
159818 213559
159818 213559
159818 213559
159818 213559
159818 213559
159818 213559
159224 214130
159224 214130
159224 214130
159224 214130
159224 214130
159224 214130
159224 214130
159224 214130
159224 214130
159224 214130
159224 214130
158956 216962
158956 216962
158862 216881
158349 217087
158445 217148
158349 217087
158349 217087
158349 217087
158445 217148
158195 218060
158195 218060
158195 218060
158195 218060
158195 218060
158067 218533
158067 218533
157778 218327
157778 218327
157817 220004
157817 220004
157499 219953
157499 219953
157695 221843
157371 220426
157371 220426
157464 221244
157204 221983
157518 223388
156132 222420
157204 221983
156132 222420
156153 223668
156132 222420
156528 223514
156336 223023
156528 223514
156336 223023
156031 222844
156153 223668
156132 222420
155994 225366
155994 225366
156226 224536
155802 224875
155956 225432
155749 227754
155917 226635
155917 226635
156075 230061
155749 227754
156022 231597
155749 227754
155545 233042
155545 233042
155545 233042
155545 233042
155398 233053
155264 233725
155264 233725
155264 233725
155264 233725
155105 236988
155105 236988
155105 236988
155105 236988
154825 240734
154300 243492
153580 243424
154036 241948
154300 243492
154036 241948
154331 243657
154036 241948
153580 243424
153580 243424
154036 241948
153820 243903
153820 243903
153172 244219
153113 244712
153172 244219
153150 244269
153150 244269
153172 244219
153172 244219
152621 244330
152860 245445
152621 244330
152663 244861
152069 247581
152673 245426
151894 248992
152180 249209
152207 248865
152257 250980
152069 247581
151509 249820
151265 249009
151105 250286
151105 250286
151105 250286
151509 249820
151265 249009
151330 252385
151209 253005
151045 254934
151105 250286
