6553 140.013
242243 259917
279877 215605
292250 192886
292490 210059
288447 220962
247325 245235
278445 202857
295460 188821
313263 206363
244909 259401
273903 253924
300810 178825
328390 174580
317661 182558
327716 191072
282703 199468
290898 194744
320177 188061
285650 195863
316616 204389
250948 263284
283730 182082
302044 197613
305251 174634
307415 202641
261682 243461
307288 198124
313568 189011
316481 185905
315213 185316
298993 210646
312551 216351
292399 178134
252523 265055
293519 193823
302116 195929
276339 236893
267539 197850
318240 183338
248291 245829
271277 203833
267726 201212
340654 175539
262939 185871
270270 215579
238766 245361
298414 188965
314727 195647
309068 180539
289594 158872
310899 166815
269416 195126
270724 184701
288866 222449
315828 175491
327613 191448
310850 190803
254850 279484
257812 203617
307441 206331
292881 182800
285589 175654
265044 240961
313424 181218
243661 276094
307282 165727
297659 193493
298711 212664
236153 270278
296075 188311
283095 221796
257700 244437
258283 255918
285509 187420
304463 200614
246596 259450
296586 198412
252606 246261
281191 248819
268558 184119
298958 175239
261378 195837
267388 281136
276801 208183
260769 239786
275502 181981
294561 192761
295576 199720
324652 173118
329755 193141
290245 201059
300509 198021
288863 180893
267602 249256
312762 187830
320044 174666
310738 199095
307080 206389
308499 216060
328464 193679
273703 251735
317036 196605
319808 214573
310021 223577
300911 170858
294846 239217
335192 182723
315814 209537
327966 177892
288264 194054
313903 179412
247853 245258
290780 196031
312082 194415
303411 197160
270597 273841
299135 224071
246757 230019
277048 265637
254785 240555
260149 280076
316278 185192
296747 172104
260833 196683
270391 223544
307098 210676
331683 195838
335270 191998
321860 191528
313007 195875
282027 221454
249670 237991
279998 201983
257429 218231
290158 168750
260416 275550
259930 262967
317496 161715
331696 186332
262334 216270
317161 173133
288980 202886
265888 192504
330049 175596
289335 195141
273000 200760
304898 189109
270267 248152
322199 181138
286995 219187
298443 195630
285765 279349
323339 183357
296218 190964
257501 262741
280274 193618
307463 199078
324417 190573
300263 222870
263134 262640
269625 190374
293839 221601
274692 254621
246114 243327
286910 193740
267274 251539
331628 182666
307318 181014
313338 175075
269274 205171
303998 176308
273057 206997
322976 176842
252071 197061
286049 232001
263863 250997
305619 187911
258134 226664
290103 187308
280984 195440
324318 193390
256913 200802
265265 201172
248486 234687
311654 187536
225569 235474
250822 233799
291494 245273
296186 196119
266729 223253
282413 256526
282177 193617
268659 201317
293080 207442
320261 178612
338776 174352
318752 198458
285602 186758
260692 197822
313060 187120
294242 187238
252745 249860
317243 203747
246601 267835
311338 203137
313733 169066
326336 188657
303455 204212
320797 182660
296351 212025
261250 238751
304720 201163
258674 231897
273859 191131
273904 214028
296892 181663
307275 197043
285466 202021
301566 210288
319738 170010
260620 253325
272252 261624
309562 183396
266288 222431
286154 209405
319227 178918
317200 188905
272841 268304
252261 272598
272163 284768
342101 175057
319603 209268
309161 184731
283219 213112
293613 191514
292154 259419
309050 214353
310804 183955
319510 188903
321544 215761
280585 196368
327714 200624
322012 182742
263493 219927
281998 180572
250908 264964
305784 206870
266898 227602
284269 222736
282279 222388
314452 190316
298309 167945
313750 178195
254058 258671
264741 224340
279008 201495
257925 242653
308918 181119
275762 239562
307588 228676
291006 185269
315103 163542
304892 198870
281039 200480
262808 270875
263145 204933
270487 210685
258067 231323
270228 188605
260475 261609
261000 244903
280092 193049
318596 177525
262969 244989
279389 211972
263318 183517
267636 239207
318261 209625
271553 193247
280684 198205
294611 198055
319081 175975
287558 183103
293548 165301
268738 231488
243436 266497
321924 182823
313478 175764
257581 258525
290079 196479
290586 218387
338233 173600
299376 222614
254187 255316
315985 177862
325191 196092
298027 221043
256014 222537
265876 228488
315184 177771
