9369 2706.51
202056 114999
119527 209649
194884 115225
198975 115203
199492 115083
202056 114999
120059 206368
163248 128340
142389 156485
125956 185834
160194 129140
161976 128872
142252 158558
135570 169106
121149 198615
190081 116084
194367 115345
188281 116119
120845 200893
191585 116018
131158 176248
190111 116054
151635 139966
125157 186676
131436 175431
123496 189752
151699 138330
119837 207809
147201 145160
146783 146345
119723 208130
130644 176344
138301 166593
123357 190896
119527 209649
120230 205444
120256 203977
130039 178071
122805 192314
169863 123317
151712 137323
162310 128683
192340 115879
126202 185549
193478 115687
149778 142029
126582 185147
126930 184193
171673 121899
170268 122584
144929 151143
144968 149860
127793 183082
127811 181777
183356 117206
136572 168948
130397 177361
170592 122004
123348 192169
120443 203107
121454 197694
182251 117263
149001 143286
149537 142673
132164 173966
132071 175049
152316 135781
121536 197025
121933 196312
122022 195097
122262 194208
151895 137113
121019 199990
157397 131045
149996 141838
150263 141046
133506 172237
132947 172693
147790 144751
147201 145160
120669 202297
121977 195421
123493 190794
163467 127554
151699 138330
122636 193142
170810 121919
150781 140812
169663 124074
164684 126779
134153 171821
192686 115739
193478 115687
138253 167492
153242 135258
121933 196312
128754 180701
128761 179775
127735 183875
122636 193142
122317 193697
149537 142673
148436 143734
133515 172058
137145 168447
152910 135571
164352 127092
135237 169606
173500 120712
172793 120787
191678 115998
120060 205496
120844 201765
124736 187760
126582 185147
130324 177565
134952 170112
150263 141046
186890 116435
186289 116573
135237 169606
159950 129561
152072 136202
124701 187970
156765 131597
151965 136451
121041 199374
124832 187279
123088 192195
134952 170112
134806 170692
187334 116321
187935 116263
185277 116729
121041 199374
132164 173966
132550 173671
173500 120712
181964 117562
127811 181777
128357 181679
129730 178791
157894 130902
176817 119007
124009 189634
132947 172693
132888 173331
160194 129140
165341 126392
165761 126175
164484 126888
152910 135571
148669 143599
172306 120877
163878 127434
128761 179775
129275 179679
174032 120309
185680 116693
127779 183259
172248 121217
159616 129844
171914 121500
145224 149776
129515 179009
138685 166382
199393 115183
184391 116885
165232 126763
129931 178591
121019 199990
180073 117997
182044 117350
145820 148740
131934 175384
176247 119234
177976 118566
134263 170995
163678 127543
124832 187279
136834 168946
148245 144033
148200 144557
122262 194208
122317 193697
134806 170692
134356 170748
162276 128723
159419 129902
145522 149264
153425 135048
145390 149679
157287 131545
171891 121814
137693 167893
138093 167788
159950 129561
125151 186871
184683 116824
173843 120375
156303 131948
146182 147704
146104 148165
129348 179475
119723 208130
158243 130798
137620 168097
174302 120231
124624 188423
168432 124689
148149 144683
192686 115739
175533 119616
175913 119517
164081 127315
185118 116793
176547 119085
148245 144033
121489 197484
121536 197025
151104 140596
153665 134505
198975 115203
145522 149264
145704 148975
177183 118856
161976 128872
158988 130386
120298 203481
120281 203954
153739 134104
147790 144751
169977 122975
143695 154218
143349 154290
151518 140295
158793 130567
158475 130665
134259 171339
134188 171720
173843 120375
119837 207809
155673 132326
154254 133581
154499 133414
149996 141838
146182 147704
155150 132863
127458 183951
127128 184008
137620 168097
129931 178591
181647 117624
144502 152101
124082 189085
124441 189076
154164 133767
152255 135992
153575 134691
155583 132512
153922 133894
153739 134104
176521 119188
125151 186871
188179 116128
187935 116263
146365 147475
127128 184008
126930 184193
172254 121174
151635 139966
146466 147271
146604 147027
148669 143599
179464 118253
179136 118279
158475 130665
153482 134715
129348 179475
127458 183951
156501 131763
170195 122890
157293 131315
177367 118819
178463 118476
178733 118398
177637 118741
180587 117861
180912 117850
149001 143286
130644 176344
144968 149860
168953 124429
187085 116406
187334 116321
179793 118045
145704 148975
145820 148740
184683 116824
146048 148378
155490 132536
155310 132695
156148 132064
155918 132159
142060 158860
134298 170785
120364 203218
120827 202098
120844 201765
165855 125994
168740 124559
168943 124440
177676 118715
169156 124310
175263 119694
164081 127315
144929 151143
144910 151473
128754 180701
128683 180971
154927 133134
155040 132914
134259 171339
174899 120048
146365 147475
159288 130237
168643 124589
171914 121500
139596 164107
124082 189085
120298 203481
124016 189348
170195 122890
170810 121919
172524 120792
169977 122975
181318 117716
179549 118100
179793 118045
181074 117771
178733 118398
183897 117092
178977 118343
139263 164847
146652 146526
146783 146345
184196 116914
151965 136451
157041 131592
146638 146737
146604 147027
178246 118488
180380 117948
177024 118920
180587 117861
169663 124074
167078 125360
166871 125447
174629 120126
174422 120213
123348 192169
158004 130851
178246 118488
157041 131592
146466 147271
142660 155861
142781 155680
124567 188675
124624 188423
139332 164645
139453 164469
172793 120787
172524 120792
141576 159952
149001 143286
156501 131763
136572 168948
166368 125715
166565 125639
169456 124161
144464 152355
165341 126392
165289 126628
128398 181477
128575 181385
182251 117263
124009 189634
124016 189348
129633 178969
154254 133581
155673 132326
151471 140333
151425 140569
142528 156237
159391 130158
130397 177361
130324 177565
132845 173404
136907 168742
129275 179679
137693 167893
145390 149679
142591 156024
159616 129844
175263 119694
175489 119671
139332 164645
177840 118622
155918 132159
152255 135992
141937 159196
141893 159426
176138 119495
175913 119517
151336 140584
154071 133791
153922 133894
139093 165427
139130 165196
124442 188988
139826 163540
124567 188675
124449 188812
153665 134505
140008 163502
184111 117067
139730 163703
140080 163200
140019 163400
159288 130237
138253 167492
138242 167745
139252 165100
140080 163200
140091 162947
138819 166160
166058 125875
175060 119813
146048 148378
180284 117978
178463 118476
185972 116597
185776 116633
155290 132765
123493 190794
143159 154811
163467 127554
139093 165427
139046 165626
183356 117206
183551 117177
187085 116406
186890 116435
153350 135130
184138 116926
132036 175259
121489 197484
121454 197694
132071 175049
143825 153809
143775 154001
128398 181477
128357 181679
177367 118819
133515 172058
120060 205496
120230 205444
139861 163514
179136 118279
181318 117716
178977 118343
177024 118920
185118 116793
181477 117652
137145 168447
136956 168473
144179 153142
144666 151894
143345 154313
142660 155861
144597 152057
144841 151636
144910 151473
142591 156024
143276 154476
142462 156299
143057 154883
142988 155046
174731 120097
141433 160449
141434 160209
142059 159100
157293 131315
138685 166382
138807 166286
139252 165100
139130 165196
139597 164052
132751 173666
132550 173671
185972 116597
186159 116580
175060 119813
166058 125875
150948 140647
141100 160904
141176 160762
120669 202297
120707 202112
158793 130567
158878 130437
146638 146737
146652 146526
183551 117177
183714 117137
119527 209649
181647 117624
181477 117652
141556 160146
139046 165626
154745 133143
154927 133134
140413 162301
140379 162477
139263 164847
138242 167745
138093 167788
177840 118622
139026 165824
141328 160553
141256 160678
142228 158581
142215 158771
141100 160904
141087 161094
167722 125044
137620 168097
139465 164296
146051 148179
125157 186676
165232 126763
165289 126628
166287 125797
146048 148378
159391 130158
167289 125260
167599 125100
168225 124776
168309 124745
168102 124832
167412 125204
154697 133229
154588 133298
169456 124161
127779 183259
127793 183082
141689 159797
141699 159616
183867 117122
183714 117137
133506 172237
143057 154883
169363 124223
167209 125323
167078 125360
140534 162125
139453 164469
140546 161952
120364 203218
128683 180971
128646 181115
156501 131763
148200 144557
124449 188812
166668 125566
169253 124280
166778 125509
150906 140781
150948 140647
166155 125845
158139 130825
144067 153333
144127 153221
142786 155507
142848 155398
139709 164001
144266 152883
176185 119411
128575 181385
142783 155608
136949 168612
136907 168742
155040 132914
157917 130894
158878 130437
158988 130386
140173 162881
140274 162820
144064 153434
143228 154648
143170 154757
129515 179009
129633 178969
180912 117850
167599 125100
167518 125182
140942 161170
141043 161111
132036 175259
131950 175335
150906 140781
140739 161660
140677 161763
139465 164296
174929 119977
174963 119843
184111 117067
140534 162125
140488 162243
185776 116633
140815 161644
140835 161497
165761 126175
166778 125509
168102 124832
166871 125447
168009 124894
165854 126113
153350 135130
144821 151808
144837 151659
155918 132159
132815 173535
139730 163703
142459 156400
169363 124223
144322 152858
139728 163863
143239 154594
143276 154476
140173 162881
140091 162947
166155 125845
179549 118100
181035 117816
186159 116580
186289 116573
128595 181229
174422 120213
167802 124981
167209 125323
167289 125260
143993 153621
143935 153709
143825 153809
143708 154144
142915 155232
142928 155158
142984 155069
143881 153720
156148 132064
156257 132036
166287 125797
166358 125726
188281 116119
120827 202098
120707 202112
140667 161776
138973 165904
138929 166005
140932 161183
140306 162532
140658 161916
140923 161323
144461 152456
140297 162672
139465 164296
199462 115113
138880 166082
167722 125044
122022 195097
122015 195236
136949 168612
136956 168473
158139 130825
121987 195307
174629 120126
174731 120097
167412 125204
167518 125182
168643 124589
169253 124280
174963 119843
167802 124981
166571 125596
168740 124559
169156 124310
166668 125566
167899 124951
134188 171720
134153 171821
154547 133328
154745 133143
154697 133229
154499 133414
156257 132036
180380 117948
180284 117978
141532 160182
141434 160209
141805 159440
140306 162532
140379 162477
144127 153221
144332 152731
176183 119439
143998 153496
141973 159161
142049 159113
141680 159937
142528 156237
141746 159513
141709 159603
142160 158843
143998 153496
143993 153621
153482 134715
154071 133791
155490 132536
132751 173666
132784 173574
138929 166005
167925 124925
168309 124745
168225 124776
168009 124894
179493 118194
191678 115998
148149 144683
127735 183875
188179 116128
144593 152080
179493 118194
132888 173331
165854 126113
165855 125994
143764 154055
140911 161481
140919 161373
151336 140584
151425 140569
139016 165837
138973 165904
141746 159513
140295 162785
138817 166273
140297 162672
144251 152981
141893 159426
141352 160515
144719 151880
144239 153030
171891 121814
176138 119495
144332 152731
144390 152691
175489 119671
175533 119616
174929 119977
144464 152355
144395 152518
144392 152619
144067 153333
142459 156400
142786 155507
134356 170748
144196 153058
139728 163863
139719 163956
140815 161644
140849 161487
140739 161660
122015 195236
143764 154055
141176 160762
141253 160749
176185 119411
140581 161926
140658 161916
142859 155321
155310 132695
155290 132765
179464 118253
151471 140333
151518 140295
144395 152518
144455 152495
128610 181175
140009 163413
142855 155344
124441 189076
142928 155158
143708 154144
143695 154218
142915 155232
142859 155321
182251 117263
121987 195307
138884 166081
142182 158789
142160 158843
159288 130237
162310 128683
141680 159937
141688 159869
140911 161481
154547 133328
154588 133298
128595 181229
181035 117816
141963 159174
176521 119188
144666 151894
144821 151808
144719 151880
146051 148179
144768 151822
146104 148165
132784 173574
132815 173535
141253 160749
141256 160678
142781 155680
144391 152631
141688 159869
141689 159797
143935 153709
143881 153720
141795 159453
177637 118741
141795 159453
141087 161094
141043 161111
131934 175384
131950 175335
143775 154001
143170 154757
140438 162288
139826 163540
141328 160553
144064 153434
190081 116084
183867 117122
199462 115113
199492 115083
144308 152867
141532 160182
144251 152981
128642 181173
128646 181115
142848 155398
141401 160498
144390 152691
140284 162807
141556 160146
181072 117800
144768 151822
139709 164001
139719 163956
144768 151822
139596 164107
142215 158771
142182 158789
167925 124925
167899 124951
140923 161323
140919 161373
138884 166081
140474 162253
141937 159196
120256 203977
120281 203954
142252 158558
142228 158581
166565 125639
166571 125596
172248 121217
144200 153035
141391 160511
141423 160462
144455 152495
140448 162275
140413 162301
140571 161939
140546 161952
143232 154625
143239 154594
128642 181173
141423 160462
141576 159952
139026 165824
140295 162785
157894 130902
140448 162275
181074 117771
181072 117800
143345 154313
142984 155069
144837 151659
144841 151636
144593 152080
143349 154290
142988 155046
144196 153058
144597 152057
143228 154648
144200 153035
143232 154625
140474 162253
140488 162243
140835 161497
144308 152867
140932 161183
139016 165837
138807 166286
140009 163413
141709 159603
140581 161926
142050 159109
141433 160449
140677 161763
141391 160511
140274 162820
138817 166273
141973 159161
141401 160498
141699 159616
140019 163400
140571 161939
140942 161170
140667 161776
166358 125726
166368 125715
168943 124440
142059 159100
128610 181175
142060 158860
128595 181229
144392 152619
138880 166082
142049 159113
141680 159937
144392 152619
138242 167745
160194 129140
137693 167893
139596 164107
143998 153496
142786 155507
170810 121919
124567 188675
132888 173331
119723 208130
151635 139966
125151 186871
121489 197484
187334 116321
179549 118100
121987 195307
153482 134715
129633 178969
121454 197694
137620 168097
168225 124776
148245 144033
139465 164296
144666 151894
126582 185147
140091 162947
148200 144557
121933 196312
122317 193697
167412 125204
154927 133134
151425 140569
168943 124440
124624 188423
154745 133143
169456 124161
132815 173535
124449 188812
150263 141046
148200 144557
148149 144683
121041 199374
144455 152495
143881 153720
175263 119694
142859 155321
148200 144557
