625 21.1157
750174 826740 770665 794122
815459 756288 772068 823150
785101 829787 756412 799252
815921 833650 797262 752390
793551 793152 797464 796936
794970 784663 830776 782096
806008 805840 780149 793146
789324 806905 811427 783966
779160 801816 819380 785801
804150 802684 783694 827034
777862 810892 814705 793250
820510 832628 783052 809428
790830 793016 811463 824477
772708 795760 781465 801465
795403 807540 807059 793206
755950 828227 815517 782919
826464 798504 782009 800223
793696 791537 785234 785886
786097 789106 786259 782501
778440 800245 777397 793560
830994 804324 802174 774595
794368 800044 798376 783883
807752 813292 796969 765618
801237 785779 806725 823493
762694 792283 797101 788155
815373 799202 775049 811974
804150 802684 783694 827034
770912 800686 804351 830173
801000 789405 823160 789328
788634 791834 775535 797423
776701 790589 805409 783907
772891 823723 779039 784437
785744 814347 776505 806967
790830 793016 811463 824477
746352 785406 795527 800501
811726 780006 793277 789253
771620 818639 789229 787310
772834 810866 798668 830562
779454 799864 807949 794666
786962 804542 798449 796226
823419 795127 798189 850633
827275 798502 794672 814607
790916 825421 784504 784786
793187 808775 780934 783770
789932 800514 773806 786886
789295 805084 795903 805229
778882 766380 767683 806047
767146 801132 787485 797088
794123 780737 804095 775554
792255 808312 813285 788566
782278 815927 828963 789362
766607 781834 773580 784590
812015 787661 823052 782174
775519 784089 795293 802809
778274 805258 798867 812060
790916 825421 784504 784786
773988 825064 843956 778914
771507 806588 796577 824494
780719 812367 814507 785544
797763 800305 790842 775170
797844 790634 769377 794103
792015 788419 804450 788048
782278 815927 828963 789362
772657 840785 829073 794252
766260 812162 798775 822305
768533 808296 798030 805608
779083 819506 813940 816966
797918 792207 808809 809816
774223 808536 769826 811173
769745 767760 815938 809926
768016 800501 799641 782217
793280 775136 820054 781754
785744 814347 776505 806967
769123 816258 813642 805238
801128 819457 802410 791726
755695 837328 786483 789226
797918 792207 808809 809816
779250 796201 804993 802269
779053 804121 807064 781498
797373 820183 787937 799539
808267 848917 802308 825714
778676 813216 772006 789762
798171 794538 813382 817077
814806 796970 801369 811634
805864 793019 774727 781676
787135 804830 820177 792784
766090 801603 782467 797547
790929 812429 801945 756897
785489 780878 802475 781185
784804 805024 806164 806323
791705 809623 785780 800190
781893 819766 791040 788645
801634 826884 776769 812137
798381 800467 820661 813216
771962 779943 792403 777007
832643 807118 801315 795107
772834 810866 798668 830562
793569 815325 793688 811444
807352 809620 782483 807637
765586 775599 799563 772758
785851 781918 802862 771602
787643 775845 822761 785125
798171 794538 813382 817077
823231 815947 786236 795790
784977 836302 775190 797448
797238 799101 791502 803237
780184 754110 806453 769780
772950 795876 801710 807997
795403 807540 807059 793206
832585 821212 752733 787092
778850 772550 792189 796453
776299 801864 792584 782652
772657 840785 829073 794252
784035 815399 786227 767165
803276 827792 792016 796002
765415 795017 811429 792274
810965 843975 802760 803501
807791 812142 799467 789642
750097 820462 810968 784714
786769 782234 785418 802537
753310 788336 788167 799874
789232 837500 814323 810398
769814 788605 794481 793371
796819 831420 790089 797220
795583 833845 816166 793721
753310 788336 788167 799874
771595 772997 826208 814159
823419 795127 798189 850633
783368 800623 814569 802283
780878 824356 784635 796873
807805 806875 797185 795231
780145 790557 804391 787960
811043 826116 800657 828562
789917 814383 770614 806555
784368 812123 811060 787890
781904 791310 769258 809930
779083 819506 813940 816966
769745 767760 815938 809926
792102 813903 789542 799085
793696 791537 785234 785886
805300 798721 802515 814844
787643 775845 822761 785125
764357 782249 839224 776848
779588 808758 813525 834314
768032 785112 788022 773826
766260 812162 798775 822305
769731 810482 766209 769861
748845 800008 765875 763647
798948 795087 801602 824175
793747 800196 822542 781944
805300 798721 802515 814844
799562 793085 780552 808512
778882 766380 767683 806047
750331 787720 831647 782808
739611 792706 782609 838527
782907 783596 800804 782925
789827 798838 822611 783601
815113 794894 833091 815233
771595 772997 826208 814159
780184 754110 806453 769780
786375 776667 805559 772698
785819 788838 790405 773020
789880 811748 776889 776101
799468 769963 767352 813244
807669 796093 801207 779563
776160 786622 816169 833542
794458 785873 772211 804019
792569 809529 802665 780893
787893 801615 812534 752515
796889 793876 823758 827225
777208 789958 782235 782284
816868 814137 799702 757201
815113 794894 833091 815233
777022 791351 804929 788626
777862 810892 814705 793250
807752 813292 796969 765618
788221 819822 766436 770683
801237 785779 806725 823493
804344 782097 788820 783817
765586 775599 799563 772758
803694 807102 809566 795089
755695 837328 786483 789226
781238 841377 808574 799285
791189 811061 782692 786823
811380 821557 768872 776106
798381 800467 820661 813216
796548 792885 770059 795717
788744 801906 797279 807969
793918 819875 800897 806178
808683 776738 765307 792410
785292 785805 779387 790636
786539 794345 807639 796644
806008 805840 780149 793146
776701 790589 805409 783907
815515 789057 781828 765209
785425 791880 789714 790449
797763 800305 790842 775170
798484 816264 782250 799018
778676 813216 772006 789762
789827 798838 822611 783601
786052 823557 815671 792243
780145 827680 796962 805705
755781 819797 780136 802905
769814 788605 794481 793371
797452 782557 803287 801968
780891 803923 804472 798798
786052 823557 815671 792243
823120 788661 793099 805228
781927 824817 786031 781641
805355 831583 809786 809508
810794 789725 778300 806417
750331 787720 831647 782808
784977 836302 775190 797448
765750 792412 786291 759339
794015 813610 806352 816728
772765 788216 791348 762453
824920 828907 791501 790902
781362 775472 825541 778264
805219 782307 788050 818234
805864 793019 774727 781676
780878 824356 784635 796873
790929 812429 801945 756897
778274 805258 798867 812060
781615 805478 774148 787217
778995 854018 809578 781582
772039 840684 815305 814175
772953 787344 801762 799495
793918 819875 800897 806178
771985 810521 780065 817960
780645 838507 801807 804771
775519 784089 795293 802809
816189 803027 854570 804321
823120 788661 793099 805228
792454 822779 782363 808492
804344 782097 788820 783817
779682 818794 814775 771420
780145 827680 796962 805705
832585 821212 752733 787092
805938 811384 802943 793633
770649 789294 798154 804087
778850 772550 792189 796453
772950 795876 801710 807997
802446 781550 769384 822068
746352 785406 795527 800501
784962 809651 783988 801032
786841 811041 810131 794951
784962 809651 783988 801032
809865 813725 778127 808909
842098 787399 774951 808274
830483 784348 788537 832578
739611 792706 782609 838527
794716 807070 772316 827925
800232 820540 805300 773192
835614 799821 778898 807317
789917 814383 770614 806555
815794 798099 788381 800259
814050 796873 788119 808625
779053 804121 807064 781498
805958 815627 794302 770055
783878 802330 768839 817137
816124 818687 785118 800240
769660 787946 818934 789622
820510 832628 783052 809428
810100 809285 806045 780852
776160 786622 816169 833542
784445 789815 805315 830676
802089 809348 791149 765130
802650 778200 768141 805598
775368 780754 769869 789669
800222 801744 803596 779778
800222 801744 803596 779778
768032 785112 788022 773826
789932 800514 773806 786886
830483 784348 788537 832578
779160 801816 819380 785801
770809 800825 786822 783199
793747 800196 822542 781944
763881 806369 780696 802344
812441 806143 785487 771106
786097 789106 786259 782501
775987 793971 787997 800998
803572 790870 784635 826034
807805 806875 797185 795231
750097 820462 810968 784714
814731 769757 794339 789256
799468 769963 767352 813244
803276 827792 792016 796002
763881 806369 780696 802344
785292 785805 779387 790636
794970 784663 830776 782096
842098 787399 774951 808274
788440 786553 778775 800632
770809 800825 786822 783199
778995 854018 809578 781582
792569 809529 802665 780893
778440 800245 777397 793560
792454 822779 782363 808492
794147 779301 800149 784680
777022 791351 804929 788626
787893 801615 812534 752515
