59 1.23555
334532 345075
346592 341920
338272 346620
318116 353210
311674 339961
344115 322641
352208 328963
380114 331205
350499 332779
338033 334093
358463 315884
343810 320941
345098 342434
358048 336949
341064 328018
336760 349149
350884 333895
336716 339368
342216 339651
336013 330344
327031 313362
320741 337368
345316 359405
328320 296675
356341 324721
330491 326752
318148 332703
339811 338356
354863 312845
342076 334376
354708 330530
344103 329623
327716 323367
352984 332064
333481 309649
329764 326835
350055 316061
336644 343074
329173 328640
328992 326032
329104 324703
309512 330601
316782 314754
333216 324899
343368 338663
322016 330007
339457 313796
345646 338771
335804 330908
346860 310145
356064 329549
349586 325946
329319 332593
332582 334914
346398 334878
340161 326778
351845 324225
328182 347331
345922 338531
331436 340909
327354 331857
344823 324430
338848 329256
341970 339909
326170 318167
311900 312271
340118 323348
344914 319637
351693 341238
345870 341076
337211 332521
324598 328177
340779 308223
329802 326772
335893 331038
345034 329517
326234 337912
339617 337330
314198 335876
324452 315884
333310 322998
340892 346335
352173 336610
319362 320720
339448 344857
332183 328716
339636 348310
335361 343484
350687 328995
337768 336664
342108 336373
330406 328535
340366 333220
339761 316240
348808 318919
341794 327494
335079 345876
343869 319829
321234 346874
330655 331788
364827 328795
347834 309754
350776 342153
329035 333165
333352 320370
330302 340674
350474 332538
338862 352784
319498 335596
351828 330634
328955 334920
332260 346008
350136 330877
346244 334932
344868 312106
355114 317556
320328 325521
334868 332499
337787 328974
339640 322017
340535 323198
331677 315964
333353 323655
350049 336256
341664 335538
334762 321778
333661 339558
357834 351872
332500 344661
328544 322446
355828 341280
368345 334060
320765 348277
344228 329718
330337 322111
338922 352377
336895 340045
321369 338278
370603 336293
347987 336961
323646 315208
334929 317585
355932 352619
337306 331997
362912 350007
351574 334305
345396 330225
338109 312469
334343 351672
336863 316514
352932 333527
319224 320091
350953 340133
346153 336873
334617 324171
319643 333333
345563 338516
355387 324403
339857 329820
336420 329905
334740 323793
330986 339816
343797 326094
347963 327539
325316 335353
338166 344077
347605 306553
354608 329564
330763 340281
320759 332664
349021 328881
340571 334630
354320 338253
331986 314977
345455 326288
366347 340038
332486 333977
342089 322257
333355 340128
350689 337585
328598 333407
351496 307283
343490 314380
327071 324361
347892 331045
334511 331292
332063 340201
329066 318491
338765 332290
334433 322785
368801 342131
340282 328797
349030 318260
336068 356604
338976 331195
332943 316958
348351 322627
328901 333989
346318 350403
327595 341465
346718 331835
319626 322034
340527 319043
343083 344221
351947 356285
346929 320032
346070 339782
319920 331812
336638 326674
332201 329748
328433 317980
323325 341847
328998 312556
341853 343044
347290 351195
333776 325908
325904 327163
334912 313681
317127 340064
347755 324968
349403 347462
336076 341809
345919 335650
342310 327345
327083 333423
343615 324117
361148 323230
359144 339273
346039 327415
356400 330331
346626 333605
346178 328577
320040 326615
350208 327156
340276 327537
356614 338661
325358 321719
350134 347991
341880 354962
319845 350239
355916 350880
352918 356946
339140 341618
340074 322028
367213 354690
366198 341408
364893 331665
334071 323541
336032 322458
362856 342462
341810 326186
352400 344453
345262 333462
362892 333323
344369 318824
356559 329581
328697 324605
350091 328960
366867 333786
344975 333133
341965 339453
318555 338908
312980 329128
338070 324823
332621 332801
338587 331278
340454 336253
339726 331277
306619 309994
354774 348845
329244 325354
350197 333905
337713 324830
358125 332431
334373 323070
347698 323951
338675 327778
365717 319775
339878 324711
318871 333715
349841 331531
335366 332554
342107 329572
336876 355496
342207 320041
322685 314837
338184 313629
348191 329856
352243 310247
329206 341434
310123 333420
335309 334286
339653 337948
346484 317250
319899 313939
349000 319913
324335 322321
336281 328397
328956 326559
344287 323698
