494 14.0972
218390 146254
218390 146254
178068 187815
178068 187815
192489 167170
196405 166902
191862 171624
196827 161794
215530 146366
178687 185966
185283 176038
197815 159320
199033 156330
180129 183572
186850 174174
178687 185966
185283 176038
196449 165583
200624 154322
196639 164338
192471 168907
181948 182710
183306 179243
196827 161794
206936 148913
184270 177742
204766 149500
213956 146965
192471 168907
197815 159320
182385 181109
184142 179153
183098 180751
186850 174174
200624 154322
199033 156330
212174 147380
180129 183572
213956 146965
204023 151107
209286 148243
184270 177742
198876 157869
215530 146366
210877 147740
204150 149991
180890 183014
190522 172793
198592 157995
190522 172793
200801 153171
210877 147740
196639 164338
202361 152127
207416 148670
191727 171745
208521 148447
188057 173553
203226 151338
209286 148243
188057 173553
211800 147712
188824 173334
189879 173158
191727 171745
180890 183014
201293 152544
206936 148913
208521 148447
201929 152411
198592 157995
202706 151822
202706 151822
182385 181109
212174 147380
188700 173467
203226 151338
181948 182710
201109 152976
204668 149709
207416 148670
189951 173030
204766 149500
201929 152411
183098 180751
211800 147712
204150 149991
201109 152976
204668 149709
200801 153171
204023 151107
201293 152544
196405 166902
189951 173030
188824 173334
198876 157869
189879 173158
184142 179153
188700 173467
218390 146254
218390 146254
218390 146254
218390 146254
213956 146965
213956 146965
213956 146965
213956 146965
213956 146965
212174 147380
212174 147380
212174 147380
212174 147380
212174 147380
212174 147380
211800 147712
211800 147712
211800 147712
211800 147712
211800 147712
211800 147712
211800 147712
210877 147740
210877 147740
210877 147740
209286 148243
209286 148243
204766 149500
204766 149500
204766 149500
204766 149500
204766 149500
204766 149500
204766 149500
204668 149709
204668 149709
204668 149709
204668 149709
204668 149709
204668 149709
204668 149709
204668 149709
204668 149709
204668 149709
204150 149991
204150 149991
203226 151338
203226 151338
203226 151338
203226 151338
203226 151338
199033 156330
199033 156330
218129 146758
201370 156585
211069 149539
202433 152227
217838 148713
202433 152227
202433 152227
202433 152227
202433 152227
223851 147170
203077 157581
206842 153934
216311 150115
211924 152578
212712 150674
212968 151524
203235 162650
212766 153843
203552 158935
207969 154116
206075 158544
207329 155673
207162 158377
207450 154305
216290 151542
205177 161673
207922 155008
205351 160328
210388 154491
213976 151685
212992 153127
212652 154432
220852 151888
205897 161923
208022 155493
215383 152624
213073 154797
220322 152075
213907 153796
222648 152732
208154 156539
216315 152766
212167 155603
215731 153954
214763 154341
213749 155362
213646 155530
217754 153166
208346 164044
213745 155938
208677 157071
217149 154803
209072 156899
223199 153688
208785 158574
216197 157042
212313 158155
218322 155185
220158 153868
218335 154461
221634 154138
208855 158872
217119 157629
213250 158311
218959 155837
221255 155622
211464 158607
219461 155635
225323 155732
209808 160602
213291 159283
219864 156309
218612 158125
220352 155788
214461 158525
217490 158415
220816 157165
210394 161427
214323 159501
218370 158926
216829 159068
217899 158948
233405 157967
211130 176061
224059 158564
211398 169735
211853 167581
212207 163409
214519 163067
219311 159610
215150 159702
223187 159519
216494 159675
229023 159493
213202 167338
219695 160113
215598 163826
213543 166146
215797 162061
216451 161120
218312 160196
223230 160250
213947 168605
216883 161221
215691 165173
216736 161607
214745 166854
223727 160674
214461 172625
216105 167036
217072 161374
216792 162095
223999 161176
215386 174526
217831 161934
216146 167604
216807 164423
223293 162758
216277 170290
217779 165644
219958 162928
219434 164516
219767 163397
229211 163362
216827 174968
221205 163843
222443 163662
238593 163573
220441 175496
221257 170498
221546 163976
229466 163908
231164 163789
228493 164570
220768 191669
221990 169424
223222 164693
229335 166075
222173 172328
223782 168959
225348 167296
224856 171564
222825 176570
228741 171830
226546 187781
240507 177830
235111 181964
236609 178061
220125 146657
220125 146657
178068 187815
178068 187815
197001 158606
215472 146687
198589 156883
196916 161867
212440 146896
200251 153743
178687 185966
185283 176038
199088 154416
180129 183572
186850 174174
178687 185966
203483 150711
185283 176038
191862 171624
211887 147844
215221 146720
192471 168907
181948 182710
205131 149999
184270 177742
192471 168907
183306 179243
182385 181109
184142 179153
198589 156883
183098 180751
188824 173334
186850 174174
201551 152659
205131 149999
201551 152659
192489 167170
180129 183572
206863 149588
184270 177742
197001 158606
208225 148942
202541 151918
210938 148192
192740 166307
209597 148474
180890 183014
202541 151918
194574 164341
209638 148220
188057 173553
189879 173158
188057 173553
190723 172423
199822 154371
208225 148942
203378 151181
196135 162995
193491 165421
193764 165221
195145 163022
192740 166307
194574 164341
191727 171745
196321 162783
207353 149349
180890 183014
190522 172793
196916 161867
193764 165221
210938 148192
193491 165421
206863 149588
207353 149349
192489 167170
190723 172423
194804 163600
203378 151181
191727 171745
189879 173158
196321 162783
182385 181109
181948 182710
212440 146896
191862 171624
194804 163600
194925 163187
190522 172793
183098 180751
199088 154416
209597 148474
199822 154371
215221 146720
183306 179243
194925 163187
215472 146687
195145 163022
184142 179153
196135 162995
209638 148220
220125 146657
220125 146657
220125 146657
220125 146657
220125 146657
220125 146657
215472 146687
215472 146687
215472 146687
215472 146687
215472 146687
215472 146687
215472 146687
212440 146896
212440 146896
212440 146896
212440 146896
212440 146896
210938 148192
210938 148192
210938 148192
210938 148192
210938 148192
210938 148192
210938 148192
209638 148220
209638 148220
209638 148220
209638 148220
209638 148220
209638 148220
209638 148220
209638 148220
209638 148220
209638 148220
209597 148474
209597 148474
209597 148474
209597 148474
209597 148474
209597 148474
209597 148474
209597 148474
209597 148474
209597 148474
209597 148474
209597 148474
209597 148474
208225 148942
208225 148942
208225 148942
208225 148942
208225 148942
208225 148942
208225 148942
208225 148942
220121 147752
197247 159364
203596 151388
206888 150218
215401 147816
211987 147968
211987 147968
215981 148210
200079 173606
203109 160869
205890 153644
210838 152082
212789 149366
215120 149325
215949 148367
224998 150296
204327 165988
212838 150368
206591 157706
206959 155800
210727 154440
210626 154662
213215 151245
207252 164902
208212 155826
220751 151379
208624 183244
209559 156097
215669 153884
208812 163511
217575 153284
220466 152883
208868 160238
219978 155831
209026 162814
209792 157333
211728 156856
219414 156429
234702 156203
209060 171831
209954 158926
223999 156667
212126 157649
218101 157325
220061 156833
229740 156876
210061 172558
220827 157210
212296 160396
213818 157653
210327 170924
210957 165589
210637 166022
217548 157890
211165 175868
211251 168142
212854 161025
212781 163677
215829 160615
215884 158301
222379 158374
212136 168376
213127 164903
214499 162110
217529 158589
217218 160565
227072 158632
212454 184633
213629 166596
224973 159368
219158 161362
221724 160315
216035 163252
220575 160976
214548 164832
215278 163942
215635 163603
228673 159918
213629 170675
219485 161880
221794 160694
217904 167859
216055 169366
217407 168831
223559 161781
214590 171476
219572 166177
216668 170168
221245 163677
222133 162420
221612 162648
226143 163248
214841 178931
224962 169384
218072 174257
216583 178875
223124 169958
219573 170009
218271 170352
218794 170242
226159 168309
217205 182725
218367 172748
220745 172413
225951 170037
222858 171203
223205 170054
238796 168722
218902 176685
220664 173080
229348 169689
223961 171525
219108 176348
228275 170816
239776 169327
219204 190039
229345 172108
219521 177233
222677 175945
224416 172348
224118 173052
230611 173303
219597 187730
221732 183282
227114 175108
223048 178650
224671 176752
230537 173947
235849 175477
223766 185108
227428 177040
223864 179057
228447 179045
224174 180125
243412 180352
225482 180940
229186 180706
239537 180406
248113 184190
227771 223815
228303 184214
233930 190318
239414 194115
245805 198447
219137 145851
219137 145851
178068 187815
178068 187815
205898 152142
192489 167170
216326 146284
195030 166402
204297 153213
206627 150427
191862 171624
178687 185966
185283 176038
180129 183572
186850 174174
178687 185966
185283 176038
192471 168907
208603 150213
183306 179243
190522 172793
184270 177742
192471 168907
212876 148505
214007 148077
210998 148684
203980 154757
184142 179153
183098 180751
186850 174174
203228 156190
203265 154770
198382 159876
200441 157947
215844 147785
180129 183572
195946 163014
195298 165017
197098 161782
189016 173013
182385 181109
184270 177742
201509 157704
198382 159876
200024 158925
180890 183014
195919 163942
181948 182710
197098 161782
188057 173553
190522 172793
214007 148077
215943 147619
182251 182232
188057 173553
191727 171745
195298 165017
212876 148505
197019 161963
198566 159420
199326 159337
191727 171745
197019 161963
188824 173334
195919 163942
209969 149483
202501 156559
180890 183014
195946 163014
209969 149483
201509 157704
206627 150427
210536 149053
202234 156989
210536 149053
209316 149972
200024 158925
202234 156989
199326 159337
209316 149972
200441 157947
210998 148684
182251 182232
181948 182710
208921 150046
183098 180751
215943 147619
202434 156910
182385 181109
202501 156559
189016 173013
188824 173334
203228 156190
208921 150046
215844 147785
203980 154757
198566 159420
184142 179153
202434 156910
203265 154770
215943 147619
215943 147619
215943 147619
215844 147785
215844 147785
215844 147785
215844 147785
215844 147785
215844 147785
215844 147785
215844 147785
215844 147785
215844 147785
215844 147785
214007 148077
214007 148077
212876 148505
212876 148505
212876 148505
212876 148505
212876 148505
212876 148505
212876 148505
212876 148505
210998 148684
210998 148684
210998 148684
210998 148684
210998 148684
210536 149053
209969 149483
209969 149483
209969 149483
209969 149483
209969 149483
209316 149972
209316 149972
209316 149972
209316 149972
209316 149972
209316 149972
206627 150427
203980 154757
203980 154757
203980 154757
203228 156190
203228 156190
202434 156910
200024 158925
197098 161782
221951 146352
203123 158319
207323 154634
214229 152085
207900 152202
217366 149117
218193 147420
217471 148339
218193 147420
218193 147420
218193 147420
218193 147420
218193 147420
218193 147420
226028 147452
205310 161681
207980 158571
210990 152255
217831 149871
218651 148463
208107 154138
209850 152737
218104 149213
229704 147662
208325 160763
223664 150599
209533 156991
212056 153968
214471 152855
219686 152077
219131 152182
226168 152017
208569 166803
220219 152899
208916 162331
215782 153710
210770 158787
215483 157292
212131 158098
213521 157388
226191 152062
210249 168347
221815 154480
212439 160395
213196 158164
210444 164065
215139 157564
211754 163761
216672 155540
216527 156384
219171 155190
221603 154993
219566 155112
211107 163833
223404 154605
211929 166696
212943 161423
220279 156930
215864 158318
213778 159590
217447 156972
224288 157033
212876 181645
214294 166902
220903 158089
215290 159798
217460 158699
214668 163369
219171 158671
214580 166462
219890 158421
229484 158675
214749 173824
215776 166267
216110 159867
215660 170955
223798 159718
217918 159842
225622 159662
228892 159635
216560 160157
216175 169305
216456 165052
220245 160301
217797 160748
222420 160377
218156 173098
220107 160873
219036 162110
218182 169700
222384 160675
218749 167018
218950 166104
234161 160955
218460 184577
219159 162210
231276 162081
218876 175041
219145 168573
219990 162517
219177 163996
236561 162608
219315 176277
231857 163478
220839 164123
219978 171380
220326 166018
219540 174323
234410 163615
220025 173020
223805 164361
221062 166247
221590 165799
229328 165096
221217 182817
221619 170601
223980 165565
229023 165518
222857 167606
223201 167163
226001 166558
222289 184847
223381 173661
224279 170317
224621 167091
224794 168383
223686 187081
227098 168659
227045 191159
233554 168804
227725 172155
227793 169460
232047 170010
228158 172219
233793 172999
229866 173718
234249 173811
230016 176135
240532 176951
230294 198289
233741 177696
231776 186695
247077 177452
233800 190158
236201 177876
236858 181410
237076 192672
238368 201776
258289 204822
240980 209694
