4 0.180807
346973 312032 280879
335512 289459 309893
318244 310800 326232
311759 344537 295163
300118 337389 318529
338457 330341 291203
330976 301678 322813
320946 320289 301503
300118 337389 318529
306001 317311 311976
344327 311505 302739
313212 333552 305575
323663 341618 286429
334518 307722 315154
323000 314599 315646
310831 344411 303793
330976 301678 322813
317225 323616 305814
315142 312323 318383
323663 341618 286429
329025 303517 315538
345203 304057 302966
308667 338769 305818
306001 317311 311976
320946 320289 301503
318244 310800 326232
326834 311918 304653
313943 341266 293235
317225 323616 305814
324883 308852 320987
319435 331236 303010
325719 314955 294057
308667 338769 305818
325555 317872 307911
315481 315558 309420
332751 308934 315216
325555 317872 307911
324883 308852 320987
315481 315558 309420
313943 341266 293235
334518 307722 315154
319435 331236 303010
332751 308934 315216
332751 308934 315216
332751 308934 315216
332751 308934 315216
325555 317872 307911
325555 317872 307911
325555 317872 307911
323663 341618 286429
323663 341618 286429
323663 341618 286429
320946 320289 301503
320946 320289 301503
320946 320289 301503
318244 310800 326232
318244 310800 326232
318244 310800 326232
359623 307517 314917
354052 312450 284496
333708 304144 326090
331411 306074 335883
308871 350040 321890
308871 350040 321890
310080 333247 328234
340538 307715 323792
354052 312450 284496
347230 336472 293751
346646 306435 319465
315554 338216 319219
351903 328043 294072
317775 317216 330660
340318 343258 294981
321820 315948 334569
347230 336472 293751
337924 316329 301719
333786 335378 295072
336788 321874 297142
333470 310233 321711
319825 325135 307367
340240 315254 304945
357012 310429 308695
331411 306074 335883
316219 327374 315947
317805 339598 312276
318534 331276 310769
357012 310429 308695
325782 337431 299033
322074 324326 310330
319483 317392 318948
318080 329315 310852
323936 323573 311323
333655 311652 317086
318627 320188 321608
325908 341108 297423
337708 311338 312874
331909 330330 300139
316069 323210 317918
330158 334595 299112
327695 313037 320006
336512 310856 321448
325605 340429 305239
318627 320188 321608
316645 340816 311186
330158 334595 299112
309349 341730 315839
331909 330330 300139
317978 322711 314231
352524 314095 310459
328934 313904 318939
309209 342566 321508
323665 323318 313519
336271 325865 299078
334968 322220 301320
327695 313037 320006
321820 315948 334569
336271 325865 299078
339579 314796 305597
326871 317007 306538
326877 315170 313539
322758 314797 319027
340318 343258 294981
322376 315633 315304
338800 314988 307961
326182 322314 301389
338800 314988 307961
326661 324866 300741
339579 314796 305597
334968 322220 301320
328934 313904 318939
328372 314083 315724
322386 321905 315067
326661 324866 300741
319483 317392 318948
326871 317007 306538
325605 340429 305239
352524 314095 310459
328372 314083 315724
323936 323573 311323
357012 310429 308695
336271 325865 299078
336271 325865 299078
336271 325865 299078
334968 322220 301320
334968 322220 301320
334968 322220 301320
328372 314083 315724
328372 314083 315724
328372 314083 315724
327695 313037 320006
327695 313037 320006
327695 313037 320006
326871 317007 306538
326871 317007 306538
326871 317007 306538
326661 324866 300741
326661 324866 300741
326661 324866 300741
379983 311459 310798
348794 304256 329913
344367 336894 295880
333020 349016 299897
318765 324892 322490
348942 307205 328116
321585 333450 320223
338270 328435 299587
347982 310255 329767
345870 321298 305975
326615 315023 322481
329556 322911 302986
332409 344317 301435
319801 338868 314612
334270 339743 302488
345451 312506 316510
328668 313238 325529
333715 348375 301404
335408 326539 300872
344367 336894 295880
322546 324811 311256
341637 315821 313250
321897 321895 324927
334196 331810 302731
332409 344317 301435
339784 313583 316353
333646 320736 307103
337545 324635 302406
322424 318322 315519
343386 324956 298338
344386 313921 314482
348841 315797 310343
333950 319149 312348
336047 323650 302943
342078 317286 308007
343386 324956 298338
342355 323604 298436
328028 318753 312884
328387 322440 308975
345451 312506 316510
335172 332333 300551
341975 322506 301456
328387 322440 308975
335172 332333 300551
334330 321983 306670
328287 315007 325173
342078 317286 308007
341743 317396 312212
341743 317396 312212
329556 322911 302986
328028 318753 312884
334330 321983 306670
342355 323604 298436
328287 315007 325173
344367 336894 295880
343386 324956 298338
343386 324956 298338
343386 324956 298338
342355 323604 298436
342355 323604 298436
342355 323604 298436
328287 315007 325173
358125 318793 314428
343019 332915 298916
333726 314243 327867
326206 346654 313149
324727 322022 333691
324160 338745 314754
349511 327808 299780
326476 330752 323234
330374 342155 304207
339419 323767 305302
336173 318434 316902
328240 324645 318349
325682 337530 321600
340680 326299 302437
343019 332915 298916
336242 321044 310756
324828 334193 321629
338647 321958 309640
331205 325304 309706
337575 326565 303923
330693 322110 317414
343019 332915 298916
356559 317929 327871
342818 315876 331893
341554 328674 303263
335239 356847 304229
330053 343259 332451
327762 346472 318558
331341 354883 308232
348349 326244 305697
338701 330451 305103
335188 324980 321022
331873 339175 316362
344149 322022 313337
332900 326018 312816
341138 325824 306294
331610 327708 317233
354041 331175 310106
349390 347722 303760
347015 322472 321954
332143 333225 331231
342104 334323 303778
332499 337758 321166
336993 329827 325617
333291 344385 313251
339514 325901 322846
346854 322673 314559
337529 327991 319863
338276 329478 314988
333563 331573 313269
343818 327635 312850
343810 329070 312445
337049 329656 323630
337242 330749 314658
367178 328722 323355
361853 323866 326624
353434 354926 310961
339807 330567 336285
333624 331947 325275
334193 332341 314426
340360 329479 327429
358728 329116 315718
352022 323876 324985
339889 330223 323747
357914 334350 320019
344031 331405 323904
337171 339646 316147
335099 340022 322721
334258 332695 325941
335927 336102 324076
348587 334094 323179
360751 335758 322946
348387 350162 316214
337450 332737 328732
341321 346721 322503
345291 335885 328236
345944 336244 328301
351531 346615 328319
347540 338175 330127
358361 349043 331566
352642 302293 312438
344219 308724 288513
332856 299249 312643
326484 329027 290111
313989 307355 330944
298445 309930 311171
331890 302788 327211
309323 315892 302475
332856 299249 312643
325220 308178 303819
342680 310088 296538
336706 306750 310643
337859 326528 293766
352642 302293 312438
313477 323708 295351
344219 308724 288513
328341 320859 297446
332525 328757 293097
336136 322727 294201
337396 318309 300573
313989 307355 330944
334345 320540 300717
337396 318309 300573
334345 320540 300717
326484 329027 290111
328341 320859 297446
336706 306750 310643
336706 306750 310643
336706 306750 310643
336706 306750 310643
365768 310544 300904
355745 332079 291765
334788 302285 326637
320755 308265 332634
306947 352221 313327
306899 344985 318290
334788 302285 326637
344570 307099 315818
355745 332079 291765
340506 339765 291969
341954 309656 318570
306899 344985 318290
312293 331819 322708
331386 336956 294374
327709 321587 304177
345808 317439 294983
317335 338109 301177
313885 326723 316779
308603 339447 313942
324312 323724 299628
350909 310027 301680
346850 313165 307912
324786 310310 312945
328256 315897 309032
313885 326723 316779
335848 318956 303542
350909 310027 301680
330697 329266 298137
335848 318956 303542
321656 315269 325111
333889 312690 312141
313223 337570 306424
307385 334029 324943
323792 334432 297503
323792 334432 297503
311217 319375 323587
329725 321168 300634
339376 321172 299491
332166 315586 308110
311217 319375 323587
343692 320169 301389
308603 339447 313942
344245 317712 299008
314964 334415 311083
331012 324153 298794
315555 316667 312416
320666 334090 310156
343305 313973 310240
322111 338063 301932
319497 333580 312196
329347 315783 310953
342616 314101 306265
333327 330324 294559
333327 330324 294559
331229 316271 307823
323049 337526 299560
321511 317265 304757
330697 329266 298137
312293 331819 322708
321511 317265 304757
342616 314101 306265
319497 333580 312196
340506 339765 291969
315391 332805 312462
331012 324153 298794
346850 313165 307912
339376 321172 299491
333889 312690 312141
322111 338063 301932
315391 332805 312462
331229 316271 307823
350909 310027 301680
350909 310027 301680
331229 316271 307823
331229 316271 307823
331229 316271 307823
323792 334432 297503
323792 334432 297503
323792 334432 297503
313885 326723 316779
313885 326723 316779
313885 326723 316779
312293 331819 322708
312293 331819 322708
308603 339447 313942
308603 339447 313942
308603 339447 313942
306899 344985 318290
306899 344985 318290
306899 344985 318290
362327 313033 311080
348638 318897 295191
345207 306865 341290
345207 306865 341290
321194 354409 305729
313668 332731 336293
349261 314488 307274
361805 313941 312051
327026 346489 304006
339388 326508 299490
344579 308233 318074
336329 310328 320770
321194 354409 305729
315332 332376 325290
313668 332731 336293
337911 338594 296835
328035 324845 300226
314723 324515 330416
318450 318964 313554
325638 311747 331152
331632 322320 309062
326445 316263 319134
345448 317353 306853
317243 334922 316120
319518 316720 316599
333476 317827 307673
335624 321734 302187
338775 337921 298278
319060 341163 311834
332107 310987 335958
325395 320930 309581
326030 341656 306375
315344 322370 334708
316410 324689 326531
337054 336514 298601
327202 344665 301136
327835 329683 301657
323278 335928 307941
315344 322370 334708
339041 329833 298343
325910 345250 305184
323278 335928 307941
337308 313248 312566
317243 334922 316120
325395 320930 309581
316410 324689 326531
335078 314726 312163
316703 345913 312416
335078 314726 312163
319069 346286 306343
327427 311468 313374
314723 324515 330416
327202 344665 301136
327835 329683 301657
327427 311468 313374
345207 306865 341290
335078 314726 312163
335078 314726 312163
335078 314726 312163
327835 329683 301657
327427 311468 313374
327427 311468 313374
327427 311468 313374
315344 322370 334708
314723 324515 330416
357278 311285 318848
350468 333635 295727
346608 310355 321365
332032 348691 300716
323972 321161 332639
320470 327105 323353
328641 338508 302420
328422 346965 303311
345424 324309 308595
352733 321321 297346
322430 326056 328675
324953 322681 330375
329225 328342 304338
353868 316490 310450
327347 317679 332078
328974 335793 311420
325479 333463 313806
339015 314144 317438
321016 331305 319644
357278 311285 318848
333974 312832 325388
333345 329791 303045
342268 314611 315370
329181 311648 325916
336983 313501 317967
321695 327134 315403
330055 319235 314730
331175 334623 300875
346610 325418 300312
341830 318017 312715
346610 325418 300312
338922 318408 309047
337197 325504 302052
341021 311327 325655
335160 318156 310445
334740 314744 314532
330279 316177 319801
331375 329113 303997
331822 325474 309576
334350 329026 302139
330279 316177 319801
355767 315494 330703
353278 327706 297837
332627 348744 304101
328954 327200 337141
323885 327280 329646
330349 347284 321453
330422 337071 319733
324182 330814 326778
341455 322031 311631
353305 324826 299739
346238 316887 317446
331621 334194 323781
349002 316115 315355
336601 332812 309620
347342 319090 313471
343241 334318 305609
340195 331405 307131
333434 335532 313362
352403 336613 302439
355399 320726 312154
344283 316068 329339
332242 325271 327139
335919 336352 306535
351496 336538 303875
338055 332455 307984
338174 319189 312164
331630 328769 315151
333231 328564 321222
346204 328611 306806
353278 327706 297837
353278 327706 297837
353278 327706 297837
353278 327706 297837
362006 345337 299558
341488 319960 321313
331889 358913 319821
328242 335947 332025
339287 353649 304714
360573 331186 301259
351317 326339 311661
344971 333083 311307
332120 332979 322917
336153 332556 317043
348621 320349 319414
337743 338189 314497
339610 340752 313516
343669 324977 313445
333109 334793 320411
339036 322605 314088
342176 322251 320144
372727 341727 311761
358477 321605 319629
341200 353145 313837
341143 334517 337223
334884 339767 336090
355136 328750 314013
346648 323517 318860
336016 338420 329186
341330 329254 323369
338186 341098 325853
335277 346721 323851
339361 342718 321224
346242 340024 312533
335660 345939 322762
358180 339369 312114
340360 339945 319087
358262 348139 313779
356329 348466 320909
355830 325765 323518
350889 327896 333442
348777 346746 324891
352855 328273 326137
354155 341641 325076
360886 340875 336152
353946 299763 324024
353946 299763 324024
329029 327771 285316
319268 309589 331113
305611 330424 304054
296687 320401 308447
313271 318333 313653
338808 326753 286853
347996 306423 289464
328568 310971 302466
317358 311810 294163
331465 303538 290989
339630 302262 317280
309347 314075 321751
309347 314075 321751
347996 306423 289464
334229 318623 290876
305999 310410 324545
322883 310691 322019
339630 302262 317280
317358 311810 294163
336745 302758 327675
336745 302758 327675
322225 327405 289597
328568 310971 302466
353946 299763 324024
353946 299763 324024
353946 299763 324024
357884 311528 298964
341647 303346 325449
336213 329348 291478
323480 350811 303445
322904 315868 337320
302949 323352 309616
308554 345610 307884
345021 306449 303085
339691 304972 332350
313217 322151 320971
356198 317519 297331
329834 337865 292595
325166 325412 303386
330234 310484 329350
322904 315868 337320
320252 320033 311247
320233 337739 303642
332551 335565 295996
334410 307396 315053
327608 334068 296192
338893 322529 298468
333698 311436 323555
341647 303346 325449
335318 309603 312975
316250 330967 307118
343284 305760 316118
329078 348033 294414
316250 330967 307118
333995 310884 318705
329078 348033 294414
335743 317476 302582
318716 332330 306383
344409 318576 294773
327511 323679 300902
318716 332330 306383
356198 317519 297331
327045 314766 324324
334245 318276 305745
323119 314968 319778
329060 318164 312301
323480 350811 303445
332710 313931 315351
339776 311310 306271
331801 319069 308947
323980 310799 327278
339535 321846 296898
332710 313931 315351
327511 323679 300902
323980 310799 327278
339517 316825 299385
335077 305503 320521
335198 315764 313323
329834 337865 292595
343117 306527 318956
331801 319069 308947
327045 314766 324324
343117 306527 318956
324002 322006 305834
323366 319877 306862
334733 318734 298495
335198 315764 313323
339517 316825 299385
332127 316655 315971
334962 316511 312382
334962 316511 312382
339535 321846 296898
332127 316655 315971
343284 305760 316118
323366 319877 306862
324002 322006 305834
329060 318164 312301
356198 317519 297331
356198 317519 297331
356198 317519 297331
343284 305760 316118
343284 305760 316118
343284 305760 316118
343117 306527 318956
343117 306527 318956
343117 306527 318956
339535 321846 296898
339535 321846 296898
339535 321846 296898
339517 316825 299385
339517 316825 299385
335198 315764 313323
335198 315764 313323
335198 315764 313323
329834 337865 292595
329834 337865 292595
329834 337865 292595
327045 314766 324324
327045 314766 324324
327045 314766 324324
323980 310799 327278
358238 307915 317030
356083 303645 333955
341613 335702 295647
316637 347408 309697
315116 324025 344748
302984 342379 316399
307514 329647 311340
332099 317010 333735
315116 324025 344748
322940 339068 304357
328555 318085 326269
345095 306627 325509
339078 335108 298620
331329 320000 318589
302984 342379 316399
313747 328063 317435
352855 306490 333796
349637 308544 307496
331250 340524 296705
350527 314326 303566
334506 311469 318568
334766 321491 308791
341613 335702 295647
335862 328869 303182
339125 327981 299903
337667 319010 314818
329534 324508 305392
326017 325780 305115
319123 324511 316977
315717 326850 309890
346978 314916 310418
336001 318710 315993
326017 325780 305115
340983 314873 314529
331292 322884 312980
343616 310802 316090
339224 315216 314683
346535 309505 313397
319123 324511 316977
346535 309505 313397
343616 310802 316090
339876 315051 312915
339876 315051 312915
339179 318166 310823
339179 318166 310823
341613 335702 295647
341613 335702 295647
339876 315051 312915
339876 315051 312915
339876 315051 312915
339179 318166 310823
339179 318166 310823
339179 318166 310823
326017 325780 305115
358516 327976 304085
345219 308153 336890
344702 330355 302042
308591 345540 315884
307550 341706 322214
329520 323301 331415
331284 319561 329801
315524 331087 325210
340640 317709 315559
343669 335476 305762
352785 316260 307120
335024 316534 330326
309615 334829 317593
340193 324188 319489
347712 315658 311783
308164 338503 316205
337246 332979 309915
316791 327798 325809
337348 342478 304832
324528 341817 305719
346329 326630 312027
352461 312862 307512
337795 328650 312511
338912 311655 320774
323174 328710 310429
330510 340067 305497
318415 333506 316204
350652 318518 307940
349860 328213 311277
337759 329583 308535
308591 345540 315884
319863 327321 322159
331823 327835 320112
323688 340728 308075
320038 330721 310072
338912 311655 320774
340248 326840 317502
307550 341706 322214
337436 311988 324027
337436 311988 324027
344395 312841 320123
309615 334829 317593
316791 327798 325809
320038 330721 310072
338912 311655 320774
338912 311655 320774
308591 345540 315884
369274 313454 320351
353050 335165 305701
343605 345917 306790
342078 318228 336649
317433 332837 331797
355964 318236 312936
336835 322119 331795
329977 343315 307145
318638 338955 323343
324371 330511 333298
343573 314021 327394
317647 343253 316354
340194 325401 326385
322127 345675 313755
337859 322897 331007
343943 327412 321845
354024 323107 311960
346819 313838 325418
351211 322214 317761
354448 316839 314336
326612 329354 313990
317433 340060 326344
324783 333920 320390
352191 315972 323979
338705 331246 309442
352761 331820 307626
352747 328800 310377
338335 328857 317801
342316 317834 324444
338804 328042 325319
344538 338970 306983
358569 318560 318314
353346 315252 329466
344747 339022 307256
322020 353293 319753
318602 344127 327479
341170 345535 311024
348463 325685 326253
340285 329539 322861
343654 333876 314568
335101 335351 315467
326892 330571 326177
327867 330402 321195
332954 341299 315790
327037 350900 314688
333801 330637 317471
343022 326689 327495
351707 329501 315191
330941 340256 318284
354529 325535 337465
340834 340586 317613
321942 346965 330689
328838 337556 323773
345633 330808 330344
332481 334706 328116
329781 335919 331539
334329 332069 318571
341553 331056 320566
355007 332108 331887
347776 346816 317697
336495 334266 335732
328886 351362 328931
350501 338887 325043
339282 333861 328511
331820 343054 326112
346036 338995 319378
345761 337118 325357
354893 335079 319119
333033 341576 325083
353609 339608 326083
352637 337331 327463
340158 345945 326099
347138 354396 333339
341481 346099 342376
346691 348498 333355
349851 348937 334209
