7 0.151956
164300 142144
164300 142144
136622 163216
144476 148121
140772 155560
158142 143327
158142 143327
137850 159376
137850 159376
167506 142523
167506 142523
138050 184004
138050 184004
140253 169625
161407 144020
157881 148603
155232 151375
145515 159820
148243 152587
145683 154024
141569 168893
143808 164569
143808 164569
155803 149785
148243 152587
143808 164569
138050 184004
138050 184004
138050 184004
138050 184004
138050 184004
138050 184004
179551 142664
179551 142664
142876 176580
165220 144527
156876 153296
161682 147977
147702 160729
144675 167848
152189 153833
144457 173393
158416 149178
147541 166182
151900 157215
143546 174177
147440 167534
150479 159614
159099 148776
150479 159614
151471 159277
151539 158657
147541 166182
159099 148776
151539 158657
151471 159277
179551 142664
179551 142664
151539 158657
150479 159614
150479 159614
147541 166182
147541 166182
147541 166182
147541 166182
147541 166182
147541 166182
170431 145571
147432 171532
147432 171532
149288 165362
153024 155152
158976 153872
170006 146733
165436 147284
160623 150191
149496 161660
164178 149460
152752 158773
160346 151903
150779 160825
152021 159840
151542 160398
164813 149142
158976 153872
159586 152940
159586 152940
152752 158773
165436 147284
164813 149142
164675 149381
164675 149381
164813 149142
164813 149142
164813 149142
164813 149142
164813 149142
164813 149142
164675 149381
158976 153872
174645 147335
149832 180090
149832 180090
150601 162171
165946 148404
150095 167378
153455 157548
163356 152463
150095 167378
154488 155808
160467 154541
159630 155165
156752 155466
156752 155466
160467 154541
164920 150215
165788 149440
164920 150215
154488 155808
159630 155165
165309 150033
165309 150033
164920 150215
160467 154541
154488 155808
154488 155808
154488 155808
154488 155808
154488 155808
154488 155808
149832 180090
177956 148421
150809 163591
150809 163591
152755 162285
173797 148478
163476 152609
153752 158014
160813 155537
167034 151410
154704 156438
169976 149052
163476 152609
157749 155903
167034 151410
153752 158014
169389 149682
169389 149682
152755 162285
160813 155537
157330 156132
169976 149052
154704 156438
157330 156132
169976 149052
163476 152609
157330 156132
153752 158014
150809 163591
150809 163591
175307 149010
150977 163997
150977 163997
153150 163300
170167 152375
154491 158900
167479 153004
172007 149964
162252 155864
174486 149653
163636 154875
158421 156908
164294 154686
164999 153133
164974 153500
154491 158900
156665 157232
155392 157814
172007 149964
160663 156603
160663 156603
156555 157577
159572 156754
175227 149482
155392 157814
159632 156702
156555 157577
175227 149482
159632 156702
172007 149964
172007 149964
160663 156603
155392 157814
150977 163997
150977 163997
172448 150275
151205 170522
162191 156733
170481 153133
165122 153812
158816 157591
165115 155589
172069 152444
154707 162182
151613 168120
157363 158335
153209 163632
155035 160974
152987 166051
155572 159748
153139 164111
151613 168120
152987 166051
156449 158784
156135 159123
152987 166051
151613 168120
178678 153354
151849 171324
166422 154029
153640 164082
158280 159532
165676 155751
161630 157949
152590 169059
153049 166226
161210 159162
173152 155236
152503 175458
153545 166843
169308 156400
156619 166268
165110 159161
161678 160236
158930 164035
168285 158670
159418 161353
175377 156235
154584 167959
159924 161691
170500 157973
169437 160392
159223 166407
162250 160546
156887 166768
187120 156651
155266 176106
174215 159798
155769 174209
166397 161943
180271 156763
156503 168135
176493 158631
157746 167289
163082 166439
165501 162973
164675 164482
164090 165796
164406 165350
186860 158335
156017 177861
179864 160075
171145 162929
157299 168962
164518 166110
159770 168607
169985 165899
180036 162411
157692 172070
178918 163326
163912 171356
165557 167493
164182 170005
171306 163960
170444 166390
168571 167236
171180 164238
183263 165285
157926 177849
161044 172370
172594 165533
168284 168447
169254 167605
182028 165901
161148 172469
168989 169593
181085 169434
173603 170153
164430 173354
171887 170202
182351 170172
164510 173947
175402 171634
165901 173827
178599 173311
169835 179658
173098 177826
180685 176650
174307 177934
177110 177841
164156 133325
145092 156039
150591 142158
161009 139096
157092 141498
159368 140521
168065 136525
168065 136525
146502 171181
146502 171181
163688 144107
148248 163566
164865 137816
158162 145099
148489 157622
152516 156157
158036 149611
153301 152444
156684 150757
155888 152041
152516 156157
148489 157622
155888 152041
153301 152444
158162 145099
168065 136525
152516 156157
152516 156157
152516 156157
152516 156157
152516 156157
152516 156157
148489 157622
148489 157622
146502 171181
181449 137475
181449 137475
148868 164007
148868 164007
166306 141459
178804 138788
161634 145668
149834 162503
159671 145811
166306 141459
158014 151369
178804 138788
152940 158459
153497 157940
157075 152937
154680 154411
152940 158459
158014 151369
154018 155671
157075 152937
154680 154411
154018 155671
159671 145811
178804 138788
166306 141459
159671 145811
157075 152937
154680 154411
152940 158459
172179 142362
172179 142362
149187 172058
168182 144129
151186 163039
155631 154617
154716 159380
149527 164807
159341 154469
162998 147271
164830 147120
149394 169706
154716 159380
164830 147120
159761 151331
160755 149856
161287 149052
149394 169706
161287 149052
159761 151331
155631 154617
164830 147120
161287 149052
159761 151331
155631 154617
155631 154617
149394 169706
149394 169706
185232 142829
185232 142829
149788 167972
149788 167972
160430 153597
175956 143352
168196 147705
163313 148208
155898 162016
156803 154904
151501 166606
151910 164424
156246 157605
153472 163088
162136 150917
162136 150917
170072 146764
173753 144518
156246 157605
155189 162248
175754 143510
170825 144580
170290 144980
156803 154904
173753 144518
163313 148208
170072 146764
175956 143352
170290 144980
170825 144580
185232 142829
175956 143352
175956 143352
173753 144518
173753 144518
170072 146764
163313 148208
163313 148208
163313 148208
163313 148208
163313 148208
163313 148208
162136 150917
162136 150917
162136 150917
162136 150917
156246 157605
179909 144363
179909 144363
150868 172451
150868 172451
157173 155937
154359 163827
163586 150989
171309 147843
152240 170015
153413 168932
168932 148186
157897 155214
174335 147348
177360 144608
160776 153930
160603 154877
157173 155937
166741 149142
153819 165691
154359 163827
160776 153930
166741 149142
164351 149923
174683 146043
177360 144608
175388 145993
175388 145993
153827 164302
153819 165691
163797 150478
164079 150372
164351 149923
174335 147348
160603 154877
153827 164302
179909 144363
175388 145993
175388 145993
166741 149142
154359 163827
153827 164302
153827 164302
180389 145679
152630 178023
158905 155881
155908 163951
153358 172232
164784 153031
166800 149440
169718 148369
153899 167917
175078 146808
162485 154346
175253 146157
161292 155707
154377 165954
169702 148966
155658 164304
155658 164304
175078 146808
175253 146157
169702 148966
175078 146808
185961 146070
154999 166563
159821 158203
165487 155328
167339 150782
155698 166467
175089 149468
179361 148555
178397 149254
182726 148918
158196 172470
161246 159258
175142 149706
168984 157413
172337 152524
170309 155343
169313 155536
176541 150165
158282 173462
161341 164729
162032 159939
168349 159553
159203 172713
169348 155686
175274 151075
173319 154533
173452 154408
159129 173427
181979 150469
158573 175062
161590 169085
176407 152867
171915 155901
169496 158037
163845 160742
162568 162565
169809 156981
162739 160777
180069 153344
161710 174793
170727 157544
163609 165719
163746 161037
178566 156387
163661 161674
179366 156199
188118 153740
161958 178481
182210 155270
163667 171435
177223 158417
171345 160028
163828 168976
166662 161655
165600 163544
175319 159367
166316 163481
165695 163517
182051 158884
165069 173717
165710 167195
169145 162231
178565 159032
174861 160421
172442 161013
185142 160058
167502 173237
170435 165365
180634 160435
168542 168432
168368 172764
181349 163431
168043 177280
172806 165630
170817 168557
168924 173152
170062 172777
179805 165706
169116 176659
171207 168756
174337 165791
170730 175273
182524 166714
171940 172803
174880 167232
173704 170567
172817 171546
176170 167272
173060 172782
174112 170889
175240 169081
177708 168141
173300 174361
186418 169467
173525 180296
177796 169824
181801 170706
181386 187926
144305 142103
144305 142103
136092 158407
140995 148947
140995 148947
140995 148947
145202 142401
136146 163793
142579 156069
144684 153350
144593 155644
142900 155710
144684 153350
142900 155710
144593 155644
142900 155710
142900 155710
142900 155710
142900 155710
142900 155710
142900 155710
149982 142746
138975 168215
138975 168215
146426 149092
145881 154824
140939 165339
143794 158433
144952 157784
141351 164474
146426 149092
142714 161270
142714 161270
142714 161270
142714 161270
172957 145113
172957 145113
144495 159955
147672 153194
146813 156227
164476 145845
158648 146623
164476 145845
146880 155473
151543 150452
154361 147734
158648 146623
151543 150452
152700 149800
153920 149708
154361 147734
154169 148780
154169 148780
153920 149708
164476 145845
154361 147734
168587 146029
168587 146029
145103 172424
145103 172424
145138 160908
148016 156133
153994 153444
162442 147362
146878 158249
159149 150217
160009 148583
154280 151303
162442 147362
156267 151118
156267 151118
154280 151303
154280 151303
154280 151303
154280 151303
154280 151303
154280 151303
154280 151303
173893 146110
146282 165896
146282 165896
162597 147678
148135 156996
153534 156692
154326 151796
158946 151528
147677 161910
146584 162263
158946 151528
153534 156692
154326 151796
148135 156996
146584 162263
148135 156996
146584 162263
176497 148178
146861 168719
167554 148472
148187 167197
176373 148274
154511 157788
148397 162063
154542 153519
162040 151622
149000 161695
155206 152188
151029 159939
158341 151976
164350 148821
159652 151814
164982 148631
151048 159653
151447 157874
151759 157796
162040 151622
164350 148821
154542 153519
155206 152188
148397 162063
151447 157874
176373 148274
151759 157796
176373 148274
176373 148274
176373 148274
176373 148274
176373 148274
176373 148274
164350 148821
164350 148821
151447 157874
184071 148963
184071 148963
148323 170882
174976 149068
155128 157915
161228 152096
157522 153524
151262 160611
149289 162597
148934 169943
149243 166266
149243 166266
151262 160611
167968 149399
150009 162542
157182 154102
165328 151320
155214 157050
172468 149306
166016 149954
164115 151874
155214 157050
157182 154102
172468 149306
167968 149399
148934 169943
166016 149954
164115 151874
172468 149306
157182 154102
151262 160611
151262 160611
151262 160611
151262 160611
151262 160611
151262 160611
149243 166266
149243 166266
149243 166266
149243 166266
149243 166266
149243 166266
169874 149448
148443 176898
148443 176898
163001 152797
157980 156131
149313 169290
158472 153592
155149 158676
166961 152776
149805 166506
153951 161203
150920 163980
155149 158676
149313 169290
150801 165989
158275 154045
152783 161638
152783 161638
150920 163980
168509 151742
167799 152046
168826 151061
168826 151061
167329 152295
153404 161432
153404 161432
150801 165989
153404 161432
153404 161432
152783 161638
152783 161638
179878 149796
149619 173269
149619 173269
169884 151615
162562 153879
150974 167567
152830 162851
174503 150840
152505 166081
155503 160760
176410 150446
159300 154302
158151 156533
156935 159063
158592 155713
156776 159785
172119 151890
151332 171969
171479 152903
162242 155064
159606 159291
152241 168959
162155 156241
156517 161448
153042 166417
157395 159884
156234 164348
153400 164917
154697 164408
184716 152457
152409 173212
173103 152746
160623 164461
171824 156061
162959 157863
163886 156722
154899 168781
158959 165937
153442 170044
156326 166535
152554 170954
152522 172526
156702 166271
173832 154728
152851 176040
157229 167158
163117 161961
168133 156890
154727 171054
155117 169900
163129 160377
164065 157794
165516 157723
176414 157559
153955 179792
163440 164719
158046 167677
169100 158848
154944 173208
165047 161534
157413 170484
153988 176229
167249 159579
171912 159890
157091 176167
165576 161584
162837 168027
159069 170300
160566 169546
165646 161881
159232 172298
163063 171788
165665 163406
160284 186007
161780 172711
165922 163799
164080 178674
167479 164689
166449 178703
186042 165429
168097 176066
168326 165870
177300 165819
179766 165898
168355 166382
174087 167917
168622 179440
170685 170740
172472 168251
176287 169033
170627 183303
172080 176746
173397 170966
179030 175364
172799 180873
175353 185182
