195 3.55184
106886 83732
86934 103981
86934 103981
101938 84905
99844 85784
99047 86513
96619 86933
91890 90676
88869 95713
90705 92351
87414 102792
94819 87882
93054 89109
88713 97123
94819 87882
87516 101266
91442 91607
91392 91671
93054 89109
87678 99291
90588 93049
87632 100480
92621 89655
89464 95113
87414 102792
90428 94310
96132 87401
92621 89655
88277 97292
87867 98836
88111 97946
90147 95025
95419 87687
88111 97946
95419 87687
87516 101266
96172 86982
90588 93049
87632 100480
87867 98836
89464 95113
92890 89283
90409 94662
90428 94310
87678 99291
92890 89283
88277 97292
88713 97123
96132 87401
90258 94891
90258 94891
90347 94760
90347 94760
96172 86982
96132 87401
96132 87401
96132 87401
96132 87401
96132 87401
96132 87401
95419 87687
95419 87687
95419 87687
92621 89655
92621 89655
92621 89655
92621 89655
92621 89655
92621 89655
92621 89655
92621 89655
92621 89655
92621 89655
92621 89655
92621 89655
90428 94310
90428 94310
90428 94310
90347 94760
90347 94760
90347 94760
89464 95113
89464 95113
89464 95113
89464 95113
88277 97292
88277 97292
88277 97292
87867 98836
87678 99291
87678 99291
87678 99291
86934 103981
86934 103981
86934 103981
108936 84676
108936 84676
88392 101953
88392 101953
88565 97360
97878 86988
95117 88257
99235 86670
101912 85999
103160 85690
90415 95823
90594 93656
105484 85536
107004 84958
94265 89351
108812 84698
95000 88955
92650 90402
92366 90749
93523 89993
91153 93207
93581 89878
105827 85304
89205 96444
89205 96444
89407 95835
91463 92581
91265 92953
91702 92337
91919 91423
91769 91698
91919 91423
106482 85292
90594 93656
106897 85208
89385 95973
105484 85536
106482 85292
91769 91698
91702 92337
89385 95973
106897 85208
89407 95835
108936 84676
108936 84676
108936 84676
108936 84676
108936 84676
108936 84676
106897 85208
106897 85208
106897 85208
105484 85536
105484 85536
105484 85536
105484 85536
91919 91423
91919 91423
91919 91423
91919 91423
91702 92337
91702 92337
91702 92337
89407 95835
89407 95835
89407 95835
89407 95835
89385 95973
89205 96444
89205 96444
89205 96444
89205 96444
89205 96444
111243 84943
111243 84943
89842 97279
91137 95174
107424 84973
101330 87024
91409 93736
95045 89733
103746 86658
90190 97251
92774 90647
104325 85795
106231 85436
97299 88292
91817 92314
95988 89023
100280 87973
92478 91826
95427 89146
99172 88288
92533 91100
100128 88128
99214 88197
92533 91100
111243 84943
92533 91100
92533 91100
107523 85004
107523 85004
90245 99909
102812 88212
106393 86461
91243 97092
100233 88628
92019 93264
96645 90153
97333 89376
93772 90717
90258 98763
92670 92880
92988 90816
96828 89520
107402 86744
92359 95429
105761 89392
99934 89582
93728 91576
106397 88052
94847 90723
92677 93340
96983 90034
92660 94249
98960 90006
107725 88006
93555 93475
106972 89052
97248 90157
94963 92081
95440 91038
96678 90849
97141 90402
107873 88798
93587 96048
103594 90174
95953 91348
94111 93683
95345 93209
100995 90339
99265 90537
98231 91028
95044 93635
98748 90985
102836 90785
93676 96371
94277 94353
96141 92338
99636 91088
96272 91416
102222 91059
102397 91370
94323 95314
95759 94657
96589 92575
97014 91805
95005 95228
96875 91841
106725 91410
94552 97173
97097 91908
104845 91850
97038 93089
96169 95158
94872 95772
105241 91795
95886 95734
100807 92085
94611 98951
95022 96374
97180 94590
96920 95886
98441 92638
98595 92103
101566 92165
95507 99984
96499 96514
99942 92717
98767 94745
97709 95178
110493 92552
99077 97095
106671 92617
99282 95864
101253 93441
100435 94154
100511 93482
104552 93549
99819 96160
100714 93663
100444 96088
107959 94572
99950 100634
106614 96046
100266 96665
102014 96257
107291 96271
100181 101070
101928 97050
101129 100902
104019 96286
103451 98101
103655 101305
110528 105557
109563 78954
109563 78954
83585 97477
83585 97477
99406 79359
106019 79234
95994 79573
85187 95295
85313 92791
99406 79359
107975 79231
84258 96002
106019 79234
90324 85392
89555 86672
89555 86672
94150 81001
89501 87302
86240 91161
107975 79231
85628 92065
87542 89674
94776 80438
93832 81936
88777 87422
93255 82335
87409 90493
87872 89637
84258 96002
87946 88900
88517 88536
95894 80288
95824 80300
85628 92065
88616 87925
90324 85392
86240 91161
93203 82819
84481 95685
92482 83620
88616 87925
85405 92382
86576 90941
93695 82160
84927 95629
85313 92791
92064 83778
87165 90519
90532 85270
92691 83340
93832 81936
91452 84218
90879 84959
92691 83340
87022 90885
84950 95415
85405 92382
91839 83969
90532 85270
87116 90817
91839 83969
91213 84532
92858 83031
91034 84659
91006 84901
94619 80726
88015 88782
88301 88651
92064 83778
94150 81001
94451 80910
92482 83620
90879 84959
86576 90941
88301 88651
91579 84160
93695 82160
94776 80438
91579 84160
91213 84532
88777 87422
91452 84218
84481 95685
85187 95295
92985 82973
92985 82973
94619 80726
93203 82819
95824 80300
88517 88536
88015 88782
94451 80910
87946 88900
94569 80807
91161 84601
89501 87302
94569 80807
84950 95415
87542 89674
92858 83031
87022 90885
87409 90493
87116 90817
91161 84601
92914 83023
87872 89637
95894 80288
91034 84659
91006 84901
84927 95629
87165 90519
92914 83023
106019 79234
106019 79234
94619 80726
94569 80807
91579 84160
91579 84160
89555 86672
84950 95415
101260 79368
101260 79368
88496 90504
88496 90504
90205 88023
89408 90493
94510 81819
94829 80616
93327 82502
91839 85261
92624 84276
93126 83729
98732 79678
91324 86001
98732 79678
90429 87190
91067 86742
96667 79717
96289 80240
89408 90493
96289 80240
96466 80101
96645 79880
96466 80101
96645 79880
96667 79717
101260 79368
98732 79678
98732 79678
96466 80101
96466 80101
96289 80240
96289 80240
103039 79410
90554 90564
98628 80193
90813 88230
96368 81194
91551 86282
98216 80360
95080 81791
93177 84359
92217 85290
94638 82395
93640 83882
92026 85780
94172 82677
94021 83495
94163 83345
103954 79893
90963 99286
91229 88255
99723 81078
101728 80424
94176 82817
97102 81594
93418 85068
91859 86726
92727 85580
95318 82749
92364 86415
96197 81929
96812 81679
95618 82111
95734 82047
109806 80168
91426 95679
91578 93656
106544 80808
91868 87864
101921 81004
98891 82001
97252 82833
101536 81606
94869 82862
94279 83369
93996 85148
91942 87026
93109 86237
98457 82549
93672 85580
101815 81332
93145 85661
93193 85586
101978 82030
91958 87784
97190 82921
94324 84891
93635 86756
94503 83835
96403 82968
93345 87476
95613 83594
92646 87507
95661 83374
107272 82377
92073 93292
94586 84997
101097 83016
92900 89297
92464 92931
97517 83314
92493 90053
99660 83166
95613 83705
95136 83935
92572 89780
100124 83229
92899 90196
95208 86446
97712 83641
95354 84169
100320 83315
93805 90897
95900 85434
95323 89779
97939 84251
99540 83985
98039 84010
104526 83441
94779 92854
96357 88892
95826 91180
96528 85710
98858 84153
101488 84085
102137 83657
98268 84387
97266 85457
102103 84033
96981 85588
103719 83797
95675 94408
99180 84199
96532 91949
96779 88335
97191 86944
98270 85507
98686 85223
104723 84449
97234 91885
99209 84658
98027 89436
98541 88476
99202 86013
98678 87450
98725 86499
106621 84646
98445 90488
99654 85171
99067 90110
103578 84830
103698 84974
98762 92949
100340 86552
100406 85587
106221 85933
98832 94974
102246 85943
100461 92975
101604 88566
100813 90090
100868 89428
110195 86023
101187 90768
102740 86468
102481 88702
101758 89762
101527 90614
101593 89965
102759 87027
102012 90878
102879 87653
103432 87744
103174 88838
103225 88537
106485 88206
103509 91273
103962 90101
105595 92032
123984 78367
123984 78367
100012 95332
100012 95332
122287 78602
105048 85804
104750 87671
101942 91543
101218 92817
100724 94169
101218 92817
100724 94169
120534 79283
103881 88026
103803 88892
118185 79625
116222 80152
103376 89035
107419 83853
117352 80118
103107 90028
120526 79541
109521 82542
112581 81335
110967 81682
103090 91063
106484 85096
113459 81071
103107 90028
114555 80975
117469 79661
119220 79595
105048 85804
116175 80588
110323 82492
107050 84451
107050 84451
115503 80770
108386 83790
101942 91543
106484 85096
111990 81669
119220 79595
108915 83634
114555 80975
102789 91238
113459 81071
106613 85063
120534 79283
109432 83132
115503 80770
104750 87671
110579 82151
112289 81383
109175 83222
112227 81595
102789 91238
110840 81990
108386 83790
103881 88026
106613 85063
110579 82151
108915 83634
103376 89035
107419 83853
109304 83189
110840 81990
110323 82492
109175 83222
116175 80588
103060 91085
111990 81669
103060 91085
109432 83132
117469 79661
117352 80118
109521 82542
120526 79541
103090 91063
123984 78367
123984 78367
123984 78367
120534 79283
120534 79283
120534 79283
120534 79283
120534 79283
120534 79283
120534 79283
120534 79283
120534 79283
120526 79541
120526 79541
120526 79541
120526 79541
120526 79541
120526 79541
120526 79541
120526 79541
120526 79541
120526 79541
120526 79541
120526 79541
120526 79541
120526 79541
120526 79541
120526 79541
120526 79541
120526 79541
120526 79541
120526 79541
119220 79595
119220 79595
117469 79661
117469 79661
116175 80588
116175 80588
116175 80588
116175 80588
111990 81669
111990 81669
111990 81669
111990 81669
110840 81990
110840 81990
110579 82151
110323 82492
110323 82492
110323 82492
110323 82492
110323 82492
109521 82542
109521 82542
109521 82542
109432 83132
109432 83132
109432 83132
109175 83222
109175 83222
109175 83222
109175 83222
109175 83222
109175 83222
109175 83222
109175 83222
109175 83222
109175 83222
109175 83222
109175 83222
108915 83634
108915 83634
108915 83634
107419 83853
106613 85063
106484 85096
105048 85804
104750 87671
104750 87671
101942 91543
100724 94169
122844 78914
103674 89135
105637 88543
106714 86232
121196 79548
110097 82695
108359 84584
107168 84898
116952 80163
110856 82214
115352 81165
112356 81562
113667 81268
122321 79152
111789 81763
114322 81259
116247 80527
108246 84750
116247 80527
116857 80173
116952 80163
122816 79137
111861 81702
111861 81702
116952 80163
116952 80163
116952 80163
116952 80163
111861 81702
111861 81702
111861 81702
111861 81702
111861 81702
111861 81702
121981 80160
107940 86493
116892 80215
110295 84690
110325 82901
112797 82281
108849 86027
115523 81274
114697 81980
115106 81788
123006 80187
108067 91323
109014 86971
117075 80694
113050 83272
110231 86794
110736 83983
120287 80374
110414 84621
116052 81799
119119 80531
114841 82001
114110 83070
114725 82824
121638 80487
108296 91986
117162 80932
111252 84640
109341 87885
109240 88007
114623 83700
115851 82663
112172 84305
114966 82889
111322 84331
115338 82848
129846 80974
110094 88346
121160 81293
111508 85510
118120 82514
115486 83745
120917 81950
113840 84333
112033 85197
115151 84078
121738 81800
110237 89533
111659 88158
111768 85756
119548 82793
121020 82212
114081 84597
118479 83537
115919 84563
113278 85247
116159 84127
117750 84032
118145 83900
112280 85248
112182 85374
117836 83976
124781 82105
110246 90650
112063 87281
115505 85022
119721 83188
119368 83592
113784 85489
112287 86240
119805 83644
111684 92225
112448 88319
119397 85343
115875 85712
115195 86608
112931 87060
113663 86753
113467 86800
126663 83714
112828 89967
118926 87043
119898 86013
114580 87229
121081 84932
113797 87856
122406 84242
124734 83860
113950 87734
123493 84476
112949 95606
115184 91869
122138 86298
117818 87453
115854 88049
124917 84952
115931 90155
116823 88106
123921 86240
116029 89911
123289 88198
115969 91773
119182 88596
121794 90257
116423 93867
133274 97133
