21 0.721868
847226 774587 816372 805950
801769 817459 801061 799302
801251 818349 834951 823775
818163 772249 836740 810261
814151 824486 826947 799437
778591 812316 789383 847209
839308 813298 828158 830406
820399 824134 826002 794321
802834 803707 775157 806843
859669 812705 815629 790384
822690 796246 787653 831268
846404 788667 827300 828866
846027 792051 824181 813900
810206 807415 792843 774240
833505 795387 818799 803245
842241 823764 791855 822695
844447 798195 768235 802191
832974 842684 824146 790991
812998 833127 819643 810605
811576 800669 805903 817150
837413 771207 797708 822287
802918 800974 821169 830673
834334 817046 778925 822969
799458 812272 816602 799577
809566 804685 795126 789876
825513 800353 805562 808677
825149 805413 787770 826055
856449 829548 820849 809164
845879 797092 791688 809282
794580 816320 799614 821445
829282 814442 804020 817070
836437 830402 779637 819443
866996 833165 824597 797898
819994 812507 851880 830659
822445 790210 849095 824537
834235 812330 803043 813250
810687 818762 796004 815377
822039 822049 821511 836021
814097 762821 821039 841240
830413 773042 821377 811157
818046 792959 817461 805208
828260 823259 806294 797750
807557 800890 784748 835624
814237 823686 799189 787521
825318 841763 810634 850175
824256 802656 813877 793239
850165 814847 802650 844453
815020 819269 807763 825562
834653 832396 809505 785145
828604 789368 800191 826857
801382 824082 785825 873921
814680 796226 833071 810808
829115 832259 807653 799396
836917 794413 819108 839208
847848 817082 791523 822171
788676 831100 806723 822362
803656 804460 772793 815639
795909 773221 797509 819054
840173 801939 820431 805069
797341 806078 814930 813456
845429 801848 805095 841860
839841 807330 781480 786068
802713 823218 827730 786878
818437 788022 812601 832635
837676 823714 807919 787783
812734 832246 802274 812354
822643 799485 805293 787700
812893 813199 798522 796571
813974 805031 816523 824296
836503 824953 791760 823839
800495 817410 824799 816726
790753 810883 810646 805590
770043 805770 801408 801050
857678 810054 796380 806839
822496 809851 794614 819680
820252 803850 809839 820974
830225 783587 812091 815686
835478 829183 798931 807545
833647 850320 792794 791332
813866 822539 816390 835084
830980 765494 797277 813778
778210 772853 796207 797489
820737 801197 824314 822779
840954 777614 810417 799237
825725 842603 833078 820004
837545 805435 785416 801957
812396 785046 793183 787996
786575 792513 784377 831416
827044 817189 833427 829947
805616 826785 810707 814277
869718 791372 789328 777968
807529 821669 824630 834040
809108 822461 801824 803190
819983 818408 812940 835144
836420 821990 807117 833587
808472 805013 786874 807564
823665 794806 808940 837570
816111 811359 800181 850464
837647 825096 795008 823712
830006 815299 831603 831979
834777 784901 814155 799273
822070 821115 795475 809023
803547 820589 813184 791789
846503 809344 799378 834810
789991 818604 809518 829489
831577 816807 828596 803936
837583 842265 802270 777839
836742 815242 810898 842294
817080 815447 781147 830445
822534 798947 767833 818180
802881 827488 838488 807268
822353 795797 801838 816010
802078 811732 822005 802958
839904 795302 776980 816137
819088 825833 818648 840616
823588 825514 794608 797696
798901 826944 790365 833046
855642 826088 793400 802009
831276 814985 818822 782367
816851 779583 815405 828201
794078 842492 771249 787196
803246 795673 806517 827890
780255 792568 813909 780777
803431 813303 814652 817607
782977 782362 817213 798030
828012 787038 825740 804606
818223 808912 805825 819097
807664 803271 843225 798731
830776 803357 811114 841884
834111 823785 773004 803600
816957 815558 804475 827598
816730 810738 814959 850448
832545 816803 817906 789116
803712 830968 790129 803874
798931 807827 781283 814798
835958 800050 810449 826384
813422 812341 793466 824369
826556 824710 806772 835506
821154 802959 831031 807404
801720 800245 798759 823914
829905 791849 819411 837210
811306 840442 814667 823394
835133 772174 839465 809064
803515 827080 792024 801607
847940 797611 826223 813561
813295 822387 832108 826315
842174 805115 813796 804145
812357 811167 774303 817250
798661 784243 802315 812939
828365 828074 820975 830193
800891 788384 833254 809952
827791 840614 810308 833322
829613 791751 806282 802115
815021 796642 804912 806389
851419 803493 818337 839875
827963 822247 809774 816832
797181 792354 807932 818223
844381 803810 791126 812576
813439 815509 802055 779136
844905 827851 834298 828160
824100 812473 799029 811072
850241 813079 815555 814331
793659 852366 814916 826568
805804 821472 811976 786278
819823 814062 813760 835209
788861 783937 818972 787147
799849 818845 811727 815698
848646 809319 817521 810484
850088 823459 824354 810053
811791 776475 808075 803894
850917 804363 812726 824038
820867 800301 789948 785657
822226 792511 812152 790076
787687 820560 819027 824259
800139 789005 791897 775600
830804 832291 803545 788448
808315 814680 801836 809396
886964 807482 824376 827737
804289 781362 815475 825355
787121 818497 780881 819297
822543 808376 791454 800278
794289 803151 800705 813427
827405 798005 819672 833501
842952 811628 854829 794677
845581 800112 802555 801599
831962 806830 816624 811612
784227 800776 767509 805972
794318 807649 821546 801643
822969 828057 822592 809993
804058 832436 768532 816744
793404 794193 813069 845441
815820 817175 811963 825466
815747 813116 796186 816680
831134 808181 815480 814994
811213 790925 821717 772122
832789 772491 801538 837896
814536 804955 819274 812431
830401 807627 789652 795883
806056 843235 821429 812004
824882 832535 797764 831547
834207 811494 792323 826069
854919 810428 796972 815695
831208 790822 807809 808352
822155 820700 784857 825588
812749 820415 812582 800496
814485 780745 798317 835607
834250 790902 787165 842627
841915 803157 807008 830872
810185 838807 802454 820152
820225 806963 806468 807704
810251 826299 814093 812591
834273 780817 833329 845029
855777 829493 813607 834759
813987 838410 811249 819014
834802 828292 830154 818260
834212 829422 769565 771870
825904 805840 804888 848166
824354 826915 802147 770628
799358 778329 806127 814583
850933 811511 811690 852861
813456 771026 787027 825574
819428 812712 812038 785906
798444 813593 826195 820805
814714 812829 810678 819597
820026 837591 814273 825241
823923 807028 784374 825001
821177 792841 777244 816541
799408 823998 798716 813068
813017 816308 799229 811700
830355 828948 790554 839039
835226 830570 818836 789987
836517 776338 800446 795016
826176 793131 788242 784101
813733 782794 861854 833359
794448 806418 804693 818679
836637 809707 818587 813770
795119 800409 798533 820591
815744 798868 826378 856798
814020 807115 793503 821677
790043 793237 765495 825510
828706 804959 810826 828183
822240 809102 794143 836469
840803 797171 815298 818829
835741 791520 802957 811569
818792 812297 759591 826552
831658 797800 819444 775722
801405 817106 808546 825889
828905 802944 797125 808377
818156 820799 802072 834423
822114 794612 807059 809156
814336 828885 804086 836062
823700 805544 800974 786108
835885 799810 814331 810196
822319 796680 790154 796363
843864 810457 833086 821481
824170 840121 803575 796658
834054 805584 809580 830510
851712 820105 802611 813741
849839 791415 811639 813529
806514 830577 787759 826625
830003 798752 811729 796819
866687 825570 811028 831169
833027 800953 789307 785268
807731 803817 811508 848437
845469 818109 792984 806543
810450 828833 807470 793223
809911 801925 797029 823662
817516 820136 801551 806533
826671 786489 779817 823599
820600 823988 813588 838582
798350 819736 851146 801010
792369 804649 808997 832338
802437 812208 793494 834669
830155 810886 814418 797110
838950 814605 809022 804090
838562 818106 819297 829276
824223 792416 801936 821473
805188 816547 842480 832646
821129 802866 824063 798222
848879 790759 821962 810382
815932 806905 838315 824068
856929 787561 826131 830279
831257 799534 775175 790053
822963 816308 792363 813726
833182 813295 804794 792046
833466 792630 824644 811769
824145 811995 834956 807483
805441 795267 798181 803085
816193 845784 826877 814611
831341 801005 810293 816137
808417 828845 807313 802528
828441 823692 818647 825922
852962 811589 813918 823149
816296 845534 818889 794735
846015 792363 787027 819702
825024 797090 815204 828760
809705 800653 793932 828895
805131 797569 811498 836786
822796 794935 841648 823488
834629 836197 790477 797499
