15 1.18534
1.58492e+06 1.6016e+06 1.66901e+06 1.639e+06
1.61475e+06 1.54579e+06 1.59605e+06 1.68246e+06
1.66071e+06 1.6167e+06 1.57737e+06 1.61241e+06
1.59543e+06 1.62224e+06 1.65837e+06 1.593e+06
1.60513e+06 1.56044e+06 1.61531e+06 1.61479e+06
1.63605e+06 1.60186e+06 1.66483e+06 1.62189e+06
1.6383e+06 1.5696e+06 1.61304e+06 1.64454e+06
1.61792e+06 1.60348e+06 1.59961e+06 1.64581e+06
1.61792e+06 1.59812e+06 1.63537e+06 1.60786e+06
1.59801e+06 1.56468e+06 1.58864e+06 1.63294e+06
1.58481e+06 1.5811e+06 1.60212e+06 1.58146e+06
1.64866e+06 1.56269e+06 1.61612e+06 1.66309e+06
1.62739e+06 1.56905e+06 1.59928e+06 1.61181e+06
1.61739e+06 1.56788e+06 1.56897e+06 1.63138e+06
1.63235e+06 1.58077e+06 1.61155e+06 1.6498e+06
1.62569e+06 1.6132e+06 1.61936e+06 1.64839e+06
1.61283e+06 1.58305e+06 1.63385e+06 1.62393e+06
1.62658e+06 1.57847e+06 1.66585e+06 1.62354e+06
1.58518e+06 1.587e+06 1.59444e+06 1.60864e+06
1.60802e+06 1.5663e+06 1.66504e+06 1.58796e+06
1.61778e+06 1.56851e+06 1.62754e+06 1.64278e+06
1.5749e+06 1.56776e+06 1.63249e+06 1.64543e+06
1.65073e+06 1.58247e+06 1.6572e+06 1.60715e+06
1.62389e+06 1.59498e+06 1.62464e+06 1.62231e+06
1.64304e+06 1.64357e+06 1.63697e+06 1.59499e+06
1.63235e+06 1.58077e+06 1.61155e+06 1.6498e+06
1.63605e+06 1.60186e+06 1.66483e+06 1.62189e+06
1.60356e+06 1.58454e+06 1.63036e+06 1.64643e+06
1.60557e+06 1.57438e+06 1.59364e+06 1.63167e+06
1.61904e+06 1.56931e+06 1.61601e+06 1.61736e+06
1.63953e+06 1.58853e+06 1.60445e+06 1.62209e+06
1.58481e+06 1.5811e+06 1.60212e+06 1.58146e+06
1.65551e+06 1.55038e+06 1.58627e+06 1.64706e+06
1.60322e+06 1.597e+06 1.62889e+06 1.58282e+06
1.60513e+06 1.56044e+06 1.61531e+06 1.61479e+06
1.63249e+06 1.54246e+06 1.62524e+06 1.63119e+06
1.5968e+06 1.55247e+06 1.58222e+06 1.63643e+06
1.60266e+06 1.58313e+06 1.59641e+06 1.64483e+06
1.64637e+06 1.57766e+06 1.6385e+06 1.60769e+06
1.63648e+06 1.55751e+06 1.65024e+06 1.60968e+06
1.5881e+06 1.57841e+06 1.60917e+06 1.61676e+06
1.59131e+06 1.57269e+06 1.62904e+06 1.58466e+06
1.63442e+06 1.52722e+06 1.58431e+06 1.5912e+06
1.6774e+06 1.60289e+06 1.60183e+06 1.54373e+06
1.64262e+06 1.60115e+06 1.65132e+06 1.65017e+06
1.60638e+06 1.59383e+06 1.6054e+06 1.63115e+06
1.61338e+06 1.58326e+06 1.62673e+06 1.63943e+06
1.61592e+06 1.56161e+06 1.58719e+06 1.58379e+06
1.62853e+06 1.58596e+06 1.57995e+06 1.65792e+06
1.6298e+06 1.61415e+06 1.62149e+06 1.66185e+06
1.6183e+06 1.60051e+06 1.59155e+06 1.63624e+06
1.60356e+06 1.58454e+06 1.63036e+06 1.64643e+06
1.58118e+06 1.58658e+06 1.57191e+06 1.59889e+06
1.60844e+06 1.52981e+06 1.60539e+06 1.66142e+06
1.60945e+06 1.62731e+06 1.65762e+06 1.60646e+06
1.63171e+06 1.59208e+06 1.64108e+06 1.60306e+06
1.55771e+06 1.5932e+06 1.5639e+06 1.62247e+06
1.64637e+06 1.57766e+06 1.6385e+06 1.60769e+06
1.65879e+06 1.63121e+06 1.63194e+06 1.62369e+06
1.56711e+06 1.60983e+06 1.60862e+06 1.59453e+06
1.63376e+06 1.55024e+06 1.61958e+06 1.59808e+06
1.66033e+06 1.62714e+06 1.60369e+06 1.67352e+06
1.64764e+06 1.58644e+06 1.59365e+06 1.57808e+06
1.6313e+06 1.58336e+06 1.6028e+06 1.6573e+06
1.61792e+06 1.59812e+06 1.63537e+06 1.60786e+06
1.59853e+06 1.61341e+06 1.64232e+06 1.61961e+06
1.63682e+06 1.56452e+06 1.64294e+06 1.61789e+06
1.6066e+06 1.56804e+06 1.60972e+06 1.63159e+06
1.6313e+06 1.58336e+06 1.6028e+06 1.6573e+06
1.63915e+06 1.57297e+06 1.62626e+06 1.61656e+06
1.60993e+06 1.61658e+06 1.5863e+06 1.62939e+06
1.60266e+06 1.58313e+06 1.59641e+06 1.64483e+06
1.61323e+06 1.56415e+06 1.5803e+06 1.60475e+06
1.60076e+06 1.5539e+06 1.59683e+06 1.61502e+06
1.65403e+06 1.60644e+06 1.63555e+06 1.60365e+06
1.60671e+06 1.59693e+06 1.59119e+06 1.62944e+06
1.61995e+06 1.56595e+06 1.60451e+06 1.59724e+06
1.59866e+06 1.63179e+06 1.61981e+06 1.61468e+06
1.61792e+06 1.60348e+06 1.59961e+06 1.64581e+06
1.6273e+06 1.64664e+06 1.60548e+06 1.6727e+06
1.62898e+06 1.62415e+06 1.64571e+06 1.61486e+06
1.61854e+06 1.57566e+06 1.62022e+06 1.60104e+06
1.61854e+06 1.57566e+06 1.62022e+06 1.60104e+06
1.64866e+06 1.56269e+06 1.61612e+06 1.66309e+06
1.6068e+06 1.63518e+06 1.60205e+06 1.6716e+06
1.61483e+06 1.54619e+06 1.54645e+06 1.62392e+06
1.65137e+06 1.54838e+06 1.64232e+06 1.64817e+06
1.62916e+06 1.60272e+06 1.60801e+06 1.61282e+06
1.6068e+06 1.63518e+06 1.60205e+06 1.6716e+06
1.61881e+06 1.65898e+06 1.62815e+06 1.64134e+06
1.60195e+06 1.55545e+06 1.61908e+06 1.64662e+06
1.6275e+06 1.61068e+06 1.64032e+06 1.61087e+06
1.62124e+06 1.58845e+06 1.64163e+06 1.60472e+06
1.63376e+06 1.55024e+06 1.61958e+06 1.59808e+06
1.60169e+06 1.57623e+06 1.61489e+06 1.64887e+06
1.60948e+06 1.60567e+06 1.65279e+06 1.62114e+06
1.62037e+06 1.56624e+06 1.61414e+06 1.62242e+06
1.63804e+06 1.61486e+06 1.58677e+06 1.63207e+06
1.60671e+06 1.59693e+06 1.59119e+06 1.62944e+06
1.62318e+06 1.6087e+06 1.60451e+06 1.60042e+06
1.61199e+06 1.62464e+06 1.59106e+06 1.68709e+06
1.58127e+06 1.57248e+06 1.59933e+06 1.60953e+06
1.61323e+06 1.56415e+06 1.5803e+06 1.60475e+06
1.62608e+06 1.5784e+06 1.66014e+06 1.61691e+06
1.61862e+06 1.56793e+06 1.62186e+06 1.59836e+06
1.62741e+06 1.58515e+06 1.62752e+06 1.59788e+06
1.62322e+06 1.57287e+06 1.61332e+06 1.60134e+06
1.63682e+06 1.56452e+06 1.64294e+06 1.61789e+06
1.61339e+06 1.57246e+06 1.58041e+06 1.59804e+06
1.63698e+06 1.55848e+06 1.5993e+06 1.64741e+06
1.62763e+06 1.60748e+06 1.65832e+06 1.6102e+06
1.6441e+06 1.58117e+06 1.60849e+06 1.6638e+06
1.58796e+06 1.59835e+06 1.59499e+06 1.63874e+06
1.60686e+06 1.5605e+06 1.63285e+06 1.6646e+06
1.59515e+06 1.56523e+06 1.624e+06 1.58622e+06
1.61496e+06 1.61293e+06 1.64135e+06 1.64257e+06
1.6296e+06 1.59681e+06 1.60157e+06 1.60033e+06
1.6515e+06 1.67402e+06 1.58914e+06 1.60528e+06
1.62306e+06 1.55616e+06 1.66662e+06 1.57459e+06
1.59913e+06 1.59824e+06 1.60333e+06 1.59551e+06
1.58723e+06 1.61905e+06 1.5924e+06 1.65646e+06
1.62898e+06 1.62415e+06 1.64571e+06 1.61486e+06
1.62287e+06 1.59818e+06 1.58774e+06 1.61336e+06
1.60572e+06 1.52462e+06 1.64577e+06 1.647e+06
1.60434e+06 1.58414e+06 1.57965e+06 1.58251e+06
1.60639e+06 1.55648e+06 1.59714e+06 1.63371e+06
1.60998e+06 1.61521e+06 1.60665e+06 1.61527e+06
1.6212e+06 1.61363e+06 1.58897e+06 1.62144e+06
1.61592e+06 1.56161e+06 1.58719e+06 1.58379e+06
1.62429e+06 1.59186e+06 1.581e+06 1.63474e+06
1.63256e+06 1.58707e+06 1.59742e+06 1.61827e+06
1.61904e+06 1.56931e+06 1.61601e+06 1.61736e+06
1.60261e+06 1.5725e+06 1.58447e+06 1.61018e+06
1.61811e+06 1.61229e+06 1.61055e+06 1.64883e+06
1.63766e+06 1.56958e+06 1.61262e+06 1.64307e+06
1.62026e+06 1.60763e+06 1.65785e+06 1.60578e+06
1.62272e+06 1.58603e+06 1.60767e+06 1.62563e+06
1.62853e+06 1.58596e+06 1.57995e+06 1.65792e+06
1.59723e+06 1.59906e+06 1.61869e+06 1.61265e+06
1.59578e+06 1.56452e+06 1.60478e+06 1.61532e+06
1.60076e+06 1.5539e+06 1.59683e+06 1.61502e+06
1.59866e+06 1.63179e+06 1.61981e+06 1.61468e+06
1.63966e+06 1.57006e+06 1.60837e+06 1.6523e+06
1.59034e+06 1.60495e+06 1.58558e+06 1.63098e+06
1.62592e+06 1.57878e+06 1.57688e+06 1.63116e+06
1.64968e+06 1.61623e+06 1.61721e+06 1.64568e+06
1.5968e+06 1.55247e+06 1.58222e+06 1.63643e+06
1.65879e+06 1.63121e+06 1.63194e+06 1.62369e+06
1.6774e+06 1.60289e+06 1.60183e+06 1.54373e+06
1.61862e+06 1.56793e+06 1.62186e+06 1.59836e+06
1.62566e+06 1.61025e+06 1.6157e+06 1.65569e+06
1.61857e+06 1.55862e+06 1.62812e+06 1.61199e+06
1.61788e+06 1.63141e+06 1.63767e+06 1.67836e+06
1.605e+06 1.56263e+06 1.64642e+06 1.61326e+06
1.59788e+06 1.56758e+06 1.6268e+06 1.60846e+06
1.59622e+06 1.59842e+06 1.5897e+06 1.6119e+06
1.63271e+06 1.5554e+06 1.58123e+06 1.60919e+06
1.60741e+06 1.57421e+06 1.56263e+06 1.60385e+06
1.65604e+06 1.56135e+06 1.60311e+06 1.67072e+06
1.6069e+06 1.57119e+06 1.57369e+06 1.63115e+06
1.64823e+06 1.59538e+06 1.60914e+06 1.61981e+06
1.61258e+06 1.57671e+06 1.57496e+06 1.64064e+06
1.63698e+06 1.55848e+06 1.5993e+06 1.64741e+06
1.59238e+06 1.56638e+06 1.58715e+06 1.63939e+06
1.64422e+06 1.5805e+06 1.61242e+06 1.61153e+06
1.60038e+06 1.63108e+06 1.57879e+06 1.61642e+06
1.58508e+06 1.57628e+06 1.65952e+06 1.60913e+06
1.64548e+06 1.60844e+06 1.59746e+06 1.5974e+06
1.66798e+06 1.59926e+06 1.6057e+06 1.61478e+06
1.62397e+06 1.58778e+06 1.62001e+06 1.67054e+06
1.61431e+06 1.59315e+06 1.62905e+06 1.65196e+06
1.6212e+06 1.61363e+06 1.58897e+06 1.62144e+06
1.63228e+06 1.56648e+06 1.60336e+06 1.64686e+06
1.6515e+06 1.67402e+06 1.58914e+06 1.60528e+06
1.59622e+06 1.59842e+06 1.5897e+06 1.6119e+06
1.61339e+06 1.57246e+06 1.58041e+06 1.59804e+06
1.63831e+06 1.60282e+06 1.62371e+06 1.61671e+06
1.60311e+06 1.65436e+06 1.62069e+06 1.64656e+06
1.61788e+06 1.63141e+06 1.63767e+06 1.67836e+06
1.60638e+06 1.59383e+06 1.6054e+06 1.63115e+06
1.6393e+06 1.58288e+06 1.59762e+06 1.61542e+06
1.59578e+06 1.56452e+06 1.60478e+06 1.61532e+06
1.57594e+06 1.6265e+06 1.65077e+06 1.60248e+06
1.66556e+06 1.60788e+06 1.60114e+06 1.59638e+06
1.6298e+06 1.61415e+06 1.62149e+06 1.66185e+06
1.59409e+06 1.6412e+06 1.62993e+06 1.6485e+06
1.66879e+06 1.6044e+06 1.5676e+06 1.57208e+06
1.66456e+06 1.59275e+06 1.57963e+06 1.61578e+06
1.58287e+06 1.58552e+06 1.5952e+06 1.6485e+06
1.59788e+06 1.56758e+06 1.6268e+06 1.60846e+06
1.62658e+06 1.57847e+06 1.66585e+06 1.62354e+06
1.59227e+06 1.56401e+06 1.66689e+06 1.63564e+06
1.60067e+06 1.61735e+06 1.61182e+06 1.5935e+06
1.60229e+06 1.62059e+06 1.60259e+06 1.68142e+06
1.59874e+06 1.61444e+06 1.61225e+06 1.60883e+06
1.59723e+06 1.59906e+06 1.61869e+06 1.61265e+06
1.60292e+06 1.62253e+06 1.61583e+06 1.62335e+06
1.63383e+06 1.536e+06 1.61176e+06 1.6178e+06
1.58551e+06 1.57446e+06 1.60985e+06 1.63655e+06
1.65225e+06 1.58024e+06 1.58686e+06 1.62885e+06
1.63953e+06 1.58853e+06 1.60445e+06 1.62209e+06
1.61195e+06 1.57647e+06 1.5862e+06 1.61324e+06
1.62287e+06 1.59818e+06 1.58774e+06 1.61336e+06
1.6037e+06 1.60715e+06 1.6235e+06 1.61592e+06
1.58796e+06 1.59835e+06 1.59499e+06 1.63874e+06
1.605e+06 1.56263e+06 1.64642e+06 1.61326e+06
1.57837e+06 1.63277e+06 1.61001e+06 1.60159e+06
1.58925e+06 1.5329e+06 1.62894e+06 1.65731e+06
1.57837e+06 1.63277e+06 1.61001e+06 1.60159e+06
1.60038e+06 1.63108e+06 1.57879e+06 1.61642e+06
1.59853e+06 1.61341e+06 1.64232e+06 1.61961e+06
1.62399e+06 1.5613e+06 1.56818e+06 1.61408e+06
1.65196e+06 1.57229e+06 1.60861e+06 1.60151e+06
1.6146e+06 1.59168e+06 1.58226e+06 1.63446e+06
1.60311e+06 1.65436e+06 1.62069e+06 1.64656e+06
1.61538e+06 1.54807e+06 1.56809e+06 1.60354e+06
1.58518e+06 1.587e+06 1.59444e+06 1.60864e+06
1.59704e+06 1.5782e+06 1.59653e+06 1.66508e+06
1.57909e+06 1.58442e+06 1.5985e+06 1.65862e+06
1.59813e+06 1.58481e+06 1.60426e+06 1.63733e+06
1.56996e+06 1.60688e+06 1.59057e+06 1.56208e+06
1.6108e+06 1.58526e+06 1.5881e+06 1.68525e+06
1.62397e+06 1.58778e+06 1.62001e+06 1.67054e+06
1.59034e+06 1.60495e+06 1.58558e+06 1.63098e+06
1.59704e+06 1.5782e+06 1.59653e+06 1.66508e+06
1.63013e+06 1.56361e+06 1.59872e+06 1.62579e+06
1.63076e+06 1.57355e+06 1.6318e+06 1.63387e+06
1.60802e+06 1.56754e+06 1.57943e+06 1.64064e+06
1.66637e+06 1.61766e+06 1.60126e+06 1.62474e+06
1.6037e+06 1.60715e+06 1.6235e+06 1.61592e+06
1.65556e+06 1.58144e+06 1.62073e+06 1.56015e+06
1.63228e+06 1.56648e+06 1.60336e+06 1.64686e+06
1.61128e+06 1.5484e+06 1.59614e+06 1.6255e+06
1.60325e+06 1.56489e+06 1.60382e+06 1.62656e+06
1.61338e+06 1.58326e+06 1.62673e+06 1.63943e+06
1.59571e+06 1.55234e+06 1.64119e+06 1.61032e+06
1.56388e+06 1.54769e+06 1.60762e+06 1.63078e+06
1.59991e+06 1.57819e+06 1.5737e+06 1.61916e+06
1.66556e+06 1.60788e+06 1.60114e+06 1.59638e+06
1.60314e+06 1.58096e+06 1.61598e+06 1.60812e+06
1.60707e+06 1.58961e+06 1.59912e+06 1.63994e+06
1.63256e+06 1.58707e+06 1.59742e+06 1.61827e+06
1.56711e+06 1.60983e+06 1.60862e+06 1.59453e+06
1.63809e+06 1.57229e+06 1.62769e+06 1.60778e+06
1.59913e+06 1.59824e+06 1.60333e+06 1.59551e+06
1.62971e+06 1.61009e+06 1.60407e+06 1.63714e+06
1.6296e+06 1.59681e+06 1.60157e+06 1.60033e+06
1.61872e+06 1.56404e+06 1.61059e+06 1.62265e+06
1.60844e+06 1.52981e+06 1.60539e+06 1.66142e+06
1.60195e+06 1.55545e+06 1.61908e+06 1.64662e+06
1.59571e+06 1.55234e+06 1.64119e+06 1.61032e+06
1.62318e+06 1.6087e+06 1.60451e+06 1.60042e+06
1.58657e+06 1.57413e+06 1.58145e+06 1.60111e+06
1.59801e+06 1.56468e+06 1.58864e+06 1.63294e+06
1.6066e+06 1.56804e+06 1.60972e+06 1.63159e+06
1.58287e+06 1.58552e+06 1.5952e+06 1.6485e+06
1.61964e+06 1.56481e+06 1.60574e+06 1.59843e+06
1.61872e+06 1.56404e+06 1.61059e+06 1.62265e+06
1.61778e+06 1.56851e+06 1.62754e+06 1.64278e+06
1.61759e+06 1.63805e+06 1.61402e+06 1.68264e+06
1.62124e+06 1.58845e+06 1.64163e+06 1.60472e+06
1.60686e+06 1.5605e+06 1.63285e+06 1.6646e+06
1.64548e+06 1.60844e+06 1.59746e+06 1.5974e+06
1.60741e+06 1.57421e+06 1.56263e+06 1.60385e+06
1.58964e+06 1.59959e+06 1.59094e+06 1.58103e+06
1.63328e+06 1.57702e+06 1.64377e+06 1.63654e+06
1.64906e+06 1.59008e+06 1.59456e+06 1.62174e+06
1.66224e+06 1.55977e+06 1.65468e+06 1.65387e+06
1.67018e+06 1.59117e+06 1.62506e+06 1.58886e+06
1.61739e+06 1.56788e+06 1.56897e+06 1.63138e+06
1.57717e+06 1.57993e+06 1.67177e+06 1.65927e+06
1.63422e+06 1.56377e+06 1.60525e+06 1.62668e+06
1.65604e+06 1.56135e+06 1.60311e+06 1.67072e+06
1.60479e+06 1.6552e+06 1.61638e+06 1.61014e+06
1.62841e+06 1.559e+06 1.64877e+06 1.62431e+06
1.58118e+06 1.58658e+06 1.57191e+06 1.59889e+06
1.61765e+06 1.58963e+06 1.63739e+06 1.64379e+06
1.65073e+06 1.58247e+06 1.6572e+06 1.60715e+06
1.62322e+06 1.57287e+06 1.61332e+06 1.60134e+06
1.57594e+06 1.6265e+06 1.65077e+06 1.60248e+06
1.58944e+06 1.64721e+06 1.60696e+06 1.6279e+06
1.65738e+06 1.58488e+06 1.60663e+06 1.63909e+06
1.64906e+06 1.59008e+06 1.59456e+06 1.62174e+06
1.60592e+06 1.58001e+06 1.61124e+06 1.61276e+06
1.60637e+06 1.61238e+06 1.59786e+06 1.63633e+06
1.64698e+06 1.56743e+06 1.60916e+06 1.62188e+06
1.62336e+06 1.56921e+06 1.6527e+06 1.62828e+06
1.6131e+06 1.52584e+06 1.62328e+06 1.61817e+06
1.62306e+06 1.55616e+06 1.66662e+06 1.57459e+06
1.62741e+06 1.58515e+06 1.62752e+06 1.59788e+06
1.63915e+06 1.57297e+06 1.62626e+06 1.61656e+06
1.64588e+06 1.62005e+06 1.63696e+06 1.60813e+06
1.56388e+06 1.54769e+06 1.60762e+06 1.63078e+06
1.62592e+06 1.57878e+06 1.57688e+06 1.63116e+06
1.60479e+06 1.6552e+06 1.61638e+06 1.61014e+06
1.65314e+06 1.5851e+06 1.60038e+06 1.61353e+06
1.6256e+06 1.57342e+06 1.59505e+06 1.63241e+06
1.62429e+06 1.59186e+06 1.581e+06 1.63474e+06
1.61199e+06 1.62464e+06 1.59106e+06 1.68709e+06
1.60576e+06 1.57438e+06 1.61031e+06 1.61977e+06
