2502 267.857
1.57585e+06 1.58756e+06 1.60107e+06 1.64087e+06
1.6661e+06 1.58131e+06 1.61873e+06 1.59864e+06
1.65079e+06 1.64037e+06 1.63167e+06 1.62776e+06
1.63492e+06 1.61379e+06 1.60225e+06 1.65361e+06
1.60799e+06 1.5771e+06 1.6279e+06 1.65315e+06
1.55561e+06 1.58679e+06 1.64461e+06 1.60087e+06
1.65792e+06 1.58513e+06 1.64246e+06 1.68525e+06
1.64718e+06 1.59118e+06 1.61577e+06 1.63396e+06
1.61266e+06 1.59609e+06 1.58952e+06 1.61366e+06
1.64266e+06 1.64389e+06 1.63774e+06 1.61e+06
1.62385e+06 1.55573e+06 1.62254e+06 1.65674e+06
1.69157e+06 1.6125e+06 1.5937e+06 1.56497e+06
1.63751e+06 1.61651e+06 1.62133e+06 1.66836e+06
1.65711e+06 1.60867e+06 1.62772e+06 1.61552e+06
1.60237e+06 1.57305e+06 1.60714e+06 1.59146e+06
1.62979e+06 1.62604e+06 1.6067e+06 1.66694e+06
1.6423e+06 1.58581e+06 1.61629e+06 1.67055e+06
1.59191e+06 1.60391e+06 1.62883e+06 1.66106e+06
1.6532e+06 1.63822e+06 1.62216e+06 1.64118e+06
1.6682e+06 1.57289e+06 1.62057e+06 1.59001e+06
1.61962e+06 1.63473e+06 1.65833e+06 1.60341e+06
1.62793e+06 1.63316e+06 1.61172e+06 1.62128e+06
1.62335e+06 1.56864e+06 1.6069e+06 1.66963e+06
1.61511e+06 1.62274e+06 1.6155e+06 1.59266e+06
1.64112e+06 1.59852e+06 1.61846e+06 1.5835e+06
1.63234e+06 1.60078e+06 1.57182e+06 1.60019e+06
1.62648e+06 1.58792e+06 1.62016e+06 1.61918e+06
1.5988e+06 1.64145e+06 1.63327e+06 1.65687e+06
1.63716e+06 1.58809e+06 1.64295e+06 1.61169e+06
1.64831e+06 1.56115e+06 1.59149e+06 1.58264e+06
1.59719e+06 1.62706e+06 1.62789e+06 1.64724e+06
1.62846e+06 1.59561e+06 1.63747e+06 1.61923e+06
1.65321e+06 1.65193e+06 1.64345e+06 1.63159e+06
1.61975e+06 1.6188e+06 1.58318e+06 1.65338e+06
1.61531e+06 1.58089e+06 1.58595e+06 1.60446e+06
1.62398e+06 1.60771e+06 1.62238e+06 1.65961e+06
1.672e+06 1.5919e+06 1.61539e+06 1.63951e+06
1.63778e+06 1.60347e+06 1.61294e+06 1.59129e+06
1.63041e+06 1.58092e+06 1.62571e+06 1.61454e+06
1.64745e+06 1.62552e+06 1.65849e+06 1.58771e+06
1.61714e+06 1.6053e+06 1.63872e+06 1.65092e+06
1.66661e+06 1.60216e+06 1.57778e+06 1.63517e+06
1.60489e+06 1.64521e+06 1.62752e+06 1.64511e+06
1.57754e+06 1.61769e+06 1.60808e+06 1.64718e+06
1.62789e+06 1.56695e+06 1.58574e+06 1.64075e+06
1.60382e+06 1.65556e+06 1.60764e+06 1.61233e+06
1.66769e+06 1.66039e+06 1.6046e+06 1.64685e+06
1.62282e+06 1.62405e+06 1.59832e+06 1.61454e+06
1.60814e+06 1.60385e+06 1.61724e+06 1.61883e+06
1.63404e+06 1.5886e+06 1.58938e+06 1.64319e+06
1.66073e+06 1.6066e+06 1.64362e+06 1.61446e+06
1.63527e+06 1.62068e+06 1.59369e+06 1.60658e+06
1.6362e+06 1.59673e+06 1.59497e+06 1.5966e+06
1.63372e+06 1.57928e+06 1.60583e+06 1.60273e+06
1.65103e+06 1.62036e+06 1.64106e+06 1.60791e+06
1.63546e+06 1.62299e+06 1.6172e+06 1.62513e+06
1.63234e+06 1.62393e+06 1.63e+06 1.57866e+06
1.58133e+06 1.62487e+06 1.66366e+06 1.64062e+06
1.62911e+06 1.61171e+06 1.62183e+06 1.5907e+06
1.64529e+06 1.59023e+06 1.60166e+06 1.62881e+06
1.60252e+06 1.61196e+06 1.63306e+06 1.61142e+06
1.64504e+06 1.57964e+06 1.58463e+06 1.63174e+06
1.615e+06 1.56618e+06 1.63082e+06 1.62034e+06
1.63455e+06 1.59483e+06 1.5903e+06 1.66038e+06
1.66126e+06 1.57422e+06 1.60648e+06 1.68068e+06
1.66329e+06 1.5783e+06 1.64068e+06 1.6531e+06
1.65581e+06 1.59902e+06 1.58095e+06 1.603e+06
1.58104e+06 1.61199e+06 1.61067e+06 1.64794e+06
1.61118e+06 1.59795e+06 1.59943e+06 1.63308e+06
1.62233e+06 1.57761e+06 1.62227e+06 1.64105e+06
1.67673e+06 1.61449e+06 1.6282e+06 1.61651e+06
1.63017e+06 1.61948e+06 1.58838e+06 1.61973e+06
1.64937e+06 1.60864e+06 1.64092e+06 1.66225e+06
1.59341e+06 1.60752e+06 1.64994e+06 1.59062e+06
1.63572e+06 1.56892e+06 1.66763e+06 1.67572e+06
1.64716e+06 1.6313e+06 1.63441e+06 1.64499e+06
1.67033e+06 1.57737e+06 1.63019e+06 1.6471e+06
1.61047e+06 1.60079e+06 1.67202e+06 1.62725e+06
1.6648e+06 1.59876e+06 1.61493e+06 1.61369e+06
1.63964e+06 1.59768e+06 1.62432e+06 1.67856e+06
1.58375e+06 1.61e+06 1.63368e+06 1.59306e+06
1.60895e+06 1.57181e+06 1.62029e+06 1.63388e+06
1.62533e+06 1.62956e+06 1.59038e+06 1.62084e+06
1.64334e+06 1.58007e+06 1.65071e+06 1.65444e+06
1.6582e+06 1.55084e+06 1.618e+06 1.60486e+06
1.61306e+06 1.57593e+06 1.65246e+06 1.64576e+06
1.6388e+06 1.60058e+06 1.64103e+06 1.61436e+06
1.65556e+06 1.57142e+06 1.58024e+06 1.65799e+06
1.61661e+06 1.62894e+06 1.59102e+06 1.66823e+06
1.59239e+06 1.5781e+06 1.65798e+06 1.67719e+06
1.62737e+06 1.59822e+06 1.61914e+06 1.63739e+06
1.68535e+06 1.58969e+06 1.63316e+06 1.64265e+06
1.55621e+06 1.56962e+06 1.63532e+06 1.62557e+06
1.67871e+06 1.61949e+06 1.62234e+06 1.61086e+06
1.6171e+06 1.6092e+06 1.60097e+06 1.61523e+06
1.6393e+06 1.59625e+06 1.62591e+06 1.6356e+06
1.62862e+06 1.6245e+06 1.62283e+06 1.59556e+06
1.65037e+06 1.61998e+06 1.6438e+06 1.66357e+06
1.55175e+06 1.60486e+06 1.5905e+06 1.6693e+06
1.61728e+06 1.61752e+06 1.62778e+06 1.60136e+06
1.62248e+06 1.62372e+06 1.64516e+06 1.62913e+06
1.61054e+06 1.60925e+06 1.61741e+06 1.63891e+06
1.61191e+06 1.60806e+06 1.6328e+06 1.60636e+06
1.64155e+06 1.56986e+06 1.60871e+06 1.67032e+06
1.60131e+06 1.61313e+06 1.59562e+06 1.63829e+06
1.62559e+06 1.62275e+06 1.60632e+06 1.6598e+06
1.6223e+06 1.61793e+06 1.57899e+06 1.59908e+06
1.6105e+06 1.63065e+06 1.64383e+06 1.64817e+06
1.60114e+06 1.6062e+06 1.63195e+06 1.63515e+06
1.65761e+06 1.59212e+06 1.63181e+06 1.65946e+06
1.67288e+06 1.57573e+06 1.62047e+06 1.59339e+06
1.61961e+06 1.60898e+06 1.57717e+06 1.62006e+06
1.59956e+06 1.58364e+06 1.64337e+06 1.62382e+06
1.64003e+06 1.58004e+06 1.58864e+06 1.62624e+06
1.64712e+06 1.57988e+06 1.61906e+06 1.69144e+06
1.6069e+06 1.56534e+06 1.63165e+06 1.63693e+06
1.59968e+06 1.59978e+06 1.58868e+06 1.59097e+06
1.63963e+06 1.5828e+06 1.64972e+06 1.65191e+06
1.62604e+06 1.57429e+06 1.58754e+06 1.64051e+06
1.68127e+06 1.60642e+06 1.64082e+06 1.60063e+06
1.59377e+06 1.58591e+06 1.62293e+06 1.64843e+06
1.60724e+06 1.62649e+06 1.64679e+06 1.62428e+06
1.60378e+06 1.62921e+06 1.64869e+06 1.58375e+06
1.65899e+06 1.55349e+06 1.60848e+06 1.65805e+06
1.63829e+06 1.60906e+06 1.64836e+06 1.65966e+06
1.62674e+06 1.59674e+06 1.62579e+06 1.60765e+06
1.6071e+06 1.59691e+06 1.62567e+06 1.60064e+06
1.6344e+06 1.65226e+06 1.62754e+06 1.63915e+06
1.59543e+06 1.62302e+06 1.5806e+06 1.64918e+06
1.63876e+06 1.56704e+06 1.63612e+06 1.66288e+06
1.64823e+06 1.59685e+06 1.5685e+06 1.6243e+06
1.64876e+06 1.58797e+06 1.62622e+06 1.61988e+06
1.60328e+06 1.59335e+06 1.61831e+06 1.63608e+06
1.67352e+06 1.60946e+06 1.67361e+06 1.63344e+06
1.64457e+06 1.57054e+06 1.66272e+06 1.58982e+06
1.62018e+06 1.60567e+06 1.62474e+06 1.61793e+06
1.6479e+06 1.60713e+06 1.65024e+06 1.64529e+06
1.63222e+06 1.61837e+06 1.63043e+06 1.61764e+06
1.66122e+06 1.60568e+06 1.5948e+06 1.65354e+06
1.63506e+06 1.60276e+06 1.6467e+06 1.60108e+06
1.62394e+06 1.58713e+06 1.64122e+06 1.64583e+06
1.6271e+06 1.58286e+06 1.63013e+06 1.59519e+06
1.57857e+06 1.57771e+06 1.59933e+06 1.56321e+06
1.601e+06 1.6235e+06 1.65244e+06 1.57218e+06
1.65532e+06 1.61055e+06 1.63658e+06 1.59387e+06
1.67874e+06 1.64654e+06 1.62353e+06 1.65484e+06
1.58053e+06 1.59366e+06 1.66898e+06 1.62829e+06
1.64732e+06 1.60746e+06 1.55532e+06 1.63666e+06
1.63946e+06 1.5967e+06 1.6216e+06 1.65112e+06
1.67274e+06 1.61749e+06 1.68248e+06 1.64073e+06
1.63162e+06 1.61118e+06 1.63063e+06 1.59141e+06
1.59626e+06 1.577e+06 1.58302e+06 1.62652e+06
1.60039e+06 1.59341e+06 1.63362e+06 1.62366e+06
1.63243e+06 1.62982e+06 1.61972e+06 1.63208e+06
1.59877e+06 1.60479e+06 1.64511e+06 1.64691e+06
1.61958e+06 1.5927e+06 1.60542e+06 1.60541e+06
1.60568e+06 1.6268e+06 1.62711e+06 1.66058e+06
1.65409e+06 1.6104e+06 1.64282e+06 1.61726e+06
1.66301e+06 1.5682e+06 1.66539e+06 1.69051e+06
1.61821e+06 1.5975e+06 1.5755e+06 1.69569e+06
1.62289e+06 1.58679e+06 1.59952e+06 1.63907e+06
1.64482e+06 1.60203e+06 1.60367e+06 1.6221e+06
1.58253e+06 1.59546e+06 1.59268e+06 1.62193e+06
1.63719e+06 1.54906e+06 1.60263e+06 1.585e+06
1.62052e+06 1.57376e+06 1.60149e+06 1.59891e+06
1.64594e+06 1.59563e+06 1.63534e+06 1.6015e+06
1.59698e+06 1.63887e+06 1.67258e+06 1.63117e+06
1.66176e+06 1.61987e+06 1.59927e+06 1.63091e+06
1.66077e+06 1.59515e+06 1.64863e+06 1.57132e+06
1.62065e+06 1.57658e+06 1.6281e+06 1.66411e+06
1.64844e+06 1.61551e+06 1.63951e+06 1.68084e+06
1.59631e+06 1.57848e+06 1.63052e+06 1.60285e+06
1.6612e+06 1.61948e+06 1.59405e+06 1.63619e+06
1.65854e+06 1.64461e+06 1.62632e+06 1.56585e+06
1.58549e+06 1.61424e+06 1.62312e+06 1.65145e+06
1.65863e+06 1.59287e+06 1.62676e+06 1.59828e+06
1.59373e+06 1.62223e+06 1.6037e+06 1.65222e+06
1.59369e+06 1.59952e+06 1.5945e+06 1.63234e+06
1.60233e+06 1.59471e+06 1.6554e+06 1.65062e+06
1.61656e+06 1.59068e+06 1.59062e+06 1.62224e+06
1.64797e+06 1.57332e+06 1.60152e+06 1.65526e+06
1.63666e+06 1.59555e+06 1.62213e+06 1.64779e+06
1.65484e+06 1.58943e+06 1.61119e+06 1.68902e+06
1.61088e+06 1.59992e+06 1.63953e+06 1.58758e+06
1.65514e+06 1.63246e+06 1.63854e+06 1.65032e+06
1.64327e+06 1.60051e+06 1.61516e+06 1.63517e+06
1.67092e+06 1.59658e+06 1.61407e+06 1.6068e+06
1.66616e+06 1.62943e+06 1.6125e+06 1.67581e+06
1.61135e+06 1.56229e+06 1.60634e+06 1.6248e+06
1.60485e+06 1.61728e+06 1.61985e+06 1.61964e+06
1.58926e+06 1.58772e+06 1.70278e+06 1.64123e+06
1.58559e+06 1.62603e+06 1.56069e+06 1.66626e+06
1.61139e+06 1.55907e+06 1.63846e+06 1.6704e+06
1.66393e+06 1.61242e+06 1.61248e+06 1.6485e+06
1.66171e+06 1.58987e+06 1.61377e+06 1.66155e+06
1.62871e+06 1.54098e+06 1.62542e+06 1.63843e+06
1.61294e+06 1.59153e+06 1.65097e+06 1.62621e+06
1.69838e+06 1.57915e+06 1.60762e+06 1.63986e+06
1.64478e+06 1.57425e+06 1.63092e+06 1.63826e+06
1.6052e+06 1.63377e+06 1.60544e+06 1.62464e+06
1.59958e+06 1.61148e+06 1.59639e+06 1.62638e+06
1.61188e+06 1.64445e+06 1.58904e+06 1.62138e+06
1.57979e+06 1.63879e+06 1.62092e+06 1.664e+06
1.64255e+06 1.61228e+06 1.63356e+06 1.6684e+06
1.54534e+06 1.62439e+06 1.57289e+06 1.62005e+06
1.60852e+06 1.60475e+06 1.61813e+06 1.60865e+06
1.63241e+06 1.62382e+06 1.62077e+06 1.64191e+06
1.6247e+06 1.5966e+06 1.5976e+06 1.67126e+06
1.61077e+06 1.56768e+06 1.60744e+06 1.65124e+06
1.63657e+06 1.55604e+06 1.59875e+06 1.6692e+06
1.63827e+06 1.61162e+06 1.64079e+06 1.64006e+06
1.62603e+06 1.56901e+06 1.61774e+06 1.57411e+06
1.65587e+06 1.63528e+06 1.66566e+06 1.6313e+06
1.61258e+06 1.56746e+06 1.61383e+06 1.62954e+06
1.61351e+06 1.57666e+06 1.59486e+06 1.61922e+06
1.61399e+06 1.61959e+06 1.61714e+06 1.63068e+06
1.60256e+06 1.6028e+06 1.66564e+06 1.62152e+06
1.56158e+06 1.58928e+06 1.63269e+06 1.6448e+06
1.63632e+06 1.58866e+06 1.6086e+06 1.62531e+06
1.66001e+06 1.58194e+06 1.63487e+06 1.60889e+06
1.61158e+06 1.60684e+06 1.58535e+06 1.608e+06
1.60027e+06 1.58906e+06 1.59424e+06 1.65353e+06
1.60476e+06 1.59905e+06 1.62726e+06 1.61756e+06
1.6202e+06 1.59526e+06 1.62842e+06 1.61407e+06
1.60514e+06 1.55502e+06 1.62602e+06 1.641e+06
1.59788e+06 1.57671e+06 1.61209e+06 1.62204e+06
1.64283e+06 1.60037e+06 1.6139e+06 1.59814e+06
1.62288e+06 1.65134e+06 1.64804e+06 1.64638e+06
1.6417e+06 1.53427e+06 1.60803e+06 1.61157e+06
1.6254e+06 1.57191e+06 1.59304e+06 1.6377e+06
1.66539e+06 1.59501e+06 1.58826e+06 1.65515e+06
1.63028e+06 1.56892e+06 1.62418e+06 1.66515e+06
1.60208e+06 1.57908e+06 1.62743e+06 1.64488e+06
1.6344e+06 1.5677e+06 1.60955e+06 1.57618e+06
1.60744e+06 1.56139e+06 1.59529e+06 1.6103e+06
1.6306e+06 1.57899e+06 1.66544e+06 1.62179e+06
1.66491e+06 1.61779e+06 1.61904e+06 1.62063e+06
1.60365e+06 1.59903e+06 1.63259e+06 1.58449e+06
1.63874e+06 1.62944e+06 1.63346e+06 1.65339e+06
1.61063e+06 1.65817e+06 1.65173e+06 1.63368e+06
1.65576e+06 1.57962e+06 1.6118e+06 1.6733e+06
1.61598e+06 1.58675e+06 1.60906e+06 1.59598e+06
1.68134e+06 1.60446e+06 1.63402e+06 1.64194e+06
1.6278e+06 1.60664e+06 1.62117e+06 1.60113e+06
1.67328e+06 1.60304e+06 1.6542e+06 1.63858e+06
1.59472e+06 1.587e+06 1.62618e+06 1.68808e+06
1.61663e+06 1.58418e+06 1.61876e+06 1.62774e+06
1.61757e+06 1.59608e+06 1.59131e+06 1.64406e+06
1.62857e+06 1.60175e+06 1.6213e+06 1.64378e+06
1.62409e+06 1.57987e+06 1.66672e+06 1.63663e+06
1.6472e+06 1.59519e+06 1.61181e+06 1.64118e+06
1.62267e+06 1.59562e+06 1.58248e+06 1.6833e+06
1.61606e+06 1.5725e+06 1.62332e+06 1.60496e+06
1.61926e+06 1.55492e+06 1.66568e+06 1.65766e+06
1.64594e+06 1.58611e+06 1.62363e+06 1.61151e+06
1.60176e+06 1.57453e+06 1.581e+06 1.69357e+06
1.58822e+06 1.54811e+06 1.60411e+06 1.66e+06
1.60747e+06 1.56654e+06 1.61336e+06 1.62771e+06
1.60258e+06 1.5701e+06 1.66341e+06 1.60718e+06
1.63364e+06 1.55762e+06 1.62168e+06 1.63059e+06
1.605e+06 1.59333e+06 1.62856e+06 1.63066e+06
1.63134e+06 1.59243e+06 1.60728e+06 1.5886e+06
1.68527e+06 1.59723e+06 1.61014e+06 1.63866e+06
1.61931e+06 1.60018e+06 1.62803e+06 1.62156e+06
1.56876e+06 1.60243e+06 1.55263e+06 1.66072e+06
1.6107e+06 1.58317e+06 1.59678e+06 1.61987e+06
1.62595e+06 1.58066e+06 1.65253e+06 1.68407e+06
1.61103e+06 1.60973e+06 1.59388e+06 1.63288e+06
1.62353e+06 1.58e+06 1.61964e+06 1.60695e+06
1.61513e+06 1.59723e+06 1.62668e+06 1.64091e+06
1.59216e+06 1.5794e+06 1.61713e+06 1.59442e+06
1.634e+06 1.57473e+06 1.62849e+06 1.59943e+06
1.63066e+06 1.64277e+06 1.64758e+06 1.61645e+06
1.63494e+06 1.59338e+06 1.67048e+06 1.58565e+06
1.62982e+06 1.59763e+06 1.58711e+06 1.649e+06
1.60574e+06 1.59884e+06 1.66187e+06 1.62965e+06
1.63534e+06 1.62885e+06 1.59583e+06 1.60006e+06
1.64148e+06 1.59896e+06 1.60768e+06 1.68372e+06
1.62656e+06 1.61672e+06 1.63328e+06 1.61892e+06
1.59612e+06 1.61478e+06 1.651e+06 1.61866e+06
1.61213e+06 1.60984e+06 1.62626e+06 1.59829e+06
1.66056e+06 1.57007e+06 1.62899e+06 1.632e+06
1.60075e+06 1.61082e+06 1.60169e+06 1.62512e+06
1.62852e+06 1.58474e+06 1.66514e+06 1.63595e+06
1.63033e+06 1.59148e+06 1.63361e+06 1.66226e+06
1.62935e+06 1.62238e+06 1.64626e+06 1.68254e+06
1.58495e+06 1.58768e+06 1.66375e+06 1.63034e+06
1.66406e+06 1.54794e+06 1.67197e+06 1.63112e+06
1.63409e+06 1.62716e+06 1.60734e+06 1.61634e+06
1.63888e+06 1.61791e+06 1.64961e+06 1.62333e+06
1.65433e+06 1.61582e+06 1.5977e+06 1.68862e+06
1.62807e+06 1.63931e+06 1.61766e+06 1.68107e+06
1.58673e+06 1.64052e+06 1.60535e+06 1.58483e+06
1.6569e+06 1.59936e+06 1.61614e+06 1.6258e+06
1.6663e+06 1.61114e+06 1.61232e+06 1.65284e+06
1.65569e+06 1.60825e+06 1.62033e+06 1.67053e+06
1.60233e+06 1.61555e+06 1.60998e+06 1.6289e+06
1.63484e+06 1.56345e+06 1.64747e+06 1.62994e+06
1.6536e+06 1.60262e+06 1.59102e+06 1.65623e+06
1.6549e+06 1.58944e+06 1.57558e+06 1.65074e+06
