1670 177.703
1.48177e+06 1.10637e+06 1.26514e+06
1.47428e+06 1.09233e+06 1.2758e+06
1.4577e+06 1.22886e+06 1.18967e+06
1.33823e+06 1.27206e+06 1.25914e+06
1.33423e+06 1.21802e+06 1.35342e+06
1.31365e+06 1.24593e+06 1.3163e+06
1.32717e+06 1.24007e+06 1.32596e+06
1.33423e+06 1.21802e+06 1.35342e+06
1.35906e+06 1.18069e+06 1.21847e+06
1.47125e+06 1.1011e+06 1.28764e+06
1.32457e+06 1.24493e+06 1.32271e+06
1.43343e+06 1.18813e+06 1.20554e+06
1.3213e+06 1.2564e+06 1.26785e+06
1.38383e+06 1.17283e+06 1.22745e+06
1.45067e+06 1.10464e+06 1.27965e+06
1.441e+06 1.2193e+06 1.19373e+06
1.31937e+06 1.2714e+06 1.28155e+06
1.40643e+06 1.19212e+06 1.21479e+06
1.4446e+06 1.13589e+06 1.24363e+06
1.47462e+06 1.12123e+06 1.24714e+06
1.36485e+06 1.14846e+06 1.30008e+06
1.33233e+06 1.26446e+06 1.26134e+06
1.47428e+06 1.09233e+06 1.2758e+06
1.46704e+06 1.13534e+06 1.24052e+06
1.43217e+06 1.19763e+06 1.20405e+06
1.31365e+06 1.24593e+06 1.3163e+06
1.43319e+06 1.14045e+06 1.2331e+06
1.45833e+06 1.1095e+06 1.26092e+06
1.32826e+06 1.24061e+06 1.30103e+06
1.31542e+06 1.25512e+06 1.30881e+06
1.48177e+06 1.10637e+06 1.26514e+06
1.43537e+06 1.17943e+06 1.19887e+06
1.37393e+06 1.17237e+06 1.23282e+06
1.35864e+06 1.19966e+06 1.25857e+06
1.44014e+06 1.23648e+06 1.19208e+06
1.38484e+06 1.15877e+06 1.26163e+06
1.45067e+06 1.10464e+06 1.27965e+06
1.35648e+06 1.17306e+06 1.28507e+06
1.38848e+06 1.15424e+06 1.25214e+06
1.3514e+06 1.18548e+06 1.28817e+06
1.34935e+06 1.22761e+06 1.2646e+06
1.46122e+06 1.12894e+06 1.251e+06
1.32717e+06 1.24007e+06 1.32596e+06
1.43852e+06 1.1758e+06 1.19821e+06
1.42576e+06 1.11669e+06 1.25115e+06
1.40354e+06 1.19959e+06 1.20135e+06
1.34103e+06 1.20216e+06 1.27766e+06
1.3165e+06 1.25611e+06 1.30787e+06
1.33706e+06 1.21652e+06 1.29297e+06
1.36899e+06 1.16503e+06 1.24698e+06
1.33233e+06 1.26446e+06 1.26134e+06
1.33552e+06 1.22204e+06 1.29622e+06
1.34611e+06 1.21466e+06 1.27172e+06
1.33345e+06 1.23331e+06 1.28488e+06
1.34828e+06 1.22473e+06 1.26858e+06
1.35017e+06 1.1948e+06 1.27441e+06
1.4403e+06 1.13179e+06 1.24715e+06
1.32961e+06 1.24784e+06 1.29528e+06
1.4014e+06 1.14686e+06 1.21757e+06
1.47125e+06 1.1011e+06 1.28764e+06
1.32457e+06 1.24493e+06 1.32271e+06
1.39214e+06 1.17032e+06 1.23546e+06
1.35284e+06 1.23719e+06 1.25482e+06
1.39119e+06 1.13993e+06 1.25359e+06
1.38383e+06 1.17283e+06 1.22745e+06
1.40124e+06 1.20546e+06 1.21002e+06
1.40099e+06 1.14042e+06 1.23622e+06
1.46704e+06 1.13534e+06 1.24052e+06
1.37317e+06 1.1794e+06 1.23706e+06
1.34772e+06 1.20356e+06 1.27092e+06
1.4273e+06 1.16126e+06 1.21683e+06
1.44157e+06 1.10817e+06 1.30383e+06
1.35131e+06 1.22454e+06 1.27064e+06
1.42108e+06 1.18045e+06 1.21181e+06
1.31937e+06 1.2714e+06 1.28155e+06
1.36436e+06 1.16526e+06 1.2529e+06
1.36485e+06 1.14846e+06 1.30008e+06
1.38532e+06 1.21139e+06 1.21218e+06
1.38601e+06 1.16037e+06 1.24344e+06
1.38196e+06 1.16738e+06 1.23932e+06
1.37459e+06 1.23375e+06 1.21434e+06
1.41699e+06 1.17066e+06 1.21203e+06
1.371e+06 1.25385e+06 1.21342e+06
1.43852e+06 1.1758e+06 1.19821e+06
1.38012e+06 1.15528e+06 1.26745e+06
1.4577e+06 1.22886e+06 1.18967e+06
1.42576e+06 1.11669e+06 1.25115e+06
1.40275e+06 1.13834e+06 1.25029e+06
1.41055e+06 1.1934e+06 1.20408e+06
1.42417e+06 1.11976e+06 1.26627e+06
1.34001e+06 1.25131e+06 1.27344e+06
1.35454e+06 1.18932e+06 1.26113e+06
1.34103e+06 1.20216e+06 1.27766e+06
1.34611e+06 1.21466e+06 1.27172e+06
1.3514e+06 1.18548e+06 1.28817e+06
1.39373e+06 1.12781e+06 1.274e+06
1.41201e+06 1.12294e+06 1.29503e+06
1.38012e+06 1.15528e+06 1.26745e+06
1.38196e+06 1.16738e+06 1.23932e+06
1.33417e+06 1.22817e+06 1.3028e+06
1.33552e+06 1.22204e+06 1.29622e+06
1.39662e+06 1.12552e+06 1.27432e+06
1.33971e+06 1.19064e+06 1.30581e+06
1.40349e+06 1.23135e+06 1.20298e+06
1.35399e+06 1.19375e+06 1.27997e+06
1.46122e+06 1.12894e+06 1.251e+06
1.33706e+06 1.21652e+06 1.29297e+06
1.3964e+06 1.16255e+06 1.2356e+06
1.41432e+06 1.12584e+06 1.26741e+06
1.38848e+06 1.15424e+06 1.25214e+06
1.4273e+06 1.16126e+06 1.21683e+06
1.37547e+06 1.20907e+06 1.21777e+06
1.37626e+06 1.16203e+06 1.25021e+06
1.371e+06 1.25385e+06 1.21342e+06
1.40124e+06 1.20546e+06 1.21002e+06
1.42417e+06 1.11976e+06 1.26627e+06
1.41201e+06 1.12294e+06 1.29503e+06
1.34001e+06 1.25131e+06 1.27344e+06
1.31542e+06 1.25512e+06 1.30881e+06
1.36189e+06 1.16457e+06 1.2589e+06
1.39154e+06 1.1598e+06 1.24734e+06
1.35311e+06 1.21262e+06 1.24602e+06
1.39443e+06 1.16665e+06 1.24229e+06
1.39443e+06 1.16665e+06 1.24229e+06
1.41432e+06 1.12584e+06 1.26741e+06
1.35311e+06 1.21262e+06 1.24602e+06
1.4446e+06 1.13589e+06 1.24363e+06
1.45833e+06 1.1095e+06 1.26092e+06
1.39314e+06 1.19149e+06 1.21823e+06
1.4117e+06 1.175e+06 1.21473e+06
1.37547e+06 1.20907e+06 1.21777e+06
1.32961e+06 1.24784e+06 1.29528e+06
1.35284e+06 1.23719e+06 1.25482e+06
1.44157e+06 1.10817e+06 1.30383e+06
1.41699e+06 1.17066e+06 1.21203e+06
1.33971e+06 1.19064e+06 1.30581e+06
1.39193e+06 1.1983e+06 1.21067e+06
1.36189e+06 1.16457e+06 1.2589e+06
1.37317e+06 1.1794e+06 1.23706e+06
1.42286e+06 1.1638e+06 1.21075e+06
1.4014e+06 1.14686e+06 1.21757e+06
1.42286e+06 1.1638e+06 1.21075e+06
1.37626e+06 1.16203e+06 1.25021e+06
1.40349e+06 1.23135e+06 1.20298e+06
1.41154e+06 1.13852e+06 1.24876e+06
1.39662e+06 1.12552e+06 1.27432e+06
1.41055e+06 1.1934e+06 1.20408e+06
1.41154e+06 1.13852e+06 1.24876e+06
1.3213e+06 1.2564e+06 1.26785e+06
1.42108e+06 1.18045e+06 1.21181e+06
1.48255e+06 1.18463e+06 1.27118e+06
1.46783e+06 1.23168e+06 1.24954e+06
1.43543e+06 1.1604e+06 1.27717e+06
1.41247e+06 1.17296e+06 1.29354e+06
1.39843e+06 1.21914e+06 1.28773e+06
1.43021e+06 1.20823e+06 1.25293e+06
1.45861e+06 1.19857e+06 1.26701e+06
1.41009e+06 1.20999e+06 1.28787e+06
1.4174e+06 1.22515e+06 1.28188e+06
1.47273e+06 1.18754e+06 1.26816e+06
1.44323e+06 1.22709e+06 1.24954e+06
1.46403e+06 1.19929e+06 1.25284e+06
1.43452e+06 1.19542e+06 1.27553e+06
1.439e+06 1.18561e+06 1.2735e+06
1.41178e+06 1.23044e+06 1.28214e+06
1.49981e+06 1.16756e+06 1.28345e+06
1.4977e+06 1.25369e+06 1.25743e+06
1.44901e+06 1.27217e+06 1.27134e+06
1.4059e+06 1.24588e+06 1.30729e+06
1.48454e+06 1.23479e+06 1.25773e+06
1.45897e+06 1.19357e+06 1.27358e+06
1.47385e+06 1.21205e+06 1.26969e+06
1.41716e+06 1.26361e+06 1.29346e+06
1.40993e+06 1.21991e+06 1.2954e+06
1.44079e+06 1.17477e+06 1.27796e+06
1.43732e+06 1.21806e+06 1.30339e+06
1.45647e+06 1.20938e+06 1.27703e+06
1.4275e+06 1.17392e+06 1.30363e+06
1.48063e+06 1.17238e+06 1.28151e+06
1.44912e+06 1.26677e+06 1.27535e+06
1.46867e+06 1.20164e+06 1.27468e+06
1.46129e+06 1.17652e+06 1.28119e+06
1.44705e+06 1.24706e+06 1.28476e+06
1.43982e+06 1.21372e+06 1.32278e+06
1.41281e+06 1.21996e+06 1.29826e+06
1.44238e+06 1.18273e+06 1.30662e+06
1.44897e+06 1.19625e+06 1.30003e+06
1.44172e+06 1.21176e+06 1.31655e+06
1.44817e+06 1.2328e+06 1.28342e+06
1.4589e+06 1.23606e+06 1.28082e+06
1.4679e+06 1.20713e+06 1.27495e+06
1.44759e+06 1.21439e+06 1.29233e+06
1.46162e+06 1.24214e+06 1.2789e+06
1.45162e+06 1.19747e+06 1.2942e+06
1.46305e+06 1.20993e+06 1.28028e+06
1.45013e+06 1.19885e+06 1.29484e+06
1.44099e+06 1.24539e+06 1.29647e+06
1.43995e+06 1.24635e+06 1.29769e+06
1.49235e+06 1.18361e+06 1.28152e+06
1.49096e+06 1.1783e+06 1.30752e+06
1.4796e+06 1.23349e+06 1.27697e+06
1.45503e+06 1.21507e+06 1.34703e+06
1.44518e+06 1.26145e+06 1.30617e+06
1.42243e+06 1.25456e+06 1.30655e+06
1.45874e+06 1.20507e+06 1.32608e+06
1.43e+06 1.23684e+06 1.31481e+06
1.44893e+06 1.23735e+06 1.28464e+06
1.45482e+06 1.22676e+06 1.30104e+06
1.4649e+06 1.19034e+06 1.29676e+06
1.42365e+06 1.22068e+06 1.31761e+06
1.48365e+06 1.19897e+06 1.28626e+06
1.48919e+06 1.18455e+06 1.30951e+06
1.46891e+06 1.21326e+06 1.28907e+06
1.46147e+06 1.19971e+06 1.28972e+06
1.47415e+06 1.19166e+06 1.28947e+06
1.46978e+06 1.17996e+06 1.31155e+06
1.45004e+06 1.22193e+06 1.31718e+06
1.45754e+06 1.21758e+06 1.31688e+06
1.49204e+06 1.19421e+06 1.28188e+06
1.4579e+06 1.21983e+06 1.29838e+06
1.45996e+06 1.21512e+06 1.31218e+06
1.46429e+06 1.22173e+06 1.28539e+06
1.4614e+06 1.19358e+06 1.30622e+06
1.50102e+06 1.19485e+06 1.31224e+06
1.499e+06 1.19743e+06 1.28319e+06
1.47518e+06 1.18421e+06 1.32058e+06
1.45153e+06 1.25492e+06 1.30141e+06
1.45081e+06 1.22203e+06 1.32971e+06
1.44135e+06 1.22937e+06 1.3222e+06
1.48223e+06 1.19586e+06 1.29078e+06
1.48078e+06 1.20674e+06 1.29784e+06
1.46258e+06 1.23616e+06 1.3095e+06
1.45659e+06 1.24936e+06 1.28572e+06
1.46376e+06 1.2165e+06 1.30604e+06
1.46538e+06 1.19569e+06 1.31254e+06
1.47944e+06 1.20881e+06 1.29317e+06
1.45418e+06 1.24204e+06 1.28844e+06
1.46865e+06 1.21349e+06 1.29213e+06
1.46705e+06 1.19964e+06 1.30655e+06
1.46669e+06 1.2425e+06 1.28481e+06
1.45823e+06 1.24103e+06 1.28934e+06
1.47916e+06 1.22915e+06 1.28914e+06
1.47849e+06 1.21399e+06 1.28959e+06
1.46443e+06 1.23913e+06 1.29042e+06
1.46854e+06 1.19865e+06 1.30726e+06
1.46658e+06 1.21192e+06 1.29251e+06
1.51794e+06 1.21201e+06 1.29357e+06
1.48644e+06 1.20408e+06 1.30211e+06
1.47187e+06 1.26036e+06 1.28692e+06
1.45128e+06 1.24526e+06 1.3418e+06
1.44313e+06 1.24659e+06 1.33959e+06
1.461e+06 1.24259e+06 1.32586e+06
1.46812e+06 1.2272e+06 1.31202e+06
1.47076e+06 1.21332e+06 1.29473e+06
1.48121e+06 1.23525e+06 1.29354e+06
1.46175e+06 1.25384e+06 1.29162e+06
1.48415e+06 1.20561e+06 1.31601e+06
1.47392e+06 1.2121e+06 1.32046e+06
1.46373e+06 1.24484e+06 1.30918e+06
1.46251e+06 1.26026e+06 1.28794e+06
1.49793e+06 1.23954e+06 1.29994e+06
1.48474e+06 1.2091e+06 1.31842e+06
1.46462e+06 1.25421e+06 1.29458e+06
1.44634e+06 1.29308e+06 1.35424e+06
1.46858e+06 1.2325e+06 1.33567e+06
1.4745e+06 1.22829e+06 1.32605e+06
1.47683e+06 1.21688e+06 1.30245e+06
1.48478e+06 1.21366e+06 1.3116e+06
1.49715e+06 1.24061e+06 1.29823e+06
1.47359e+06 1.24381e+06 1.30978e+06
1.47019e+06 1.2363e+06 1.33555e+06
1.4814e+06 1.2149e+06 1.32247e+06
1.46961e+06 1.25026e+06 1.32158e+06
1.49539e+06 1.22266e+06 1.30304e+06
1.48505e+06 1.20951e+06 1.3661e+06
1.46989e+06 1.25201e+06 1.37023e+06
1.46566e+06 1.26199e+06 1.29518e+06
1.46391e+06 1.32296e+06 1.36152e+06
1.46499e+06 1.28571e+06 1.33331e+06
1.47156e+06 1.2435e+06 1.35321e+06
1.48582e+06 1.2259e+06 1.3053e+06
1.48168e+06 1.22006e+06 1.30743e+06
1.4803e+06 1.21822e+06 1.34477e+06
1.47426e+06 1.25409e+06 1.34586e+06
1.51692e+06 1.22618e+06 1.30672e+06
1.49801e+06 1.23143e+06 1.30484e+06
1.49004e+06 1.22363e+06 1.33977e+06
1.47362e+06 1.27311e+06 1.36324e+06
1.47767e+06 1.26858e+06 1.32663e+06
1.48731e+06 1.25394e+06 1.31739e+06
1.49233e+06 1.24583e+06 1.30656e+06
1.48585e+06 1.27126e+06 1.32451e+06
1.47634e+06 1.27219e+06 1.32091e+06
1.5037e+06 1.28356e+06 1.32204e+06
1.49542e+06 1.23117e+06 1.37014e+06
1.47537e+06 1.31127e+06 1.37179e+06
1.48285e+06 1.26908e+06 1.34795e+06
1.50129e+06 1.26365e+06 1.32323e+06
1.47733e+06 1.27226e+06 1.35432e+06
1.51402e+06 1.33295e+06 1.39633e+06
1.48177e+06 1.10637e+06 1.26514e+06
1.47428e+06 1.09233e+06 1.2758e+06
1.4577e+06 1.22886e+06 1.18967e+06
1.33823e+06 1.27206e+06 1.25914e+06
1.33423e+06 1.21802e+06 1.35342e+06
1.31365e+06 1.24593e+06 1.3163e+06
1.33423e+06 1.21802e+06 1.35342e+06
1.32717e+06 1.24007e+06 1.32596e+06
1.35906e+06 1.18069e+06 1.21847e+06
1.39119e+06 1.13993e+06 1.25359e+06
1.41154e+06 1.13852e+06 1.24876e+06
1.43533e+06 1.17925e+06 1.21111e+06
1.37547e+06 1.20907e+06 1.21777e+06
1.43217e+06 1.19763e+06 1.20405e+06
1.40354e+06 1.19959e+06 1.20135e+06
1.3213e+06 1.2564e+06 1.26785e+06
1.31937e+06 1.2714e+06 1.28155e+06
1.38012e+06 1.15528e+06 1.26745e+06
1.3514e+06 1.18548e+06 1.28817e+06
1.47125e+06 1.1011e+06 1.28764e+06
1.47462e+06 1.12123e+06 1.24714e+06
1.38383e+06 1.17283e+06 1.22745e+06
1.34935e+06 1.22761e+06 1.2646e+06
1.47428e+06 1.09233e+06 1.2758e+06
1.36485e+06 1.14846e+06 1.30008e+06
1.39662e+06 1.12552e+06 1.27432e+06
1.32457e+06 1.24493e+06 1.32271e+06
1.41201e+06 1.12294e+06 1.29503e+06
1.41751e+06 1.14319e+06 1.24321e+06
1.33233e+06 1.26446e+06 1.26134e+06
1.45833e+06 1.1095e+06 1.26092e+06
1.43217e+06 1.19763e+06 1.20405e+06
1.34103e+06 1.20216e+06 1.27766e+06
1.33971e+06 1.19064e+06 1.30581e+06
1.44014e+06 1.23648e+06 1.19208e+06
1.36485e+06 1.14846e+06 1.30008e+06
1.31365e+06 1.24593e+06 1.3163e+06
1.39481e+06 1.2444e+06 1.2154e+06
1.46498e+06 1.13885e+06 1.23966e+06
1.31542e+06 1.25512e+06 1.30881e+06
1.48177e+06 1.10637e+06 1.26514e+06
1.40349e+06 1.23135e+06 1.20298e+06
1.34828e+06 1.22473e+06 1.26858e+06
1.47119e+06 1.10296e+06 1.28407e+06
1.33233e+06 1.26446e+06 1.26134e+06
1.43852e+06 1.1758e+06 1.19821e+06
1.33007e+06 1.24997e+06 1.28346e+06
1.33971e+06 1.19064e+06 1.30581e+06
1.33706e+06 1.21652e+06 1.29297e+06
1.32717e+06 1.24007e+06 1.32596e+06
1.46709e+06 1.14378e+06 1.22899e+06
1.4273e+06 1.16126e+06 1.21683e+06
1.441e+06 1.2193e+06 1.19373e+06
1.37393e+06 1.17237e+06 1.23282e+06
1.35771e+06 1.2085e+06 1.26745e+06
1.356e+06 1.2336e+06 1.23392e+06
1.45585e+06 1.11276e+06 1.27134e+06
1.38601e+06 1.16037e+06 1.24344e+06
1.371e+06 1.25385e+06 1.21342e+06
1.4014e+06 1.14686e+06 1.21757e+06
1.42108e+06 1.18045e+06 1.21181e+06
1.38276e+06 1.16463e+06 1.25865e+06
1.35121e+06 1.24247e+06 1.25703e+06
1.45082e+06 1.16366e+06 1.19968e+06
1.44092e+06 1.15948e+06 1.2165e+06
1.42576e+06 1.11669e+06 1.25115e+06
1.42417e+06 1.11976e+06 1.26627e+06
1.35284e+06 1.23719e+06 1.25482e+06
1.41962e+06 1.13383e+06 1.2558e+06
1.38012e+06 1.15528e+06 1.26745e+06
1.37317e+06 1.1794e+06 1.23706e+06
1.36792e+06 1.18038e+06 1.26537e+06
1.45737e+06 1.12986e+06 1.24112e+06
1.45737e+06 1.12986e+06 1.24112e+06
1.34611e+06 1.21466e+06 1.27172e+06
1.34611e+06 1.21466e+06 1.27172e+06
1.44686e+06 1.16749e+06 1.21122e+06
1.34463e+06 1.25587e+06 1.25016e+06
1.32826e+06 1.24061e+06 1.30103e+06
1.34103e+06 1.20216e+06 1.27766e+06
1.43537e+06 1.17943e+06 1.19887e+06
1.43319e+06 1.14045e+06 1.2331e+06
1.43852e+06 1.1758e+06 1.19821e+06
1.33552e+06 1.22204e+06 1.29622e+06
1.44773e+06 1.11476e+06 1.27128e+06
1.32505e+06 1.25603e+06 1.27379e+06
1.4577e+06 1.22886e+06 1.18967e+06
1.47125e+06 1.1011e+06 1.28764e+06
1.44984e+06 1.13535e+06 1.24407e+06
1.32961e+06 1.24784e+06 1.29528e+06
1.3514e+06 1.18548e+06 1.28817e+06
1.46704e+06 1.13534e+06 1.24052e+06
1.34315e+06 1.24772e+06 1.26648e+06
1.35131e+06 1.22454e+06 1.27064e+06
1.44931e+06 1.14475e+06 1.22826e+06
1.33552e+06 1.22204e+06 1.29622e+06
1.39662e+06 1.12552e+06 1.27432e+06
1.32457e+06 1.24493e+06 1.32271e+06
1.44667e+06 1.11526e+06 1.24731e+06
1.35895e+06 1.22265e+06 1.2672e+06
1.45518e+06 1.14e+06 1.23718e+06
1.31937e+06 1.2714e+06 1.28155e+06
1.44157e+06 1.10817e+06 1.30383e+06
1.32719e+06 1.24995e+06 1.2942e+06
1.45067e+06 1.10464e+06 1.27965e+06
1.4117e+06 1.175e+06 1.21473e+06
1.36899e+06 1.16503e+06 1.24698e+06
1.36899e+06 1.16503e+06 1.24698e+06
1.38511e+06 1.14843e+06 1.24786e+06
1.356e+06 1.2336e+06 1.23392e+06
1.4447e+06 1.1602e+06 1.21424e+06
1.44237e+06 1.14499e+06 1.23048e+06
1.371e+06 1.25385e+06 1.21342e+06
1.44247e+06 1.10706e+06 1.29434e+06
1.41962e+06 1.13383e+06 1.2558e+06
1.3165e+06 1.25611e+06 1.30787e+06
1.44157e+06 1.10817e+06 1.30383e+06
1.46498e+06 1.13885e+06 1.23966e+06
1.42576e+06 1.11669e+06 1.25115e+06
1.31542e+06 1.25512e+06 1.30881e+06
1.33345e+06 1.23331e+06 1.28488e+06
1.33706e+06 1.21652e+06 1.29297e+06
1.45067e+06 1.10464e+06 1.27965e+06
1.45833e+06 1.1095e+06 1.26092e+06
1.45518e+06 1.14e+06 1.23718e+06
1.40354e+06 1.19959e+06 1.20135e+06
1.3318e+06 1.22207e+06 1.29482e+06
1.38383e+06 1.17283e+06 1.22745e+06
1.33345e+06 1.23331e+06 1.28488e+06
1.35284e+06 1.23719e+06 1.25482e+06
1.33268e+06 1.24213e+06 1.29443e+06
1.34565e+06 1.24738e+06 1.247e+06
1.3165e+06 1.25611e+06 1.30787e+06
1.3844e+06 1.14721e+06 1.25907e+06
1.45082e+06 1.16366e+06 1.19968e+06
1.42417e+06 1.11976e+06 1.26627e+06
1.4446e+06 1.13589e+06 1.24363e+06
1.441e+06 1.2193e+06 1.19373e+06
1.41751e+06 1.14319e+06 1.24321e+06
1.4446e+06 1.13589e+06 1.24363e+06
1.4273e+06 1.16126e+06 1.21683e+06
1.4014e+06 1.14686e+06 1.21757e+06
1.3213e+06 1.2564e+06 1.26785e+06
1.44686e+06 1.16749e+06 1.21122e+06
1.32826e+06 1.24061e+06 1.30103e+06
1.44237e+06 1.14499e+06 1.23048e+06
1.37393e+06 1.17237e+06 1.23282e+06
1.35771e+06 1.2085e+06 1.26745e+06
1.33823e+06 1.27206e+06 1.25914e+06
1.43319e+06 1.14045e+06 1.2331e+06
1.48468e+06 1.15092e+06 1.28845e+06
1.43942e+06 1.17792e+06 1.31588e+06
1.4389e+06 1.20242e+06 1.25605e+06
1.42223e+06 1.21807e+06 1.2811e+06
1.44766e+06 1.19116e+06 1.29853e+06
1.43346e+06 1.19511e+06 1.26532e+06
1.48259e+06 1.16177e+06 1.31382e+06
1.46977e+06 1.17593e+06 1.27903e+06
1.45294e+06 1.17371e+06 1.28833e+06
1.45435e+06 1.19332e+06 1.27563e+06
1.48154e+06 1.1832e+06 1.26447e+06
1.47474e+06 1.19276e+06 1.27478e+06
1.47861e+06 1.16487e+06 1.28842e+06
1.44652e+06 1.18063e+06 1.31474e+06
1.49972e+06 1.17484e+06 1.29668e+06
1.4992e+06 1.17157e+06 1.31378e+06
1.48061e+06 1.21029e+06 1.25663e+06
1.4724e+06 1.17602e+06 1.31751e+06
1.43212e+06 1.24246e+06 1.28562e+06
1.4435e+06 1.20184e+06 1.26775e+06
1.45471e+06 1.21585e+06 1.26701e+06
1.47368e+06 1.22573e+06 1.26453e+06
1.47689e+06 1.19858e+06 1.27793e+06
1.43951e+06 1.22806e+06 1.28498e+06
1.46366e+06 1.18868e+06 1.30436e+06
1.49268e+06 1.19045e+06 1.28488e+06
1.48012e+06 1.19054e+06 1.283e+06
1.46154e+06 1.19705e+06 1.31388e+06
1.43954e+06 1.20964e+06 1.31589e+06
1.47789e+06 1.18388e+06 1.31716e+06
1.49675e+06 1.18853e+06 1.30235e+06
1.44212e+06 1.19732e+06 1.29897e+06
1.49636e+06 1.1799e+06 1.30388e+06
1.45772e+06 1.17899e+06 1.31736e+06
1.50652e+06 1.18842e+06 1.31479e+06
1.50008e+06 1.18106e+06 1.32526e+06
1.47083e+06 1.23611e+06 1.26744e+06
1.44562e+06 1.25227e+06 1.31332e+06
1.4408e+06 1.21239e+06 1.31926e+06
1.45987e+06 1.22024e+06 1.27485e+06
1.44756e+06 1.20482e+06 1.30642e+06
1.446e+06 1.21482e+06 1.27608e+06
1.48291e+06 1.19968e+06 1.3015e+06
1.4937e+06 1.19663e+06 1.29013e+06
1.49089e+06 1.20001e+06 1.29428e+06
1.44576e+06 1.22971e+06 1.29967e+06
1.4602e+06 1.20229e+06 1.2693e+06
1.46637e+06 1.19752e+06 1.30656e+06
1.49682e+06 1.19534e+06 1.3102e+06
1.45995e+06 1.21218e+06 1.30208e+06
1.47007e+06 1.18888e+06 1.31155e+06
1.49389e+06 1.19438e+06 1.31083e+06
1.49353e+06 1.19747e+06 1.29756e+06
1.51344e+06 1.20362e+06 1.29046e+06
1.4787e+06 1.19102e+06 1.31907e+06
1.46385e+06 1.22755e+06 1.2712e+06
1.44152e+06 1.27276e+06 1.34528e+06
1.44589e+06 1.25124e+06 1.30242e+06
1.45718e+06 1.2103e+06 1.32317e+06
1.49915e+06 1.20173e+06 1.30579e+06
1.47276e+06 1.2003e+06 1.33952e+06
1.44722e+06 1.23199e+06 1.30178e+06
1.45311e+06 1.21584e+06 1.29314e+06
1.48729e+06 1.19761e+06 1.31024e+06
1.49111e+06 1.20393e+06 1.28148e+06
1.4652e+06 1.20908e+06 1.28213e+06
1.45349e+06 1.23173e+06 1.27896e+06
1.44761e+06 1.2114e+06 1.31225e+06
1.46377e+06 1.2068e+06 1.28848e+06
1.47767e+06 1.19978e+06 1.309e+06
1.45067e+06 1.21225e+06 1.3103e+06
1.44306e+06 1.23048e+06 1.32013e+06
1.47159e+06 1.20245e+06 1.2906e+06
1.46355e+06 1.22953e+06 1.28188e+06
1.4636e+06 1.20376e+06 1.29139e+06
1.53588e+06 1.20472e+06 1.29337e+06
1.49059e+06 1.19993e+06 1.3328e+06
1.4666e+06 1.24193e+06 1.27961e+06
1.44883e+06 1.2363e+06 1.30744e+06
1.50608e+06 1.20185e+06 1.32414e+06
1.45191e+06 1.22721e+06 1.31394e+06
1.48956e+06 1.20223e+06 1.32896e+06
1.46263e+06 1.23393e+06 1.28941e+06
1.4566e+06 1.21622e+06 1.29674e+06
1.45583e+06 1.22589e+06 1.31788e+06
1.48144e+06 1.20777e+06 1.30123e+06
1.48055e+06 1.21367e+06 1.28406e+06
1.46182e+06 1.21854e+06 1.29376e+06
1.47369e+06 1.20936e+06 1.29466e+06
1.46744e+06 1.22344e+06 1.28554e+06
1.45419e+06 1.23898e+06 1.30226e+06
1.46861e+06 1.21248e+06 1.29056e+06
1.47218e+06 1.20572e+06 1.31428e+06
1.46424e+06 1.23955e+06 1.28667e+06
1.52888e+06 1.20577e+06 1.33142e+06
1.47674e+06 1.22946e+06 1.28587e+06
1.4502e+06 1.27357e+06 1.32584e+06
1.46674e+06 1.23216e+06 1.29475e+06
1.45539e+06 1.25071e+06 1.31301e+06
1.46063e+06 1.25249e+06 1.3014e+06
1.51286e+06 1.20881e+06 1.31658e+06
1.50728e+06 1.21585e+06 1.28662e+06
1.49853e+06 1.21458e+06 1.30692e+06
1.48719e+06 1.22423e+06 1.29615e+06
1.4737e+06 1.20924e+06 1.32684e+06
1.48426e+06 1.21398e+06 1.31458e+06
1.45963e+06 1.22049e+06 1.32368e+06
1.46393e+06 1.22024e+06 1.30518e+06
1.46145e+06 1.22135e+06 1.29727e+06
1.50188e+06 1.21875e+06 1.28588e+06
1.47426e+06 1.2063e+06 1.32522e+06
1.49934e+06 1.2308e+06 1.29266e+06
1.49437e+06 1.23262e+06 1.2876e+06
1.4846e+06 1.21232e+06 1.32697e+06
1.4661e+06 1.23691e+06 1.33303e+06
1.45965e+06 1.2659e+06 1.32553e+06
1.46046e+06 1.24933e+06 1.33037e+06
1.48648e+06 1.21526e+06 1.32125e+06
1.49565e+06 1.22847e+06 1.3011e+06
1.47858e+06 1.22646e+06 1.31589e+06
1.49411e+06 1.22208e+06 1.31002e+06
1.46828e+06 1.23312e+06 1.29545e+06
1.47632e+06 1.23043e+06 1.32295e+06
1.47901e+06 1.22246e+06 1.30381e+06
1.46234e+06 1.24174e+06 1.31142e+06
1.46498e+06 1.24018e+06 1.31165e+06
1.46314e+06 1.24061e+06 1.30463e+06
1.47033e+06 1.23248e+06 1.31014e+06
1.46988e+06 1.23195e+06 1.32782e+06
1.47863e+06 1.23243e+06 1.30847e+06
1.49962e+06 1.21786e+06 1.32506e+06
1.49476e+06 1.24375e+06 1.29621e+06
1.47812e+06 1.25914e+06 1.29754e+06
1.47082e+06 1.23645e+06 1.32017e+06
1.47938e+06 1.22568e+06 1.31013e+06
1.47661e+06 1.25333e+06 1.31456e+06
1.48749e+06 1.24723e+06 1.30946e+06
1.4907e+06 1.24488e+06 1.30272e+06
1.50226e+06 1.2268e+06 1.31274e+06
1.4999e+06 1.23866e+06 1.31652e+06
1.47122e+06 1.23823e+06 1.3277e+06
1.49777e+06 1.232e+06 1.32372e+06
1.5112e+06 1.24084e+06 1.3243e+06
1.5033e+06 1.22994e+06 1.33878e+06
1.48245e+06 1.26599e+06 1.34592e+06
1.49033e+06 1.2632e+06 1.33008e+06
1.50178e+06 1.25052e+06 1.32715e+06
1.50332e+06 1.23737e+06 1.33403e+06
1.51869e+06 1.27166e+06 1.32921e+06
1.4948e+06 1.27312e+06 1.35954e+06
1.48177e+06 1.10637e+06 1.26514e+06
1.47428e+06 1.09233e+06 1.2758e+06
1.4577e+06 1.22886e+06 1.18967e+06
1.33823e+06 1.27206e+06 1.25914e+06
1.33423e+06 1.21802e+06 1.35342e+06
1.31365e+06 1.24593e+06 1.3163e+06
1.33423e+06 1.21802e+06 1.35342e+06
1.32717e+06 1.24007e+06 1.32596e+06
1.35906e+06 1.18069e+06 1.21847e+06
1.3213e+06 1.2564e+06 1.26785e+06
1.47462e+06 1.12123e+06 1.24714e+06
1.47125e+06 1.1011e+06 1.28764e+06
1.45833e+06 1.1095e+06 1.26092e+06
1.3514e+06 1.18548e+06 1.28817e+06
1.35771e+06 1.2085e+06 1.26745e+06
1.34103e+06 1.20216e+06 1.27766e+06
1.31937e+06 1.2714e+06 1.28155e+06
1.40354e+06 1.19959e+06 1.20135e+06
1.38383e+06 1.17283e+06 1.22745e+06
1.33233e+06 1.26446e+06 1.26134e+06
1.32457e+06 1.24493e+06 1.32271e+06
1.38012e+06 1.15528e+06 1.26745e+06
1.46704e+06 1.13534e+06 1.24052e+06
1.31365e+06 1.24593e+06 1.3163e+06
1.33971e+06 1.19064e+06 1.30581e+06
1.43217e+06 1.19763e+06 1.20405e+06
1.42576e+06 1.11669e+06 1.25115e+06
1.31542e+06 1.25512e+06 1.30881e+06
1.38511e+06 1.14843e+06 1.24786e+06
1.43533e+06 1.17925e+06 1.21111e+06
1.44014e+06 1.23648e+06 1.19208e+06
1.48177e+06 1.10637e+06 1.26514e+06
1.32961e+06 1.24784e+06 1.29528e+06
1.371e+06 1.25385e+06 1.21342e+06
1.4011e+06 1.15702e+06 1.24276e+06
1.33679e+06 1.21381e+06 1.2901e+06
1.36899e+06 1.16503e+06 1.24698e+06
1.43217e+06 1.19763e+06 1.20405e+06
1.33233e+06 1.26446e+06 1.26134e+06
1.43319e+06 1.14045e+06 1.2331e+06
1.32717e+06 1.24007e+06 1.32596e+06
1.37547e+06 1.20907e+06 1.21777e+06
1.47428e+06 1.09233e+06 1.2758e+06
1.39662e+06 1.12552e+06 1.27432e+06
1.33971e+06 1.19064e+06 1.30581e+06
1.38601e+06 1.16037e+06 1.24344e+06
1.43852e+06 1.1758e+06 1.19821e+06
1.35284e+06 1.23719e+06 1.25482e+06
1.38276e+06 1.16463e+06 1.25865e+06
1.39481e+06 1.2444e+06 1.2154e+06
1.42417e+06 1.11976e+06 1.26627e+06
1.441e+06 1.2193e+06 1.19373e+06
1.39119e+06 1.13993e+06 1.25359e+06
1.34611e+06 1.21466e+06 1.27172e+06
1.39026e+06 1.13804e+06 1.26696e+06
1.35092e+06 1.16498e+06 1.2991e+06
1.45067e+06 1.10464e+06 1.27965e+06
1.46704e+06 1.13534e+06 1.24052e+06
1.4446e+06 1.13589e+06 1.24363e+06
1.47125e+06 1.1011e+06 1.28764e+06
1.35153e+06 1.16738e+06 1.29452e+06
1.32457e+06 1.24493e+06 1.32271e+06
1.42869e+06 1.14645e+06 1.2395e+06
1.32826e+06 1.24061e+06 1.30103e+06
1.37404e+06 1.17139e+06 1.24272e+06
1.41064e+06 1.11358e+06 1.26877e+06
1.33552e+06 1.22204e+06 1.29622e+06
1.41803e+06 1.1349e+06 1.24915e+06
1.41326e+06 1.13309e+06 1.25766e+06
1.34611e+06 1.21466e+06 1.27172e+06
1.4117e+06 1.175e+06 1.21473e+06
1.4273e+06 1.16126e+06 1.21683e+06
1.33345e+06 1.23331e+06 1.28488e+06
1.38052e+06 1.16933e+06 1.22957e+06
1.41664e+06 1.13861e+06 1.24827e+06
1.40349e+06 1.23135e+06 1.20298e+06
1.37544e+06 1.15906e+06 1.26251e+06
1.31937e+06 1.2714e+06 1.28155e+06
1.40591e+06 1.13598e+06 1.25753e+06
1.45437e+06 1.12555e+06 1.2463e+06
1.42192e+06 1.12746e+06 1.26581e+06
1.37317e+06 1.1794e+06 1.23706e+06
1.34103e+06 1.20216e+06 1.27766e+06
1.43499e+06 1.11038e+06 1.28993e+06
1.36526e+06 1.17814e+06 1.26879e+06
1.39662e+06 1.12552e+06 1.27432e+06
1.3624e+06 1.14485e+06 1.27803e+06
1.35403e+06 1.21308e+06 1.27115e+06
1.4577e+06 1.22886e+06 1.18967e+06
1.44917e+06 1.10707e+06 1.2676e+06
1.45067e+06 1.10464e+06 1.27965e+06
1.40591e+06 1.13598e+06 1.25753e+06
1.4014e+06 1.14686e+06 1.21757e+06
1.34828e+06 1.22473e+06 1.26858e+06
1.34935e+06 1.22761e+06 1.2646e+06
1.38383e+06 1.17283e+06 1.22745e+06
1.36526e+06 1.17814e+06 1.26879e+06
1.35403e+06 1.21308e+06 1.27115e+06
1.33417e+06 1.22817e+06 1.3028e+06
1.33552e+06 1.22204e+06 1.29622e+06
1.385e+06 1.16169e+06 1.25467e+06
1.43944e+06 1.13295e+06 1.24987e+06
1.43537e+06 1.17943e+06 1.19887e+06
1.37162e+06 1.14244e+06 1.26956e+06
1.35131e+06 1.22454e+06 1.27064e+06
1.42431e+06 1.1277e+06 1.26274e+06
1.4359e+06 1.14455e+06 1.23161e+06
1.41228e+06 1.11112e+06 1.2871e+06
1.37885e+06 1.13705e+06 1.27585e+06
1.38052e+06 1.16933e+06 1.22957e+06
1.44241e+06 1.11104e+06 1.28539e+06
1.42108e+06 1.18045e+06 1.21181e+06
1.34797e+06 1.25636e+06 1.26072e+06
1.33345e+06 1.23331e+06 1.28488e+06
1.4359e+06 1.14455e+06 1.23161e+06
1.3165e+06 1.25611e+06 1.30787e+06
1.44157e+06 1.10817e+06 1.30383e+06
1.42084e+06 1.1386e+06 1.24607e+06
1.3165e+06 1.25611e+06 1.30787e+06
1.41064e+06 1.11358e+06 1.26877e+06
1.3624e+06 1.14485e+06 1.27803e+06
1.42873e+06 1.13719e+06 1.2476e+06
1.45437e+06 1.12555e+06 1.2463e+06
1.31542e+06 1.25512e+06 1.30881e+06
1.32961e+06 1.24784e+06 1.29528e+06
1.43099e+06 1.11178e+06 1.27529e+06
1.35237e+06 1.13862e+06 1.28548e+06
1.43852e+06 1.1758e+06 1.19821e+06
1.39481e+06 1.2444e+06 1.2154e+06
1.43536e+06 1.13943e+06 1.24582e+06
1.441e+06 1.2193e+06 1.19373e+06
1.37393e+06 1.17237e+06 1.23282e+06
1.433e+06 1.13405e+06 1.25077e+06
1.42158e+06 1.12988e+06 1.25185e+06
1.38475e+06 1.13458e+06 1.27912e+06
1.32826e+06 1.24061e+06 1.30103e+06
1.35153e+06 1.16738e+06 1.29452e+06
1.43099e+06 1.11178e+06 1.27529e+06
1.37317e+06 1.1794e+06 1.23706e+06
1.37162e+06 1.14244e+06 1.26956e+06
1.42158e+06 1.12988e+06 1.25185e+06
1.37885e+06 1.13705e+06 1.27585e+06
1.371e+06 1.25385e+06 1.21342e+06
1.40349e+06 1.23135e+06 1.20298e+06
1.39098e+06 1.13151e+06 1.26325e+06
1.4446e+06 1.13589e+06 1.24363e+06
1.44917e+06 1.10707e+06 1.2676e+06
1.39098e+06 1.13151e+06 1.26325e+06
1.44157e+06 1.10817e+06 1.30383e+06
1.34935e+06 1.22761e+06 1.2646e+06
1.42158e+06 1.12988e+06 1.25185e+06
1.4806e+06 1.17957e+06 1.26722e+06
1.46624e+06 1.153e+06 1.28352e+06
1.42632e+06 1.1605e+06 1.32868e+06
1.39912e+06 1.24483e+06 1.30274e+06
1.39908e+06 1.21705e+06 1.30336e+06
1.4146e+06 1.19473e+06 1.28725e+06
1.40179e+06 1.20522e+06 1.30504e+06
1.43956e+06 1.15314e+06 1.27388e+06
1.42901e+06 1.16074e+06 1.32265e+06
1.47399e+06 1.23001e+06 1.2673e+06
1.43572e+06 1.1778e+06 1.26793e+06
1.49168e+06 1.1815e+06 1.26868e+06
1.47889e+06 1.17488e+06 1.2964e+06
1.46316e+06 1.2172e+06 1.26813e+06
1.45029e+06 1.24088e+06 1.28517e+06
1.4153e+06 1.23438e+06 1.33821e+06
1.43283e+06 1.21205e+06 1.29054e+06
1.42508e+06 1.20451e+06 1.30092e+06
1.464e+06 1.18087e+06 1.32401e+06
1.45918e+06 1.18352e+06 1.27702e+06
1.41851e+06 1.19719e+06 1.30517e+06
1.4548e+06 1.20053e+06 1.28441e+06
1.46488e+06 1.18232e+06 1.31689e+06
1.47286e+06 1.17749e+06 1.30715e+06
1.43887e+06 1.1932e+06 1.31161e+06
1.475e+06 1.17635e+06 1.27981e+06
1.44374e+06 1.18643e+06 1.29298e+06
1.44627e+06 1.19171e+06 1.29184e+06
1.44163e+06 1.1923e+06 1.31243e+06
1.44242e+06 1.18828e+06 1.30621e+06
1.44892e+06 1.18258e+06 1.29846e+06
1.49024e+06 1.1812e+06 1.314e+06
1.46968e+06 1.22997e+06 1.27385e+06
1.45855e+06 1.19087e+06 1.33571e+06
1.45389e+06 1.25213e+06 1.29052e+06
1.42351e+06 1.22751e+06 1.33236e+06
1.4471e+06 1.20118e+06 1.32101e+06
1.43398e+06 1.2322e+06 1.29896e+06
1.47974e+06 1.20072e+06 1.30296e+06
1.48498e+06 1.19354e+06 1.28193e+06
1.47053e+06 1.21598e+06 1.27909e+06
1.43695e+06 1.20322e+06 1.3097e+06
1.47159e+06 1.18259e+06 1.31275e+06
1.45631e+06 1.19395e+06 1.30442e+06
1.46757e+06 1.22289e+06 1.28723e+06
1.47446e+06 1.22654e+06 1.27471e+06
1.43829e+06 1.21523e+06 1.2991e+06
1.4622e+06 1.20943e+06 1.29059e+06
1.43271e+06 1.22684e+06 1.30414e+06
1.44474e+06 1.20535e+06 1.29449e+06
1.44046e+06 1.22696e+06 1.29739e+06
1.45868e+06 1.22586e+06 1.28447e+06
1.44433e+06 1.20711e+06 1.29849e+06
1.4551e+06 1.2068e+06 1.29107e+06
1.45742e+06 1.2282e+06 1.2854e+06
1.46613e+06 1.20708e+06 1.28757e+06
1.46112e+06 1.19224e+06 1.31187e+06
1.46925e+06 1.20576e+06 1.28858e+06
1.44707e+06 1.20131e+06 1.31187e+06
1.43767e+06 1.23003e+06 1.29762e+06
1.49215e+06 1.20162e+06 1.28977e+06
1.47988e+06 1.19538e+06 1.3311e+06
1.4376e+06 1.25586e+06 1.29998e+06
1.4342e+06 1.24911e+06 1.33562e+06
1.46106e+06 1.22733e+06 1.29205e+06
1.47905e+06 1.19888e+06 1.31378e+06
1.4425e+06 1.21654e+06 1.33014e+06
1.4502e+06 1.20699e+06 1.29695e+06
1.46469e+06 1.20286e+06 1.30722e+06
1.44248e+06 1.24944e+06 1.31015e+06
1.44387e+06 1.21756e+06 1.3034e+06
1.45169e+06 1.20377e+06 1.33267e+06
1.44502e+06 1.22112e+06 1.29511e+06
1.45653e+06 1.22091e+06 1.29438e+06
1.4731e+06 1.21693e+06 1.29253e+06
1.47385e+06 1.20231e+06 1.31196e+06
1.45435e+06 1.21734e+06 1.29543e+06
1.4988e+06 1.20857e+06 1.29428e+06
1.49732e+06 1.23335e+06 1.29061e+06
1.47244e+06 1.20459e+06 1.31086e+06
1.46623e+06 1.20607e+06 1.33604e+06
1.43841e+06 1.26312e+06 1.3233e+06
1.45585e+06 1.23958e+06 1.29915e+06
1.45112e+06 1.22755e+06 1.31946e+06
1.4543e+06 1.21388e+06 1.32677e+06
1.45622e+06 1.21737e+06 1.29781e+06
1.45713e+06 1.21153e+06 1.31626e+06
1.44506e+06 1.231e+06 1.32162e+06
1.46133e+06 1.21303e+06 1.30097e+06
1.45586e+06 1.22851e+06 1.30555e+06
1.4544e+06 1.23091e+06 1.31114e+06
1.50349e+06 1.22245e+06 1.29524e+06
1.47888e+06 1.20671e+06 1.34204e+06
1.44998e+06 1.23278e+06 1.3237e+06
1.47984e+06 1.22745e+06 1.29798e+06
1.47224e+06 1.21854e+06 1.30392e+06
1.47567e+06 1.21152e+06 1.31245e+06
1.45759e+06 1.21995e+06 1.31418e+06
1.45471e+06 1.22035e+06 1.3339e+06
1.4565e+06 1.22068e+06 1.32481e+06
1.45676e+06 1.22059e+06 1.30261e+06
1.49016e+06 1.2324e+06 1.29945e+06
1.48515e+06 1.21217e+06 1.31857e+06
1.47572e+06 1.22141e+06 1.34438e+06
1.45258e+06 1.27089e+06 1.32731e+06
1.46704e+06 1.25124e+06 1.30902e+06
1.45782e+06 1.22838e+06 1.32838e+06
1.45598e+06 1.24291e+06 1.32657e+06
1.46206e+06 1.24893e+06 1.31652e+06
1.47209e+06 1.226e+06 1.32111e+06
1.45978e+06 1.2409e+06 1.32087e+06
1.4728e+06 1.22329e+06 1.30316e+06
1.45994e+06 1.25116e+06 1.31285e+06
1.47648e+06 1.21455e+06 1.31455e+06
1.46706e+06 1.24177e+06 1.30381e+06
1.46764e+06 1.22937e+06 1.31808e+06
1.4814e+06 1.21289e+06 1.3156e+06
1.47862e+06 1.21721e+06 1.31375e+06
1.47932e+06 1.21769e+06 1.31327e+06
1.47252e+06 1.22948e+06 1.31756e+06
1.48062e+06 1.21306e+06 1.31602e+06
1.49754e+06 1.23594e+06 1.3053e+06
1.486e+06 1.21876e+06 1.33038e+06
1.47818e+06 1.24649e+06 1.30372e+06
1.46891e+06 1.22952e+06 1.353e+06
1.45608e+06 1.2679e+06 1.33087e+06
1.46608e+06 1.23157e+06 1.33376e+06
1.47037e+06 1.24995e+06 1.31541e+06
1.49197e+06 1.21997e+06 1.31979e+06
1.45765e+06 1.26145e+06 1.32714e+06
1.47684e+06 1.24454e+06 1.30952e+06
1.45795e+06 1.23425e+06 1.33194e+06
1.47322e+06 1.2483e+06 1.32245e+06
1.47712e+06 1.22395e+06 1.32688e+06
1.48686e+06 1.21996e+06 1.32293e+06
1.47698e+06 1.22753e+06 1.30809e+06
1.50125e+06 1.23281e+06 1.30873e+06
1.48916e+06 1.25963e+06 1.30892e+06
1.47914e+06 1.22894e+06 1.30979e+06
1.46048e+06 1.25672e+06 1.33693e+06
1.4933e+06 1.24572e+06 1.31542e+06
1.48484e+06 1.23065e+06 1.32205e+06
1.46562e+06 1.26433e+06 1.35433e+06
1.48422e+06 1.23317e+06 1.3171e+06
1.48608e+06 1.23431e+06 1.3236e+06
1.48338e+06 1.32827e+06 1.38449e+06
1.48473e+06 1.2509e+06 1.33223e+06
1.51307e+06 1.25627e+06 1.32487e+06
1.52454e+06 1.34675e+06 1.38072e+06
