5161 536.619
1.57073e+06 1.49708e+06
1.55301e+06 1.51782e+06
1.5269e+06 1.54161e+06
1.51489e+06 1.58774e+06
1.51886e+06 1.57183e+06
1.5503e+06 1.5279e+06
1.53581e+06 1.54054e+06
1.54733e+06 1.53456e+06
1.62887e+06 1.49506e+06
1.51808e+06 1.57647e+06
1.52373e+06 1.57001e+06
1.5265e+06 1.55972e+06
1.54918e+06 1.53308e+06
1.63432e+06 1.47457e+06
1.51386e+06 1.6125e+06
1.55628e+06 1.51871e+06
1.51736e+06 1.59892e+06
1.52186e+06 1.57366e+06
1.57109e+06 1.50935e+06
1.57634e+06 1.50683e+06
1.53296e+06 1.5589e+06
1.55196e+06 1.53074e+06
1.53589e+06 1.5415e+06
1.52023e+06 1.58893e+06
1.52766e+06 1.56941e+06
1.59846e+06 1.49962e+06
1.54907e+06 1.53694e+06
1.58968e+06 1.50346e+06
1.62697e+06 1.49713e+06
1.53561e+06 1.54326e+06
1.62453e+06 1.49788e+06
1.58836e+06 1.50425e+06
1.63294e+06 1.49676e+06
1.52575e+06 1.57212e+06
1.60671e+06 1.4994e+06
1.57015e+06 1.51811e+06
1.60211e+06 1.49957e+06
1.5457e+06 1.54144e+06
1.59822e+06 1.50342e+06
1.64105e+06 1.48192e+06
1.51658e+06 1.65274e+06
1.53562e+06 1.54888e+06
1.52379e+06 1.58522e+06
1.56174e+06 1.52182e+06
1.5737e+06 1.51302e+06
1.53154e+06 1.58125e+06
1.55554e+06 1.53127e+06
1.56579e+06 1.52017e+06
1.54888e+06 1.5433e+06
1.58941e+06 1.50878e+06
1.55368e+06 1.53714e+06
1.58222e+06 1.50954e+06
1.56e+06 1.52865e+06
1.57902e+06 1.51207e+06
1.55026e+06 1.53959e+06
1.55822e+06 1.53058e+06
1.58147e+06 1.51062e+06
1.58619e+06 1.50932e+06
1.5501e+06 1.54018e+06
1.57322e+06 1.51685e+06
1.57315e+06 1.51758e+06
1.59885e+06 1.50014e+06
1.51946e+06 1.59899e+06
1.6487e+06 1.6266e+06
1.66527e+06 1.56651e+06
1.66933e+06 1.61268e+06
1.65754e+06 1.63794e+06
1.62412e+06 1.58016e+06
1.58381e+06 1.61226e+06
1.64242e+06 1.59978e+06
1.65341e+06 1.61883e+06
1.59705e+06 1.57554e+06
1.6079e+06 1.59544e+06
1.6251e+06 1.5641e+06
1.6156e+06 1.61799e+06
1.6111e+06 1.62895e+06
1.60513e+06 1.56986e+06
1.6533e+06 1.6339e+06
1.63035e+06 1.6267e+06
1.62796e+06 1.63164e+06
1.6543e+06 1.62097e+06
1.63488e+06 1.57043e+06
1.61787e+06 1.61735e+06
1.62602e+06 1.61514e+06
1.64648e+06 1.59066e+06
1.6451e+06 1.58456e+06
1.6028e+06 1.61732e+06
1.64855e+06 1.60041e+06
1.65516e+06 1.61761e+06
1.62012e+06 1.56883e+06
1.63431e+06 1.5901e+06
1.65574e+06 1.61535e+06
1.62907e+06 1.60763e+06
1.60491e+06 1.63918e+06
1.64001e+06 1.59448e+06
1.6207e+06 1.56429e+06
1.59979e+06 1.56706e+06
1.59926e+06 1.6317e+06
1.61067e+06 1.59765e+06
1.60528e+06 1.58529e+06
1.64595e+06 1.5459e+06
1.63967e+06 1.58881e+06
1.54284e+06 1.57959e+06
1.62216e+06 1.59126e+06
1.61221e+06 1.60948e+06
1.68668e+06 1.62594e+06
1.63288e+06 1.61948e+06
1.61855e+06 1.62051e+06
1.64986e+06 1.57704e+06
1.63657e+06 1.63102e+06
1.6171e+06 1.60656e+06
1.62254e+06 1.58495e+06
1.62187e+06 1.616e+06
1.61657e+06 1.5679e+06
1.64345e+06 1.60094e+06
1.65184e+06 1.64132e+06
1.64113e+06 1.62506e+06
1.61893e+06 1.62366e+06
1.60233e+06 1.64344e+06
1.67607e+06 1.57731e+06
1.5928e+06 1.61736e+06
1.6472e+06 1.6208e+06
1.65495e+06 1.57981e+06
1.63284e+06 1.58124e+06
1.65635e+06 1.59977e+06
1.65588e+06 1.66036e+06
1.5959e+06 1.61353e+06
1.61768e+06 1.58987e+06
1.6568e+06 1.56313e+06
1.62961e+06 1.5998e+06
1.6469e+06 1.56422e+06
1.59737e+06 1.57063e+06
1.60189e+06 1.59096e+06
1.63916e+06 1.62557e+06
1.58655e+06 1.63046e+06
1.598e+06 1.57704e+06
1.57259e+06 1.62915e+06
1.62285e+06 1.59073e+06
1.6502e+06 1.61487e+06
1.66224e+06 1.59288e+06
1.62952e+06 1.58363e+06
1.6671e+06 1.57971e+06
1.62141e+06 1.60505e+06
1.60052e+06 1.6039e+06
1.60785e+06 1.61022e+06
1.66814e+06 1.62535e+06
1.58507e+06 1.60786e+06
1.63792e+06 1.6007e+06
1.62364e+06 1.57077e+06
1.62381e+06 1.61711e+06
1.64031e+06 1.60432e+06
1.68271e+06 1.62328e+06
1.60397e+06 1.60496e+06
1.68807e+06 1.60708e+06
1.58247e+06 1.59818e+06
1.59933e+06 1.61633e+06
1.64752e+06 1.54696e+06
1.63205e+06 1.61781e+06
1.64758e+06 1.62119e+06
1.61762e+06 1.58671e+06
1.64754e+06 1.59525e+06
1.6441e+06 1.60175e+06
1.60686e+06 1.6157e+06
1.65636e+06 1.5814e+06
1.61896e+06 1.60569e+06
1.6263e+06 1.58815e+06
1.59004e+06 1.63614e+06
1.61941e+06 1.59421e+06
1.63762e+06 1.62017e+06
1.61454e+06 1.58163e+06
1.63777e+06 1.60772e+06
1.66117e+06 1.62582e+06
1.62247e+06 1.62899e+06
1.66225e+06 1.59565e+06
1.60992e+06 1.60129e+06
1.61016e+06 1.58847e+06
1.6817e+06 1.58101e+06
1.65209e+06 1.64623e+06
1.60759e+06 1.60582e+06
1.6325e+06 1.62e+06
1.6261e+06 1.63292e+06
1.66444e+06 1.63841e+06
1.62582e+06 1.62169e+06
1.61423e+06 1.64284e+06
1.65196e+06 1.57603e+06
1.61665e+06 1.62358e+06
1.61297e+06 1.58672e+06
1.67401e+06 1.59882e+06
1.65638e+06 1.58689e+06
1.6466e+06 1.59291e+06
1.63742e+06 1.6037e+06
1.57363e+06 1.58824e+06
1.65274e+06 1.60704e+06
1.64017e+06 1.62878e+06
1.66259e+06 1.60836e+06
1.68849e+06 1.61064e+06
1.63872e+06 1.59935e+06
1.62052e+06 1.64698e+06
1.66282e+06 1.63145e+06
1.61369e+06 1.57842e+06
1.66313e+06 1.61318e+06
1.61418e+06 1.56878e+06
1.61273e+06 1.62399e+06
1.63322e+06 1.61076e+06
1.65238e+06 1.62693e+06
1.59515e+06 1.58671e+06
1.63932e+06 1.57825e+06
1.59818e+06 1.56265e+06
1.65998e+06 1.56024e+06
1.59237e+06 1.60996e+06
1.60244e+06 1.59444e+06
1.63454e+06 1.62604e+06
1.64439e+06 1.55046e+06
1.60737e+06 1.57374e+06
1.66401e+06 1.58139e+06
1.63615e+06 1.58122e+06
1.68236e+06 1.59708e+06
1.65168e+06 1.57081e+06
1.6515e+06 1.5905e+06
1.61771e+06 1.59695e+06
1.64122e+06 1.62496e+06
1.6639e+06 1.59772e+06
1.6701e+06 1.58351e+06
1.64011e+06 1.55515e+06
1.64496e+06 1.60522e+06
1.61672e+06 1.62698e+06
1.62144e+06 1.60098e+06
1.62809e+06 1.57024e+06
1.62915e+06 1.59356e+06
1.65946e+06 1.57902e+06
1.66905e+06 1.60724e+06
1.60607e+06 1.6023e+06
1.60651e+06 1.58655e+06
1.5959e+06 1.57986e+06
1.643e+06 1.61471e+06
1.61752e+06 1.62074e+06
1.63312e+06 1.62855e+06
1.57844e+06 1.61787e+06
1.60677e+06 1.62383e+06
1.6475e+06 1.6069e+06
1.60732e+06 1.58812e+06
1.61844e+06 1.52723e+06
1.65286e+06 1.59646e+06
1.63125e+06 1.5871e+06
1.63328e+06 1.61791e+06
1.64865e+06 1.6126e+06
1.63027e+06 1.5749e+06
1.62464e+06 1.58234e+06
1.67679e+06 1.59504e+06
1.64742e+06 1.58542e+06
1.63842e+06 1.58351e+06
1.58724e+06 1.58546e+06
1.65812e+06 1.59404e+06
1.65627e+06 1.593e+06
1.60305e+06 1.57502e+06
1.60389e+06 1.61665e+06
1.6726e+06 1.56732e+06
1.62683e+06 1.59882e+06
1.60419e+06 1.6307e+06
1.61831e+06 1.57863e+06
1.63274e+06 1.60628e+06
1.65199e+06 1.60779e+06
1.6352e+06 1.58142e+06
1.64293e+06 1.5955e+06
1.58618e+06 1.61418e+06
1.59834e+06 1.53887e+06
1.62436e+06 1.60381e+06
1.61152e+06 1.6023e+06
1.61764e+06 1.56882e+06
1.61176e+06 1.61762e+06
1.6077e+06 1.61656e+06
1.60478e+06 1.57835e+06
1.6049e+06 1.6185e+06
1.63525e+06 1.60977e+06
1.60788e+06 1.636e+06
1.6599e+06 1.61009e+06
1.65209e+06 1.56726e+06
1.61406e+06 1.5957e+06
1.60604e+06 1.62583e+06
1.59362e+06 1.59696e+06
1.62974e+06 1.62409e+06
1.61041e+06 1.57463e+06
1.64347e+06 1.62545e+06
1.62056e+06 1.61351e+06
1.64207e+06 1.59628e+06
1.6782e+06 1.57521e+06
1.64418e+06 1.59734e+06
1.66668e+06 1.56988e+06
1.63365e+06 1.58747e+06
1.6903e+06 1.58398e+06
1.62112e+06 1.61389e+06
1.65301e+06 1.59176e+06
1.6159e+06 1.59899e+06
1.67879e+06 1.58458e+06
1.62685e+06 1.62174e+06
1.59319e+06 1.58296e+06
1.59521e+06 1.61025e+06
1.62918e+06 1.59402e+06
1.62693e+06 1.62314e+06
1.65342e+06 1.63935e+06
