6 0.0865285
156915 154432 160206 168911
156878 158702 173033 170806
173773 170767 153356 176291
162180 181880 179260 150654
154473 175276 178688 153484
174880 155073 160710 159956
161251 164427 140616 159023
168041 151002 157084 162797
179291 166753 160297 164650
173042 180018 160734 175770
161236 166349 185394 149317
165327 165121 162545 162591
174510 158681 163075 157614
165076 160657 172969 151134
164050 157391 167681 169950
159505 148517 184242 163896
166873 161732 168788 156691
170701 158595 159615 158579
164426 161719 169682 180593
166941 155684 164492 166703
173211 153073 169749 154795
181547 170982 168188 155141
170701 158595 159615 158579
168456 160108 166268 158677
154877 154564 163610 164384
164426 161719 169682 180593
168503 166090 166225 160322
144806 165380 159187 159913
180583 155968 169637 165712
164760 160716 163071 151929
157855 160501 159959 148352
170701 158595 159615 158579
169936 141918 160077 166460
162900 168713 189448 175578
163389 172808 176097 170831
168013 162314 153133 161706
181873 163679 191193 177203
156143 158660 167628 155627
178107 172120 149845 147032
166873 161732 168788 156691
158083 162253 168832 167548
160507 169208 161094 153191
162790 151042 164905 154018
167835 172529 163340 159266
160963 157206 174497 148176
154426 183596 171191 156718
169201 156431 177561 166550
175438 152797 173591 149583
155949 149900 173439 162455
162305 167473 156118 153999
163217 176141 169024 155708
184061 172353 167871 159144
173184 176950 179964 157545
170706 159340 157059 156954
175767 157449 159007 170774
168013 162314 153133 161706
168204 148194 175854 162505
178141 155661 161909 152891
157736 170073 163944 161269
164990 175180 165956 163101
164226 164119 160956 149157
159356 174034 158846 153252
154276 175616 174001 155414
177449 159691 186780 161714
155848 153030 168332 164166
169178 177991 176941 161028
160896 155052 167574 165262
161658 163284 172967 164142
182116 175057 164937 153496
167866 138758 160285 169361
161728 163832 177882 166481
156143 158660 167628 155627
161238 163123 156746 153122
181580 170853 169375 149797
161463 172858 152658 167080
160896 155052 167574 165262
178774 170655 166652 143044
167835 172529 163340 159266
161282 177019 167503 150283
160081 161658 171112 180950
162627 156329 153043 160160
190549 185569 171214 177526
168210 156860 176323 160538
183506 166810 177403 156217
178373 162638 161658 160869
170701 158595 159615 158579
165064 160559 160059 156914
164050 157391 167681 169950
165099 148655 179369 151174
160153 156090 159589 164809
163825 160395 168639 166859
176704 160567 164157 160466
160035 173105 149714 149911
180490 159315 173450 161551
178572 153131 177605 151291
164422 158270 173619 161805
165873 171371 175737 164093
177836 162293 147582 157664
170451 169443 158609 163123
155634 168365 168724 151328
173151 166031 174443 156452
156915 154432 160206 168911
157187 172761 167062 170291
159356 174034 158846 153252
184929 148022 160261 159055
158749 169607 174890 167417
179072 171082 156514 158150
160441 155671 164218 163857
174874 160566 158310 158644
180490 159315 173450 161551
166773 156988 163068 167510
168168 164999 169000 166056
167240 146216 161821 166270
165948 152060 161189 164461
167741 167916 162963 158328
159783 160971 170660 159521
162900 168713 189448 175578
180583 155968 169637 165712
171544 151868 171220 151209
159783 160971 170660 159521
157736 170073 163944 161269
167012 185566 185340 157805
167262 168011 166005 153406
163620 172000 157874 177509
172410 152913 168245 172484
160035 173105 149714 149911
165424 174568 179126 174949
166941 155684 164492 166703
161678 170054 161219 171846
162986 167678 188603 170338
172031 164885 166667 177835
158083 162253 168832 167548
164494 166737 173317 148236
176346 167284 171865 157760
164670 151644 153774 167367
181547 170982 168188 155141
175821 170787 155203 162624
168007 149718 157415 157105
169083 160777 172685 165084
160963 157206 174497 148176
165525 159783 160997 153819
144806 165380 159187 159913
165948 152060 161189 164461
178028 172793 157710 158849
180583 155968 169637 165712
165714 165152 168925 167210
165291 172708 168735 164300
149727 169034 158460 163459
160081 161658 171112 180950
178480 170710 175554 152692
178383 156622 171159 154282
159459 151135 162454 154184
180583 155968 169637 165712
164029 166888 161373 171790
164045 155280 165132 162903
162986 167678 188603 170338
175821 170787 155203 162624
178812 166444 167125 160390
161452 170746 170260 143710
175560 177865 162196 177424
167679 167003 158660 150983
165377 170439 162875 156370
169178 177991 176941 161028
181440 160480 158519 153805
167152 162037 156443 147186
177836 162293 147582 157664
178754 147473 171490 159009
161478 173462 166129 162546
155848 153030 168332 164166
174648 170469 165623 160340
174510 158681 163075 157614
163442 165178 150711 171563
183506 166810 177403 156217
160520 157336 176876 156546
158217 166748 176697 172379
171226 160698 165931 151683
180603 165871 162088 173235
164494 166737 173317 148236
167202 151516 163669 156391
155410 163564 162690 151862
171544 151868 171220 151209
170237 170583 168608 156053
158773 165219 157530 174058
175952 156522 176414 165138
178572 153131 177605 151291
172701 172970 166590 155490
163435 144064 180393 151617
179590 160885 167292 152912
162627 156329 153043 160160
175560 177865 162196 177424
175749 163293 186182 159172
171627 152693 155948 156739
165766 155765 151839 149822
172388 172485 163402 159239
174068 157436 162210 161577
162042 157255 149824 153418
166151 162300 167183 166836
164045 155280 165132 162903
181738 162753 168344 155664
160441 155671 164218 163857
173779 167097 163535 149979
161452 170746 170260 143710
149546 160587 179007 148995
176270 155617 177059 163314
172850 170592 160436 165567
168007 149718 157415 157105
168956 164200 160232 155577
174874 160566 158310 158644
165714 165152 168925 167210
162227 166113 149315 157509
169936 141918 160077 166460
162959 163627 179301 167930
168372 169341 171659 163349
156685 149320 168053 153343
173211 153073 169749 154795
151258 169623 159450 151516
164422 158270 173619 161805
160507 169208 161094 153191
173019 155226 171785 153669
161478 173462 166129 162546
188455 160298 167570 181570
181873 163679 191193 177203
173779 167097 163535 149979
167137 161092 172453 155533
168148 158940 162760 154502
159459 151135 162454 154184
165783 165024 160225 146455
167679 167003 158660 150983
178774 170655 166652 143044
176270 155617 177059 163314
165256 163287 169612 156241
154276 175616 174001 155414
162901 179141 164514 159660
170706 159340 157059 156954
180553 162491 187746 140965
183474 164416 168388 175754
169426 159263 166291 168416
174648 170469 165623 160340
162227 166113 149315 157509
170237 170583 168608 156053
178028 172793 157710 158849
165956 170185 170566 170669
164048 166382 163140 165071
162767 173864 167090 152667
181425 157992 162407 168560
182840 171688 158404 167172
161251 164427 140616 159023
154473 175276 178688 153484
158749 169607 174890 167417
169426 159263 166291 168416
164357 160165 174399 176811
176248 159349 181691 166328
163620 172000 157874 177509
161238 163123 156746 153122
167786 166351 166574 171685
173519 160206 158428 171594
170961 151772 159876 160397
184150 165062 182919 170885
161609 169334 171242 156716
165256 163287 169612 156241
182593 144980 164516 170611
160520 157336 176876 156546
173151 166031 174443 156452
168059 164955 165212 169171
157855 160501 159959 148352
167416 165867 157338 152067
155634 168365 168724 151328
160736 171713 161148 155359
155410 163564 162690 151862
182840 171688 158404 167172
166151 162300 167183 166836
183474 164416 168388 175754
171226 160698 165931 151683
161657 165763 175952 161169
166502 159141 161414 154328
164357 160165 174399 176811
168204 148194 175854 162505
149546 160587 179007 148995
165424 174568 179126 174949
165076 160657 172969 151134
149421 157028 171264 163160
167137 161092 172453 155533
178480 170710 175554 152692
176164 175703 173925 154071
161350 150952 166221 158151
173856 168981 163157 166816
166088 183524 184605 159107
167049 161070 179120 171051
170343 172531 163016 169553
169938 176351 173410 158515
167049 161070 179120 171051
165377 170439 162875 156370
154877 154564 163610 164384
159850 166542 169648 150880
171627 152693 155948 156739
169546 165985 163386 154819
161478 159092 157841 158398
164670 151644 153774 167367
161658 163284 172967 164142
162099 145411 173982 167220
