11287 2465.17
97972 51425
97972 51425
95305 51515
95296 51576
95256 51629
95247 51690
95247 51690
94716 51792
94409 51804
92426 51878
91742 51894
91679 51928
91670 51989
91630 52042
91621 52103
91621 52103
91090 52205
90002 52253
89170 52265
89170 52265
89170 52265
89170 52265
88494 52463
88494 52463
88485 52524
88485 52524
88485 52524
86691 52664
86545 52677
86482 52711
86482 52711
85577 52819
85431 52832
85368 52866
85359 52927
85319 52980
85319 52980
85310 53041
85310 53041
85310 53041
84592 53216
84592 53216
84529 53250
84520 53311
84480 53364
84480 53364
84471 53425
83643 53501
83643 53501
83580 53535
83571 53596
83531 53649
83305 53682
83242 53716
83242 53716
83233 53777
83193 53830
82549 53864
82403 53877
82340 53911
82331 53972
82291 54025
82291 54025
82282 54086
81857 54151
81711 54164
81648 54198
81639 54259
81639 54259
81599 54312
81590 54373
81590 54373
81590 54373
81590 54373
81590 54373
80847 54613
80847 54613
80701 54626
80701 54626
80692 54687
80692 54687
80684 54802
80684 54802
80684 54802
80155 54900
79360 54937
79360 54937
79214 54950
79214 54950
79164 55028
79164 55028
79164 55028
78196 55170
78196 55170
78196 55170
78050 55183
78050 55183
78050 55183
78050 55183
78050 55183
78050 55183
77463 55438
77463 55438
77358 55470
77358 55470
77358 55470
77358 55470
77358 55470
77179 55656
77179 55656
76917 55712
76771 55725
76771 55725
76762 55786
76762 55786
76762 55786
76762 55786
76629 55996
76483 56009
76483 56009
76474 56070
76474 56070
76467 56152
76467 56152
76467 56152
76467 56152
76467 56152
76456 56364
76307 56414
76307 56414
75531 56487
75531 56487
75531 56487
75531 56487
75522 56548
75522 56548
75522 56548
74741 56696
74741 56696
74741 56696
74741 56696
74732 56757
74732 56757
74732 56757
74732 56757
74732 56757
74732 56757
74732 56757
74378 57030
74378 57030
74378 57030
74335 57121
74335 57121
74326 57182
74326 57182
74326 57182
74326 57182
74326 57182
74326 57182
74326 57182
74326 57182
74326 57182
74326 57182
74326 57182
74326 57182
74326 57182
74326 57182
74085 57842
74085 57842
74085 57842
74076 57903
74076 57903
74076 57903
74076 57903
74076 57903
74076 57903
74076 57903
74076 57903
74076 57903
74066 58330
74066 58330
74066 58330
74066 58330
74066 58330
74066 58330
74066 58330
73683 58605
74066 58330
73683 58605
73683 58605
73683 58605
73683 58605
73683 58605
73683 58605
73802 59064
73683 58605
73493 59095
73493 59095
73493 59095
73493 59095
73493 59095
73493 59095
73339 59319
73339 59319
72906 59372
72906 59372
72906 59372
72906 59372
72875 59453
72875 59453
72875 59453
72755 59572
72579 59596
72383 59612
72383 59612
72244 59674
72244 59674
72164 59733
72087 59755
72087 59755
71948 59817
71948 59817
71868 59876
71868 59876
71641 59973
71641 59973
71641 59973
71502 60035
71502 60035
71502 60035
71345 60116
71345 60116
71206 60178
71206 60178
71206 60178
71085 60312
71085 60312
71085 60312
70969 60411
70969 60411
70789 60455
70789 60455
70789 60455
70673 60554
70630 60613
70630 60613
70630 60613
70505 60727
70505 60727
70334 60756
70227 60772
70227 60772
70227 60772
70196 60853
69931 60915
69931 60915
69931 60915
69900 60996
69900 60996
69900 60996
69899 61142
69899 61142
69837 61228
69666 61257
69666 61257
69559 61273
69559 61273
69528 61354
69263 61416
69263 61416
69263 61416
69263 61416
69232 61497
69209 61554
69063 61567
69063 61567
69032 61648
69032 61648
69032 61648
68935 61786
68935 61786
68929 61856
68904 61867
68691 61925
68691 61925
68691 61925
68660 62006
68541 62055
68395 62068
68395 62068
68395 62068
68364 62149
68364 62149
68364 62149
68363 62295
68363 62295
68261 62357
68261 62357
68067 62438
68067 62438
68067 62438
68001 62520
68001 62520
67970 62601
67970 62601
67970 62601
67933 62727
67662 62780
67662 62780
67662 62780
67662 62780
67662 62780
67494 62931
67494 62931
67380 62945
67079 62980
67079 62980
67079 62980
67011 62983
66897 62997
66897 62997
66596 63032
66596 63032
66565 63033
66383 63050
66383 63050
66082 63085
66082 63085
66082 63085
66082 63085
65684 63138
65684 63138
65684 63138
65684 63138
65684 63138
65684 63138
65684 63138
65529 63300
65498 63301
65498 63301
65015 63353
65015 63353
65015 63353
65015 63353
65015 63353
64617 63406
64617 63406
64617 63406
64617 63406
64617 63406
64617 63406
64617 63406
64617 63406
64501 63600
64501 63600
64501 63600
64501 63600
64501 63600
64501 63600
64254 63871
64254 63871
64254 63871
64254 63871
64254 63871
64254 63871
64138 64065
64138 64065
64138 64065
64138 64065
64071 64198
64071 64198
64071 64198
63716 64298
63716 64298
63716 64298
63716 64298
63233 64350
63233 64350
63233 64350
63233 64350
63233 64350
63233 64350
63233 64350
62835 64403
62835 64403
62835 64403
62835 64403
62835 64403
62835 64403
62835 64403
62802 64546
62802 64546
62802 64546
62450 64717
62450 64717
62450 64717
62450 64717
62450 64717
62450 64717
62450 64717
62074 64847
62074 64847
62074 64847
62074 64847
62074 64847
62074 64847
61918 64923
61918 64923
61918 64923
61918 64923
61744 65056
61744 65056
61744 65056
61744 65056
61744 65056
61533 65237
61533 65237
61533 65237
61533 65237
61475 65279
61077 65332
61077 65332
61077 65332
61077 65332
61077 65332
61077 65332
61077 65332
60896 65416
60896 65416
60896 65416
60658 65484
60658 65484
60658 65484
60658 65484
60658 65484
60477 65568
60477 65568
60477 65568
60477 65568
60349 65661
60349 65661
60303 65701
60303 65701
60303 65701
60175 65794
60175 65794
60175 65794
60092 65882
59872 65884
59872 65884
59872 65884
59872 65884
59872 65884
59851 65983
59698 66017
59698 66017
59453 66036
59453 66036
59453 66036
59453 66036
59453 66036
59453 66036
59279 66169
59279 66169
59279 66169
59279 66169
58974 66281
58974 66281
58974 66281
58974 66281
58974 66281
58974 66281
58974 66281
58800 66414
58800 66414
58800 66414
58800 66414
58800 66414
58800 66414
58800 66414
58793 66691
58395 66744
58395 66744
58395 66744
58395 66744
58395 66744
58395 66744
58395 66744
58395 66744
58395 66744
58221 66877
58221 66877
58221 66877
58027 66924
58027 66924
58027 66924
58027 66924
57726 66959
57726 66959
57726 66959
57726 66959
57726 66959
57629 66977
57629 66977
57328 67012
57328 67012
57328 67012
57328 67012
57328 67012
57328 67012
57328 67012
57328 67012
57328 67012
57328 67012
57170 67319
57170 67319
57170 67319
57170 67319
57170 67319
57071 67471
56965 67477
56965 67477
56965 67477
56965 67477
56791 67610
56791 67610
56791 67610
56791 67610
56791 67610
56791 67610
56791 67610
56528 67886
56528 67886
56528 67886
56528 67886
56528 67886
56528 67886
56528 67886
56354 68019
56354 68019
56354 68019
56354 68019
56354 68019
56293 68178
56293 68178
56293 68178
56266 68285
56179 68298
56119 68311
56119 68311
56119 68311
56119 68311
55968 68479
55968 68479
55968 68479
55908 68492
55908 68492
55908 68492
55794 68612
55794 68612
55734 68625
55734 68625
55734 68625
55734 68625
55734 68625
55642 68886
55642 68886
55582 68899
55582 68899
55472 69024
55472 69024
55472 69024
55472 69024
55427 69101
55427 69101
55424 69206
55320 69298
55320 69298
55262 69324
55262 69324
55262 69324
55148 69444
55148 69444
55088 69457
55088 69457
55088 69457
55088 69457
55088 69457
54996 69718
54996 69718
54936 69731
54936 69731
54936 69731
54903 69834
54831 69916
54831 69916
54831 69916
54778 70038
54778 70038
54751 70108
54751 70108
54679 70190
54679 70190
54646 70293
54646 70293
54646 70293
54593 70415
54581 70484
54521 70497
54521 70497
54494 70567
54494 70567
54490 70666
54490 70666
54424 70824
54332 70865
54332 70865
54332 70865
54332 70865
54332 70865
54332 70865
54249 71191
54249 71191
54249 71191
54167 71283
54167 71283
54075 71324
54075 71324
54075 71324
54075 71324
54075 71324
54075 71324
54075 71324
54029 71820
54029 71820
54029 71820
53901 71929
53901 71929
53901 71929
53814 72043
53814 72043
53814 72043
53814 72043
53640 72176
53640 72176
53640 72176
53640 72176
53640 72176
53538 72394
53538 72394
53538 72394
53492 72418
53492 72418
53364 72527
53364 72527
53364 72527
53364 72527
53333 72652
53333 72652
53276 72793
53230 72817
53230 72817
53168 72875
53168 72875
53102 72926
53102 72926
53057 73003
52994 73008
52994 73008
52994 73008
52892 73226
52892 73226
52892 73226
52846 73250
52846 73250
52718 73359
52718 73359
52718 73359
52718 73359
52718 73359
52718 73359
52635 73685
52635 73685
52589 73709
52490 73786
52490 73786
52490 73786
52461 73818
52316 73919
52316 73919
52316 73919
52316 73919
52316 73919
52316 73919
52228 74185
52228 74185
52127 74251
52127 74251
52127 74251
52054 74318
52054 74318
51953 74384
51953 74384
51953 74384
51953 74384
51844 74618
51844 74618
51844 74618
51844 74618
51820 74727
51670 74751
51670 74751
51670 74751
51670 74751
51646 74860
51646 74860
51614 75059
51481 75083
51481 75083
51481 75083
51481 75083
51413 75210
51307 75216
51307 75216
51307 75216
51307 75216
51307 75216
51224 75542
51224 75542
51224 75542
51194 75654
51050 75675
51050 75675
51050 75675
51050 75675
51050 75675
51050 75675
51011 76078
51011 76078
50986 76230
50937 76262
50793 76283
50793 76283
50793 76283
50793 76283
50793 76283
50619 76416
50619 76416
50619 76416
50619 76416
50619 76416
50619 76416
50481 76780
50481 76780
50481 76780
50481 76780
50362 76875
50362 76875
50362 76875
50362 76875
50362 76875
50224 77239
50224 77239
50224 77239
50224 77239
50224 77239
50224 77239
50171 77568
50065 77651
50065 77651
50065 77651
50065 77651
49950 77772
49950 77772
49820 77793
49820 77793
49820 77793
49820 77793
49714 77876
49714 77876
49570 77897
49570 77897
49570 77897
49570 77897
49570 77897
49455 78018
49455 78018
49455 78018
49392 78206
49392 78206
49308 78296
49308 78296
49308 78296
49263 78373
49231 78389
49193 78417
49148 78494
49148 78494
48882 78580
48882 78580
48882 78580
48882 78580
48882 78580
48882 78580
48738 78601
48738 78601
48738 78601
48738 78601
48738 78601
48666 78785
48666 78785
48522 78806
48522 78806
48522 78806
48522 78806
48445 78989
48445 78989
48301 79010
48301 79010
48301 79010
48301 79010
48301 79010
48238 79198
48238 79198
48077 79381
48077 79381
48077 79381
48077 79381
48039 79409
47994 79486
47994 79486
47931 79674
47931 79674
47931 79674
47815 79780
47815 79780
47815 79780
47770 79857
47770 79857
47707 80045
47707 80045
47688 80266
47559 80322
47559 80322
47559 80322
47559 80322
47514 80399
47496 80510
47451 80587
47451 80587
47377 80862
47377 80862
47332 80939
47332 80939
47314 81050
47269 81127
47269 81127
47207 81412
47207 81412
47162 81489
47129 81577
47099 81677
47099 81677
47065 81750
47020 81827
46950 81871
46950 81871
46905 81948
46887 82059
46842 82136
46842 82136
46768 82411
46768 82411
46723 82488
46723 82488
46705 82599
46660 82676
46660 82676
46647 83159
46602 83236
46504 83263
46504 83263
46504 83263
46459 83340
46441 83451
46396 83528
46390 83618
46345 83695
46201 83716
46201 83716
46201 83716
46201 83716
46184 83910
46139 83987
46065 84262
46065 84262
46020 84339
46020 84339
46002 84450
45957 84527
45957 84527
45885 84905
45885 84905
45823 85176
45823 85176
45662 85469
45662 85469
45662 85469
45662 85469
45662 85469
45599 85657
45599 85657
45480 86009
45480 86009
45480 86009
45417 86197
45417 86197
45417 86197
45394 86507
45367 86734
45304 86922
45304 86922
45281 87232
45179 87549
45179 87549
45179 87549
45116 87737
45116 87737
45098 88151
45066 88274
45003 88462
45003 88462
44980 88772
44923 89205
44895 89221
44860 89393
44845 89706
44810 89930
44782 89946
44747 90118
44582 90258
44582 90258
44582 90258
44582 90258
44494 90691
44494 90691
44454 90811
44454 90811
44381 91416
44381 91416
44341 91536
44321 91810
44309 92466
44208 92535
44208 92535
44208 92535
44146 93840
44146 93840
44146 93840
44072 95191
44072 95191
44027 95710
43987 95830
43924 96018
43914 96435
43874 96555
43811 96743
43793 97240
43741 97554
43653 97987
43653 97987
43635 98484
43572 98659
43547 98951
43459 99384
43459 99384
43431 100330
43361 100670
43343 100763
43291 101481
43203 101914
43203 101914
43133 103414
43133 103414
43081 104132
42993 104565
42980 105392
42915 105634
42892 105825
42775 106785
42775 106785
42630 107456
42630 107456
42613 108210
42490 108607
42490 108607
42395 110430
42395 110430
42321 110808
42281 119931
