54 6.13216
1.54784e+06 1.54777e+06 1.68962e+06 1.61516e+06
1.65688e+06 1.65352e+06 1.50788e+06 1.63223e+06
1.71606e+06 1.58736e+06 1.5605e+06 1.55564e+06
1.56188e+06 1.55576e+06 1.57237e+06 1.69679e+06
1.62673e+06 1.55953e+06 1.59159e+06 1.51266e+06
1.52832e+06 1.62299e+06 1.59164e+06 1.64123e+06
1.6451e+06 1.48658e+06 1.61215e+06 1.62192e+06
1.66415e+06 1.62864e+06 1.51343e+06 1.64457e+06
1.5636e+06 1.55086e+06 1.656e+06 1.58152e+06
1.54209e+06 1.55457e+06 1.68291e+06 1.62026e+06
1.57849e+06 1.61259e+06 1.54008e+06 1.68093e+06
1.57745e+06 1.61614e+06 1.54584e+06 1.66753e+06
1.62027e+06 1.51462e+06 1.64162e+06 1.55948e+06
1.55398e+06 1.64411e+06 1.57206e+06 1.68965e+06
1.57567e+06 1.61286e+06 1.54665e+06 1.6639e+06
1.6472e+06 1.63952e+06 1.51395e+06 1.63853e+06
1.63379e+06 1.64674e+06 1.50944e+06 1.61629e+06
1.65482e+06 1.64282e+06 1.5125e+06 1.62941e+06
1.59856e+06 1.59838e+06 1.52043e+06 1.60188e+06
1.57476e+06 1.55012e+06 1.56727e+06 1.69168e+06
1.64458e+06 1.4889e+06 1.60973e+06 1.61442e+06
1.53852e+06 1.57474e+06 1.5857e+06 1.65701e+06
1.54262e+06 1.54917e+06 1.68649e+06 1.60763e+06
1.6614e+06 1.57652e+06 1.54944e+06 1.5664e+06
1.65154e+06 1.49173e+06 1.58325e+06 1.57253e+06
1.63935e+06 1.63577e+06 1.51414e+06 1.63608e+06
1.5528e+06 1.60157e+06 1.5966e+06 1.59007e+06
1.65433e+06 1.64618e+06 1.51433e+06 1.62393e+06
1.64529e+06 1.49475e+06 1.55954e+06 1.58137e+06
1.61481e+06 1.61271e+06 1.63321e+06 1.52461e+06
1.64348e+06 1.63265e+06 1.51649e+06 1.61568e+06
1.53552e+06 1.5605e+06 1.62623e+06 1.6212e+06
1.65645e+06 1.64469e+06 1.51546e+06 1.62739e+06
1.65088e+06 1.63452e+06 1.5085e+06 1.63026e+06
1.59197e+06 1.59467e+06 1.57581e+06 1.53752e+06
1.63549e+06 1.50411e+06 1.60785e+06 1.58743e+06
1.53002e+06 1.56186e+06 1.63002e+06 1.6293e+06
1.5586e+06 1.614e+06 1.58443e+06 1.54809e+06
1.53245e+06 1.56204e+06 1.63698e+06 1.62203e+06
1.62312e+06 1.57261e+06 1.59486e+06 1.51936e+06
1.62943e+06 1.51146e+06 1.59314e+06 1.59184e+06
1.59761e+06 1.55351e+06 1.62027e+06 1.55209e+06
1.54082e+06 1.54825e+06 1.68808e+06 1.61026e+06
1.56211e+06 1.62965e+06 1.57512e+06 1.56949e+06
1.64056e+06 1.55688e+06 1.52316e+06 1.64486e+06
1.62132e+06 1.5596e+06 1.60503e+06 1.51626e+06
1.62983e+06 1.54276e+06 1.54179e+06 1.65019e+06
1.64766e+06 1.53429e+06 1.61912e+06 1.51675e+06
1.54471e+06 1.54639e+06 1.62147e+06 1.6404e+06
1.59617e+06 1.60585e+06 1.53194e+06 1.63162e+06
1.65546e+06 1.63324e+06 1.50988e+06 1.63399e+06
1.63775e+06 1.58312e+06 1.5237e+06 1.6077e+06
1.66284e+06 1.63351e+06 1.50909e+06 1.621e+06
1.64321e+06 1.49896e+06 1.57408e+06 1.56919e+06
1.60497e+06 1.62145e+06 1.56804e+06 1.5594e+06
1.62358e+06 1.5335e+06 1.58211e+06 1.54113e+06
1.64952e+06 1.52721e+06 1.59772e+06 1.51872e+06
1.61318e+06 1.55992e+06 1.53819e+06 1.64648e+06
1.63079e+06 1.52345e+06 1.59496e+06 1.53138e+06
1.59012e+06 1.59944e+06 1.5908e+06 1.5526e+06
1.60131e+06 1.57763e+06 1.53177e+06 1.59355e+06
1.57454e+06 1.60821e+06 1.56974e+06 1.5806e+06
1.59665e+06 1.61932e+06 1.56556e+06 1.56824e+06
1.55945e+06 1.6326e+06 1.58124e+06 1.56731e+06
1.55526e+06 1.61962e+06 1.58131e+06 1.58852e+06
1.56777e+06 1.6118e+06 1.59892e+06 1.53997e+06
1.5858e+06 1.51801e+06 1.61398e+06 1.57567e+06
1.63373e+06 1.50894e+06 1.61621e+06 1.55588e+06
1.60716e+06 1.4961e+06 1.62819e+06 1.60706e+06
1.64264e+06 1.52739e+06 1.59969e+06 1.52643e+06
1.57674e+06 1.52714e+06 1.63605e+06 1.5779e+06
1.54095e+06 1.59331e+06 1.59098e+06 1.64279e+06
1.58466e+06 1.6119e+06 1.52682e+06 1.62984e+06
1.59453e+06 1.59377e+06 1.53486e+06 1.65528e+06
1.54168e+06 1.58269e+06 1.58848e+06 1.60383e+06
1.62522e+06 1.56876e+06 1.59693e+06 1.5352e+06
1.59568e+06 1.58888e+06 1.60058e+06 1.5476e+06
1.60896e+06 1.60863e+06 1.57301e+06 1.56104e+06
1.56656e+06 1.5721e+06 1.56349e+06 1.58464e+06
1.53255e+06 1.5511e+06 1.63989e+06 1.6209e+06
1.54627e+06 1.55441e+06 1.61722e+06 1.64786e+06
1.60216e+06 1.59019e+06 1.52758e+06 1.62032e+06
1.55044e+06 1.58546e+06 1.62744e+06 1.58391e+06
1.53141e+06 1.5577e+06 1.63455e+06 1.62293e+06
1.53745e+06 1.5572e+06 1.62924e+06 1.6266e+06
1.63655e+06 1.5034e+06 1.59653e+06 1.58205e+06
1.59157e+06 1.60765e+06 1.53322e+06 1.63525e+06
1.62967e+06 1.49986e+06 1.60743e+06 1.60042e+06
1.54921e+06 1.6131e+06 1.5904e+06 1.55122e+06
1.61878e+06 1.56961e+06 1.60602e+06 1.52261e+06
1.55629e+06 1.61781e+06 1.59232e+06 1.5447e+06
1.63253e+06 1.54711e+06 1.55472e+06 1.60118e+06
1.60081e+06 1.54055e+06 1.5926e+06 1.58622e+06
1.5329e+06 1.62248e+06 1.59108e+06 1.63696e+06
1.57927e+06 1.60358e+06 1.58395e+06 1.55526e+06
1.65139e+06 1.54395e+06 1.5546e+06 1.61265e+06
1.62918e+06 1.52e+06 1.58998e+06 1.55341e+06
1.64465e+06 1.50889e+06 1.57301e+06 1.58376e+06
1.58865e+06 1.55608e+06 1.55605e+06 1.5783e+06
1.56021e+06 1.58347e+06 1.59134e+06 1.58328e+06
1.54419e+06 1.61021e+06 1.58272e+06 1.56585e+06
1.64957e+06 1.55567e+06 1.54446e+06 1.59157e+06
1.63909e+06 1.53223e+06 1.60002e+06 1.52246e+06
1.62631e+06 1.49666e+06 1.6242e+06 1.63013e+06
1.59233e+06 1.5397e+06 1.56673e+06 1.60403e+06
1.64378e+06 1.54525e+06 1.56646e+06 1.59334e+06
1.56886e+06 1.57988e+06 1.60907e+06 1.55029e+06
1.55717e+06 1.52619e+06 1.61562e+06 1.60321e+06
1.57495e+06 1.56873e+06 1.61857e+06 1.55448e+06
1.62802e+06 1.49201e+06 1.62746e+06 1.63487e+06
1.53913e+06 1.61854e+06 1.60407e+06 1.60221e+06
1.58781e+06 1.59871e+06 1.53668e+06 1.64159e+06
1.61466e+06 1.59081e+06 1.61562e+06 1.52989e+06
1.60415e+06 1.55948e+06 1.60125e+06 1.55063e+06
1.57578e+06 1.56698e+06 1.55212e+06 1.58215e+06
1.65564e+06 1.50631e+06 1.56813e+06 1.54696e+06
1.62824e+06 1.50345e+06 1.61101e+06 1.61362e+06
1.53477e+06 1.55478e+06 1.6345e+06 1.62337e+06
1.62176e+06 1.5973e+06 1.5916e+06 1.52684e+06
1.55761e+06 1.573e+06 1.60358e+06 1.55693e+06
1.59919e+06 1.53738e+06 1.59802e+06 1.59638e+06
1.61783e+06 1.53836e+06 1.58818e+06 1.57159e+06
1.57904e+06 1.56416e+06 1.5578e+06 1.5788e+06
1.62717e+06 1.5475e+06 1.52941e+06 1.64274e+06
1.6439e+06 1.55154e+06 1.55124e+06 1.60937e+06
1.61056e+06 1.53677e+06 1.60562e+06 1.57613e+06
1.62853e+06 1.52941e+06 1.58267e+06 1.53541e+06
1.5867e+06 1.53605e+06 1.58466e+06 1.60715e+06
1.64058e+06 1.55041e+06 1.59866e+06 1.52488e+06
1.63343e+06 1.50638e+06 1.59712e+06 1.58144e+06
1.62081e+06 1.53925e+06 1.5549e+06 1.61873e+06
1.53818e+06 1.54981e+06 1.62854e+06 1.64237e+06
1.59392e+06 1.5869e+06 1.53695e+06 1.65436e+06
1.62749e+06 1.52319e+06 1.58654e+06 1.5326e+06
1.64596e+06 1.54737e+06 1.53347e+06 1.63808e+06
1.54004e+06 1.54614e+06 1.64013e+06 1.6209e+06
1.59621e+06 1.52471e+06 1.5771e+06 1.62271e+06
1.5985e+06 1.51756e+06 1.58709e+06 1.59943e+06
1.62798e+06 1.52119e+06 1.59415e+06 1.56464e+06
1.57789e+06 1.57612e+06 1.61566e+06 1.53586e+06
1.58469e+06 1.5652e+06 1.57251e+06 1.5728e+06
1.57143e+06 1.57404e+06 1.56154e+06 1.58384e+06
1.57048e+06 1.59994e+06 1.57527e+06 1.57939e+06
1.58291e+06 1.56819e+06 1.58068e+06 1.57341e+06
1.61146e+06 1.52249e+06 1.60518e+06 1.56623e+06
1.53389e+06 1.55424e+06 1.63627e+06 1.62512e+06
1.53503e+06 1.58103e+06 1.58324e+06 1.65646e+06
1.61838e+06 1.54164e+06 1.59863e+06 1.54907e+06
1.56181e+06 1.5676e+06 1.59939e+06 1.56228e+06
1.57564e+06 1.5742e+06 1.58953e+06 1.55669e+06
1.54252e+06 1.58982e+06 1.58628e+06 1.64977e+06
1.59965e+06 1.60218e+06 1.55399e+06 1.57802e+06
1.61305e+06 1.58961e+06 1.61445e+06 1.53391e+06
1.55488e+06 1.59956e+06 1.55028e+06 1.60961e+06
1.59584e+06 1.56258e+06 1.58221e+06 1.56339e+06
1.6051e+06 1.53809e+06 1.57073e+06 1.61912e+06
1.58001e+06 1.51864e+06 1.62672e+06 1.58059e+06
1.53751e+06 1.58183e+06 1.57977e+06 1.65673e+06
1.5389e+06 1.5776e+06 1.578e+06 1.65224e+06
1.54717e+06 1.6162e+06 1.6143e+06 1.55815e+06
1.61157e+06 1.51399e+06 1.59949e+06 1.57393e+06
1.57753e+06 1.52793e+06 1.59323e+06 1.61502e+06
1.55506e+06 1.58508e+06 1.59176e+06 1.55788e+06
1.58116e+06 1.52112e+06 1.62918e+06 1.57474e+06
1.60681e+06 1.57483e+06 1.52896e+06 1.59908e+06
1.59876e+06 1.58748e+06 1.53934e+06 1.62396e+06
1.62139e+06 1.566e+06 1.59028e+06 1.54046e+06
1.6162e+06 1.53505e+06 1.6044e+06 1.56678e+06
1.55568e+06 1.56271e+06 1.56223e+06 1.59742e+06
1.56583e+06 1.57918e+06 1.60692e+06 1.55087e+06
1.58075e+06 1.55541e+06 1.55648e+06 1.6196e+06
1.61761e+06 1.5011e+06 1.62312e+06 1.62888e+06
1.54548e+06 1.55785e+06 1.62109e+06 1.63446e+06
1.60981e+06 1.51284e+06 1.61143e+06 1.61386e+06
1.58188e+06 1.53969e+06 1.61931e+06 1.57008e+06
1.61985e+06 1.53292e+06 1.60952e+06 1.5463e+06
1.55983e+06 1.61126e+06 1.59688e+06 1.54366e+06
1.59369e+06 1.61173e+06 1.5361e+06 1.62842e+06
1.62572e+06 1.59589e+06 1.57492e+06 1.52969e+06
1.55314e+06 1.56027e+06 1.60721e+06 1.56536e+06
1.61647e+06 1.56172e+06 1.61734e+06 1.52824e+06
1.6393e+06 1.58625e+06 1.52336e+06 1.6066e+06
1.62222e+06 1.54435e+06 1.58619e+06 1.5854e+06
1.57473e+06 1.51658e+06 1.5998e+06 1.58273e+06
1.62192e+06 1.54795e+06 1.5636e+06 1.55755e+06
1.56067e+06 1.57686e+06 1.55859e+06 1.59471e+06
1.5943e+06 1.59589e+06 1.53573e+06 1.64343e+06
1.57299e+06 1.55758e+06 1.62421e+06 1.55873e+06
1.56694e+06 1.55642e+06 1.62211e+06 1.57086e+06
1.60598e+06 1.60865e+06 1.57038e+06 1.56697e+06
1.57291e+06 1.58678e+06 1.61312e+06 1.5502e+06
1.6125e+06 1.56488e+06 1.54041e+06 1.61186e+06
1.63394e+06 1.54068e+06 1.54166e+06 1.65302e+06
1.58864e+06 1.54087e+06 1.59321e+06 1.5894e+06
1.5699e+06 1.56473e+06 1.54863e+06 1.61203e+06
1.6115e+06 1.53595e+06 1.57377e+06 1.62482e+06
1.56151e+06 1.57844e+06 1.59998e+06 1.5596e+06
1.56516e+06 1.57003e+06 1.62378e+06 1.55799e+06
1.61418e+06 1.56836e+06 1.57714e+06 1.56036e+06
1.52985e+06 1.57453e+06 1.59144e+06 1.61173e+06
1.61929e+06 1.53398e+06 1.60101e+06 1.53366e+06
1.63055e+06 1.50158e+06 1.62244e+06 1.55715e+06
1.60103e+06 1.52277e+06 1.58302e+06 1.59774e+06
1.61944e+06 1.59048e+06 1.5791e+06 1.54514e+06
1.62152e+06 1.60449e+06 1.57736e+06 1.52854e+06
1.64545e+06 1.56294e+06 1.5285e+06 1.64391e+06
1.58239e+06 1.57533e+06 1.54269e+06 1.60483e+06
1.54786e+06 1.54519e+06 1.62766e+06 1.6216e+06
1.60974e+06 1.51526e+06 1.58655e+06 1.58819e+06
1.57009e+06 1.56364e+06 1.55677e+06 1.6264e+06
1.57481e+06 1.54616e+06 1.58991e+06 1.61812e+06
1.54042e+06 1.6104e+06 1.60664e+06 1.60473e+06
1.60576e+06 1.52055e+06 1.5877e+06 1.5855e+06
1.56746e+06 1.56707e+06 1.55392e+06 1.59558e+06
1.5792e+06 1.5381e+06 1.57205e+06 1.60846e+06
1.64738e+06 1.53068e+06 1.59486e+06 1.52957e+06
1.56741e+06 1.57151e+06 1.54743e+06 1.595e+06
1.59904e+06 1.58051e+06 1.61191e+06 1.54298e+06
1.62618e+06 1.57095e+06 1.59236e+06 1.53014e+06
1.64342e+06 1.55388e+06 1.53308e+06 1.63672e+06
1.57089e+06 1.54782e+06 1.57426e+06 1.57947e+06
1.5731e+06 1.54236e+06 1.59166e+06 1.63352e+06
1.64387e+06 1.55125e+06 1.54383e+06 1.63233e+06
1.61601e+06 1.56981e+06 1.59741e+06 1.5416e+06
1.63465e+06 1.53258e+06 1.60665e+06 1.52743e+06
1.58365e+06 1.55461e+06 1.55269e+06 1.62793e+06
1.61558e+06 1.56825e+06 1.53434e+06 1.61955e+06
1.63307e+06 1.55166e+06 1.53936e+06 1.63782e+06
1.59792e+06 1.53208e+06 1.60591e+06 1.5772e+06
1.62612e+06 1.53434e+06 1.54479e+06 1.62874e+06
1.58154e+06 1.55224e+06 1.59784e+06 1.5678e+06
1.5843e+06 1.59984e+06 1.54235e+06 1.63628e+06
1.61502e+06 1.51888e+06 1.58733e+06 1.58778e+06
1.60612e+06 1.54751e+06 1.56077e+06 1.65231e+06
1.60539e+06 1.51688e+06 1.60012e+06 1.58159e+06
1.56311e+06 1.55851e+06 1.55689e+06 1.58598e+06
1.53885e+06 1.57357e+06 1.57903e+06 1.65679e+06
1.64049e+06 1.51323e+06 1.6171e+06 1.52555e+06
1.5952e+06 1.59447e+06 1.53774e+06 1.63332e+06
1.5963e+06 1.59362e+06 1.53964e+06 1.65337e+06
1.6029e+06 1.60488e+06 1.59102e+06 1.5353e+06
1.58351e+06 1.60653e+06 1.59245e+06 1.54916e+06
1.59511e+06 1.52542e+06 1.6084e+06 1.56707e+06
1.58231e+06 1.5318e+06 1.62364e+06 1.57642e+06
1.58327e+06 1.51331e+06 1.61491e+06 1.60821e+06
1.59923e+06 1.57301e+06 1.53522e+06 1.61109e+06
1.61601e+06 1.58545e+06 1.59917e+06 1.53728e+06
1.5621e+06 1.5679e+06 1.56274e+06 1.59386e+06
1.62085e+06 1.56344e+06 1.53879e+06 1.64356e+06
1.61739e+06 1.54191e+06 1.61286e+06 1.54456e+06
1.5496e+06 1.55449e+06 1.57495e+06 1.60573e+06
1.57576e+06 1.57016e+06 1.57812e+06 1.55826e+06
1.55002e+06 1.61892e+06 1.59166e+06 1.54391e+06
1.55906e+06 1.6041e+06 1.58236e+06 1.5509e+06
1.63064e+06 1.52655e+06 1.59157e+06 1.5315e+06
1.62266e+06 1.53121e+06 1.6077e+06 1.54912e+06
1.55751e+06 1.57292e+06 1.55303e+06 1.61475e+06
1.56953e+06 1.57618e+06 1.59553e+06 1.55871e+06
1.54025e+06 1.55796e+06 1.62725e+06 1.62526e+06
1.61884e+06 1.55876e+06 1.58397e+06 1.56454e+06
1.61669e+06 1.5394e+06 1.56873e+06 1.59175e+06
1.60454e+06 1.51202e+06 1.61502e+06 1.61095e+06
1.6121e+06 1.51526e+06 1.5938e+06 1.58768e+06
1.56315e+06 1.55919e+06 1.62718e+06 1.56125e+06
1.61488e+06 1.5521e+06 1.54261e+06 1.64713e+06
1.60674e+06 1.56452e+06 1.54281e+06 1.62867e+06
1.6454e+06 1.53e+06 1.59794e+06 1.52763e+06
1.62142e+06 1.53642e+06 1.6007e+06 1.54593e+06
1.57962e+06 1.54715e+06 1.59582e+06 1.60079e+06
1.60367e+06 1.5149e+06 1.61643e+06 1.54282e+06
1.56284e+06 1.55764e+06 1.62798e+06 1.56856e+06
1.57068e+06 1.57125e+06 1.54917e+06 1.59534e+06
1.63813e+06 1.55441e+06 1.54759e+06 1.60983e+06
1.62136e+06 1.50235e+06 1.62209e+06 1.56746e+06
1.58801e+06 1.56425e+06 1.60807e+06 1.54928e+06
1.64322e+06 1.6435e+06 1.5098e+06 1.63002e+06
1.61711e+06 1.58172e+06 1.52856e+06 1.62168e+06
1.58139e+06 1.61205e+06 1.56853e+06 1.54691e+06
1.54944e+06 1.54406e+06 1.58664e+06 1.63292e+06
1.64027e+06 1.55624e+06 1.53984e+06 1.63449e+06
1.597e+06 1.58971e+06 1.53758e+06 1.64373e+06
1.63858e+06 1.54206e+06 1.5359e+06 1.63534e+06
1.63801e+06 1.56849e+06 1.57395e+06 1.5426e+06
1.61514e+06 1.54797e+06 1.55878e+06 1.62311e+06
1.61891e+06 1.51234e+06 1.62172e+06 1.56761e+06
1.5583e+06 1.54995e+06 1.58801e+06 1.62983e+06
1.63888e+06 1.50116e+06 1.60816e+06 1.59455e+06
1.55724e+06 1.57716e+06 1.60698e+06 1.55974e+06
1.56323e+06 1.55937e+06 1.62666e+06 1.5755e+06
1.63755e+06 1.5801e+06 1.53597e+06 1.58212e+06
1.60315e+06 1.57004e+06 1.61681e+06 1.52823e+06
1.54738e+06 1.59923e+06 1.60418e+06 1.60071e+06
1.5564e+06 1.53208e+06 1.62355e+06 1.60693e+06
1.59966e+06 1.54616e+06 1.56245e+06 1.59763e+06
1.57247e+06 1.61286e+06 1.56815e+06 1.58144e+06
1.61642e+06 1.56437e+06 1.56264e+06 1.55388e+06
1.63434e+06 1.50633e+06 1.58546e+06 1.58608e+06
1.54346e+06 1.57003e+06 1.58555e+06 1.60477e+06
1.62082e+06 1.50189e+06 1.62779e+06 1.62262e+06
1.57802e+06 1.51208e+06 1.6164e+06 1.61069e+06
