9666 2886.75
213438 278116
270306 232115
233276 233186
186098 278345
247391 240284
206208 245929
207533 246924
229399 201767
201389 266988
250990 235893
204402 265157
306895 225624
274596 222107
225815 215174
201587 276316
260756 211097
224072 241592
231956 263075
250703 270015
198348 283265
203172 284454
241688 228481
308976 221301
223803 221530
248856 236726
274114 231970
234187 212598
202417 265717
229721 250470
273788 244445
205400 277035
195357 270231
256544 232451
259853 243019
226069 217714
265883 257507
263521 224892
208771 251408
199275 261950
256095 214661
252214 229486
286986 222651
236768 250524
303223 221598
224630 212329
208241 232741
241062 262310
212226 248996
227255 257620
231424 235550
233090 282306
242325 205069
241857 240451
231355 230831
214740 235813
205235 262023
206980 276437
248476 225494
246379 232706
272479 226341
208951 270291
187607 243318
222588 242918
202592 245714
239924 234780
236996 218736
272227 231798
205580 261307
211193 291481
284150 223166
276451 227850
256221 265102
191731 267223
260420 254645
302493 256454
284527 224886
290379 256086
247538 311280
313271 230622
193086 291666
239127 221158
206046 276333
258127 232785
219352 248772
224482 287824
203508 290927
207643 235000
243791 213191
229216 230763
277606 247682
207492 217734
234590 235207
223336 235131
285108 233512
182934 255954
253131 241336
227846 243681
244094 245567
230065 253943
268675 237043
250299 202120
241888 210616
233719 239992
207455 235117
314463 224247
328348 227116
311635 270007
240594 259371
194604 310650
285997 261766
252164 269473
239824 228401
288064 275990
189244 254583
215593 219411
270193 232498
223065 252294
205021 293739
293150 205013
261591 223807
261275 270853
223042 261838
205754 305581
314048 234977
194882 312847
207456 270718
203908 283429
199916 234167
273079 240742
231723 235041
246639 248535
245814 263243
246220 213803
230332 220443
239318 229153
255082 202729
233737 232188
256661 244037
202287 248732
226679 284247
239964 220814
204397 277095
261044 231238
281357 222253
276104 250930
197505 248076
241424 229950
316646 228833
239986 262802
242059 237226
262092 225153
331724 224635
195999 267177
210888 249145
211617 277256
234391 263517
203344 249039
316017 232942
205054 268372
213561 245113
244941 216836
219339 279505
302586 236530
247212 241804
230183 258805
217934 255517
222833 273083
246273 247970
210174 261086
266118 208173
250692 218214
209640 267762
277968 212235
233987 261495
208769 247280
222649 262472
276871 239072
252231 267724
237376 218455
288091 230637
208262 276887
297277 244734
219607 279282
310475 218921
243192 230927
273665 220408
240726 229299
204563 265794
226932 246664
190091 241690
222904 231473
235470 263408
265428 222749
220929 274658
211047 273350
202980 293084
208315 232924
209742 277014
216110 258018
211150 221822
284912 210996
242214 226129
220278 224517
208496 271446
269685 221019
261660 249986
215311 261400
205472 254228
206027 301300
208126 226971
228528 224606
204605 265391
232618 217899
223154 250088
256948 245347
250063 221183
245690 233624
315197 250206
200454 256532
198036 287132
213751 267525
298467 224509
198250 253179
238553 240041
193473 270269
235701 260111
251738 252087
205521 234711
271045 219020
263159 258378
221889 220568
252143 290681
266880 234715
199158 279021
188919 267879
202313 274046
236453 226457
237657 229919
211851 250007
306628 222731
277565 271184
224476 232057
217625 296290
277719 215262
200312 246227
213665 243176
298955 279964
256723 289609
280590 236317
285478 223634
264826 245860
241881 256887
250700 227180
246690 219451
238780 243971
279357 269785
228567 235922
205300 256276
261045 219987
219696 237905
214105 290248
211759 275710
250714 239457
221380 267009
234748 244950
280632 240763
237788 261065
216183 264918
264165 240027
279507 258637
217145 279723
235749 243933
200801 271640
241579 220020
227748 280111
246428 268131
203970 260601
211617 234326
233182 249129
241976 275606
267560 238834
224011 250446
269527 212867
251894 247067
202457 263969
205212 318700
197055 276660
301241 285728
243420 226260
228829 219344
215594 270597
260988 205201
205331 256803
246511 242234
217095 250732
253499 231316
308120 240321
195850 258952
201982 243843
202862 265404
250311 207996
264899 247564
219750 244303
276804 215827
227542 254791
235617 223744
202821 282187
249310 218954
254903 245696
203558 258614
208357 267991
222313 249965
216149 263671
225670 231915
207754 287601
201905 260696
253310 233081
238326 234942
200724 269921
231050 269844
207526 260811
197236 241086
196952 286213
251593 231261
212544 282824
281852 227567
262599 202978
252561 222955
279644 268993
188139 296759
250209 208052
235620 282741
241713 241649
241376 243180
218441 251921
199335 302647
293910 240256
193027 271682
259604 226046
211975 257142
263515 250109
237702 238301
221729 275820
233143 233145
235496 237612
249388 211422
298631 269339
217058 276887
244748 265878
186933 273173
253080 214168
251185 230095
246701 257460
198293 297751
263721 239008
279731 235265
248543 217776
239759 233056
210973 272697
202932 275605
293677 244760
259760 262056
255743 248592
201365 244701
231024 239598
214676 254325
202019 256293
199795 251096
232919 232440
194333 266497
295720 261577
194676 284399
225486 292626
291969 239069
299840 222925
211459 225954
254482 271364
236288 276690
306020 255598
266877 254153
296387 256790
242249 238649
277395 290297
213072 260014
240649 256188
274282 224435
231427 255506
265487 273912
248267 228313
201617 265015
238874 229489
250475 250037
249023 238030
237941 231449
232679 236831
281393 218753
241269 226424
234692 251689
200806 269279
292350 220592
197316 239681
267721 262308
196097 249137
227676 268339
224467 228358
243821 232995
261736 227237
213284 272049
272849 242840
247438 239634
201236 231885
241633 202954
283851 248298
232629 245150
251370 238262
316365 213062
199239 276217
212752 255288
284459 239566
200670 292553
216046 270866
219932 230308
201033 262174
239598 239061
211658 294597
216803 241387
207066 267493
261429 240137
247708 221784
215212 240939
248163 243608
189830 247934
193667 266718
272388 218326
221437 267585
240212 253200
256956 229427
192701 282764
259742 227182
207913 273214
218736 269448
202266 303072
270301 236102
199633 292640
207343 290513
244496 245435
257504 240593
190792 267673
237573 245770
248359 273507
272590 240046
253737 220346
240893 226951
221822 275274
312485 218914
232214 269324
229164 243483
246737 251530
213977 264386
221021 241076
216944 273561
190839 241679
314243 237894
290711 271230
205252 263306
275902 231529
276232 235118
280340 231303
253636 233828
209041 256038
200155 245844
248848 272246
246610 227869
255822 237784
210051 228757
212390 264911
203871 258638
252267 214921
280740 234950
318455 228892
213351 308024
302168 258329
204023 279902
215883 241019
254931 244319
212362 275488
220553 234315
255855 217753
289037 220106
223552 281683
219651 235483
236705 234433
212722 280823
262823 281348
270646 230280
232984 222606
200761 245505
203528 251947
186923 261933
250209 285830
270583 249427
217247 290637
262149 229431
295288 225693
254675 227587
254492 231095
273696 217490
241309 215349
210693 332617
250569 238518
279907 233894
196011 306846
206118 290659
259232 217007
244500 238782
302216 248067
204886 269964
250399 227912
214086 262972
233091 225518
195499 249945
212641 240706
218405 269879
226973 286285
217085 254769
214652 252193
218139 258443
197809 268339
248454 273484
260805 243638
207369 250727
222707 222708
312285 225164
262848 249379
252987 244383
223680 230886
263501 231690
253895 234497
285232 218230
265597 247514
313378 233910
264487 233765
249015 311034
204505 267628
183557 265731
218230 291502
253593 229667
255285 226244
236633 216658
197635 280375
251795 214203
244032 245638
234613 264193
215297 233046
220561 274200
206957 275459
278066 227476
206916 261222
230365 250776
218691 248014
228411 233776
208058 255738
292436 266758
240721 254410
235653 223841
265658 259957
256414 217019
239584 233725
267253 234236
235537 270637
202838 270671
218626 285965
264028 242656
210380 281996
242722 219270
221474 252966
206168 248123
237227 220292
329185 223056
249267 242411
204972 236805
261219 247978
317601 229043
221495 294216
272446 235321
210613 209616
221122 249063
212510 257124
253354 257354
241405 209428
209253 232557
229459 237287
224698 287734
236589 244915
267208 233331
246480 219862
193105 258932
298987 264579
184897 266582
213447 271636
267029 240484
232505 225187
212950 260914
237475 264674
193015 274733
237541 224792
223746 270214
234419 223505
217824 250275
242126 291295
213582 271039
201356 275291
260138 221302
237067 262742
255892 230335
273752 251862
286224 281553
205168 277955
199652 239200
219866 257504
261590 258063
218044 294723
233693 236682
221231 202936
301397 236882
268911 237226
260602 234900
312740 249241
216130 221240
211963 252385
247075 251234
209284 267708
241920 216468
225698 214352
216025 233034
209082 247270
241178 285543
236405 260799
253152 239372
252561 244819
300280 260555
243694 241423
205475 242917
280543 229419
293660 257912
289401 220967
200925 280804
287614 229340
218246 298056
290179 235208
221121 254722
271620 214611
242867 248382
266115 223568
239716 220621
280485 202476
239620 266305
271966 242185
240908 273097
191643 275234
321742 239817
300313 287621
249611 236742
210721 251589
250567 249543
241085 278108
188936 272303
278374 236854
209623 288269
268570 251909
246755 217445
273731 249252
198954 270284
192301 246741
229329 216428
247878 256751
218256 230620
243520 224322
253720 219421
299296 236726
220559 259418
224589 242922
220348 264709
202297 267771
258916 281279
243692 249426
245946 263597
232724 240213
285642 235612
233917 264781
230377 238392
207844 251039
213526 254253
230025 209386
286760 293801
217621 259894
244686 211198
198197 257490
218030 258925
259547 210035
204367 326683
200592 283563
249291 230249
212192 270785
222472 249795
236035 219488
205192 261143
189701 241656
230487 237671
240710 283110
220069 218257
272281 206265
199605 250389
197997 307405
267812 207845
266951 215250
247994 231439
245467 269863
251241 243413
227854 261864
245113 224232
281749 243098
222530 294273
258356 220393
242410 227300
265707 213978
269361 241555
225224 216785
297504 236667
256653 267152
307312 214348
226179 256397
235502 203192
288629 254644
233467 223783
203791 273043
221547 235853
302785 225795
243878 216851
291552 204597
242283 214094
241237 234961
238319 216061
234845 254380
231460 297622
311705 227078
244537 216162
249763 264076
267561 240676
300972 234528
210336 253325
273293 238045
193524 254897
301923 263469
218852 284552
198484 260818
245993 219590
282391 225872
249154 231841
209022 278529
303579 222499
249381 276050
225355 223303
297781 260665
209445 276818
295052 229773
290506 239970
296160 256745
227521 220558
238727 250350
185741 273056
251402 252174
210128 267848
280767 249622
260110 231157
246715 223429
219109 234099
254348 227250
192846 307584
202653 246679
237905 220629
290103 257124
235610 259113
231319 267609
246557 219817
207479 253588
307576 277753
194750 254609
270108 238969
240322 243726
267244 235650
213975 268251
265084 267265
234628 273829
238938 253340
200002 243439
212204 248198
204185 253174
229359 203029
242710 229610
255404 242584
251831 249772
314146 254412
237479 255435
215194 290013
228769 235186
253894 258676
213001 264980
231711 230006
223222 261408
222056 268293
198795 236286
274621 237538
240172 240029
202031 267221
207316 250580
238876 232233
269509 204324
278828 247729
296566 257925
222007 241292
219065 269226
261910 225704
229042 246069
275462 219301
245411 241954
207336 246104
205254 285949
286722 239720
223016 236501
243773 213580
270297 219649
210147 246116
298590 276047
259422 217675
324217 224008
232929 236755
310138 228212
227915 240370
221540 247264
212396 247581
278151 231331
225338 273808
209212 279740
197698 282054
262128 261895
258405 236643
257606 232501
204433 272522
250047 279458
201072 296115
201914 265684
202994 248845
260011 231401
239964 247485
253809 258391
206692 306029
239067 252529
197015 259469
215254 222886
206107 254394
189643 244030
284637 218588
261591 204487
259743 229120
200625 276397
236371 236137
204347 242246
262040 267229
200830 257809
197320 283418
255543 264473
293729 236568
273267 223736
214530 281983
187626 264121
245296 227710
216833 304557
230606 227568
322812 237504
221961 218717
304041 232611
237051 224846
267005 245092
262720 230499
315030 216580
235820 261181
208154 285546
199501 263705
214860 258648
212349 242259
295008 230884
233040 242094
271303 222068
208448 284879
291758 268852
246154 238032
193547 249821
259737 244026
208012 260987
229450 247786
209418 293406
253406 240380
279082 259017
197252 260660
267560 228005
274272 242770
218313 263711
199766 264971
268180 300152
219647 261835
271312 220724
217950 254822
280261 234845
251737 231830
243806 230510
235195 238110
260659 251562
254476 233155
216030 268417
235233 210689
254447 232593
296942 288137
224045 224949
194754 293670
269761 245363
302559 260065
201169 282635
203979 261628
236083 243649
214357 262139
303759 232839
219777 246274
296928 259027
298562 259479
216732 281168
289517 239218
213656 283568
233874 227298
253156 216807
204971 259855
237159 217718
224965 224046
214298 233395
191911 253174
268288 223024
266238 226618
226465 262759
206990 261421
213402 233154
238263 236171
259359 238546
245914 240152
240299 233526
324086 237882
223411 251548
272125 211951
239108 239359
224146 254072
252867 228170
280959 229510
227349 223187
243251 237990
225472 237798
217606 259050
243297 267341
244545 250070
272142 281418
230839 251475
193320 235778
215949 259074
247406 224878
283946 218661
267290 227402
194753 254101
253477 238636
213359 302671
209486 263127
249066 243523
272404 233873
280249 286305
246343 239121
249034 273717
240670 198928
270305 212211
304822 255091
297291 234962
246845 226859
249003 218888
294290 268306
210052 300533
253851 230464
244605 241280
203080 310282
281010 244869
267970 256699
243368 253312
311747 274181
270692 225435
201950 267163
