6 0.140662
330599 339148 286563
314990 328397 307008
318503 342348 291517
305174 337463 304750
364216 312508 285007
318000 315158 305511
313894 324208 308700
321470 312917 312747
313085 313761 315317
331165 333719 274548
302323 334672 313548
318603 328641 292883
322998 322014 291834
310376 337426 300722
313275 313750 311259
325453 291796 308100
304398 320988 312538
318448 327710 293576
326416 341304 286744
316734 334599 304460
319362 315663 297679
317426 319828 309300
311530 325856 308945
333477 309270 293482
310165 320810 309675
309296 330149 311128
334423 306974 298452
319182 315957 295707
295385 331547 323508
325820 308603 298875
321521 304516 309293
315809 331304 306289
305174 337463 304750
316498 309391 317405
318826 322258 305429
323474 317516 288715
317942 320236 307078
322200 292771 300757
332608 312197 296750
350572 307860 285525
321015 326423 295230
321654 309280 297741
301128 323907 318529
322998 322014 291834
339568 289196 306391
298665 299067 320817
317477 293499 343980
310954 341820 295086
334423 306974 298452
314105 323428 307667
332176 338055 285943
337545 336091 278821
333387 335059 287681
312696 338131 302847
318968 318581 315067
314223 319573 318387
319313 314966 314997
318607 337422 299041
318625 333857 299151
344531 313949 295605
312235 330852 310964
310768 324144 315687
312863 329251 312895
312421 323522 317715
313854 320849 313751
311126 333102 311429
310393 335868 316744
319539 321613 295900
320028 320120 304961
321042 316792 301737
318687 314127 317948
318836 331976 305586
325304 317551 294296
332629 332500 290086
341809 325930 290663
334418 331064 291675
339516 318038 291925
332629 332500 290086
347934 334195 289718
324036 344568 291325
337868 326566 291070
319067 320379 309577
332893 302657 304872
336802 302037 304749
362811 301267 302431
338878 300789 306298
323337 305867 305865
325056 303580 314720
337006 293983 332014
333873 308668 302028
330010 295031 323346
334398 301760 306221
325323 300548 317879
345995 304274 302775
334013 301017 314222
352311 311325 297707
359329 322372 291761
359625 325010 291275
324755 315520 298056
325257 312495 302497
322269 316752 314233
323015 316467 311118
309538 330741 319435
332189 328419 293271
332100 334567 293160
324134 334688 292478
345988 299100 316261
308718 318749 352851
308726 319139 352799
314294 314102 325382
310001 330024 322500
309345 328325 325791
306137 329406 339677
312408 323040 324991
301897 334495 344488
303075 333412 326437
322760 307284 331097
322760 307284 331097
322760 307284 331097
318290 313993 329697
313774 322841 324668
306637 321958 327486
317148 317497 323173
312210 347967 306129
311089 358675 314530
312317 347860 307210
312654 345522 302514
336623 309121 298689
343182 307196 304727
335806 313750 299124
314338 326545 308175
315543 326265 308247
316340 325524 309612
316340 325524 309612
316505 332855 307691
349207 342873 283968
349207 342873 283968
337853 344378 285558
345470 343846 284874
343267 344324 286685
333395 335623 287854
315390 338562 307070
317260 344339 306233
318831 337001 300280
318754 338010 300411
318746 337560 301418
351176 316527 297166
350004 314812 297470
344669 316790 297590
352112 316071 296090
314068 333075 312780
311099 333151 318360
313676 326406 322344
319008 322509 316870
315416 324422 318135
317965 320964 323087
318327 324173 317441
317607 322707 321561
316571 323530 319926
313954 332476 315576
314178 334124 312521
312608 337105 312352
311617 344682 314893
311581 335614 316245
311464 358320 314267
320895 324193 296714
320700 336412 297777
320671 324971 302718
320165 336870 296490
320176 325584 305089
323303 317161 307715
322188 322891 308021
321674 318916 312449
322783 314221 319274
321504 317598 318475
320079 316632 323294
336736 320238 295210
326533 326583 295848
341905 325204 294346
348771 319489 294058
343242 320474 292605
331121 345552 292078
347094 330547 292431
341590 333371 292252
321142 321460 321007
320578 322331 310866
320778 320737 321145
320969 321637 320027
321147 320581 315051
333330 306862 305580
336082 308585 304886
337128 302152 304885
350893 301587 313852
355052 301623 310693
324802 311754 308952
325960 307932 308150
325442 309218 311699
323931 308053 321329
324293 307948 320643
326772 307075 316191
326481 307688 316889
343159 296893 338337
325376 303496 318811
329017 300709 320041
328898 300944 320260
336041 305771 318602
345562 301793 316693
324876 315668 301635
333708 316552 298095
328555 319995 301236
328556 321856 299695
327128 315403 306050
331344 313803 307241
331458 314043 304878
313361 332294 321841
332388 337775 292739
332388 337775 292739
326199 344920 295534
316145 317336 334242
322754 315763 328527
303596 333651 334287
304472 335676 329268
309599 324693 351452
317066 323324 332094
311062 340810 329267
319068 319435 324269
317906 321355 330840
318710 320380 328794
314069 355279 310181
336923 312566 299093
338392 309366 299834
314465 333730 310575
314465 333730 310575
317563 327021 308581
316929 326089 315512
317171 326960 314846
319534 326322 312621
320013 325858 316568
364940 336259 292112
338600 300758 345311
311569 340920 321919
333636 353422 296130
365331 304599 307677
317878 319194 337735
353035 302378 311608
358907 307091 308659
312451 336716 334377
318292 322369 332435
314037 351636 314715
323842 346535 299826
334391 349137 294422
319495 319643 329219
335308 344124 294527
315367 337518 311414
361009 322886 292801
345626 302967 316428
341487 306795 315336
343843 331579 294199
351515 309744 299971
334266 303767 327678
315326 327872 325590
326789 310473 328050
321549 350968 305715
317204 343590 307990
346226 325518 295990
330647 339226 297464
315902 333539 318159
316282 329884 319429
340564 310702 304155
319345 342292 309972
362859 319179 296194
332154 311005 324684
335784 307282 322230
321885 334555 300015
324379 315070 323360
343150 328340 295129
348993 312492 299970
348056 304526 312924
337790 316862 298816
336054 319757 301079
325502 318752 302984
360188 314150 299507
330884 322010 302268
329865 324555 300030
320781 331107 306291
329512 311797 317105
322365 322574 312963
332927 308417 308284
342078 309127 307541
319306 321458 327768
312558 333824 319769
323506 325706 312392
319832 328910 313926
359816 315920 298408
361996 319320 296615
332228 341753 296203
328164 331715 297799
329202 313224 313737
342493 330168 294460
340330 332516 295675
