1407 169.613
1.61548e+06 1.51405e+06 1.55193e+06 1.61117e+06
1.53313e+06 1.53629e+06 1.60165e+06 1.61088e+06
1.58466e+06 1.55599e+06 1.58705e+06 1.54859e+06
1.62276e+06 1.49508e+06 1.58658e+06 1.62395e+06
1.57421e+06 1.52228e+06 1.6027e+06 1.5745e+06
1.59305e+06 1.56544e+06 1.5501e+06 1.57602e+06
1.60715e+06 1.53555e+06 1.53789e+06 1.62579e+06
1.61343e+06 1.5788e+06 1.61025e+06 1.53029e+06
1.62115e+06 1.51363e+06 1.60695e+06 1.56756e+06
1.58511e+06 1.58251e+06 1.5263e+06 1.62741e+06
1.61307e+06 1.51097e+06 1.57362e+06 1.60205e+06
1.54706e+06 1.55827e+06 1.56687e+06 1.62022e+06
1.62387e+06 1.56745e+06 1.52785e+06 1.61144e+06
1.54306e+06 1.56263e+06 1.57857e+06 1.5965e+06
1.61672e+06 1.5204e+06 1.57637e+06 1.58173e+06
1.59022e+06 1.52549e+06 1.59355e+06 1.57033e+06
1.53658e+06 1.59492e+06 1.58851e+06 1.57754e+06
1.61256e+06 1.50061e+06 1.6174e+06 1.60531e+06
1.63024e+06 1.57967e+06 1.55375e+06 1.55155e+06
1.57736e+06 1.60498e+06 1.56629e+06 1.54441e+06
1.58869e+06 1.54862e+06 1.59041e+06 1.55935e+06
1.56149e+06 1.53573e+06 1.58478e+06 1.59048e+06
1.5682e+06 1.57542e+06 1.59449e+06 1.55472e+06
1.53438e+06 1.56414e+06 1.59304e+06 1.59924e+06
1.57032e+06 1.5402e+06 1.57448e+06 1.58975e+06
1.58753e+06 1.55198e+06 1.56117e+06 1.58857e+06
1.58681e+06 1.52635e+06 1.57388e+06 1.61472e+06
1.62361e+06 1.5508e+06 1.54118e+06 1.59443e+06
1.621e+06 1.57997e+06 1.54373e+06 1.56431e+06
1.57511e+06 1.53739e+06 1.56457e+06 1.62652e+06
1.55194e+06 1.55983e+06 1.58865e+06 1.58566e+06
1.53038e+06 1.59005e+06 1.61373e+06 1.58941e+06
1.59955e+06 1.55375e+06 1.5393e+06 1.61769e+06
1.60793e+06 1.59963e+06 1.52949e+06 1.59488e+06
1.55441e+06 1.54167e+06 1.57775e+06 1.61187e+06
1.58906e+06 1.56934e+06 1.6144e+06 1.54118e+06
1.5583e+06 1.57199e+06 1.55847e+06 1.62805e+06
1.64336e+06 1.56254e+06 1.55414e+06 1.56225e+06
1.58562e+06 1.56137e+06 1.53311e+06 1.64868e+06
1.55482e+06 1.53885e+06 1.61887e+06 1.58343e+06
1.57134e+06 1.52078e+06 1.61514e+06 1.60913e+06
1.62064e+06 1.5831e+06 1.53826e+06 1.57895e+06
1.58247e+06 1.57747e+06 1.54491e+06 1.61156e+06
1.57223e+06 1.5829e+06 1.54889e+06 1.62042e+06
1.57096e+06 1.55968e+06 1.59952e+06 1.56313e+06
1.60009e+06 1.51727e+06 1.62039e+06 1.58098e+06
1.60085e+06 1.57743e+06 1.58849e+06 1.54533e+06
1.58066e+06 1.5741e+06 1.56039e+06 1.58637e+06
1.55602e+06 1.55836e+06 1.61849e+06 1.57342e+06
1.59706e+06 1.58241e+06 1.56614e+06 1.55927e+06
1.62783e+06 1.55526e+06 1.54584e+06 1.58461e+06
1.60794e+06 1.57026e+06 1.60601e+06 1.54028e+06
1.58776e+06 1.57951e+06 1.56536e+06 1.56711e+06
1.56004e+06 1.60146e+06 1.5551e+06 1.60846e+06
1.55682e+06 1.5881e+06 1.61299e+06 1.56451e+06
1.6128e+06 1.56171e+06 1.57665e+06 1.5633e+06
1.61179e+06 1.58119e+06 1.54216e+06 1.57556e+06
1.60126e+06 1.52285e+06 1.58571e+06 1.58838e+06
1.5635e+06 1.54368e+06 1.57529e+06 1.6112e+06
1.65734e+06 1.61354e+06 1.63487e+06 1.52381e+06
1.66782e+06 1.57159e+06 1.5205e+06 1.6332e+06
1.63057e+06 1.48653e+06 1.62873e+06 1.6161e+06
1.51724e+06 1.56859e+06 1.64394e+06 1.66302e+06
1.65173e+06 1.624e+06 1.60764e+06 1.60373e+06
1.60185e+06 1.59812e+06 1.65397e+06 1.62584e+06
1.57996e+06 1.57323e+06 1.58839e+06 1.6532e+06
1.6122e+06 1.56897e+06 1.64968e+06 1.64089e+06
1.61643e+06 1.65487e+06 1.61441e+06 1.65705e+06
1.65768e+06 1.60609e+06 1.62534e+06 1.61602e+06
1.6099e+06 1.62025e+06 1.59921e+06 1.60979e+06
1.66012e+06 1.57375e+06 1.61409e+06 1.60272e+06
1.5968e+06 1.58707e+06 1.61135e+06 1.646e+06
1.62118e+06 1.61918e+06 1.61261e+06 1.66321e+06
1.61158e+06 1.59279e+06 1.64331e+06 1.63379e+06
1.64736e+06 1.67675e+06 1.59156e+06 1.64697e+06
1.63788e+06 1.60296e+06 1.59984e+06 1.67169e+06
1.6583e+06 1.61112e+06 1.6175e+06 1.6497e+06
1.62688e+06 1.58437e+06 1.6022e+06 1.63119e+06
1.65055e+06 1.59029e+06 1.61054e+06 1.65225e+06
1.64613e+06 1.5568e+06 1.62201e+06 1.636e+06
1.62712e+06 1.6065e+06 1.61387e+06 1.5996e+06
1.59559e+06 1.61523e+06 1.63137e+06 1.65099e+06
1.6728e+06 1.59238e+06 1.6389e+06 1.66406e+06
1.63572e+06 1.629e+06 1.63727e+06 1.624e+06
1.60453e+06 1.57816e+06 1.60409e+06 1.63204e+06
1.59462e+06 1.59026e+06 1.59813e+06 1.64732e+06
1.57255e+06 1.59838e+06 1.61161e+06 1.61669e+06
1.60166e+06 1.58806e+06 1.65008e+06 1.62625e+06
1.64529e+06 1.5763e+06 1.62318e+06 1.64476e+06
1.62822e+06 1.63506e+06 1.65543e+06 1.65594e+06
1.62214e+06 1.61577e+06 1.6054e+06 1.61998e+06
1.64389e+06 1.59428e+06 1.6146e+06 1.60423e+06
1.64517e+06 1.6663e+06 1.63215e+06 1.63096e+06
1.60786e+06 1.61618e+06 1.58176e+06 1.59776e+06
1.62765e+06 1.57473e+06 1.6224e+06 1.63737e+06
1.59906e+06 1.60466e+06 1.60157e+06 1.66727e+06
1.60761e+06 1.62844e+06 1.67729e+06 1.65514e+06
1.59888e+06 1.63977e+06 1.58195e+06 1.63642e+06
1.65725e+06 1.61089e+06 1.61606e+06 1.66399e+06
1.59233e+06 1.62331e+06 1.64303e+06 1.62604e+06
1.61457e+06 1.5604e+06 1.66926e+06 1.65101e+06
1.60221e+06 1.59846e+06 1.63156e+06 1.67895e+06
1.61915e+06 1.6295e+06 1.61217e+06 1.62492e+06
1.63617e+06 1.60389e+06 1.66712e+06 1.6715e+06
1.66098e+06 1.62326e+06 1.54494e+06 1.65634e+06
1.64597e+06 1.58549e+06 1.57811e+06 1.64198e+06
1.67466e+06 1.65258e+06 1.64076e+06 1.59539e+06
1.63339e+06 1.61323e+06 1.61228e+06 1.6479e+06
1.64978e+06 1.59677e+06 1.66901e+06 1.64109e+06
1.63258e+06 1.58005e+06 1.67529e+06 1.62438e+06
1.6425e+06 1.60883e+06 1.60555e+06 1.65548e+06
1.63945e+06 1.64519e+06 1.62176e+06 1.6382e+06
1.6051e+06 1.61401e+06 1.6175e+06 1.61666e+06
1.614e+06 1.65154e+06 1.64032e+06 1.65142e+06
1.62313e+06 1.58472e+06 1.60879e+06 1.60048e+06
1.64558e+06 1.64219e+06 1.6268e+06 1.65553e+06
1.62339e+06 1.57149e+06 1.62792e+06 1.69469e+06
1.61208e+06 1.60742e+06 1.58989e+06 1.66237e+06
1.64176e+06 1.60154e+06 1.64479e+06 1.62596e+06
1.624e+06 1.64485e+06 1.57756e+06 1.63787e+06
1.60178e+06 1.585e+06 1.63174e+06 1.6442e+06
1.62347e+06 1.58022e+06 1.60586e+06 1.62958e+06
1.60244e+06 1.56891e+06 1.6156e+06 1.62928e+06
1.63252e+06 1.58053e+06 1.62102e+06 1.61533e+06
1.57625e+06 1.57763e+06 1.62014e+06 1.63311e+06
1.6326e+06 1.61436e+06 1.60559e+06 1.66352e+06
1.60764e+06 1.58346e+06 1.63043e+06 1.60554e+06
1.6033e+06 1.61771e+06 1.66853e+06 1.64036e+06
1.61094e+06 1.60674e+06 1.58406e+06 1.63665e+06
1.654e+06 1.58454e+06 1.58863e+06 1.65297e+06
1.62314e+06 1.61638e+06 1.58843e+06 1.62046e+06
1.67906e+06 1.61234e+06 1.59734e+06 1.6279e+06
1.57705e+06 1.60521e+06 1.63288e+06 1.64724e+06
1.65316e+06 1.58941e+06 1.62577e+06 1.69405e+06
1.63507e+06 1.61014e+06 1.6281e+06 1.61361e+06
1.64171e+06 1.55887e+06 1.62926e+06 1.61927e+06
1.63319e+06 1.56591e+06 1.57779e+06 1.66026e+06
1.59338e+06 1.58886e+06 1.62406e+06 1.62427e+06
1.6002e+06 1.60064e+06 1.58216e+06 1.62179e+06
1.65213e+06 1.5898e+06 1.61648e+06 1.6273e+06
1.62184e+06 1.59102e+06 1.60049e+06 1.64976e+06
1.61441e+06 1.63646e+06 1.62051e+06 1.65499e+06
1.61455e+06 1.63067e+06 1.63752e+06 1.66194e+06
1.6191e+06 1.62048e+06 1.62313e+06 1.65481e+06
1.6285e+06 1.6089e+06 1.67981e+06 1.64039e+06
1.61193e+06 1.63452e+06 1.57263e+06 1.61188e+06
1.72302e+06 1.58711e+06 1.58891e+06 1.62209e+06
1.60569e+06 1.61486e+06 1.56626e+06 1.64354e+06
1.68395e+06 1.57592e+06 1.61064e+06 1.63188e+06
1.59306e+06 1.57397e+06 1.66505e+06 1.69605e+06
1.59689e+06 1.61912e+06 1.63896e+06 1.6383e+06
1.67317e+06 1.58062e+06 1.5959e+06 1.67628e+06
1.60929e+06 1.64667e+06 1.63932e+06 1.66716e+06
1.6404e+06 1.58852e+06 1.62002e+06 1.55203e+06
1.67137e+06 1.60265e+06 1.60388e+06 1.60919e+06
1.63591e+06 1.56142e+06 1.65421e+06 1.69027e+06
1.64814e+06 1.5803e+06 1.65634e+06 1.59664e+06
1.62933e+06 1.60815e+06 1.60978e+06 1.62929e+06
1.6739e+06 1.60442e+06 1.64183e+06 1.62498e+06
1.6444e+06 1.6019e+06 1.63669e+06 1.61582e+06
1.59207e+06 1.5715e+06 1.59151e+06 1.6442e+06
1.668e+06 1.57234e+06 1.63685e+06 1.62918e+06
1.59494e+06 1.62258e+06 1.5884e+06 1.63998e+06
1.6403e+06 1.58013e+06 1.63494e+06 1.68323e+06
1.62032e+06 1.63472e+06 1.60667e+06 1.64465e+06
1.62135e+06 1.62365e+06 1.62035e+06 1.59896e+06
1.63731e+06 1.56797e+06 1.62932e+06 1.62014e+06
1.58864e+06 1.62854e+06 1.63316e+06 1.62424e+06
1.63068e+06 1.64184e+06 1.62598e+06 1.64176e+06
1.62892e+06 1.63079e+06 1.62879e+06 1.65309e+06
1.62569e+06 1.59333e+06 1.60653e+06 1.60014e+06
1.64957e+06 1.58217e+06 1.65081e+06 1.62195e+06
1.64852e+06 1.62031e+06 1.67229e+06 1.6114e+06
1.64972e+06 1.57957e+06 1.63526e+06 1.60676e+06
1.61152e+06 1.59459e+06 1.62879e+06 1.63591e+06
1.63024e+06 1.56282e+06 1.63876e+06 1.62012e+06
1.63404e+06 1.58186e+06 1.61165e+06 1.66448e+06
1.61653e+06 1.58007e+06 1.67329e+06 1.627e+06
1.63019e+06 1.54284e+06 1.63882e+06 1.63429e+06
1.61498e+06 1.59529e+06 1.64592e+06 1.66507e+06
1.62521e+06 1.58483e+06 1.63311e+06 1.63032e+06
1.59439e+06 1.58897e+06 1.63878e+06 1.62631e+06
1.59424e+06 1.65215e+06 1.56441e+06 1.63902e+06
1.66197e+06 1.62179e+06 1.64745e+06 1.64027e+06
1.59628e+06 1.61819e+06 1.64747e+06 1.63328e+06
1.62688e+06 1.60758e+06 1.61932e+06 1.60505e+06
1.66374e+06 1.57767e+06 1.63193e+06 1.63094e+06
1.59102e+06 1.59456e+06 1.63355e+06 1.60916e+06
1.61635e+06 1.58836e+06 1.63604e+06 1.64627e+06
1.62649e+06 1.55206e+06 1.63883e+06 1.65826e+06
1.61671e+06 1.55178e+06 1.62337e+06 1.62379e+06
1.63917e+06 1.59301e+06 1.67522e+06 1.60258e+06
1.67733e+06 1.60164e+06 1.6402e+06 1.59262e+06
1.63888e+06 1.60889e+06 1.64102e+06 1.64518e+06
1.59302e+06 1.61346e+06 1.61658e+06 1.63857e+06
1.6345e+06 1.56202e+06 1.68418e+06 1.63053e+06
1.64101e+06 1.57069e+06 1.66498e+06 1.68208e+06
1.61876e+06 1.6004e+06 1.60058e+06 1.62428e+06
1.62638e+06 1.55498e+06 1.6024e+06 1.61885e+06
1.66878e+06 1.5707e+06 1.58454e+06 1.62688e+06
1.63557e+06 1.53912e+06 1.61806e+06 1.63977e+06
1.60105e+06 1.56059e+06 1.58272e+06 1.62307e+06
1.63646e+06 1.59946e+06 1.60532e+06 1.648e+06
1.67818e+06 1.59654e+06 1.66513e+06 1.65236e+06
1.6303e+06 1.57504e+06 1.64484e+06 1.67079e+06
1.60382e+06 1.55618e+06 1.62043e+06 1.6223e+06
1.65844e+06 1.60714e+06 1.61652e+06 1.67044e+06
1.63602e+06 1.59728e+06 1.60666e+06 1.61357e+06
1.61338e+06 1.56164e+06 1.69628e+06 1.62197e+06
1.60491e+06 1.58983e+06 1.65411e+06 1.6312e+06
1.59055e+06 1.59076e+06 1.5933e+06 1.65334e+06
1.61951e+06 1.57982e+06 1.64974e+06 1.6271e+06
1.62538e+06 1.6203e+06 1.60426e+06 1.63812e+06
1.60766e+06 1.62341e+06 1.64065e+06 1.62112e+06
1.59178e+06 1.60773e+06 1.62098e+06 1.60911e+06
1.59134e+06 1.55002e+06 1.59454e+06 1.62792e+06
1.6136e+06 1.6241e+06 1.6209e+06 1.60382e+06
1.64576e+06 1.58856e+06 1.59728e+06 1.69538e+06
1.62852e+06 1.63808e+06 1.59873e+06 1.68222e+06
1.63948e+06 1.56184e+06 1.59086e+06 1.6438e+06
1.62782e+06 1.59957e+06 1.63608e+06 1.61633e+06
1.59292e+06 1.59073e+06 1.59956e+06 1.64111e+06
1.65938e+06 1.61745e+06 1.57881e+06 1.61102e+06
1.62225e+06 1.60081e+06 1.65256e+06 1.63356e+06
1.57766e+06 1.61238e+06 1.59703e+06 1.63764e+06
1.62612e+06 1.53063e+06 1.61218e+06 1.61037e+06
1.62187e+06 1.59419e+06 1.64241e+06 1.64222e+06
1.65025e+06 1.56431e+06 1.64818e+06 1.6397e+06
1.62245e+06 1.6568e+06 1.62117e+06 1.60247e+06
1.60305e+06 1.57689e+06 1.66278e+06 1.60468e+06
1.61938e+06 1.61662e+06 1.61715e+06 1.61078e+06
1.67846e+06 1.59098e+06 1.613e+06 1.66616e+06
1.66001e+06 1.57225e+06 1.67582e+06 1.69226e+06
1.68831e+06 1.56141e+06 1.62687e+06 1.60843e+06
1.62713e+06 1.61442e+06 1.58722e+06 1.65151e+06
1.6167e+06 1.59868e+06 1.61688e+06 1.64121e+06
1.61805e+06 1.57388e+06 1.62277e+06 1.60262e+06
1.63998e+06 1.61032e+06 1.61954e+06 1.61044e+06
1.65381e+06 1.61153e+06 1.61288e+06 1.63886e+06
1.61373e+06 1.55621e+06 1.63011e+06 1.62106e+06
1.63773e+06 1.58458e+06 1.62145e+06 1.65521e+06
1.55443e+06 1.61514e+06 1.6281e+06 1.64735e+06
1.62438e+06 1.57265e+06 1.68352e+06 1.60549e+06
1.66876e+06 1.5773e+06 1.59646e+06 1.59687e+06
1.62188e+06 1.59593e+06 1.63355e+06 1.61281e+06
1.63983e+06 1.57918e+06 1.62032e+06 1.57044e+06
1.61781e+06 1.58801e+06 1.63816e+06 1.61677e+06
1.61935e+06 1.59711e+06 1.59791e+06 1.61459e+06
1.59918e+06 1.57426e+06 1.63079e+06 1.65026e+06
1.60939e+06 1.59349e+06 1.60319e+06 1.65689e+06
1.64861e+06 1.5924e+06 1.62396e+06 1.6184e+06
1.60209e+06 1.60381e+06 1.61545e+06 1.63399e+06
1.69021e+06 1.62528e+06 1.62806e+06 1.6318e+06
1.61768e+06 1.58333e+06 1.6376e+06 1.61798e+06
1.62504e+06 1.62104e+06 1.64307e+06 1.6485e+06
1.61007e+06 1.56512e+06 1.63166e+06 1.60458e+06
1.63146e+06 1.61122e+06 1.64399e+06 1.64631e+06
1.57601e+06 1.61536e+06 1.64939e+06 1.56406e+06
1.62194e+06 1.56478e+06 1.6535e+06 1.65495e+06
1.63917e+06 1.60521e+06 1.65865e+06 1.61004e+06
1.59156e+06 1.58818e+06 1.63795e+06 1.62857e+06
1.61426e+06 1.59391e+06 1.60658e+06 1.65772e+06
1.5945e+06 1.58406e+06 1.58313e+06 1.64227e+06
1.63248e+06 1.63508e+06 1.67694e+06 1.57715e+06
1.66717e+06 1.62421e+06 1.61882e+06 1.6129e+06
1.64119e+06 1.61692e+06 1.60953e+06 1.66721e+06
1.61829e+06 1.60465e+06 1.63116e+06 1.60746e+06
1.68876e+06 1.59689e+06 1.60105e+06 1.61118e+06
1.6213e+06 1.59824e+06 1.61649e+06 1.6504e+06
1.60447e+06 1.60945e+06 1.62642e+06 1.61577e+06
1.63194e+06 1.5872e+06 1.56865e+06 1.69755e+06
1.61293e+06 1.58938e+06 1.60929e+06 1.59218e+06
1.59703e+06 1.64209e+06 1.5962e+06 1.65855e+06
1.57424e+06 1.59759e+06 1.61638e+06 1.62137e+06
1.6648e+06 1.57334e+06 1.65675e+06 1.6472e+06
1.65206e+06 1.59875e+06 1.63678e+06 1.60815e+06
1.61608e+06 1.59834e+06 1.64051e+06 1.68913e+06
1.61964e+06 1.60706e+06 1.60022e+06 1.62389e+06
1.61124e+06 1.58706e+06 1.61692e+06 1.69241e+06
1.6261e+06 1.59052e+06 1.59243e+06 1.61831e+06
1.67041e+06 1.56591e+06 1.59968e+06 1.65798e+06
1.62618e+06 1.58619e+06 1.63401e+06 1.61323e+06
1.60662e+06 1.64093e+06 1.65284e+06 1.64128e+06
1.59899e+06 1.61849e+06 1.62262e+06 1.64705e+06
1.60673e+06 1.60095e+06 1.61441e+06 1.67594e+06
1.64284e+06 1.59246e+06 1.63005e+06 1.62294e+06
1.62849e+06 1.63107e+06 1.6399e+06 1.68182e+06
1.64107e+06 1.61825e+06 1.64489e+06 1.65238e+06
1.57113e+06 1.58858e+06 1.63764e+06 1.62711e+06
1.611e+06 1.62474e+06 1.59783e+06 1.59387e+06
1.60488e+06 1.56914e+06 1.66516e+06 1.61509e+06
1.6234e+06 1.56806e+06 1.62766e+06 1.56579e+06
1.64266e+06 1.60127e+06 1.61197e+06 1.5883e+06
1.63978e+06 1.61137e+06 1.61646e+06 1.58995e+06
1.64035e+06 1.57628e+06 1.60228e+06 1.67671e+06
1.65852e+06 1.58609e+06 1.62631e+06 1.61676e+06
1.61419e+06 1.60669e+06 1.65947e+06 1.6423e+06
1.65885e+06 1.64718e+06 1.65078e+06 1.62635e+06
1.59921e+06 1.63146e+06 1.60992e+06 1.61671e+06
1.64419e+06 1.59925e+06 1.61569e+06 1.62048e+06
