32 4.34164
1.67332e+06 1.50954e+06 1.60626e+06 1.61163e+06
1.63048e+06 1.576e+06 1.5296e+06 1.6405e+06
1.62538e+06 1.49114e+06 1.62914e+06 1.65143e+06
1.61934e+06 1.64337e+06 1.61361e+06 1.54385e+06
1.60314e+06 1.56712e+06 1.67845e+06 1.55623e+06
1.59786e+06 1.63538e+06 1.53356e+06 1.69572e+06
1.58644e+06 1.58293e+06 1.64383e+06 1.53107e+06
1.53724e+06 1.55144e+06 1.60324e+06 1.5973e+06
1.59786e+06 1.63538e+06 1.53356e+06 1.69572e+06
1.65258e+06 1.50111e+06 1.61813e+06 1.6191e+06
1.55497e+06 1.62586e+06 1.59227e+06 1.60055e+06
1.61388e+06 1.61366e+06 1.53422e+06 1.6122e+06
1.5516e+06 1.57115e+06 1.59121e+06 1.61873e+06
1.63409e+06 1.57774e+06 1.54104e+06 1.62413e+06
1.62538e+06 1.49114e+06 1.62914e+06 1.65143e+06
1.61096e+06 1.53223e+06 1.66854e+06 1.58651e+06
1.58329e+06 1.60425e+06 1.56275e+06 1.58311e+06
1.61455e+06 1.60109e+06 1.54482e+06 1.65053e+06
1.54305e+06 1.5387e+06 1.63155e+06 1.60095e+06
1.62462e+06 1.64274e+06 1.58827e+06 1.54114e+06
1.5704e+06 1.54386e+06 1.55531e+06 1.58977e+06
1.60811e+06 1.51746e+06 1.5894e+06 1.6563e+06
1.55497e+06 1.62586e+06 1.59227e+06 1.60055e+06
1.60264e+06 1.53575e+06 1.54904e+06 1.68399e+06
1.58163e+06 1.52382e+06 1.59904e+06 1.66647e+06
1.61799e+06 1.5435e+06 1.66183e+06 1.56964e+06
1.63048e+06 1.576e+06 1.5296e+06 1.6405e+06
1.64283e+06 1.5417e+06 1.56946e+06 1.62324e+06
1.66426e+06 1.5449e+06 1.66115e+06 1.55938e+06
1.59975e+06 1.56593e+06 1.63427e+06 1.5758e+06
1.58923e+06 1.56227e+06 1.64754e+06 1.56308e+06
1.56006e+06 1.51567e+06 1.6211e+06 1.66827e+06
1.6478e+06 1.53421e+06 1.61866e+06 1.59134e+06
1.61096e+06 1.53223e+06 1.66854e+06 1.58651e+06
1.66432e+06 1.5917e+06 1.59074e+06 1.54871e+06
1.60225e+06 1.52885e+06 1.61124e+06 1.60677e+06
1.56556e+06 1.60946e+06 1.56455e+06 1.61755e+06
1.58871e+06 1.58388e+06 1.55365e+06 1.61411e+06
1.66223e+06 1.59497e+06 1.62348e+06 1.54456e+06
1.56375e+06 1.60951e+06 1.5855e+06 1.62247e+06
1.62199e+06 1.55227e+06 1.63676e+06 1.55773e+06
1.53724e+06 1.55144e+06 1.60324e+06 1.5973e+06
1.63807e+06 1.55267e+06 1.56955e+06 1.58576e+06
1.66432e+06 1.5917e+06 1.59074e+06 1.54871e+06
1.58644e+06 1.58293e+06 1.64383e+06 1.53107e+06
1.62922e+06 1.51157e+06 1.6214e+06 1.6559e+06
1.57471e+06 1.51989e+06 1.65362e+06 1.59063e+06
1.56518e+06 1.55467e+06 1.60753e+06 1.57818e+06
1.57471e+06 1.51989e+06 1.65362e+06 1.59063e+06
1.61683e+06 1.54044e+06 1.5701e+06 1.6209e+06
1.60533e+06 1.52576e+06 1.61032e+06 1.6303e+06
1.57527e+06 1.57446e+06 1.55159e+06 1.63872e+06
1.67269e+06 1.50627e+06 1.59383e+06 1.63104e+06
1.66991e+06 1.5563e+06 1.61421e+06 1.55966e+06
1.66991e+06 1.5563e+06 1.61421e+06 1.55966e+06
1.55872e+06 1.59938e+06 1.62632e+06 1.59243e+06
1.58317e+06 1.51232e+06 1.61504e+06 1.66309e+06
1.61759e+06 1.52664e+06 1.57926e+06 1.67396e+06
1.54499e+06 1.55104e+06 1.61677e+06 1.64023e+06
1.56067e+06 1.60425e+06 1.59836e+06 1.60369e+06
1.60006e+06 1.51895e+06 1.62247e+06 1.63492e+06
1.56442e+06 1.57568e+06 1.573e+06 1.54994e+06
1.55872e+06 1.59938e+06 1.62632e+06 1.59243e+06
1.61403e+06 1.53628e+06 1.56499e+06 1.68174e+06
1.63961e+06 1.5633e+06 1.53932e+06 1.63211e+06
1.59572e+06 1.58251e+06 1.54717e+06 1.57187e+06
1.60615e+06 1.56207e+06 1.58493e+06 1.566e+06
1.56115e+06 1.60698e+06 1.58973e+06 1.61214e+06
1.61517e+06 1.54309e+06 1.5749e+06 1.62662e+06
1.58329e+06 1.60425e+06 1.56275e+06 1.58311e+06
1.57586e+06 1.53502e+06 1.57798e+06 1.57807e+06
1.60796e+06 1.60575e+06 1.61992e+06 1.53658e+06
1.65995e+06 1.54803e+06 1.55352e+06 1.61203e+06
1.61672e+06 1.53074e+06 1.53969e+06 1.64727e+06
1.64842e+06 1.56906e+06 1.6042e+06 1.56511e+06
1.66223e+06 1.59497e+06 1.62348e+06 1.54456e+06
1.56711e+06 1.53602e+06 1.58607e+06 1.62517e+06
1.61759e+06 1.52664e+06 1.57926e+06 1.67396e+06
1.61992e+06 1.52094e+06 1.58044e+06 1.61228e+06
1.61934e+06 1.64337e+06 1.61361e+06 1.54385e+06
1.5704e+06 1.54386e+06 1.55531e+06 1.58977e+06
1.62267e+06 1.53653e+06 1.57678e+06 1.58597e+06
1.61403e+06 1.53628e+06 1.56499e+06 1.68174e+06
1.59717e+06 1.52786e+06 1.58794e+06 1.61012e+06
1.6255e+06 1.5096e+06 1.65012e+06 1.62408e+06
1.61524e+06 1.58078e+06 1.62197e+06 1.54941e+06
1.60058e+06 1.53736e+06 1.62752e+06 1.57702e+06
1.62593e+06 1.56085e+06 1.61628e+06 1.56766e+06
1.56815e+06 1.54909e+06 1.57841e+06 1.61919e+06
1.60796e+06 1.60575e+06 1.61992e+06 1.53658e+06
1.60648e+06 1.52389e+06 1.62728e+06 1.599e+06
1.65644e+06 1.53164e+06 1.62834e+06 1.56788e+06
1.62788e+06 1.5207e+06 1.59051e+06 1.63939e+06
1.59345e+06 1.53213e+06 1.62072e+06 1.60784e+06
1.65783e+06 1.54995e+06 1.58856e+06 1.57141e+06
1.59885e+06 1.57087e+06 1.60554e+06 1.57118e+06
1.66421e+06 1.52846e+06 1.59383e+06 1.59982e+06
1.63974e+06 1.5705e+06 1.61572e+06 1.54686e+06
1.64324e+06 1.50693e+06 1.60077e+06 1.65136e+06
1.61388e+06 1.61366e+06 1.53422e+06 1.6122e+06
1.59946e+06 1.52048e+06 1.64924e+06 1.60849e+06
1.65395e+06 1.55347e+06 1.61726e+06 1.56851e+06
1.58664e+06 1.51439e+06 1.60822e+06 1.66414e+06
1.62171e+06 1.55855e+06 1.59511e+06 1.57333e+06
1.55765e+06 1.54506e+06 1.57578e+06 1.63465e+06
1.56442e+06 1.57568e+06 1.573e+06 1.54994e+06
1.61659e+06 1.56078e+06 1.54698e+06 1.6215e+06
1.63961e+06 1.5633e+06 1.53932e+06 1.63211e+06
1.56864e+06 1.53909e+06 1.60303e+06 1.62349e+06
1.55765e+06 1.54506e+06 1.57578e+06 1.63465e+06
1.58871e+06 1.58388e+06 1.55365e+06 1.61411e+06
1.61163e+06 1.51675e+06 1.60834e+06 1.62423e+06
1.61533e+06 1.52986e+06 1.58267e+06 1.61828e+06
1.6483e+06 1.50743e+06 1.59766e+06 1.64874e+06
1.61146e+06 1.57713e+06 1.54814e+06 1.62371e+06
1.67332e+06 1.50954e+06 1.60626e+06 1.61163e+06
1.61286e+06 1.55809e+06 1.60275e+06 1.57394e+06
1.64908e+06 1.55067e+06 1.63128e+06 1.55746e+06
1.56512e+06 1.54352e+06 1.61526e+06 1.61452e+06
1.58224e+06 1.52664e+06 1.62208e+06 1.60219e+06
1.60702e+06 1.52363e+06 1.62486e+06 1.60843e+06
1.56453e+06 1.56885e+06 1.60168e+06 1.59027e+06
1.63131e+06 1.51094e+06 1.59903e+06 1.62846e+06
1.61407e+06 1.52342e+06 1.58015e+06 1.66789e+06
1.6483e+06 1.50743e+06 1.59766e+06 1.64874e+06
1.60034e+06 1.52803e+06 1.64733e+06 1.60147e+06
1.57527e+06 1.57446e+06 1.55159e+06 1.63872e+06
1.5825e+06 1.53463e+06 1.61923e+06 1.61019e+06
1.65104e+06 1.55091e+06 1.59001e+06 1.57304e+06
1.62462e+06 1.64274e+06 1.58827e+06 1.54114e+06
1.63131e+06 1.51094e+06 1.59903e+06 1.62846e+06
1.59632e+06 1.5606e+06 1.55011e+06 1.57624e+06
1.60264e+06 1.53575e+06 1.54904e+06 1.68399e+06
1.63974e+06 1.5705e+06 1.61572e+06 1.54686e+06
1.60696e+06 1.521e+06 1.61675e+06 1.62897e+06
1.55614e+06 1.56729e+06 1.60113e+06 1.62219e+06
1.61533e+06 1.52986e+06 1.58267e+06 1.61828e+06
1.62171e+06 1.55855e+06 1.59511e+06 1.57333e+06
1.59228e+06 1.52631e+06 1.61985e+06 1.61431e+06
1.59124e+06 1.52622e+06 1.60898e+06 1.6258e+06
1.62199e+06 1.55227e+06 1.63676e+06 1.55773e+06
1.65995e+06 1.54803e+06 1.55352e+06 1.61203e+06
1.65743e+06 1.52223e+06 1.62809e+06 1.60813e+06
1.67269e+06 1.50627e+06 1.59383e+06 1.63104e+06
1.64324e+06 1.50693e+06 1.60077e+06 1.65136e+06
1.58664e+06 1.51439e+06 1.60822e+06 1.66414e+06
1.61286e+06 1.55809e+06 1.60275e+06 1.57394e+06
1.61672e+06 1.53074e+06 1.53969e+06 1.64727e+06
1.63888e+06 1.53147e+06 1.62802e+06 1.59033e+06
1.65395e+06 1.55347e+06 1.61726e+06 1.56851e+06
1.59124e+06 1.52622e+06 1.60898e+06 1.6258e+06
1.58317e+06 1.51232e+06 1.61504e+06 1.66309e+06
1.59632e+06 1.5606e+06 1.55011e+06 1.57624e+06
1.65097e+06 1.52242e+06 1.60786e+06 1.60747e+06
1.57586e+06 1.53502e+06 1.57798e+06 1.57807e+06
1.54499e+06 1.55104e+06 1.61677e+06 1.64023e+06
1.64908e+06 1.55067e+06 1.63128e+06 1.55746e+06
1.63965e+06 1.56644e+06 1.61034e+06 1.55752e+06
1.55614e+06 1.56729e+06 1.60113e+06 1.62219e+06
1.65097e+06 1.52242e+06 1.60786e+06 1.60747e+06
1.60034e+06 1.52803e+06 1.64733e+06 1.60147e+06
1.67269e+06 1.50627e+06 1.59383e+06 1.63104e+06
1.66223e+06 1.59497e+06 1.62348e+06 1.54456e+06
1.62199e+06 1.55227e+06 1.63676e+06 1.55773e+06
1.61672e+06 1.53074e+06 1.53969e+06 1.64727e+06
1.61286e+06 1.55809e+06 1.60275e+06 1.57394e+06
1.59786e+06 1.63538e+06 1.53356e+06 1.69572e+06
1.58664e+06 1.51439e+06 1.60822e+06 1.66414e+06
1.57527e+06 1.57446e+06 1.55159e+06 1.63872e+06
1.67654e+06 1.52858e+06 1.58922e+06 1.63626e+06
1.66514e+06 1.62412e+06 1.57992e+06 1.59083e+06
1.64894e+06 1.58834e+06 1.56331e+06 1.6219e+06
1.6305e+06 1.51954e+06 1.66156e+06 1.63322e+06
1.62735e+06 1.56823e+06 1.60368e+06 1.566e+06
1.62432e+06 1.51939e+06 1.61978e+06 1.69392e+06
1.55985e+06 1.58194e+06 1.60579e+06 1.64184e+06
1.6263e+06 1.55072e+06 1.57256e+06 1.67287e+06
1.61912e+06 1.61331e+06 1.56698e+06 1.64899e+06
1.59585e+06 1.54194e+06 1.64113e+06 1.64192e+06
1.61214e+06 1.60672e+06 1.62624e+06 1.57726e+06
1.57872e+06 1.58759e+06 1.59676e+06 1.60937e+06
1.64154e+06 1.55433e+06 1.65438e+06 1.5894e+06
1.60453e+06 1.56007e+06 1.58584e+06 1.65542e+06
1.56172e+06 1.54785e+06 1.65662e+06 1.61866e+06
1.58594e+06 1.57229e+06 1.58254e+06 1.65378e+06
1.66588e+06 1.54289e+06 1.59495e+06 1.58233e+06
1.59138e+06 1.5938e+06 1.59187e+06 1.58562e+06
1.65971e+06 1.53437e+06 1.60213e+06 1.63423e+06
1.61669e+06 1.59904e+06 1.57143e+06 1.61605e+06
1.6392e+06 1.55797e+06 1.60956e+06 1.59945e+06
1.60925e+06 1.53765e+06 1.62065e+06 1.62889e+06
1.6317e+06 1.53342e+06 1.60852e+06 1.63695e+06
1.60173e+06 1.59307e+06 1.60907e+06 1.60716e+06
1.60767e+06 1.58574e+06 1.6344e+06 1.61745e+06
1.62798e+06 1.57728e+06 1.60266e+06 1.57223e+06
1.62016e+06 1.55751e+06 1.62408e+06 1.59732e+06
1.60384e+06 1.56326e+06 1.61352e+06 1.62259e+06
1.64664e+06 1.57804e+06 1.59862e+06 1.60892e+06
1.61619e+06 1.56277e+06 1.65851e+06 1.58599e+06
1.5963e+06 1.56619e+06 1.58537e+06 1.62277e+06
1.62513e+06 1.54674e+06 1.63353e+06 1.59026e+06
1.60216e+06 1.57865e+06 1.62943e+06 1.61953e+06
1.61411e+06 1.55569e+06 1.61999e+06 1.62642e+06
1.59484e+06 1.57884e+06 1.63414e+06 1.64066e+06
1.63122e+06 1.55801e+06 1.59588e+06 1.61503e+06
1.62361e+06 1.56672e+06 1.60306e+06 1.59232e+06
1.60886e+06 1.57191e+06 1.60131e+06 1.61618e+06
1.62211e+06 1.56532e+06 1.60412e+06 1.59077e+06
1.63158e+06 1.55475e+06 1.58113e+06 1.62141e+06
1.68159e+06 1.59264e+06 1.62115e+06 1.59897e+06
1.65788e+06 1.5748e+06 1.65297e+06 1.5796e+06
1.64636e+06 1.62021e+06 1.58541e+06 1.65681e+06
1.62819e+06 1.56854e+06 1.61588e+06 1.68103e+06
1.61251e+06 1.54527e+06 1.62109e+06 1.64444e+06
1.60372e+06 1.63565e+06 1.61295e+06 1.61016e+06
1.60044e+06 1.59836e+06 1.68232e+06 1.61095e+06
1.5673e+06 1.59984e+06 1.65866e+06 1.62637e+06
1.57178e+06 1.61237e+06 1.62823e+06 1.66474e+06
1.66758e+06 1.59305e+06 1.613e+06 1.58738e+06
1.63251e+06 1.57178e+06 1.67487e+06 1.6007e+06
1.58306e+06 1.63202e+06 1.60034e+06 1.65302e+06
1.65325e+06 1.56277e+06 1.64299e+06 1.61321e+06
1.59432e+06 1.60391e+06 1.63511e+06 1.60682e+06
1.62136e+06 1.59342e+06 1.66234e+06 1.60264e+06
1.6159e+06 1.58634e+06 1.58838e+06 1.64244e+06
1.64492e+06 1.6325e+06 1.5918e+06 1.62893e+06
1.5911e+06 1.60126e+06 1.606e+06 1.63643e+06
1.61791e+06 1.5567e+06 1.62057e+06 1.63894e+06
1.61179e+06 1.54598e+06 1.6231e+06 1.65298e+06
1.63595e+06 1.60019e+06 1.59587e+06 1.60067e+06
1.609e+06 1.56422e+06 1.63356e+06 1.6624e+06
1.65546e+06 1.57417e+06 1.63876e+06 1.59974e+06
1.63206e+06 1.57782e+06 1.61321e+06 1.6319e+06
1.59611e+06 1.59187e+06 1.63096e+06 1.6216e+06
1.62336e+06 1.5836e+06 1.62252e+06 1.59622e+06
1.64732e+06 1.58324e+06 1.65401e+06 1.60418e+06
1.58201e+06 1.59271e+06 1.66025e+06 1.6364e+06
1.60539e+06 1.59965e+06 1.60366e+06 1.5861e+06
1.58452e+06 1.59869e+06 1.6201e+06 1.63371e+06
1.63946e+06 1.58381e+06 1.5938e+06 1.63511e+06
1.61162e+06 1.59494e+06 1.65657e+06 1.62005e+06
1.64571e+06 1.5674e+06 1.61214e+06 1.6456e+06
1.61865e+06 1.57634e+06 1.61158e+06 1.63946e+06
1.61346e+06 1.58384e+06 1.6036e+06 1.65158e+06
1.62402e+06 1.57354e+06 1.64277e+06 1.6156e+06
1.61445e+06 1.56459e+06 1.62611e+06 1.64292e+06
1.60211e+06 1.59825e+06 1.61851e+06 1.63425e+06
1.65318e+06 1.55716e+06 1.62762e+06 1.6228e+06
1.62542e+06 1.57125e+06 1.59332e+06 1.65576e+06
1.61801e+06 1.58176e+06 1.60338e+06 1.61782e+06
1.61084e+06 1.58138e+06 1.62318e+06 1.6455e+06
1.59924e+06 1.56779e+06 1.66146e+06 1.62488e+06
1.63098e+06 1.5735e+06 1.60976e+06 1.6376e+06
1.61367e+06 1.58621e+06 1.60456e+06 1.62288e+06
1.62335e+06 1.59249e+06 1.63189e+06 1.60459e+06
1.6305e+06 1.56873e+06 1.62879e+06 1.625e+06
1.65285e+06 1.57228e+06 1.628e+06 1.61036e+06
1.5995e+06 1.5698e+06 1.61255e+06 1.6543e+06
1.61028e+06 1.59826e+06 1.61699e+06 1.59839e+06
1.60788e+06 1.55708e+06 1.66033e+06 1.61948e+06
1.61438e+06 1.57303e+06 1.63545e+06 1.62121e+06
1.60137e+06 1.5717e+06 1.63071e+06 1.62776e+06
1.61467e+06 1.58162e+06 1.61025e+06 1.63683e+06
1.62458e+06 1.57274e+06 1.62174e+06 1.62694e+06
1.60413e+06 1.58155e+06 1.64288e+06 1.62695e+06
1.66884e+06 1.64078e+06 1.60502e+06 1.64538e+06
1.65146e+06 1.57376e+06 1.59801e+06 1.6729e+06
1.64425e+06 1.54639e+06 1.64606e+06 1.6521e+06
1.6391e+06 1.58672e+06 1.6649e+06 1.63069e+06
1.62799e+06 1.55448e+06 1.65115e+06 1.67706e+06
1.62698e+06 1.61693e+06 1.65137e+06 1.58847e+06
1.60409e+06 1.58118e+06 1.63503e+06 1.64878e+06
1.61988e+06 1.6188e+06 1.61504e+06 1.6152e+06
1.65968e+06 1.58601e+06 1.63811e+06 1.59822e+06
1.63429e+06 1.57152e+06 1.64123e+06 1.63392e+06
1.62277e+06 1.56349e+06 1.63141e+06 1.65457e+06
1.61144e+06 1.60484e+06 1.65935e+06 1.64461e+06
1.621e+06 1.60819e+06 1.61082e+06 1.6292e+06
1.63916e+06 1.58897e+06 1.63836e+06 1.61732e+06
1.61766e+06 1.59282e+06 1.62366e+06 1.67368e+06
1.65754e+06 1.60049e+06 1.6114e+06 1.59274e+06
1.6106e+06 1.61577e+06 1.60638e+06 1.63184e+06
1.61554e+06 1.60623e+06 1.62374e+06 1.64157e+06
1.6234e+06 1.60061e+06 1.61652e+06 1.63719e+06
1.62765e+06 1.60146e+06 1.63014e+06 1.59376e+06
1.61611e+06 1.5643e+06 1.63317e+06 1.64507e+06
1.62237e+06 1.58768e+06 1.64835e+06 1.63818e+06
1.62113e+06 1.57189e+06 1.64885e+06 1.6372e+06
1.67882e+06 1.61059e+06 1.62423e+06 1.61896e+06
1.66299e+06 1.5831e+06 1.6175e+06 1.69162e+06
1.65269e+06 1.57487e+06 1.64958e+06 1.63833e+06
1.62476e+06 1.62184e+06 1.62406e+06 1.62326e+06
1.60633e+06 1.59329e+06 1.63988e+06 1.65206e+06
1.63416e+06 1.60131e+06 1.62376e+06 1.6443e+06
1.61241e+06 1.59136e+06 1.63605e+06 1.68014e+06
1.62247e+06 1.59424e+06 1.63416e+06 1.66718e+06
1.65521e+06 1.61936e+06 1.63296e+06 1.62269e+06
1.62954e+06 1.61023e+06 1.63548e+06 1.65045e+06
1.61772e+06 1.6204e+06 1.63567e+06 1.63424e+06
1.64842e+06 1.61478e+06 1.63671e+06 1.65936e+06
1.67874e+06 1.6327e+06 1.56908e+06 1.56881e+06
1.63331e+06 1.62101e+06 1.59595e+06 1.52975e+06
1.63212e+06 1.58468e+06 1.54363e+06 1.64078e+06
1.62192e+06 1.50179e+06 1.58872e+06 1.59694e+06
1.60654e+06 1.64808e+06 1.62465e+06 1.54112e+06
1.57614e+06 1.60996e+06 1.68729e+06 1.58309e+06
1.5729e+06 1.56651e+06 1.59938e+06 1.67762e+06
1.53604e+06 1.61521e+06 1.62732e+06 1.65925e+06
1.53604e+06 1.61521e+06 1.62732e+06 1.65925e+06
1.56612e+06 1.6162e+06 1.66362e+06 1.58418e+06
1.60771e+06 1.55894e+06 1.56072e+06 1.67388e+06
1.5914e+06 1.5141e+06 1.59743e+06 1.61561e+06
1.65783e+06 1.58916e+06 1.63697e+06 1.56007e+06
1.66067e+06 1.58149e+06 1.63105e+06 1.54509e+06
1.60111e+06 1.61547e+06 1.67852e+06 1.55187e+06
1.57614e+06 1.60996e+06 1.68729e+06 1.58309e+06
1.67874e+06 1.6327e+06 1.56908e+06 1.56881e+06
1.66767e+06 1.59084e+06 1.6201e+06 1.56037e+06
1.57655e+06 1.56388e+06 1.59264e+06 1.6348e+06
1.54394e+06 1.59324e+06 1.60176e+06 1.62846e+06
1.61526e+06 1.64619e+06 1.62589e+06 1.55966e+06
1.59152e+06 1.64182e+06 1.55343e+06 1.61726e+06
1.62192e+06 1.50179e+06 1.58872e+06 1.59694e+06
1.58537e+06 1.522e+06 1.60261e+06 1.58286e+06
1.57918e+06 1.58537e+06 1.57709e+06 1.57407e+06
1.64558e+06 1.57693e+06 1.54508e+06 1.60973e+06
1.64e+06 1.5216e+06 1.58359e+06 1.6118e+06
1.66603e+06 1.53698e+06 1.56574e+06 1.65369e+06
1.61283e+06 1.5988e+06 1.65568e+06 1.53202e+06
1.64872e+06 1.56774e+06 1.57231e+06 1.58849e+06
1.5649e+06 1.52308e+06 1.62131e+06 1.60612e+06
1.62631e+06 1.6221e+06 1.62981e+06 1.55063e+06
1.56789e+06 1.57033e+06 1.55222e+06 1.62056e+06
1.55589e+06 1.59141e+06 1.60867e+06 1.62991e+06
1.6637e+06 1.54158e+06 1.60793e+06 1.56893e+06
1.60111e+06 1.61547e+06 1.67852e+06 1.55187e+06
1.60654e+06 1.64808e+06 1.62465e+06 1.54112e+06
1.66603e+06 1.53698e+06 1.56574e+06 1.65369e+06
1.54509e+06 1.62704e+06 1.62446e+06 1.62126e+06
1.55941e+06 1.59667e+06 1.58288e+06 1.64294e+06
1.63969e+06 1.62911e+06 1.54894e+06 1.59886e+06
1.62576e+06 1.55435e+06 1.65145e+06 1.56925e+06
1.56256e+06 1.57464e+06 1.60989e+06 1.62548e+06
1.60884e+06 1.54786e+06 1.59123e+06 1.60422e+06
1.62442e+06 1.54631e+06 1.646e+06 1.58014e+06
1.5914e+06 1.5141e+06 1.59743e+06 1.61561e+06
1.5763e+06 1.63714e+06 1.63232e+06 1.57984e+06
1.57141e+06 1.55832e+06 1.6007e+06 1.62795e+06
1.6047e+06 1.58627e+06 1.55421e+06 1.58311e+06
1.59993e+06 1.56194e+06 1.56314e+06 1.64632e+06
1.63554e+06 1.6107e+06 1.6056e+06 1.55585e+06
1.60614e+06 1.53084e+06 1.59345e+06 1.60561e+06
1.57064e+06 1.56615e+06 1.65999e+06 1.59419e+06
1.55571e+06 1.59389e+06 1.62926e+06 1.58984e+06
1.56003e+06 1.62233e+06 1.62392e+06 1.6056e+06
1.57999e+06 1.57876e+06 1.54726e+06 1.65055e+06
1.57093e+06 1.5681e+06 1.60451e+06 1.63849e+06
1.65298e+06 1.57528e+06 1.55021e+06 1.60523e+06
1.58403e+06 1.58468e+06 1.63967e+06 1.55869e+06
1.65269e+06 1.5815e+06 1.64393e+06 1.55362e+06
1.58321e+06 1.60447e+06 1.66076e+06 1.55876e+06
1.61837e+06 1.54857e+06 1.58685e+06 1.58385e+06
1.54737e+06 1.61351e+06 1.61304e+06 1.62483e+06
1.65932e+06 1.59508e+06 1.5548e+06 1.57519e+06
1.64444e+06 1.59951e+06 1.62423e+06 1.56213e+06
1.54968e+06 1.62979e+06 1.58966e+06 1.60826e+06
1.57048e+06 1.57969e+06 1.62104e+06 1.58678e+06
1.62124e+06 1.61516e+06 1.63304e+06 1.56237e+06
1.57781e+06 1.60374e+06 1.61743e+06 1.57575e+06
1.60721e+06 1.54014e+06 1.58498e+06 1.62454e+06
1.59259e+06 1.58206e+06 1.63053e+06 1.56441e+06
1.62257e+06 1.62018e+06 1.55014e+06 1.59972e+06
1.60114e+06 1.5709e+06 1.61983e+06 1.57992e+06
1.61402e+06 1.56828e+06 1.64112e+06 1.57874e+06
1.62193e+06 1.62756e+06 1.65151e+06 1.5543e+06
1.5729e+06 1.56651e+06 1.59938e+06 1.67762e+06
1.59612e+06 1.57228e+06 1.56037e+06 1.57998e+06
1.5776e+06 1.60679e+06 1.60326e+06 1.56317e+06
1.56037e+06 1.58369e+06 1.60845e+06 1.61212e+06
1.62526e+06 1.52878e+06 1.58289e+06 1.62585e+06
1.61376e+06 1.54438e+06 1.54366e+06 1.61181e+06
1.55941e+06 1.59667e+06 1.58288e+06 1.64294e+06
1.57702e+06 1.56308e+06 1.57363e+06 1.58054e+06
1.63331e+06 1.62101e+06 1.59595e+06 1.52975e+06
1.60666e+06 1.54557e+06 1.56184e+06 1.62923e+06
1.59405e+06 1.60474e+06 1.56489e+06 1.5875e+06
1.63113e+06 1.56294e+06 1.59702e+06 1.57208e+06
1.5493e+06 1.6399e+06 1.61759e+06 1.59762e+06
1.57752e+06 1.55158e+06 1.57204e+06 1.59157e+06
1.55083e+06 1.59349e+06 1.56789e+06 1.64805e+06
1.60673e+06 1.57792e+06 1.62661e+06 1.56667e+06
1.61164e+06 1.59378e+06 1.62852e+06 1.56447e+06
1.57689e+06 1.59393e+06 1.57016e+06 1.59928e+06
1.62374e+06 1.61509e+06 1.58303e+06 1.57319e+06
1.57999e+06 1.57876e+06 1.54726e+06 1.65055e+06
1.60651e+06 1.57133e+06 1.58336e+06 1.57668e+06
1.56224e+06 1.60673e+06 1.60317e+06 1.62569e+06
1.57752e+06 1.55158e+06 1.57204e+06 1.59157e+06
1.64117e+06 1.55044e+06 1.61396e+06 1.57968e+06
1.60028e+06 1.61396e+06 1.58445e+06 1.56254e+06
1.59609e+06 1.5787e+06 1.55145e+06 1.60005e+06
1.61239e+06 1.55608e+06 1.65382e+06 1.57504e+06
1.59612e+06 1.57228e+06 1.56037e+06 1.57998e+06
1.56612e+06 1.6162e+06 1.66362e+06 1.58418e+06
1.60524e+06 1.59565e+06 1.54951e+06 1.60718e+06
1.64117e+06 1.55044e+06 1.61396e+06 1.57968e+06
1.59993e+06 1.56194e+06 1.56314e+06 1.64632e+06
1.63554e+06 1.6107e+06 1.6056e+06 1.55585e+06
1.62934e+06 1.62031e+06 1.55376e+06 1.58413e+06
1.5493e+06 1.6399e+06 1.61759e+06 1.59762e+06
1.62526e+06 1.52878e+06 1.58289e+06 1.62585e+06
1.55083e+06 1.59349e+06 1.56789e+06 1.64805e+06
1.61959e+06 1.63184e+06 1.54461e+06 1.59628e+06
1.57002e+06 1.57285e+06 1.61995e+06 1.60509e+06
1.62494e+06 1.5998e+06 1.60534e+06 1.5665e+06
1.61318e+06 1.56796e+06 1.56643e+06 1.60732e+06
1.58412e+06 1.54671e+06 1.57582e+06 1.60656e+06
1.59405e+06 1.60474e+06 1.56489e+06 1.5875e+06
1.63116e+06 1.55516e+06 1.61454e+06 1.57211e+06
1.56964e+06 1.59048e+06 1.60856e+06 1.59979e+06
1.62448e+06 1.59876e+06 1.62885e+06 1.55416e+06
1.61283e+06 1.5988e+06 1.65568e+06 1.53202e+06
1.54593e+06 1.56629e+06 1.61573e+06 1.64257e+06
1.60913e+06 1.56026e+06 1.56818e+06 1.60003e+06
1.61402e+06 1.56828e+06 1.64112e+06 1.57874e+06
1.62567e+06 1.5415e+06 1.59634e+06 1.59595e+06
1.63315e+06 1.56074e+06 1.65788e+06 1.56642e+06
1.60614e+06 1.53084e+06 1.59345e+06 1.60561e+06
1.54593e+06 1.56629e+06 1.61573e+06 1.64257e+06
1.60721e+06 1.54014e+06 1.58498e+06 1.62454e+06
1.54807e+06 1.61165e+06 1.58652e+06 1.60883e+06
1.61959e+06 1.63184e+06 1.54461e+06 1.59628e+06
1.54967e+06 1.60434e+06 1.59146e+06 1.64818e+06
1.54807e+06 1.61165e+06 1.58652e+06 1.60883e+06
1.63315e+06 1.56074e+06 1.65788e+06 1.56642e+06
1.65269e+06 1.5815e+06 1.64393e+06 1.55362e+06
1.63309e+06 1.60185e+06 1.61756e+06 1.5648e+06
1.63212e+06 1.58468e+06 1.54363e+06 1.64078e+06
1.56473e+06 1.61085e+06 1.57406e+06 1.62119e+06
1.65932e+06 1.59508e+06 1.5548e+06 1.57519e+06
1.62839e+06 1.56701e+06 1.65429e+06 1.56902e+06
1.61248e+06 1.61288e+06 1.59813e+06 1.56534e+06
1.57088e+06 1.57041e+06 1.59692e+06 1.59526e+06
1.62839e+06 1.56701e+06 1.65429e+06 1.56902e+06
1.59609e+06 1.5787e+06 1.55145e+06 1.60005e+06
1.61239e+06 1.55608e+06 1.65382e+06 1.57504e+06
1.58349e+06 1.5486e+06 1.59701e+06 1.60719e+06
1.61302e+06 1.57836e+06 1.5509e+06 1.62844e+06
1.56473e+06 1.61085e+06 1.57406e+06 1.62119e+06
1.56037e+06 1.58369e+06 1.60845e+06 1.61212e+06
1.58412e+06 1.54671e+06 1.57582e+06 1.60656e+06
1.60671e+06 1.59057e+06 1.60323e+06 1.56966e+06
1.61248e+06 1.61288e+06 1.59813e+06 1.56534e+06
1.63309e+06 1.60185e+06 1.61756e+06 1.5648e+06
1.66767e+06 1.59084e+06 1.6201e+06 1.56037e+06
1.60913e+06 1.56026e+06 1.56818e+06 1.60003e+06
1.55589e+06 1.59141e+06 1.60867e+06 1.62991e+06
1.63116e+06 1.55516e+06 1.61454e+06 1.57211e+06
1.54967e+06 1.60434e+06 1.59146e+06 1.64818e+06
1.60671e+06 1.59057e+06 1.60323e+06 1.56966e+06
1.63212e+06 1.58468e+06 1.54363e+06 1.64078e+06
1.61248e+06 1.61288e+06 1.59813e+06 1.56534e+06
1.60721e+06 1.54014e+06 1.58498e+06 1.62454e+06
1.59993e+06 1.56194e+06 1.56314e+06 1.64632e+06
1.58412e+06 1.54671e+06 1.57582e+06 1.60656e+06
1.57752e+06 1.55158e+06 1.57204e+06 1.59157e+06
1.5729e+06 1.56651e+06 1.59938e+06 1.67762e+06
1.55941e+06 1.59667e+06 1.58288e+06 1.64294e+06
1.54593e+06 1.56629e+06 1.61573e+06 1.64257e+06
1.67651e+06 1.58665e+06 1.56075e+06 1.59314e+06
1.65887e+06 1.59353e+06 1.66027e+06 1.57194e+06
1.63228e+06 1.53714e+06 1.60772e+06 1.62655e+06
1.62966e+06 1.62733e+06 1.60536e+06 1.56649e+06
1.60674e+06 1.58812e+06 1.55936e+06 1.61638e+06
1.5686e+06 1.6227e+06 1.56369e+06 1.6511e+06
1.54542e+06 1.59899e+06 1.60805e+06 1.63336e+06
1.64622e+06 1.61069e+06 1.57524e+06 1.61437e+06
1.65671e+06 1.5447e+06 1.60374e+06 1.58562e+06
1.65174e+06 1.58267e+06 1.64447e+06 1.58844e+06
1.56128e+06 1.60988e+06 1.6318e+06 1.62029e+06
1.58616e+06 1.57002e+06 1.65627e+06 1.6426e+06
1.61408e+06 1.60177e+06 1.61131e+06 1.57854e+06
1.65875e+06 1.55766e+06 1.58508e+06 1.60076e+06
1.60664e+06 1.6164e+06 1.56928e+06 1.62895e+06
1.59511e+06 1.59694e+06 1.59292e+06 1.60717e+06
1.56891e+06 1.59227e+06 1.5973e+06 1.64372e+06
1.62593e+06 1.57911e+06 1.58543e+06 1.5955e+06
1.63552e+06 1.60404e+06 1.58048e+06 1.59298e+06
1.5674e+06 1.60614e+06 1.62129e+06 1.63114e+06
1.60967e+06 1.56242e+06 1.62299e+06 1.5917e+06
1.58147e+06 1.57312e+06 1.5839e+06 1.64877e+06
1.61791e+06 1.58298e+06 1.60441e+06 1.58252e+06
1.56463e+06 1.60553e+06 1.60443e+06 1.64055e+06
1.61328e+06 1.56085e+06 1.62973e+06 1.59177e+06
1.58723e+06 1.57075e+06 1.63694e+06 1.59537e+06
1.59078e+06 1.54193e+06 1.6042e+06 1.60056e+06
1.61454e+06 1.57143e+06 1.59671e+06 1.61147e+06
1.5996e+06 1.58916e+06 1.58233e+06 1.61984e+06
1.58087e+06 1.62036e+06 1.56707e+06 1.64978e+06
1.61337e+06 1.62712e+06 1.5862e+06 1.59487e+06
1.60171e+06 1.59174e+06 1.59261e+06 1.59311e+06
1.60092e+06 1.57076e+06 1.60907e+06 1.59796e+06
1.59317e+06 1.57275e+06 1.56602e+06 1.63288e+06
1.616e+06 1.59228e+06 1.6223e+06 1.58977e+06
1.61007e+06 1.5997e+06 1.60401e+06 1.59096e+06
1.5686e+06 1.6227e+06 1.56369e+06 1.6511e+06
1.58087e+06 1.62036e+06 1.56707e+06 1.64978e+06
1.58087e+06 1.62036e+06 1.56707e+06 1.64978e+06
1.69289e+06 1.60668e+06 1.57263e+06 1.60548e+06
1.66307e+06 1.5895e+06 1.56209e+06 1.6438e+06
1.64765e+06 1.5454e+06 1.63424e+06 1.64686e+06
1.63745e+06 1.64367e+06 1.58779e+06 1.60681e+06
1.63159e+06 1.61692e+06 1.61776e+06 1.58128e+06
1.62063e+06 1.55269e+06 1.62661e+06 1.66866e+06
1.60166e+06 1.56658e+06 1.6915e+06 1.63162e+06
1.5918e+06 1.59009e+06 1.62678e+06 1.65584e+06
1.65039e+06 1.57056e+06 1.64444e+06 1.5947e+06
1.61584e+06 1.61762e+06 1.68371e+06 1.59861e+06
1.59614e+06 1.55425e+06 1.61191e+06 1.66176e+06
1.59871e+06 1.57563e+06 1.66865e+06 1.62112e+06
1.64806e+06 1.57114e+06 1.66114e+06 1.60182e+06
1.65747e+06 1.59198e+06 1.58571e+06 1.62946e+06
1.62288e+06 1.58941e+06 1.61143e+06 1.58549e+06
1.63829e+06 1.62538e+06 1.57367e+06 1.6382e+06
1.60517e+06 1.60198e+06 1.5776e+06 1.65438e+06
1.62815e+06 1.58079e+06 1.6204e+06 1.59652e+06
1.63054e+06 1.62786e+06 1.58424e+06 1.6252e+06
1.62169e+06 1.54711e+06 1.61904e+06 1.63562e+06
1.63253e+06 1.63715e+06 1.56898e+06 1.65977e+06
1.64267e+06 1.59854e+06 1.60852e+06 1.61903e+06
1.61229e+06 1.56538e+06 1.60812e+06 1.6303e+06
1.61541e+06 1.6199e+06 1.59754e+06 1.64983e+06
1.65021e+06 1.59082e+06 1.58872e+06 1.61036e+06
1.63585e+06 1.63844e+06 1.56919e+06 1.63162e+06
1.61887e+06 1.57937e+06 1.61437e+06 1.62893e+06
1.59256e+06 1.60297e+06 1.62618e+06 1.6146e+06
1.60332e+06 1.57673e+06 1.63562e+06 1.62728e+06
1.661e+06 1.58522e+06 1.59581e+06 1.65234e+06
1.6094e+06 1.57348e+06 1.62805e+06 1.62436e+06
1.59394e+06 1.57237e+06 1.6377e+06 1.646e+06
1.62411e+06 1.63207e+06 1.59724e+06 1.61903e+06
1.60824e+06 1.60245e+06 1.63253e+06 1.61607e+06
1.62227e+06 1.56689e+06 1.64146e+06 1.60327e+06
1.59979e+06 1.60497e+06 1.61698e+06 1.60129e+06
1.62088e+06 1.59918e+06 1.59942e+06 1.64143e+06
1.64199e+06 1.57228e+06 1.60421e+06 1.64232e+06
1.6146e+06 1.58676e+06 1.62782e+06 1.61911e+06
1.63549e+06 1.5831e+06 1.61125e+06 1.6064e+06
1.60712e+06 1.5687e+06 1.61864e+06 1.65254e+06
1.63892e+06 1.59935e+06 1.58462e+06 1.65799e+06
1.61486e+06 1.63389e+06 1.59372e+06 1.62923e+06
1.66203e+06 1.57187e+06 1.59231e+06 1.63063e+06
1.61166e+06 1.60383e+06 1.60896e+06 1.63133e+06
1.62917e+06 1.60637e+06 1.60661e+06 1.60208e+06
1.60893e+06 1.56572e+06 1.60485e+06 1.66083e+06
1.62238e+06 1.56664e+06 1.60729e+06 1.62145e+06
1.65036e+06 1.59938e+06 1.61125e+06 1.60633e+06
1.67021e+06 1.61026e+06 1.60645e+06 1.62067e+06
1.65554e+06 1.65186e+06 1.57412e+06 1.64147e+06
1.65456e+06 1.57316e+06 1.62246e+06 1.6263e+06
1.64882e+06 1.60588e+06 1.62053e+06 1.58764e+06
1.60929e+06 1.61983e+06 1.61447e+06 1.66123e+06
1.60285e+06 1.59556e+06 1.67111e+06 1.63297e+06
1.66483e+06 1.64224e+06 1.60788e+06 1.60958e+06
1.63066e+06 1.6304e+06 1.62273e+06 1.6046e+06
1.60894e+06 1.60252e+06 1.64871e+06 1.64989e+06
1.62966e+06 1.61564e+06 1.63267e+06 1.59034e+06
1.61641e+06 1.61193e+06 1.65155e+06 1.62337e+06
1.63853e+06 1.64429e+06 1.62212e+06 1.59404e+06
1.61242e+06 1.58553e+06 1.65947e+06 1.63409e+06
1.60421e+06 1.6147e+06 1.63913e+06 1.63846e+06
1.65212e+06 1.57993e+06 1.64591e+06 1.59654e+06
1.64183e+06 1.59094e+06 1.63353e+06 1.60039e+06
1.65614e+06 1.60753e+06 1.6119e+06 1.60524e+06
1.64516e+06 1.60058e+06 1.63926e+06 1.59792e+06
1.64879e+06 1.59271e+06 1.6546e+06 1.59966e+06
1.61252e+06 1.59824e+06 1.62095e+06 1.64379e+06
1.62986e+06 1.5804e+06 1.61492e+06 1.62922e+06
1.61069e+06 1.58964e+06 1.62867e+06 1.62498e+06
1.63896e+06 1.58462e+06 1.61725e+06 1.6236e+06
1.63356e+06 1.60643e+06 1.60791e+06 1.62141e+06
1.63179e+06 1.5871e+06 1.64872e+06 1.60702e+06
1.63201e+06 1.59944e+06 1.62641e+06 1.62606e+06
1.65122e+06 1.58498e+06 1.61095e+06 1.64242e+06
1.66287e+06 1.61103e+06 1.61732e+06 1.61767e+06
1.65967e+06 1.63493e+06 1.61416e+06 1.66418e+06
1.64456e+06 1.59611e+06 1.65269e+06 1.60527e+06
1.63221e+06 1.59212e+06 1.62448e+06 1.65264e+06
1.61391e+06 1.60153e+06 1.64998e+06 1.63905e+06
1.62174e+06 1.61831e+06 1.64669e+06 1.64431e+06
1.61534e+06 1.62195e+06 1.63833e+06 1.6402e+06
1.63999e+06 1.5953e+06 1.62312e+06 1.62381e+06
1.61885e+06 1.59895e+06 1.63018e+06 1.66259e+06
1.68525e+06 1.6013e+06 1.65455e+06 1.62882e+06
1.67205e+06 1.61181e+06 1.63004e+06 1.6304e+06
1.65408e+06 1.59778e+06 1.62721e+06 1.64146e+06
1.65347e+06 1.5939e+06 1.63032e+06 1.66749e+06
1.66092e+06 1.61274e+06 1.64016e+06 1.66639e+06
1.65583e+06 1.62614e+06 1.64524e+06 1.64638e+06
1.66668e+06 1.62885e+06 1.66607e+06 1.65013e+06
1.68162e+06 1.54409e+06 1.59763e+06 1.58569e+06
1.63908e+06 1.57365e+06 1.5356e+06 1.62663e+06
1.63645e+06 1.50303e+06 1.65339e+06 1.6546e+06
1.61978e+06 1.62951e+06 1.57699e+06 1.54779e+06
1.60089e+06 1.56028e+06 1.67712e+06 1.53233e+06
1.58447e+06 1.5509e+06 1.57674e+06 1.67947e+06
1.57083e+06 1.56104e+06 1.67978e+06 1.60522e+06
1.54058e+06 1.60743e+06 1.59654e+06 1.62147e+06
1.61804e+06 1.51438e+06 1.62849e+06 1.67021e+06
1.6256e+06 1.60187e+06 1.65978e+06 1.5337e+06
1.67908e+06 1.51684e+06 1.61246e+06 1.6068e+06
1.60674e+06 1.51997e+06 1.66503e+06 1.64796e+06
1.59472e+06 1.62122e+06 1.60151e+06 1.56158e+06
1.67043e+06 1.52865e+06 1.65621e+06 1.60852e+06
1.60077e+06 1.58218e+06 1.55123e+06 1.67924e+06
1.6678e+06 1.54079e+06 1.60956e+06 1.59214e+06
1.59581e+06 1.6135e+06 1.54023e+06 1.64384e+06
1.59007e+06 1.59976e+06 1.60531e+06 1.54391e+06
1.5929e+06 1.52766e+06 1.62838e+06 1.6309e+06
1.64669e+06 1.54839e+06 1.6388e+06 1.55345e+06
1.56047e+06 1.58086e+06 1.63534e+06 1.6365e+06
1.59765e+06 1.53766e+06 1.59544e+06 1.6474e+06
1.62482e+06 1.53048e+06 1.5923e+06 1.66776e+06
1.66954e+06 1.52606e+06 1.57572e+06 1.64419e+06
1.63444e+06 1.57502e+06 1.61401e+06 1.56374e+06
1.54334e+06 1.56144e+06 1.59222e+06 1.6602e+06
1.60896e+06 1.58204e+06 1.63468e+06 1.56064e+06
1.57741e+06 1.54833e+06 1.59135e+06 1.65454e+06
1.56412e+06 1.60849e+06 1.62541e+06 1.60409e+06
1.5588e+06 1.59902e+06 1.65878e+06 1.58544e+06
1.63377e+06 1.52358e+06 1.64611e+06 1.63988e+06
1.57762e+06 1.58978e+06 1.55711e+06 1.65781e+06
1.61359e+06 1.55145e+06 1.61873e+06 1.58599e+06
1.5656e+06 1.56938e+06 1.62999e+06 1.63445e+06
1.6477e+06 1.57155e+06 1.56411e+06 1.59074e+06
1.64345e+06 1.52252e+06 1.63861e+06 1.63071e+06
1.58547e+06 1.56157e+06 1.63204e+06 1.58011e+06
1.57199e+06 1.53382e+06 1.6224e+06 1.60637e+06
1.56806e+06 1.60511e+06 1.62275e+06 1.56827e+06
1.66102e+06 1.58716e+06 1.56274e+06 1.5841e+06
1.65471e+06 1.51923e+06 1.57922e+06 1.6342e+06
1.65048e+06 1.56568e+06 1.56907e+06 1.59228e+06
1.59983e+06 1.54648e+06 1.65569e+06 1.58113e+06
1.60085e+06 1.58803e+06 1.5871e+06 1.54664e+06
1.60356e+06 1.5665e+06 1.64497e+06 1.56745e+06
1.62776e+06 1.55256e+06 1.56556e+06 1.61613e+06
1.54961e+06 1.58382e+06 1.62174e+06 1.63503e+06
1.61571e+06 1.59571e+06 1.58392e+06 1.57354e+06
1.61722e+06 1.56914e+06 1.59289e+06 1.58224e+06
1.66369e+06 1.60487e+06 1.5588e+06 1.57289e+06
1.55387e+06 1.5651e+06 1.63559e+06 1.63052e+06
1.64961e+06 1.5371e+06 1.59893e+06 1.60741e+06
1.59792e+06 1.62571e+06 1.53894e+06 1.59741e+06
1.63851e+06 1.54512e+06 1.57991e+06 1.65206e+06
1.54646e+06 1.59787e+06 1.647e+06 1.59608e+06
1.62517e+06 1.57719e+06 1.57198e+06 1.59461e+06
1.58793e+06 1.56653e+06 1.55216e+06 1.60067e+06
1.60671e+06 1.52631e+06 1.59931e+06 1.62865e+06
1.57851e+06 1.58213e+06 1.61568e+06 1.55233e+06
1.54889e+06 1.62371e+06 1.61141e+06 1.5932e+06
1.63098e+06 1.56857e+06 1.60786e+06 1.57396e+06
1.62274e+06 1.59004e+06 1.5729e+06 1.59832e+06
1.61999e+06 1.59137e+06 1.57903e+06 1.5763e+06
1.62296e+06 1.55133e+06 1.56292e+06 1.61829e+06
1.63588e+06 1.58347e+06 1.61229e+06 1.55816e+06
1.60698e+06 1.53322e+06 1.58295e+06 1.6119e+06
1.66479e+06 1.59806e+06 1.58133e+06 1.55834e+06
1.59007e+06 1.59976e+06 1.60531e+06 1.54391e+06
1.68162e+06 1.54409e+06 1.59763e+06 1.58569e+06
1.61515e+06 1.54468e+06 1.67911e+06 1.58777e+06
1.57444e+06 1.59858e+06 1.61897e+06 1.58758e+06
1.58967e+06 1.56559e+06 1.56987e+06 1.64303e+06
1.59568e+06 1.60105e+06 1.54722e+06 1.63932e+06
1.62579e+06 1.58537e+06 1.56353e+06 1.57546e+06
1.63925e+06 1.54082e+06 1.6125e+06 1.5727e+06
1.62785e+06 1.55984e+06 1.6128e+06 1.58076e+06
1.54646e+06 1.59787e+06 1.647e+06 1.59608e+06
1.6217e+06 1.55553e+06 1.58002e+06 1.58451e+06
1.57813e+06 1.59329e+06 1.61105e+06 1.56753e+06
1.59686e+06 1.5314e+06 1.62293e+06 1.61557e+06
1.60008e+06 1.58814e+06 1.5435e+06 1.60138e+06
1.57611e+06 1.53151e+06 1.60387e+06 1.59541e+06
1.67001e+06 1.55567e+06 1.57955e+06 1.57068e+06
1.56389e+06 1.60032e+06 1.62623e+06 1.60168e+06
1.57675e+06 1.5672e+06 1.56997e+06 1.60952e+06
1.54334e+06 1.56144e+06 1.59222e+06 1.6602e+06
1.57171e+06 1.57974e+06 1.60642e+06 1.62195e+06
1.64272e+06 1.55022e+06 1.58263e+06 1.61739e+06
1.58723e+06 1.56598e+06 1.60072e+06 1.61402e+06
1.60098e+06 1.52043e+06 1.65213e+06 1.63496e+06
1.60098e+06 1.52043e+06 1.65213e+06 1.63496e+06
1.5955e+06 1.54629e+06 1.56236e+06 1.63901e+06
1.58496e+06 1.56501e+06 1.61712e+06 1.57768e+06
1.55581e+06 1.58383e+06 1.60445e+06 1.62313e+06
1.62071e+06 1.5647e+06 1.56714e+06 1.61423e+06
1.56766e+06 1.55026e+06 1.64219e+06 1.61211e+06
1.65801e+06 1.61261e+06 1.57192e+06 1.55294e+06
1.59702e+06 1.62918e+06 1.58062e+06 1.57865e+06
1.6316e+06 1.56162e+06 1.59896e+06 1.5669e+06
1.58311e+06 1.58415e+06 1.58701e+06 1.5821e+06
1.64769e+06 1.56223e+06 1.59571e+06 1.56309e+06
1.567e+06 1.6107e+06 1.59893e+06 1.57323e+06
1.60684e+06 1.60676e+06 1.56932e+06 1.55944e+06
1.64979e+06 1.62306e+06 1.54792e+06 1.57706e+06
1.63908e+06 1.57365e+06 1.5356e+06 1.62663e+06
1.57073e+06 1.58506e+06 1.59891e+06 1.61431e+06
1.63553e+06 1.52784e+06 1.66276e+06 1.62674e+06
1.65682e+06 1.51815e+06 1.63633e+06 1.63958e+06
1.60333e+06 1.58186e+06 1.57761e+06 1.59403e+06
1.58787e+06 1.62569e+06 1.58316e+06 1.57187e+06
1.62491e+06 1.59865e+06 1.56138e+06 1.5911e+06
1.62236e+06 1.58772e+06 1.57394e+06 1.59592e+06
1.60332e+06 1.52421e+06 1.6263e+06 1.6285e+06
1.54058e+06 1.60743e+06 1.59654e+06 1.62147e+06
1.57762e+06 1.58978e+06 1.55711e+06 1.65781e+06
1.66137e+06 1.57956e+06 1.58172e+06 1.56168e+06
1.59792e+06 1.62571e+06 1.53894e+06 1.59741e+06
1.57085e+06 1.60354e+06 1.62547e+06 1.58601e+06
1.60859e+06 1.55678e+06 1.62052e+06 1.57209e+06
1.65682e+06 1.51815e+06 1.63633e+06 1.63958e+06
1.65801e+06 1.61261e+06 1.57192e+06 1.55294e+06
1.63111e+06 1.56293e+06 1.55967e+06 1.65141e+06
1.58094e+06 1.59411e+06 1.58662e+06 1.60191e+06
1.57484e+06 1.56685e+06 1.59692e+06 1.57458e+06
1.64102e+06 1.58324e+06 1.60008e+06 1.54767e+06
1.63553e+06 1.52784e+06 1.66276e+06 1.62674e+06
1.54791e+06 1.58038e+06 1.57671e+06 1.64853e+06
1.58186e+06 1.56472e+06 1.62093e+06 1.57454e+06
1.5791e+06 1.61093e+06 1.58483e+06 1.59037e+06
1.60332e+06 1.52421e+06 1.6263e+06 1.6285e+06
1.60008e+06 1.58814e+06 1.5435e+06 1.60138e+06
1.55458e+06 1.5877e+06 1.56363e+06 1.60608e+06
1.64552e+06 1.55797e+06 1.57916e+06 1.60267e+06
1.60089e+06 1.56028e+06 1.67712e+06 1.53233e+06
1.62053e+06 1.57923e+06 1.60274e+06 1.5656e+06
1.56766e+06 1.55026e+06 1.64219e+06 1.61211e+06
1.62482e+06 1.53048e+06 1.5923e+06 1.66776e+06
1.64552e+06 1.55797e+06 1.57916e+06 1.60267e+06
1.64603e+06 1.52847e+06 1.58503e+06 1.61207e+06
1.62775e+06 1.56524e+06 1.55124e+06 1.63449e+06
1.63111e+06 1.56293e+06 1.55967e+06 1.65141e+06
1.59778e+06 1.59789e+06 1.61555e+06 1.56543e+06
1.59603e+06 1.56393e+06 1.56945e+06 1.62476e+06
1.58094e+06 1.59411e+06 1.58662e+06 1.60191e+06
1.54791e+06 1.58038e+06 1.57671e+06 1.64853e+06
1.64979e+06 1.62306e+06 1.54792e+06 1.57706e+06
1.65471e+06 1.51923e+06 1.57922e+06 1.6342e+06
1.59529e+06 1.55238e+06 1.60399e+06 1.58486e+06
1.5791e+06 1.61093e+06 1.58483e+06 1.59037e+06
1.58793e+06 1.56653e+06 1.55216e+06 1.60067e+06
1.62936e+06 1.54949e+06 1.59968e+06 1.57402e+06
1.59581e+06 1.6135e+06 1.54023e+06 1.64384e+06
1.59702e+06 1.62918e+06 1.58062e+06 1.57865e+06
1.59603e+06 1.56393e+06 1.56945e+06 1.62476e+06
1.58723e+06 1.54989e+06 1.58351e+06 1.58872e+06
1.62936e+06 1.54949e+06 1.59968e+06 1.57402e+06
1.62053e+06 1.57923e+06 1.60274e+06 1.5656e+06
1.55581e+06 1.58383e+06 1.60445e+06 1.62313e+06
1.64102e+06 1.58324e+06 1.60008e+06 1.54767e+06
1.60859e+06 1.55678e+06 1.62052e+06 1.57209e+06
1.57083e+06 1.56104e+06 1.67978e+06 1.60522e+06
1.61978e+06 1.62951e+06 1.57699e+06 1.54779e+06
1.67043e+06 1.52865e+06 1.65621e+06 1.60852e+06
1.57675e+06 1.5672e+06 1.56997e+06 1.60952e+06
1.57085e+06 1.60354e+06 1.62547e+06 1.58601e+06
1.58723e+06 1.54989e+06 1.58351e+06 1.58872e+06
1.57073e+06 1.58506e+06 1.59891e+06 1.61431e+06
1.66137e+06 1.57956e+06 1.58172e+06 1.56168e+06
1.65801e+06 1.61261e+06 1.57192e+06 1.55294e+06
1.63908e+06 1.57365e+06 1.5356e+06 1.62663e+06
1.59702e+06 1.62918e+06 1.58062e+06 1.57865e+06
1.57083e+06 1.56104e+06 1.67978e+06 1.60522e+06
1.66673e+06 1.62719e+06 1.57286e+06 1.64007e+06
1.66079e+06 1.57894e+06 1.66657e+06 1.57975e+06
1.64551e+06 1.52757e+06 1.62601e+06 1.63084e+06
1.64546e+06 1.64794e+06 1.64044e+06 1.57862e+06
1.62227e+06 1.54836e+06 1.61295e+06 1.66636e+06
1.6068e+06 1.62853e+06 1.56106e+06 1.61729e+06
1.60636e+06 1.61276e+06 1.66427e+06 1.56879e+06
1.57101e+06 1.61399e+06 1.60054e+06 1.62144e+06
1.60068e+06 1.59574e+06 1.59392e+06 1.59891e+06
1.63667e+06 1.62041e+06 1.57751e+06 1.62644e+06
1.6541e+06 1.55857e+06 1.61547e+06 1.63535e+06
1.59212e+06 1.56169e+06 1.66083e+06 1.64877e+06
1.57744e+06 1.61006e+06 1.6236e+06 1.63932e+06
1.60822e+06 1.53069e+06 1.64428e+06 1.64388e+06
1.57881e+06 1.64276e+06 1.59906e+06 1.59477e+06
1.60155e+06 1.57224e+06 1.65028e+06 1.59901e+06
1.61458e+06 1.58935e+06 1.59682e+06 1.58322e+06
1.57677e+06 1.57717e+06 1.60554e+06 1.66292e+06
1.58716e+06 1.61661e+06 1.62552e+06 1.60838e+06
1.58357e+06 1.58662e+06 1.63333e+06 1.60973e+06
1.61173e+06 1.61185e+06 1.56178e+06 1.64824e+06
1.58899e+06 1.63214e+06 1.59604e+06 1.62536e+06
1.6453e+06 1.61125e+06 1.57769e+06 1.62865e+06
1.61322e+06 1.56866e+06 1.59567e+06 1.65375e+06
1.65826e+06 1.54769e+06 1.59084e+06 1.63419e+06
1.66348e+06 1.57892e+06 1.58472e+06 1.59475e+06
1.59108e+06 1.57832e+06 1.60731e+06 1.60184e+06
1.63075e+06 1.5597e+06 1.60572e+06 1.6151e+06
1.60889e+06 1.5356e+06 1.61773e+06 1.61553e+06
1.59555e+06 1.57971e+06 1.58152e+06 1.61174e+06
1.62764e+06 1.56065e+06 1.63642e+06 1.59172e+06
1.64981e+06 1.57732e+06 1.6273e+06 1.5927e+06
1.61379e+06 1.54514e+06 1.61681e+06 1.61569e+06
1.58278e+06 1.58897e+06 1.63805e+06 1.5888e+06
1.58875e+06 1.57123e+06 1.61069e+06 1.64075e+06
1.59404e+06 1.5814e+06 1.60421e+06 1.58728e+06
1.61076e+06 1.53333e+06 1.62932e+06 1.59993e+06
1.60526e+06 1.58281e+06 1.59128e+06 1.59038e+06
1.59026e+06 1.57503e+06 1.61972e+06 1.61267e+06
1.6231e+06 1.56792e+06 1.58213e+06 1.59718e+06
1.61067e+06 1.57594e+06 1.57655e+06 1.6331e+06
1.60307e+06 1.57792e+06 1.60013e+06 1.5851e+06
1.62386e+06 1.57763e+06 1.59913e+06 1.58096e+06
1.58986e+06 1.548e+06 1.61642e+06 1.65121e+06
1.64545e+06 1.58219e+06 1.5822e+06 1.5925e+06
1.61266e+06 1.57538e+06 1.60525e+06 1.61203e+06
1.66985e+06 1.60938e+06 1.59519e+06 1.60318e+06
1.66618e+06 1.58615e+06 1.57911e+06 1.71011e+06
1.63432e+06 1.54033e+06 1.63528e+06 1.68175e+06
1.62932e+06 1.60696e+06 1.57666e+06 1.6345e+06
1.62648e+06 1.57363e+06 1.67034e+06 1.60384e+06
1.62381e+06 1.59596e+06 1.60838e+06 1.58581e+06
1.60138e+06 1.63428e+06 1.61895e+06 1.61301e+06
1.5792e+06 1.62698e+06 1.64101e+06 1.64972e+06
1.60634e+06 1.60527e+06 1.6015e+06 1.6627e+06
1.65286e+06 1.56027e+06 1.6291e+06 1.65341e+06
1.58419e+06 1.61732e+06 1.61625e+06 1.66839e+06
1.60151e+06 1.59568e+06 1.59088e+06 1.69063e+06
1.59258e+06 1.63425e+06 1.66473e+06 1.60732e+06
1.63118e+06 1.54757e+06 1.64677e+06 1.61291e+06
1.62588e+06 1.5686e+06 1.65384e+06 1.61237e+06
1.60009e+06 1.56133e+06 1.63359e+06 1.65376e+06
1.6416e+06 1.62011e+06 1.59903e+06 1.60638e+06
1.62052e+06 1.58397e+06 1.62379e+06 1.62514e+06
1.64418e+06 1.59488e+06 1.5982e+06 1.61813e+06
1.60146e+06 1.61176e+06 1.60737e+06 1.62179e+06
1.59663e+06 1.6075e+06 1.61989e+06 1.59096e+06
1.58886e+06 1.59378e+06 1.63486e+06 1.6444e+06
1.63975e+06 1.58652e+06 1.6165e+06 1.598e+06
1.61807e+06 1.58525e+06 1.63512e+06 1.62974e+06
1.62256e+06 1.59008e+06 1.62551e+06 1.61565e+06
1.62699e+06 1.56809e+06 1.61832e+06 1.62478e+06
1.61813e+06 1.58994e+06 1.58726e+06 1.6307e+06
1.59496e+06 1.60585e+06 1.60971e+06 1.64136e+06
1.62548e+06 1.57016e+06 1.61343e+06 1.63675e+06
1.65171e+06 1.57381e+06 1.59881e+06 1.60453e+06
1.63845e+06 1.57424e+06 1.64126e+06 1.60189e+06
1.60118e+06 1.57573e+06 1.64797e+06 1.63574e+06
1.62443e+06 1.57729e+06 1.63859e+06 1.60272e+06
1.6235e+06 1.54506e+06 1.63505e+06 1.6191e+06
1.60409e+06 1.58726e+06 1.63948e+06 1.61856e+06
1.63827e+06 1.59265e+06 1.61526e+06 1.58733e+06
1.62953e+06 1.60758e+06 1.58861e+06 1.62858e+06
1.61821e+06 1.58591e+06 1.60104e+06 1.63083e+06
1.59915e+06 1.60631e+06 1.63795e+06 1.60237e+06
1.59241e+06 1.5864e+06 1.61467e+06 1.62326e+06
1.62064e+06 1.58476e+06 1.61064e+06 1.62951e+06
1.60513e+06 1.57298e+06 1.61882e+06 1.64694e+06
1.63637e+06 1.57615e+06 1.61629e+06 1.61432e+06
1.62659e+06 1.57127e+06 1.58882e+06 1.64637e+06
1.63805e+06 1.58532e+06 1.60876e+06 1.60208e+06
1.67684e+06 1.59757e+06 1.61826e+06 1.60972e+06
1.65621e+06 1.58877e+06 1.6104e+06 1.67321e+06
1.64252e+06 1.62723e+06 1.58407e+06 1.63549e+06
1.63687e+06 1.63028e+06 1.62033e+06 1.59587e+06
1.63042e+06 1.63331e+06 1.62015e+06 1.60436e+06
1.6303e+06 1.56818e+06 1.62529e+06 1.64252e+06
1.59396e+06 1.6191e+06 1.66164e+06 1.62553e+06
1.65858e+06 1.58073e+06 1.59345e+06 1.67e+06
1.60484e+06 1.63326e+06 1.63643e+06 1.65065e+06
1.62912e+06 1.59308e+06 1.64792e+06 1.61855e+06
1.60343e+06 1.60002e+06 1.65935e+06 1.64059e+06
1.64921e+06 1.61083e+06 1.60856e+06 1.62803e+06
1.6221e+06 1.59126e+06 1.6212e+06 1.62964e+06
1.66564e+06 1.58582e+06 1.62047e+06 1.62314e+06
1.64603e+06 1.61837e+06 1.61148e+06 1.63342e+06
1.6342e+06 1.60795e+06 1.62232e+06 1.60577e+06
1.60682e+06 1.59282e+06 1.62352e+06 1.62559e+06
1.6346e+06 1.59498e+06 1.58932e+06 1.63605e+06
1.64718e+06 1.58206e+06 1.62896e+06 1.62853e+06
1.64782e+06 1.58399e+06 1.61511e+06 1.63679e+06
1.64658e+06 1.58764e+06 1.62398e+06 1.64766e+06
1.63992e+06 1.59138e+06 1.62364e+06 1.62688e+06
1.63168e+06 1.583e+06 1.62435e+06 1.6356e+06
1.67796e+06 1.57798e+06 1.62916e+06 1.64701e+06
1.66882e+06 1.57921e+06 1.62872e+06 1.68326e+06
1.64622e+06 1.61224e+06 1.63592e+06 1.61048e+06
1.64608e+06 1.59966e+06 1.59487e+06 1.65942e+06
1.64548e+06 1.63225e+06 1.62385e+06 1.64828e+06
1.63521e+06 1.61852e+06 1.66116e+06 1.64156e+06
1.60779e+06 1.6149e+06 1.62399e+06 1.6546e+06
1.63093e+06 1.58106e+06 1.65274e+06 1.67488e+06
1.63617e+06 1.617e+06 1.65711e+06 1.62402e+06
1.61454e+06 1.61003e+06 1.64766e+06 1.65073e+06
1.63238e+06 1.58665e+06 1.62658e+06 1.65042e+06
1.63126e+06 1.60344e+06 1.64841e+06 1.66133e+06
1.65098e+06 1.6075e+06 1.61645e+06 1.66206e+06
1.64494e+06 1.58768e+06 1.66447e+06 1.65973e+06
