6845 28.9913
728406 789032
770031 732140
770031 732140
728406 789032
765994 743934
753283 746850
750738 747542
728406 789032
767891 735282
728406 789032
767891 735282
741419 747811
741393 751789
750738 747542
753283 746850
770031 732140
770031 732140
767891 735282
753283 746850
750738 747542
753283 746850
728406 789032
770031 732140
770031 732140
753283 746850
753283 746850
767891 735282
728406 789032
770031 732140
728406 789032
728406 789032
750738 747542
750738 747542
770031 732140
770031 732140
767891 735282
728406 789032
770031 732140
728406 789032
767891 735282
728406 789032
770031 732140
753283 746850
770031 732140
750738 747542
728406 789032
770031 732140
770031 732140
728406 789032
770031 732140
770031 732140
728406 789032
767891 735282
770031 732140
770031 732140
753283 746850
728406 789032
728406 789032
770031 732140
728406 789032
728406 789032
728406 789032
728406 789032
753283 746850
770031 732140
770031 732140
770031 732140
770031 732140
728406 789032
728406 789032
770031 732140
728406 789032
728406 789032
770031 732140
767891 735282
728406 789032
767891 735282
770031 732140
728406 789032
753283 746850
728406 789032
770031 732140
770031 732140
728406 789032
770031 732140
770031 732140
770031 732140
728406 789032
770031 732140
728406 789032
728406 789032
728406 789032
728406 789032
728406 789032
728406 789032
728406 789032
770031 732140
770031 732140
770031 732140
770031 732140
728406 789032
770031 732140
753283 746850
770031 732140
728406 789032
728406 789032
770031 732140
770031 732140
728406 789032
770031 732140
753283 746850
728406 789032
728406 789032
753283 746850
770031 732140
728406 789032
728406 789032
770031 732140
728406 789032
770031 732140
728406 789032
767891 735282
753283 746850
770031 732140
728406 789032
753283 746850
753283 746850
728406 789032
728406 789032
728406 789032
728406 789032
770031 732140
728406 789032
728406 789032
753283 746850
728406 789032
728406 789032
770031 732140
728406 789032
767891 735282
770031 732140
728406 789032
770031 732140
728406 789032
770031 732140
770031 732140
770031 732140
767891 735282
728406 789032
770031 732140
770031 732140
728406 789032
753283 746850
770031 732140
728406 789032
750738 747542
770031 732140
753283 746850
770031 732140
728406 789032
767891 735282
770031 732140
728406 789032
728406 789032
770031 732140
728406 789032
728406 789032
770031 732140
770031 732140
770031 732140
728406 789032
753283 746850
728406 789032
728406 789032
728406 789032
728406 789032
770031 732140
728406 789032
728406 789032
728406 789032
767891 735282
770031 732140
750738 747542
741419 747811
767891 735282
728406 789032
767891 735282
753283 746850
750738 747542
753283 746850
765994 743934
728406 789032
770031 732140
770031 732140
728406 789032
728406 789032
767891 735282
770031 732140
770031 732140
750738 747542
750738 747542
728406 789032
770031 732140
770031 732140
767891 735282
753283 746850
753283 746850
770031 732140
728406 789032
753283 746850
728406 789032
728406 789032
770031 732140
767891 735282
728406 789032
770031 732140
728406 789032
770031 732140
753283 746850
728406 789032
770031 732140
753283 746850
728406 789032
728406 789032
753283 746850
770031 732140
728406 789032
753283 746850
728406 789032
770031 732140
728406 789032
770031 732140
767891 735282
728406 789032
728406 789032
728406 789032
770031 732140
728406 789032
728406 789032
770031 732140
728406 789032
728406 789032
728406 789032
728406 789032
753283 746850
770031 732140
728406 789032
728406 789032
728406 789032
770031 732140
728406 789032
770031 732140
770031 732140
770031 732140
770031 732140
728406 789032
753283 746850
728406 789032
770031 732140
767891 735282
728406 789032
767891 735282
770031 732140
770031 732140
728406 789032
728406 789032
770031 732140
753283 746850
770031 732140
728406 789032
770031 732140
770031 732140
770031 732140
770031 732140
728406 789032
728406 789032
728406 789032
737724 757338
750738 747542
767891 735282
728406 789032
728406 789032
753283 746850
767891 735282
753283 746850
753283 746850
728406 789032
770031 732140
753283 746850
728406 789032
767891 735282
750738 747542
728406 789032
728406 789032
770031 732140
770031 732140
770031 732140
728406 789032
770031 732140
753283 746850
