71 0.186758
178576 179114 144464 161642
145588 167484 165150 163344
172951 145711 168312 170490
160561 159640 168861 180008
188269 159153 152952 142497
157655 158715 188117 152894
160561 159640 168861 180008
182189 160547 162111 148317
158798 173383 154960 163632
188269 159153 152952 142497
162449 153620 187982 147034
160561 159640 168861 180008
168934 162904 149393 160544
158805 165149 181889 164170
178232 162929 169676 144423
178576 179114 144464 161642
150809 176657 164273 156752
155697 163827 175646 170426
171274 176001 153014 151941
165729 167279 160013 160217
161289 146000 167368 174511
157643 167077 163311 164904
178576 179114 144464 161642
168588 151492 154413 153302
172951 145711 168312 170490
152602 176570 150182 150288
151404 164252 184979 163509
148758 170145 161220 157940
171536 148984 159309 161394
168588 151492 154413 153302
155697 163827 175646 170426
161634 167338 162734 177303
163918 157095 151998 172081
152602 176570 150182 150288
145588 167484 165150 163344
153368 167512 182962 157566
157794 163906 171181 168222
171274 176001 153014 151941
160561 159640 168861 180008
168588 151492 154413 153302
179404 150507 173038 148884
150809 176657 164273 156752
163468 154757 169080 166137
161634 167338 162734 177303
176287 160264 174242 146962
159051 169397 176300 158001
151404 164252 184979 163509
161289 146000 167368 174511
180890 162577 172246 146519
161733 167589 162657 146264
178232 162929 169676 144423
161444 166009 167770 159193
154175 170877 157276 163509
158805 165149 181889 164170
152602 176570 150182 150288
171536 148984 159309 161394
158798 173383 154960 163632
169518 146632 162064 156507
162940 171874 153400 166567
166796 158848 174686 161099
174594 163339 167723 150661
159051 169397 176300 158001
178576 179114 144464 161642
162940 171874 153400 166567
173210 147941 168303 155227
167784 167642 157442 163812
167784 167642 157442 163812
188269 159153 152952 142497
157794 163906 171181 168222
161498 161001 167471 151922
161289 146000 167368 174511
154175 170877 157276 163509
161444 166009 167770 159193
161289 146000 167368 174511
155697 163827 175646 170426
164503 167426 172696 150782
176763 162354 170686 148958
158905 162226 177743 165084
145588 167484 165150 163344
154175 170877 157276 163509
162940 171874 153400 166567
163918 157095 151998 172081
169518 146632 162064 156507
164814 159605 167937 160899
174594 163339 167723 150661
163918 157095 151998 172081
163726 162889 175739 148824
169518 146632 162064 156507
171274 176001 153014 151941
176763 162354 170686 148958
166898 148569 164451 172210
173210 147941 168303 155227
159699 163515 178504 155212
145588 167484 165150 163344
159318 163260 172661 159631
158905 162226 177743 165084
153368 167512 182962 157566
152602 176570 150182 150288
180890 162577 172246 146519
157643 167077 163311 164904
169518 146632 162064 156507
188269 159153 152952 142497
159318 163260 172661 159631
169518 146632 162064 156507
163726 162889 175739 148824
174594 163339 167723 150661
168934 162904 149393 160544
160561 159640 168861 180008
164814 159605 167937 160899
165729 167279 160013 160217
176287 160264 174242 146962
171536 148984 159309 161394
166898 148569 164451 172210
163468 154757 169080 166137
171274 176001 153014 151941
162940 171874 153400 166567
153368 167512 182962 157566
168588 151492 154413 153302
161634 167338 162734 177303
152602 176570 150182 150288
176763 162354 170686 148958
180890 162577 172246 146519
159318 163260 172661 159631
167784 167642 157442 163812
167784 167642 157442 163812
155697 163827 175646 170426
163879 170575 161510 156698
157655 158715 188117 152894
152602 176570 150182 150288
161733 167589 162657 146264
159318 163260 172661 159631
178576 179114 144464 161642
180890 162577 172246 146519
159699 163515 178504 155212
164503 167426 172696 150782
152602 176570 150182 150288
153368 167512 182962 157566
161634 167338 162734 177303
152602 176570 150182 150288
162235 157992 165211 164854
151404 164252 184979 163509
172951 145711 168312 170490
176763 162354 170686 148958
163468 154757 169080 166137
188269 159153 152952 142497
163879 170575 161510 156698
161733 167589 162657 146264
180890 162577 172246 146519
152602 176570 150182 150288
168522 157887 159593 160034
157655 158715 188117 152894
168522 157887 159593 160034
176763 162354 170686 148958
176763 162354 170686 148958
178576 179114 144464 161642
173210 147941 168303 155227
152602 176570 150182 150288
168588 151492 154413 153302
161733 167589 162657 146264
163726 162889 175739 148824
164814 159605 167937 160899
154175 170877 157276 163509
154175 170877 157276 163509
168522 157887 159593 160034
159051 169397 176300 158001
178576 179114 144464 161642
171274 176001 153014 151941
151404 164252 184979 163509
153368 167512 182962 157566
168522 157887 159593 160034
157655 158715 188117 152894
162940 171874 153400 166567
154175 170877 157276 163509
167784 167642 157442 163812
153368 167512 182962 157566
158798 173383 154960 163632
172951 145711 168312 170490
163468 154757 169080 166137
166898 148569 164451 172210
145588 167484 165150 163344
161634 167338 162734 177303
145588 167484 165150 163344
155697 163827 175646 170426
174594 163339 167723 150661
179404 150507 173038 148884
157794 163906 171181 168222
169518 146632 162064 156507
188269 159153 152952 142497
167784 167642 157442 163812
153368 167512 182962 157566
163726 162889 175739 148824
157655 158715 188117 152894
157643 167077 163311 164904
164814 159605 167937 160899
178576 179114 144464 161642
182189 160547 162111 148317
157655 158715 188117 152894
167784 167642 157442 163812
168588 151492 154413 153302
145588 167484 165150 163344
188269 159153 152952 142497
168588 151492 154413 153302
145588 167484 165150 163344
157794 163906 171181 168222
178232 162929 169676 144423
166898 148569 164451 172210
155697 163827 175646 170426
161289 146000 167368 174511
173210 147941 168303 155227
168934 162904 149393 160544
180890 162577 172246 146519
157643 167077 163311 164904
150809 176657 164273 156752
178576 179114 144464 161642
161289 146000 167368 174511
157794 163906 171181 168222
178232 162929 169676 144423
150809 176657 164273 156752
145588 167484 165150 163344
188269 159153 152952 142497
176763 162354 170686 148958
168934 162904 149393 160544
167784 167642 157442 163812
162449 153620 187982 147034
171274 176001 153014 151941
188269 159153 152952 142497
172951 145711 168312 170490
166898 148569 164451 172210
188269 159153 152952 142497
171274 176001 153014 151941
161634 167338 162734 177303
174594 163339 167723 150661
168934 162904 149393 160544
158798 173383 154960 163632
164814 159605 167937 160899
165729 167279 160013 160217
171536 148984 159309 161394
163468 154757 169080 166137
171274 176001 153014 151941
162940 171874 153400 166567
167784 167642 157442 163812
163879 170575 161510 156698
158805 165149 181889 164170
159318 163260 172661 159631
178576 179114 144464 161642
180890 162577 172246 146519
153368 167512 182962 157566
178232 162929 169676 144423
163918 157095 151998 172081
157794 163906 171181 168222
161498 161001 167471 151922
161289 146000 167368 174511
167784 167642 157442 163812
161289 146000 167368 174511
155697 163827 175646 170426
167784 167642 157442 163812
173210 147941 168303 155227
151404 164252 184979 163509
169518 146632 162064 156507
159051 169397 176300 158001
176763 162354 170686 148958
173210 147941 168303 155227
159699 163515 178504 155212
145588 167484 165150 163344
158905 162226 177743 165084
166796 158848 174686 161099
163726 162889 175739 148824
172951 145711 168312 170490
163468 154757 169080 166137
179404 150507 173038 148884
145588 167484 165150 163344
161634 167338 162734 177303
157794 163906 171181 168222
169518 146632 162064 156507
160561 159640 168861 180008
150809 176657 164273 156752
182189 160547 162111 148317
168588 151492 154413 153302
168588 151492 154413 153302
166898 148569 164451 172210
173210 147941 168303 155227
145588 167484 165150 163344
155697 163827 175646 170426
148758 170145 161220 157940
154175 170877 157276 163509
159051 169397 176300 158001
176763 162354 170686 148958
176763 162354 170686 148958
176287 160264 174242 146962
173210 147941 168303 155227
152602 176570 150182 150288
161733 167589 162657 146264
163726 162889 175739 148824
162449 153620 187982 147034
159051 169397 176300 158001
178576 179114 144464 161642
163468 154757 169080 166137
168522 157887 159593 160034
157655 158715 188117 152894
162940 171874 153400 166567
