419 120.445
147905 120444
155175 114223
147773 110686
126281 109933
116895 129384
147656 121623
162220 115281
155054 139736
142627 134426
121938 145484
113446 156227
151184 104085
115053 148665
150926 101359
139371 121879
154386 131394
160402 101025
159787 111438
126936 146378
155132 106414
112226 148159
168283 107465
168441 125735
108085 162451
132124 134406
150946 126014
156292 110196
164816 107246
147638 107075
158616 141413
142222 105605
147113 139796
158026 108328
162570 108227
147109 116852
134777 117370
147443 123894
148501 107054
139494 148266
137337 114598
158393 119994
161175 115640
151454 113126
148874 109244
147574 139279
168017 109046
157113 130816
141484 103726
119840 104471
146550 113172
153062 113071
138329 122527
147348 105735
145139 125389
150524 145118
143420 116176
153265 111018
131266 130528
158617 107489
124414 134288
158009 113004
142492 103511
165899 125235
130936 124371
121138 156186
164204 105892
124755 144891
158116 131160
153564 109084
148105 100453
131736 111269
132773 111533
157230 124963
132480 109501
137667 104665
150555 147775
128990 124894
132345 137686
151178 148039
126699 116726
138639 120191
137346 128213
158359 119589
138602 120711
152276 112181
150617 116937
117820 148148
143710 124056
141898 141923
131181 147474
142831 121145
150789 130485
148842 111090
119830 155153
148071 112457
168028 114488
135372 119468
145785 119066
162411 103800
144683 145202
160001 140016
154759 126834
159544 108703
149433 136147
161649 115937
131656 117086
163787 114519
142405 125904
133416 116567
146780 106904
149308 121727
148893 142836
156013 111799
170836 151382
158751 114803
158424 138188
132851 138289
147277 148334
155859 102138
142416 118323
169685 109470
159732 135565
158580 118548
145682 121763
157225 117447
158219 128788
117792 133883
126764 127192
165421 129466
115754 147964
132012 126255
158931 132859
107567 130509
131620 106877
152292 115697
137082 117382
148984 114656
150680 106310
139557 118223
154332 112202
135783 130647
148095 147448
149341 141610
123685 156178
152178 135724
133515 151191
136567 140198
114852 161763
130101 139323
151598 114483
109984 151721
129233 121417
162785 111748
161699 105307
124197 141039
118620 136779
147157 133664
152405 113992
150876 153060
146540 123069
137728 108047
130759 156082
153481 162151
123865 116211
130151 136513
154267 122988
149141 112215
154700 113107
114003 144523
152042 103487
156221 117141
168179 129144
167197 114783
132035 132219
111502 159488
158254 117371
132660 128017
144608 113139
161027 113561
156496 118743
122220 141899
137715 103302
163527 146077
169937 105985
154896 105087
139133 135914
128687 139660
143698 97691
133270 132973
139960 134941
153802 112806
154870 117484
138997 146461
142816 109502
131943 158034
167227 114645
151209 114765
128579 168870
162419 117491
153925 151113
142881 131461
134993 162428
137516 119411
120685 135734
162237 119939
152291 147828
130119 141621
117068 132971
138064 142311
151983 121657
158700 148109
151416 134050
131167 148560
143133 137816
151518 142880
140290 123209
159584 141975
141881 124791
153921 119627
122415 122259
144836 111278
142120 129586
162039 146080
145971 128583
152202 144872
162512 97805
155065 117917
148647 149248
136535 104924
140311 136017
142717 118490
155220 103211
140485 117362
131502 142708
142785 115394
150673 118280
159884 111563
159931 122249
137961 125017
120762 134780
147620 149716
150288 107671
154688 138335
155608 129018
148735 113030
134283 118039
159361 107398
167992 135468
124183 131257
155562 143286
136785 115176
119991 157276
162455 106791
150889 165787
150440 133886
124542 155769
144614 105889
139372 105052
156684 124852
168092 108800
160875 113765
156037 110656
151824 137215
148114 156991
160506 118537
156553 111957
165832 114317
141737 110240
124140 147511
119930 148815
163310 108483
143355 109033
180163 116624
132129 111071
168771 106845
134122 161039
121053 152451
114508 136332
142534 142665
141691 129877
165986 107125
140814 116178
145550 117029
117315 137781
116745 138090
155991 121334
145493 146894
154054 132636
152935 151561
156034 156842
125991 142631
132621 131759
155114 99633
145412 124612
111776 170476
162450 158639
151537 111992
151694 128870
154894 137482
145000 117248
151810 117993
142081 126456
162874 113225
123188 139657
164029 132306
148443 111544
134460 117400
152677 114294
157483 121286
133901 105621
149698 99863
153950 115333
147114 139041
152198 138172
153453 114575
158480 115928
162105 119184
162339 111739
149551 122999
175190 109130
138598 104691
142283 122846
142682 107444
139780 111988
130741 134995
154061 130719
149079 109900
165623 104859
146175 143203
128233 136439
146455 149970
146725 120080
150934 116918
154616 115397
141562 109552
140953 112253
164414 127918
158981 146175
137631 140209
156874 112874
176179 124374
145838 162474
147109 142101
158573 146792
161643 151024
125019 111723
151963 148851
133070 111844
131057 150455
149972 125326
165887 118056
147914 118923
128579 137723
171603 119979
178701 131660
159884 129363
137146 125262
170430 109186
143990 105536
155548 110380
169877 113248
129042 138249
172798 111416
136864 145711
167143 107897
143712 112166
157408 116332
147823 115633
156531 114127
151906 119684
177828 113737
116910 156656
130080 142082
121471 127679
129513 134143
141799 115211
160265 123198
169473 119921
124963 120868
144311 122926
152428 119865
138332 138142
169223 116973
139616 122966
140916 118438
153231 137778
133411 119544
169041 113359
162451 147372
149370 117131
164482 140394
152138 112723
163504 138118
154416 114853
125546 134256
142412 121351
155751 112328
170698 110706
158576 135337
136086 123415
156649 145890
126465 131473
156544 149872
142370 112491
138859 124376
153791 111260
166220 125325
134051 150379
152419 119263
153215 108406
148697 109796
156698 122146
160585 103723
142980 141739
137590 126728
152053 112707
124739 129769
150832 126131
127667 153697
166689 104614
140204 120481
146154 110308
132377 154655
162344 115485
166980 112290
161740 110181
152980 145603
133698 121443
143626 140456
162859 119171
179374 116401
170721 141583
132573 138500
145917 122934
151259 114683
125027 145462
142198 143255
136872 142558
147976 118549
148685 119910
176900 116537
149671 125312
166127 135485
118903 162725
137992 134319
154877 101714
130102 141359
108661 144186
146579 147396
153919 108592
122299 157748
144940 139936
138160 129041
153630 152995
158812 105047
120769 136292
143424 118853
145231 123092
170585 143616
138048 132598
135714 121290
126368 118737
169921 106530
147965 150940
152537 102222
102590 120693
149369 135224
152613 134464
124254 134805
137630 117845
155195 166706
156066 152018
149945 124221
153802 106794
134760 115836
157403 111615
160580 136466
181472 115183
115848 142880
163157 113366
140195 145765
128028 164122
152508 148017
127356 137816
166287 116542
136378 140212
147366 106811
151011 130749
152840 113309
154833 119482
152377 136552
148166 142627
138714 111750
149798 124774
119361 138519
131073 161345
157097 108997
137960 150379
134036 123612
154545 118601
151734 101100
158772 141142
164424 125376
150534 113788
133710 105395
142157 106517
137937 127393
154435 117587
161923 109892
151310 122162
166914 120302
146528 140711
151253 147075
132149 146621
121893 137410
138867 110235
175308 119770
160588 120655
158793 127223
162509 151721
127403 122949
167752 116778
120869 157495
153118 107859
146922 155302
179098 112251
154779 109558
148224 152951
157340 111183
163462 128160
152563 128103
129985 163498
166070 154813
153754 123172
147434 124415
145773 130652
152334 124483
149644 144114
161316 120168
140196 157030
162371 122971
149874 131779
161055 107873
136718 134729
158519 131972
132541 144620
180237 103236
164424 140420
137034 113962
147848 146063
169278 108689
161425 103154
164196 109170
140251 131383
155529 114399
123095 139892
159712 113886
166241 117548
169549 112555
139291 142551
158537 110724
156104 116909
114539 139964
122033 142859
153014 115974
156628 117962
137660 121541
163697 127233
158543 115027
173148 145830
154773 125565
131171 115084
162922 129046
151948 111260
164623 119368
132076 114358
158509 135525
123048 144056
124546 141441
161067 134238
142149 149878
147098 122808
146466 112888
148168 124054
160666 124574
143095 118244
149535 119797
152576 113838
165186 113372
125483 160469
160241 105709
168885 112974
147211 143260
111905 156408
155179 112957
134116 165658
146215 125169
129256 127830
156853 139019
117656 150763
148618 120298
151289 103445
152423 104736
157489 127281
134924 149202
161219 108394
130778 128186
124363 159064
151175 116471
154939 122341
152800 108758
155583 104915
143688 149783
159979 114189
143727 144651
144601 148186
128314 163463
147347 121661
157229 148580
133609 147042
164185 137902
134364 136365
157614 113550
132932 140045
150105 154270
168137 105969
163907 148015
165938 141895
146599 159115
117166 132198
142102 118856
156685 107374
147330 102347
164764 107426
140110 132106
139583 137791
150726 127633
151108 114635
157177 145971
159139 113119
158347 146966
181749 119386
152578 151583
137253 140184
145933 120138
169292 116079
146704 117170
175742 118572
176568 110583
175739 110421
158155 112233
154598 137395
150249 125693
138716 113416
143658 121881
161548 135259
162088 115294
154043 121284
142511 126129
144719 108298
141157 102642
163497 118302
154385 122188
137209 117177
157200 134306
146490 114928
165244 123924
148550 136101
146326 115132
170799 120180
121172 145693
133970 134788
123782 133908
151003 145492
150171 118150
160364 147012
153076 107124
165690 121145
148613 106320
137720 97682
155125 155073
155233 136086
148610 132285
142100 160433
138103 156743
140841 140586
164112 116848
124853 133643
154259 127782
136809 107789
157719 140044
148816 129869
154610 134228
148583 150647
160418 108807
121954 140145
142193 119060
142042 130353
147332 117930
177086 122149
163453 145320
153957 116158
141224 109951
156459 112866
149538 123515
158050 137210
159260 122822
154391 108645
150729 128218
143757 142951
149111 121052
139428 148727
154943 117347
164468 110578
144729 120782
149201 162728
150754 124130
165847 109432
147473 148817
159305 151145
161011 121729
131181 172342
117154 146849
153676 141445
157224 121305
149284 142191
124369 112580
149545 122088
141007 112640
160733 119287
146293 108121
153015 111076
170383 147410
144677 155007
143141 151975
151258 102500
142174 121533
160094 115341
160603 156803
138223 130742
127810 142359
152429 112428
164252 110832
146653 116401
156967 99340
161924 119164
169400 108406
155702 117076
162924 123205
126705 129769
133789 135780
165625 111527
149285 111296
150187 133267
160810 111753
141200 142734
117025 117429
145338 116762
115333 154257
154109 134370
140881 120972
121526 108793
136805 142909
161429 143694
169878 111556
125780 154975
147738 106043
165710 130230
149260 117608
151419 106995
156790 102933
157769 125689
133615 164185
135965 148193
139205 143707
124441 148433
151132 128456
124587 150045
158213 101489
170957 121489
129049 125820
155032 119321
155652 163528
176071 111096
129082 123132
169180 125671
170219 107735
132843 114961
156527 120844
165195 129513
158143 146758
118100 118926
125544 131764
137834 147202
157238 112774
144592 122721
146309 144980
142475 114198
140080 103385
136134 113800
140600 109922
175292 116129
161051 118279
160746 154840
122681 143531
161094 112882
141495 122011
143908 117976
133589 142616
135366 130414
161881 110831
145227 111391
134016 149838
114420 154819
161107 147825
162394 113497
123145 141568
150332 124811
142760 114873
146132 153663
155767 111207
147692 118887
147751 148409
142320 117232
112713 144598
175158 148814
156447 160389
159271 115845
149010 141183
153459 119262
135828 114345
155376 111028
119076 151174
156655 144613
147883 111262
148284 122589
147598 106953
159001 118437
169519 118256
160956 117172
158595 143403
171597 111905
149332 107908
125299 126129
167972 122958
141510 118341
146348 128016
161034 116233
177418 129053
167476 117112
140751 112976
161607 123988
151319 106393
164909 116875
151744 116981
150545 125955
167307 95422
149710 127033
163101 108889
152435 117081
142306 105547
154430 113214
155836 143855
174043 120385
161502 112490
148391 117642
163874 110115
161477 116641
146184 124837
160166 118669
135645 147304
115361 152241
134658 125198
160566 114879
145127 101654
134857 130925
160782 128864
166194 137880
128166 118586
121272 145749
146669 105333
128016 152476
162454 105267
160339 111734
155121 102502
116188 110694
145933 106421
157242 135969
142207 117474
161625 147590
150201 143422
159336 149195
145869 125895
149858 134683
158387 145082
143413 137458
172411 110965
147074 147260
152700 106391
156345 141085
163985 120960
157003 112295
152066 143213
153789 142508
139874 136616
182236 119739
132679 147046
150810 115713
159692 137251
156649 151298
154232 162152
157502 109126
168638 113957
139402 155321
177153 111879
161857 111132
159637 144040
145326 107574
128718 127025
153755 114067
100684 127447
120556 152088
169204 112414
120369 150060
161325 140727
137373 128865
147326 108566
160720 113994
131112 157638
156172 120018
149016 115320
139902 148291
143889 120468
174378 121809
160909 113166
118979 165600
110977 165804
175742 143068
156670 117861
157871 122225
167525 118312
162307 138923
178186 114693
144524 143440
147622 108957
119428 145078
151080 151300
152856 121801
141804 104736
142074 132194
152355 132613
164662 118814
159600 145831
156813 112887
157444 114884
151798 109957
163084 143215
162072 111560
160590 114080
169607 105832
139550 112572
145650 160431
156036 139781
160598 114298
148309 147523
176447 101795
151509 139175
141121 138478
131043 156011
157216 140203
143668 131767
160137 160706
155225 132842
139974 119538
119120 134195
158000 118697
128822 109168
151962 113584
138254 112018
153536 147487
149289 119384
118897 135802
151998 117115
126751 135171
115315 165379
145171 130021
148875 119580
170522 116404
145715 114784
156212 126138
140712 115524
166456 148417
146714 135766
143773 110463
143043 115390
155932 115348
145038 108115
153960 116186
137487 102854
152075 120146
