1 0.134804
825772 747776
825772 747776
761979 823492
798926 764551
762950 792353
791818 774238
764983 785054
784095 779837
781446 780816
793669 765986
772857 784305
772857 784305
793669 765986
834862 754329
771459 796643
771459 796643
821709 764921
802794 766920
794042 777167
784687 795299
791709 782503
791497 791836
790962 792996
835892 760406
773371 797239
795125 780075
818316 768014
803416 775930
810064 775154
824628 767130
824628 767130
810064 775154
825259 771912
825259 771912
776955 808420
803959 777218
822888 771963
795884 793159
794383 803471
797144 789099
802809 780116
797144 789099
788492 805486
802809 780116
781438 806532
788632 804378
793777 804043
778205 806544
781438 806532
778205 806544
793777 804043
788632 804378
808321 777879
808321 777879
777514 816851
777514 816851
797244 790204
795460 803550
796812 800580
787277 807951
804361 781832
783272 810687
804361 781832
783272 810687
787277 807951
807005 780324
807005 780324
827583 778140
780644 850727
809055 778508
780820 832037
805651 786658
781276 825432
788923 812257
788923 812257
801214 790398
800771 798290
781276 825432
796174 806212
797787 799229
790777 809145
795691 809130
808392 779057
808392 779057
801214 790398
797787 799229
790777 809145
809055 778508
795691 809130
825784 778794
782621 843815
782621 843815
816488 779206
797285 809791
793211 830767
790786 835702
798106 799907
793252 820429
808211 796966
790786 835702
795057 815874
802828 797834
813352 789802
809413 792100
813595 785496
809723 790292
802828 797834
794361 816138
813595 785496
798106 799907
813352 789802
829587 778952
829587 778952
782862 847220
795479 820118
820721 779923
796743 818287
817043 780631
812613 793015
799385 801142
810115 797621
815968 788298
803673 798204
799083 808241
799083 808241
802915 799406
815968 788298
811261 795900
811261 795900
825055 780102
796519 820286
799430 802321
816021 788861
812758 794792
821261 780157
810403 798727
818101 787645
811652 797029
803416 799671
803416 799671
806559 798757
818399 784379
819529 783283
806559 798757
819529 783283
818399 784379
824761 781561
796591 846824
797293 825143
814683 796086
804675 802106
820466 784454
809536 798908
817276 793479
807942 799492
801398 810779
819549 786003
799770 812259
816204 794519
799694 816162
797700 823531
801862 802919
799694 816162
801513 804067
819549 786003
797700 823531
808964 799115
801862 802919
801513 804067
827158 781671
827158 781671
799200 824913
799200 824913
826463 786159
817611 798617
819849 789926
810095 799384
800916 814277
807327 802118
804679 805413
802062 809590
805256 804575
799924 819400
799924 819400
802062 809590
819849 789926
818733 793909
817676 794223
809730 799959
809730 799959
817771 794024
818733 793909
839436 781996
839436 781996
800306 833275
802132 810469
820442 790098
830205 786442
831111 783486
812975 801334
818049 795525
806822 805822
811076 803510
818049 795525
805676 809154
805982 806664
812334 801890
811757 803245
831111 783486
841109 784360
841109 784360
803341 820406
803341 820406
827358 790434
808672 807921
803718 819334
818268 797698
832414 784735
813832 803857
818268 797698
832414 784735
813545 805285
811910 806968
811066 807099
840219 787066
840219 787066
805263 832978
821474 799722
829791 794558
809647 819154
815606 805255
812843 811895
807763 824075
807167 829817
814737 808675
836414 787130
834194 788452
832849 793364
834045 792785
841751 789719
807961 841396
822841 802855
834373 793788
816940 806994
808899 826039
808718 839476
810636 825168
814768 819203
836414 793299
816505 815037
815172 816460
834721 793684
846819 797479
809208 830208
815450 821099
818528 808189
841118 798339
831542 803109
830705 807351
846995 802336
811534 842675
818816 808555
831703 804364
818783 825453
845441 803638
813447 830625
812632 835331
852298 803302
814508 844030
818849 810632
835428 804695
824470 809254
822841 810376
847101 807112
815431 844176
818908 811114
837452 808258
819673 811332
819977 812895
819845 828020
821544 812895
821442 826529
825646 812924
822179 816906
829643 813291
823460 823034
826643 820123
829455 818312
833619 817336
829112 834527
831242 827255
832322 819445
857913 818462
833942 846482
834883 821164
837534 821247
845603 823934
841178 829726
842546 826011
847634 825002
827290 753990
827290 753990
771912 810741
796388 760546
780233 787653
819828 760320
778752 797732
823539 758666
775515 802816
777892 800426
775515 802816
827635 765289
779423 820900
783840 789970
808176 766712
796940 782685
794083 788573
799096 776607
804998 772308
800201 772809
794572 787848
783840 789970
804998 772308
855766 769073
855766 769073
780088 822268
780088 822268
817606 769993
784223 806740
797901 784306
789176 792403
808182 774950
785277 793145
803429 783431
784749 800836
808182 774950
784749 800836
804345 779454
803743 780081
804345 779454
785277 793145
804188 779735
853740 771056
785186 827321
824915 772146
786110 806626
794242 792649
811502 775987
798961 785518
819451 773412
793233 802892
793009 805112
786342 805150
806490 780738
802827 784386
806490 780738
804246 782340
803801 783460
793233 802892
826692 772533
826692 772533
785585 838516
786689 814071
825523 775341
813261 776457
794550 796922
801846 786906
798458 792712
808624 783861
794031 805726
791692 805766
799853 789532
812021 780564
808624 783861
791692 805766
812086 778250
813261 776457
812086 778250
794031 805726
853077 772546
853077 772546
788870 821855
788870 821855
843487 774697
794445 806813
796558 798939
829952 775399
792899 814857
821454 777833
801969 787908
812280 780496
801969 787908
792899 814857
812280 780496
814291 780345
829952 775399
798843 793591
820954 779506
800787 790060
798843 793591
800806 789781
820954 779506
864486 773747
789700 831981
839113 776418
792569 826521
795291 810925
829917 779656
828478 782415
814687 788208
817613 783274
797284 802794
807873 788455
798515 798999
816308 783623
797123 808353
804157 792439
801227 796419
797832 801232
806178 789187
801227 796419
803677 793225
795291 810925
803677 793225
795450 809638
806178 789187
817613 783274
797123 808353
795450 809638
846151 776431
790377 839723
795466 824220
830371 780954
791235 838310
803237 796933
796436 817137
822055 784870
796514 810249
828647 782728
806226 790538
811965 789728
798943 801089
817722 788170
812823 789139
798179 804875
798943 801089
806226 790538
819040 786839
819040 786839
798849 803693
798179 804875
817779 787410
812823 789139
798849 803693
817722 788170
854883 781326
854883 781326
796249 830288
829622 783495
852355 782103
798206 813241
822523 786283
806636 793470
799816 807291
817724 788957
815507 792781
803077 806219
798499 811380
803352 799069
803352 799069
816503 789897
803139 802582
803139 802582
806636 793470
815527 792362
815527 792362
837520 784383
837520 784383
797366 854180
822755 789238
798857 817077
798087 839690
832179 786736
805088 802947
798087 839690
817439 793572
811923 793825
832179 786736
809901 794811
802482 808956
817439 793572
806772 799000
800461 811203
806772 799000
802482 808956
800020 815438
809907 794148
800461 811203
800020 815438
838645 788963
799031 820692
802387 812278
816840 793867
836343 789433
825495 790577
825222 792210
811305 800429
806949 804480
807203 801184
806949 804480
811500 794948
811545 794935
811545 794935
842324 790733
800341 822605
839931 793824
815725 795134
807391 805651
802812 812785
804625 812299
813395 799895
813395 799895
815725 795134
845367 791905
801056 823763
816719 798816
808494 808515
833121 798810
840592 793864
803772 814187
834208 796536
808436 809150
804139 813903
857089 793156
804267 824884
835545 796641
813545 810074
804797 818848
821567 808892
826005 799919
821620 803770
807843 814320
824039 800056
807775 815688
848062 796660
804564 825748
814174 810741
837951 798057
824248 809582
807922 815393
828371 804343
806226 822069
827361 807582
831715 800503
833568 799954
807841 818186
807886 817061
845118 799161
804616 840061
813410 822667
806320 833859
835520 802954
829623 810409
819099 811286
815124 813600
831944 806614
831924 807081
817006 811487
815273 812738
846690 802898
813508 825732
836797 803391
819841 812985
818004 816742
837244 803917
819703 823236
831507 813849
827405 818721
830264 815244
823618 819366
821835 821311
856745 812436
822902 826190
839912 817656
851421 812679
826446 819715
825019 819962
842143 819465
823825 829028
826879 821139
846610 819663
825376 835166
834441 821225
833300 833228
838314 822820
832662 837986
836384 827480
848076 827709
834100 841053
840962 833389
803575 742418
761087 827533
799968 774954
782222 787010
779065 820054
786269 776581
778138 821406
786269 776581
778138 821406
842001 760260
765031 844269
783189 826031
784588 796604
809010 771966
831392 770994
791690 782586
834722 767391
809010 771966
783189 826031
791690 782586
785802 791528
831859 769266
786934 786082
787815 784825
787815 784825
786934 786082
848666 770014
848666 770014
785095 798265
821479 781333
788089 787590
838365 775687
798441 782677
826356 776185
821833 777316
844774 771930
844774 771930
791123 786996
797310 783797
797310 783797
791123 786996
798441 782677
821479 781333
875515 770912
785260 811989
840323 776015
789009 794923
787498 809565
826816 782886
829247 778164
793586 789534
789009 794923
815670 783625
806479 786972
799669 789484
810206 784747
838207 776817
814940 784563
787498 809565
800698 787926
804227 787078
810206 784747
838563 776577
838207 776817
802445 787691
815670 783625
802445 787691
857470 779198
857470 779198
789529 816601
789529 816601
789771 795853
836752 781676
828581 783253
802284 788932
846939 780653
846939 780653
812475 788784
795695 791244
793913 795569
816344 786489
821472 784929
799195 790313
794560 793939
816344 786489
799195 790313
821472 784929
824256 783981
794560 793939
813663 788049
813663 788049
813562 788430
823346 784135
824256 783981
823346 784135
845075 784152
845075 784152
789665 822701
789665 822701
790489 800933
798455 794084
830975 785712
822316 787142
805105 792219
828996 785880
811055 789735
810014 791779
813694 788120
818774 788027
801319 793345
819278 787794
801319 793345
813694 788120
799881 793529
799881 793529
810014 791779
819278 787794
843767 785937
843767 785937
790729 803671
790729 803671
800354 794322
797811 801494
812832 792594
825069 787380
814229 790172
803786 793567
821972 789116
793370 803313
797811 801494
815658 789667
803786 793567
793370 803313
824682 787523
825069 787380
821972 789116
824682 787523
815658 789667
853948 786254
792588 848666
841764 787645
793241 817273
792650 828246
802516 795970
829050 789084
795221 807636
800436 802303
815139 792940
850681 787126
792650 828246
795973 803587
821769 790681
816215 791908
802516 795970
826494 789324
815139 792940
819478 791642
826494 789324
819579 790869
819478 791642
857406 787058
792815 833872
795256 820677
829435 792023
800745 803318
795280 810113
843924 788526
854795 788136
843924 788526
798192 807500
805501 798389
819907 792313
817537 794818
811544 796211
810509 797560
805545 797656
819731 793968
796371 809857
811544 796211
796371 809857
810509 797560
845816 789092
845816 789092
793269 851864
793269 851864
845197 790592
827660 795330
794511 837885
796503 830544
814347 797419
822885 796648
796611 816676
805381 806403
806432 798419
805880 798678
802818 808205
800112 811717
827457 795973
802728 810962
797792 815899
797792 815899
800112 811717
796611 816676
837672 795743
796990 835812
797325 825211
807043 803248
813567 801531
817842 798840
803527 812850
804667 809152
827766 797727
835330 796465
824353 797775
797634 818340
799169 817194
799169 817194
797634 818340
854675 795863
797013 850304
797013 850304
798077 821513
834850 798536
832877 800317
816131 801635
808635 815021
809419 803650
805715 818600
802962 821100
814113 803030
864692 797235
806066 838754
839106 800262
820039 801939
855334 797524
806743 820322
810811 807304
810442 810464
808822 817358
807465 819493
856668 799592
807779 852160
831876 802908
808056 822325
823948 806427
817752 807486
828426 803305
811106 814299
810464 819079
812701 809830
812565 810311
809006 822076
831462 803516
811179 828077
820052 808355
811325 822406
829873 806872
813101 810170
813176 810045
831056 803623
834531 803835
814794 830074
815125 814069
832981 805044
821622 808361
818101 812568
820496 808715
849165 804203
816685 819960
833908 807987
823834 819643
846055 806931
824059 812106
829011 810995
824460 811427
842779 808188
816817 827273
819223 819982
825869 814724
832063 812531
837211 808246
834506 811546
837296 809424
818483 846604
821936 824849
827379 815275
827207 824776
853864 809996
830829 819645
838511 812195
834906 817542
834632 819513
858255 815291
831229 823902
842561 816241
833788 823876
846612 823779
838686 839086
843333 829667
844107 857654
