4620 1021.71
133894 56848
63886 130564
63888 124498
63886 130564
64216 118111
63931 122806
64260 113929
64070 119428
132021 57008
133894 56848
64388 111722
63888 124498
64361 113260
70977 82005
71036 80549
71385 79600
127734 57158
126531 57160
64776 109554
71547 79266
71070 80379
71862 78487
66383 94945
66240 95623
70161 84629
70174 83747
77349 71316
65023 105590
64930 107999
65346 101828
64625 111571
65345 102603
64931 107224
65022 106365
64626 110796
64787 108945
64361 113260
66130 97021
66047 97696
68151 89412
66151 96318
66130 97021
67561 91003
67986 89910
67674 90525
65219 104083
65254 103462
65813 99254
124348 57282
65958 98391
64721 110079
124916 57272
65945 98971
65758 99779
66198 95761
131109 57017
132021 57008
131492 57013
130580 57022
76764 72108
75775 73040
77139 71557
74333 74794
72931 76582
74820 73705
75298 73694
73261 76426
71896 78317
74003 74950
72226 78161
65718 99971
70707 83136
76803 71667
74639 74571
74678 74130
75741 73210
73526 76063
73635 75702
128402 57093
127993 57138
77131 71625
94268 61435
104606 59320
104200 59354
111578 58155
111172 58189
65682 100392
113700 57944
120268 57471
118019 57556
124099 57302
130096 57072
113284 57948
123683 57306
116142 57738
129184 57081
115726 57742
125932 57221
125516 57225
128768 57085
118435 57552
119852 57475
129680 57076
80169 68869
70324 83466
70174 83747
73492 76233
73261 76426
72826 77110
72897 76752
103834 59362
80564 68437
65945 98971
69901 84777
70161 84629
95618 61216
121664 57412
121271 57416
70324 83466
68966 87958
126418 57161
129184 57081
129567 57077
65441 101111
65288 103292
65118 104873
65078 105065
65401 101303
65315 102915
66185 96148
64625 111571
68335 88961
99505 60100
72600 77437
102860 59553
103142 59459
65380 101658
93028 61986
76803 71667
67286 92081
69800 85392
69805 85014
65139 104518
65779 99424
65462 100756
65992 98221
65057 105420
66013 97866
66943 92871
66892 93194
77650 71257
78747 69939
76730 72278
95277 61230
99451 60181
99110 60195
100192 59943
99949 60055
98857 60202
98614 60314
70710 82774
95672 61135
114027 57926
113700 57944
70625 83373
68512 88751
78086 70732
68989 87638
75413 73217
84406 65405
81266 67551
81763 67267
83178 66250
83675 65966
80311 68444
86303 64476
83431 66243
85156 65114
103508 59451
65345 102603
65315 102915
66523 94461
66828 93467
66459 94734
66892 93194
74349 74781
67305 91792
67325 91474
69839 84844
86556 64469
106477 58935
88344 63662
91907 62293
126181 57201
98405 60348
97554 60683
98180 60435
97364 60760
92775 61993
82093 67111
80953 68039
93938 61591
65173 104348
65219 104083
94173 61572
102247 59666
79973 68898
74605 74741
67305 91792
96826 60967
78521 70075
75298 73694
75313 73404
79806 69026
82983 66490
83508 66094
81755 67335
84736 65249
84895 65189
81596 67395
83667 66034
86295 64544
107587 58713
105829 59037
106252 58972
107139 58826
105590 59089
80631 68277
80800 68228
79010 69859
106672 58837
107573 58728
95925 61128
106238 58987
101107 59819
95939 61113
99740 60089
108065 58669
79476 69182
71419 79430
72548 77701
67910 90054
68748 88280
68662 88470
71547 79266
72420 77865
108474 58567
101994 59673
108927 58514
108235 58611
101755 59717
94916 61333
87484 63985
86633 64320
85233 64965
83144 66420
75413 73217
76302 72569
75313 73404
66417 94775
88829 63514
91541 62480
93261 61824
93069 61912
66557 94291
67234 92101
66617 94272
67192 92270
67050 92552
76048 72860
120381 57470
122070 57408
118548 57551
118818 57548
131109 57017
131379 57014
92557 62093
89845 63127
73861 75375
72679 77242
72826 77110
73714 75507
125150 57233
124916 57272
72226 78161
72364 78021
121800 57411
92254 62216
97589 60673
87987 63851
87476 64053
86076 64698
98041 60527
120651 57467
88317 63695
92584 62060
97173 60827
74786 73875
90708 62770
87996 63804
107164 58778
108727 58552
108474 58567
79798 69094
69173 87187
67509 91023
77886 70801
70943 82175
96661 60995
96410 61009
73635 75702
73714 75507
72679 77242
86980 64243
87145 64139
88673 63571
91385 62537
85745 64784
85580 64888
79018 69791
65496 100586
69601 86060
107812 58676
80945 68107
80808 68160
82494 66706
94521 61428
117274 57622
105590 59089
122612 57394
100445 59936
93591 61668
101994 59673
105985 58994
101360 59812
95277 61230
122359 57401
107320 58735
107812 58676
84903 65121
98857 60202
96192 61106
117527 57615
101093 59834
81519 67544
83928 65959
82747 66699
82016 67260
93844 61661
100192 59943
88597 63655
105337 59096
99110 60195
84659 65398
106925 58830
100840 59841
106672 58837
95024 61237
92160 62286
81124 67976
94694 61393
92740 62003
97329 60770
90022 63053
93417 61770
101532 59744
101755 59717
90378 62926
91029 62661
89195 63327
89872 63094
102447 59620
64681 110271
90699 62817
69284 87140
98405 60348
97937 60547
98614 60314
99772 60078
97728 60581
67708 90355
90196 62951
101360 59812
101532 59744
108727 58552
90534 62872
90873 62718
66743 94097
68512 88751
123317 57314
86815 64295
91056 62628
84176 65747
84005 65810
82264 67048
76504 72283
116469 57720
116255 57737
106477 58935
94694 61393
76264 72824
82991 66422
97728 60581
98180 60435
93591 61668
93452 61760
94208 61562
108079 58654
82824 66550
100659 59932
65724 99949
69567 86230
69451 86341
68185 89242
67475 91193
70744 82604
68546 88581
67359 91304
67823 90321
69023 87468
68301 89131
69139 87357
70860 82493
70977 82005
71036 80549
105152 59270
80623 68345
84728 65317
83500 66162
85225 65033
82816 66618
82085 67179
81588 67463
83997 65878
106925 58830
100445 59936
90549 62858
87822 63906
64678 110496
79965 68966
86136 64604
78841 69908
66990 92571
89680 63179
85415 64940
86980 64243
92392 62145
85806 64760
88865 63483
88161 63752
91577 62449
87145 64139
85580 64888
87310 64087
67140 92290
123104 57335
66794 93637
68824 88136
67986 89910
78094 70664
91872 62394
89160 63428
79676 69170
88161 63752
90879 62702
87822 63906
91706 62428
88994 63462
93261 61824
87666 63960
102247 59666
94521 61428
87666 63960
85415 64940
90357 62946
92392 62145
89542 63250
89680 63179
90188 63019
84298 65660
84176 65747
82264 67048
72364 78021
72420 77865
68696 88300
67858 90074
94916 61333
96410 61009
95024 61237
64891 108498
64902 108300
105265 59213
99949 60055
64949 107034
65004 106509
64931 107224
89021 63429
90063 63027
87310 64087
85910 64732
103508 59451
105829 59037
108235 58611
111691 58154
109622 58353
109579 58395
105985 58994
107320 58735
65254 103462
77792 70832
76410 72314
81258 67619
79468 69250
65057 105420
65346 101828
65779 99424
68172 89372
73492 76233
64626 110796
78513 70143
64891 108498
82486 66774
64687 110249
65139 104518
72548 77701
71862 78487
80203 68699
67346 91434
69335 86691
76402 72382
84372 65575
80303 68512
65992 98221
66047 97696
66013 97866
66151 96318
69023 87468
71419 79430
74003 74950
74639 74571
73526 76063
69139 87357
77684 71087
66651 94102
65288 103292
66185 96148
69805 85014
69438 86471
65462 100756
66943 92871
69684 85742
79442 69352
75767 73108
66828 93467
66523 94461
64660 110626
73861 75375
70710 82774
67475 91193
64857 108668
65407 101281
71070 80379
76376 72484
82460 66876
76740 72158
83170 66318
74605 74741
70646 83333
79352 69600
68674 88417
84398 65473
67084 92382
67836 90191
77758 71002
65112 104895
68301 89131
73895 75205
69301 86861
64983 106864
72897 76752
77650 71257
69787 85522
80277 68614
69650 85912
70894 82323
74820 73705
77784 70900
69567 86230
71896 78317
76268 72739
65173 104348
70744 82604
65084 105043
74707 74070
70860 82493
68959 88016
68546 88581
73969 75120
67695 90485
66977 92701
68335 88961
64715 110101
72582 77531
65435 101133
64949 107034
79676 69170
74712 73960
96661 60995
89506 63281
79171 69752
69644 86037
70938 82243
66794 93637
91309 62621
89345 63286
86815 64295
65648 100562
64992 106677
64983 106864
64902 108300
64857 108668
64841 108847
66766 93826
68989 87638
69417 86511
69766 85562
105337 59096
65380 101658
72931 76582
79244 69655
114719 57829
64918 108121
118994 57542
122359 57401
127847 57157
122183 57407
118818 57548
104972 59312
120905 57424
120764 57466
78413 70330
65546 100570
65958 98391
112792 58007
109340 58447
110806 58197
110114 58294
110680 58248
122612 57394
117653 57564
119486 57483
112226 58053
116961 57661
117527 57615
112918 57956
109988 58345
116835 57712
112100 58104
119360 57534
122738 57343
91226 62625
108974 58455
64992 106677
76048 72860
79368 69437
78405 70425
81150 67901
91733 62395
115360 57750
114632 57866
114832 57828
115324 57769
114140 57925
114868 57809
105254 59218
89345 63286
78216 70645
79171 69752
78289 70548
66766 93826
127910 57152
65023 105590
109466 58396
93844 61661
92218 62247
79334 69607
78379 70500
86625 64388
130209 57071
130214 57030
69295 86986
91376 62584
88664 63618
65010 106487
79434 69420
82452 66944
76368 72552
84364 65643
80269 68682
73969 75120
73895 75205
78479 70313
81224 67789
77750 71070
74778 73943
124212 57301
126160 57219
66760 93970
104972 59312
105152 59270
86084 64630
82386 66961
64841 108847
82747 66699
84659 65398
86596 64449
82016 67260
81519 67544
83928 65959
110919 58196
116582 57719
128515 57092
109087 58454
104719 59319
103255 59458
104859 59313
102607 59560
102747 59554
111987 58105
115613 57743
117906 57557
114429 57899
113031 57955
130327 57029
123430 57313
119739 57476
122851 57342
112539 58014
111059 58190
116722 57713
122991 57336
123570 57307
109227 58448
112679 58008
121158 57417
103947 59361
110427 58255
119599 57482
115121 57802
115473 57749
109875 58346
104087 59355
125263 57232
111847 58111
125403 57226
117766 57563
109735 58352
121018 57423
113171 57949
114981 57808
124348 57282
76129 72834
115211 57770
67084 92382
64678 110496
64660 110626
103395 59452
128655 57086
119247 57535
119107 57541
110567 58249
130467 57023
114289 57905
78216 70645
121800 57411
82386 66961
78521 70075
121664 57412
100786 59922
70659 83203
68185 89242
66977 92701
69760 85687
67824 90244
69411 86636
69800 85392
69451 86341
67359 91304
78289 70548
68932 88128
123104 57335
97058 60907
97146 60860
64918 108121
114176 57906
100840 59841
99451 60181
95654 61207
100786 59922
89168 63360
91880 62326
100659 59932
85910 64732
69753 85692
69404 86641
65022 106365
109466 58396
66760 93970
69901 84777
69295 86986
69650 85912
69301 86861
78747 69939
77886 70801
78841 69908
76504 72283
98006 60537
78487 70245
112426 58015
112339 58052
117074 57660
110227 58293
110314 58256
114668 57847
117161 57623
115121 57802
114519 57867
114429 57899
70894 82323
130467 57023
103395 59452
119107 57541
119247 57535
110567 58249
128655 57086
114289 57905
79244 69655
65682 100392
65663 100496
64930 107999
69684 85742
69335 86691
126045 57220
120651 57467
68932 88128
68824 88136
109735 58352
111987 58105
109227 58448
116835 57712
111847 58111
117906 57557
129567 57077
128768 57085
125932 57221
102607 59560
115473 57749
122991 57336
119599 57482
119739 57476
104719 59319
117074 57660
104859 59313
112679 58008
115726 57742
115613 57743
109875 58346
110427 58255
128515 57092
102494 59561
110806 58197
110680 58248
119486 57483
109340 58447
112792 58007
130580 57022
111172 58189
131492 57013
118994 57542
131379 57014
120764 57466
130096 57072
113284 57948
118435 57552
125516 57225
119852 57475
104606 59320
113031 57955
110919 58196
103947 59361
118019 57556
112339 58052
130327 57029
117161 57623
103142 59459
121018 57423
128402 57093
103834 59362
114981 57808
123430 57313
104087 59355
102747 59554
111059 58190
123317 57314
114519 57867
109087 58454
121271 57416
117766 57563
127734 57158
116255 57737
122851 57342
120268 57471
114027 57926
125150 57233
126531 57160
120381 57470
118548 57551
116961 57661
126045 57220
103255 59458
116582 57719
119360 57534
125403 57226
110314 58256
117653 57564
112918 57956
117274 57622
122738 57343
121158 57417
112226 58053
110114 58294
112539 58014
104200 59354
123570 57307
112100 58104
116722 57713
109988 58345
112426 58015
111734 58112
120905 57424
122183 57407
116469 57720
123683 57306
102860 59553
116142 57738
110227 58293
124099 57302
111578 58155
125263 57232
124212 57301
113171 57949
122070 57408
129680 57076
93938 61591
70659 83203
93069 61912
96192 61106
96302 61105
70625 83373
96302 61105
96981 60912
96877 60916
72582 77531
76129 72834
76048 72860
81232 67721
108966 58508
102447 59620
102494 59561
88597 63655
96877 60916
81158 67806
78397 70493
81142 67969
66651 94102
127993 57138
92160 62286
96302 61105
115211 57770
81232 67721
91226 62625
74678 74130
76268 72739
69225 87167
85745 64784
111734 58112
81158 67806
79368 69437
84298 65660
80203 68699
77684 71087
97058 60907
96981 60912
66459 94734
97937 60547
65663 100496
86136 64604
85156 65114
83431 66243
82494 66706
