3262 11.2427
332306 333623 284064
300576 337695 302475
349620 297572 315231
300576 337695 302475
332306 333623 284064
319725 294332 318258
349620 297572 315231
340295 284428 326757
341732 313697 286234
319725 294332 318258
305241 315632 321386
335039 311021 287498
305241 315632 321386
314594 298795 325351
318126 333553 292607
329749 317238 297126
310826 331892 308877
321560 310240 306649
328198 324786 289817
309172 319104 314077
331537 314238 295119
326536 305960 307240
341732 313697 286234
339328 299932 293505
316086 332879 299690
322642 328146 285241
314594 298795 325351
341732 313697 286234
339328 299932 293505
336412 300410 298990
305748 336211 290233
314821 322555 300240
314448 328529 307860
305748 336211 290233
308951 314643 319035
308951 314643 319035
321796 319659 300637
314594 298795 325351
309172 319104 314077
315107 317899 302874
336412 300410 298990
325547 334549 284169
309578 314478 312287
305276 331916 310101
307131 333344 293441
311946 305697 312813
314821 322555 300240
329075 298193 308041
319479 329798 294305
325547 334549 284169
319681 302609 319713
329749 317238 297126
336412 300410 298990
319479 329798 294305
322670 308108 304402
312453 328721 304742
305276 331916 310101
311946 305697 312813
326536 305960 307240
328198 324786 289817
321796 319659 300637
319681 302609 319713
309578 314478 312287
329749 317238 297126
332306 333623 284064
316414 324452 297932
300576 337695 302475
321560 310240 306649
322167 314719 302191
319344 316004 305014
328068 315031 301206
322670 308108 304402
316414 324452 297932
314821 322555 300240
325304 317551 294296
323832 315745 298987
331210 317086 295078
319479 329798 294305
315817 315954 309501
333714 308715 300945
305276 331916 310101
328198 324786 289817
311362 328345 310069
311946 305697 312813
321066 317990 302127
333345 315859 289646
323832 315745 298987
312453 328721 304742
323251 303582 314096
322642 328146 285241
318126 333553 292607
321796 319659 300637
325304 317551 294296
318126 333553 292607
322642 328146 285241
323832 315745 298987
331210 317086 295078
332306 333623 284064
321066 317990 302127
333714 308715 300945
310826 331892 308877
308951 314643 319035
329749 317238 297126
314821 322555 300240
323251 303582 314096
331210 317086 295078
329075 298193 308041
310826 331892 308877
329749 317238 297126
315817 315954 309501
311362 328345 310069
314594 298795 325351
329075 298193 308041
334359 311665 299058
321796 319659 300637
325547 334549 284169
335039 311021 287498
321560 310240 306649
334359 311665 299058
322670 308108 304402
334359 311665 299058
323251 303582 314096
311946 305697 312813
319479 329798 294305
335039 311021 287498
323832 315745 298987
323832 315745 298987
323251 303582 314096
321066 317990 302127
315817 315954 309501
305241 315632 321386
319725 294332 318258
314448 328529 307860
311946 305697 312813
305748 336211 290233
321796 319659 300637
331210 317086 295078
321796 319659 300637
312453 328721 304742
333714 308715 300945
325547 334549 284169
316414 324452 297932
307131 333344 293441
333714 308715 300945
308951 314643 319035
325304 317551 294296
315107 317899 302874
321066 317990 302127
314821 322555 300240
309578 314478 312287
325304 317551 294296
325547 334549 284169
315107 317899 302874
321066 317990 302127
339328 299932 293505
319725 294332 318258
314821 322555 300240
305276 331916 310101
325547 334549 284169
311946 305697 312813
334359 311665 299058
316414 324452 297932
300576 337695 302475
300576 337695 302475
329749 317238 297126
335039 311021 287498
300576 337695 302475
314594 298795 325351
308951 314643 319035
319725 294332 318258
333714 308715 300945
325547 334549 284169
339328 299932 293505
319681 302609 319713
311946 305697 312813
322670 308108 304402
340295 284428 326757
314821 322555 300240
305241 315632 321386
321796 319659 300637
315107 317899 302874
314594 298795 325351
318126 333553 292607
316414 324452 297932
314821 322555 300240
322642 328146 285241
334359 311665 299058
308951 314643 319035
325547 334549 284169
321796 319659 300637
305241 315632 321386
318126 333553 292607
325547 334549 284169
325304 317551 294296
331210 317086 295078
316414 324452 297932
339328 299932 293505
318126 333553 292607
340295 284428 326757
305276 331916 310101
321796 319659 300637
318126 333553 292607
331537 314238 295119
311946 305697 312813
328198 324786 289817
319681 302609 319713
309578 314478 312287
329749 317238 297126
332306 333623 284064
316414 324452 297932
300576 337695 302475
321560 310240 306649
322167 314719 302191
316414 324452 297932
325304 317551 294296
305276 331916 310101
326536 305960 307240
333345 315859 289646
323832 315745 298987
312453 328721 304742
322642 328146 285241
318126 333553 292607
318126 333553 292607
323832 315745 298987
314821 322555 300240
331210 317086 295078
329075 298193 308041
310826 331892 308877
314594 298795 325351
300576 337695 302475
332306 333623 284064
319725 294332 318258
349620 297572 315231
340295 284428 326757
305241 315632 321386
310826 331892 308877
331537 314238 295119
339328 299932 293505
316086 332879 299690
322642 328146 285241
329749 317238 297126
341732 313697 286234
305748 336211 290233
314448 328529 307860
305748 336211 290233
314594 298795 325351
309172 319104 314077
336412 300410 298990
309578 314478 312287
329075 298193 308041
336412 300410 298990
322670 308108 304402
339328 299932 293505
309578 314478 312287
315107 317899 302874
321066 317990 302127
339328 299932 293505
311946 305697 312813
334359 311665 299058
316414 324452 297932
300576 337695 302475
335039 311021 287498
300576 337695 302475
314594 298795 325351
308951 314643 319035
314821 322555 300240
319681 302609 319713
322670 308108 304402
314594 298795 325351
318126 333553 292607
316414 324452 297932
314821 322555 300240
325547 334549 284169
318126 333553 292607
339328 299932 293505
305276 331916 310101
331537 314238 295119
323251 303582 314096
315817 315954 309501
311362 328345 310069
314594 298795 325351
334359 311665 299058
321796 319659 300637
335039 311021 287498
321560 310240 306649
334359 311665 299058
323251 303582 314096
319479 329798 294305
335039 311021 287498
311946 305697 312813
315817 315954 309501
305241 315632 321386
319725 294332 318258
314448 328529 307860
305748 336211 290233
321796 319659 300637
331210 317086 295078
321796 319659 300637
312453 328721 304742
316414 324452 297932
