47 2.49899
837357 858070 732904 818689
851005 843423 721663 822922
730880 817355 815929 783268
801152 763187 751313 837972
808629 734511 810779 822410
819859 779838 789374 735224
788849 780858 835488 757377
864142 767860 745207 812746
838077 854132 730335 816120
844338 846233 721974 811162
839756 817500 725058 790131
735777 815736 815065 780051
786965 815874 739115 819667
760011 839886 782201 788438
843883 797547 736379 790062
860384 772633 777539 774888
780710 752763 772347 826410
783976 771720 824515 765504
783812 743792 831636 829816
791042 811837 734029 790307
746211 759748 799282 791785
753591 823049 810928 766578
739823 758323 810270 782092
849013 739457 754291 804468
819354 779357 791207 737748
818861 837068 773133 760347
788974 762684 822200 779834
824775 786854 775532 770329
776866 830981 744109 779441
769050 809055 833827 769556
864087 793428 769690 759912
819422 774635 794502 739554
755739 807571 745065 801378
752165 762091 807462 781090
790885 832511 755146 767982
774782 788339 771865 797493
741505 830206 811374 768840
778868 818627 743564 802581
756772 814527 791872 790366
810664 736107 807999 803087
794258 827203 778417 749260
766547 805869 749225 828852
858555 793069 770001 761654
787518 764563 826826 778892
820875 787517 778134 745318
744723 753725 804213 789483
784243 781980 757578 831384
827988 785869 776520 769372
828174 764694 749500 808450
802829 750732 768342 816081
809171 766639 788883 747795
819643 778097 794102 736318
760995 821348 819008 772982
814308 763212 795928 754050
780605 825090 764631 765368
777366 805578 752567 776314
771653 791010 790144 758405
854027 777566 780990 773194
790070 786520 747424 799215
785771 774869 829752 758120
752268 805781 783895 835763
794464 784186 803118 764990
782347 810447 790198 755344
797796 754814 811581 781009
856502 745935 796920 776770
758947 799924 785496 794992
802566 753799 773521 819593
791949 794422 779345 768523
773130 773699 787808 827931
792765 829071 776663 750225
839949 749172 769042 781865
797324 781467 821327 771366
852436 750225 788596 772226
750933 821674 816823 774229
846811 737210 774729 796301
841105 766864 763408 800149
814601 766283 746784 810373
757928 794898 770495 800626
792958 800740 758855 766860
750228 801278 786459 832152
795901 738473 789521 814444
813547 796347 746381 806308
763615 812979 829367 772139
761671 799219 769466 817732
794681 776384 751875 833399
815797 744751 767329 805755
763012 789425 773079 807832
820638 778461 786346 743509
798351 766921 761309 836948
818525 777934 793423 742118
743711 828601 807444 767578
777957 804394 817308 754608
768762 811111 832173 769234
800862 739565 809946 806642
804973 806976 814219 751529
847926 741959 812728 782014
841459 763653 758238 797204
755615 813987 792290 794210
740205 767925 806024 795379
773696 777476 789188 787268
795485 746926 815105 781248
765986 799194 796864 785885
806441 770583 813785 752798
853554 773677 780194 773631
831107 797382 745341 807287
749212 825922 816952 771860
794912 788970 805441 764273
800966 784532 762245 793455
830155 768665 783654 793765
807450 745876 802983 797980
824000 769243 786188 751687
770391 797231 763411 787766
787335 809863 782620 759437
781157 835186 789689 762022
785658 772299 828885 760789
783205 784914 753749 834713
786021 784456 753508 834066
747632 828861 800069 770261
787313 763788 828186 780704
742014 755519 808097 784948
833965 790790 742172 805745
820294 741860 788434 792674
857056 774459 757079 786548
790630 786122 748806 798025
760292 813261 791438 794738
781762 833400 756387 776248
804321 791786 799072 758297
805925 771619 759410 819390
792180 751912 820571 778354
788396 806586 764984 761886
749003 816199 790815 803567
799731 827509 757074 770823
835466 796741 774336 756814
759850 834502 783283 783131
795423 790853 814652 756619
821328 764375 797008 746855
775806 826838 766005 764195
764199 817461 795003 772467
835996 751816 766724 784151
808402 768192 788610 746192
754241 792066 777416 826447
791084 775379 793141 783911
769788 789611 787224 762873
796024 763373 819313 773311
804857 765795 760925 836298
762087 817341 797473 787820
857530 793528 774408 760253
843271 795986 769842 754731
808476 765028 757851 837199
820171 777736 787285 740660
755450 835751 782772 783159
806725 798703 801836 750600
779513 744541 827780 826432
760597 807149 783133 795795
818255 780036 784937 741560
784479 803332 781698 774943
764258 806641 834673 760028
783103 817091 740731 805545
836406 749653 773214 782543
766328 785310 772569 798907
829311 766268 778724 795173
798082 757480 764136 811499
795613 782992 817347 757962
817029 746040 802298 801861
805641 786873 785726 765708
785388 820967 762161 767976
811768 739215 769092 814667
781960 759261 774661 815153
816726 759128 756750 818165
830896 758123 799960 765395
800041 748419 778716 800017
813877 774122 748813 803729
744566 756791 804541 787867
783300 819465 743756 802528
793500 748021 814802 776995
776022 785733 780164 783187
743590 826458 807458 767644
783578 749670 813311 832952
839125 748367 767427 801265
788625 766490 832235 775191
857179 794907 767809 763568
838425 742357 781369 805998
842832 751503 777811 775597
831631 792110 786636 740709
799112 830661 756136 771072
767782 798211 767142 780816
818759 738021 798139 797117
806823 770888 785933 744867
817113 776998 787773 743683
812784 826808 782583 752921
793974 790006 760825 792038
822072 765795 753334 810733
831960 763251 773463 788859
839930 756088 770622 779548
845413 753321 761835 798937
817824 768694 786382 747363
765392 795382 798665 779074
779709 779065 776083 818059
745734 751076 807327 786982
845816 740974 780827 808711
746111 809266 782786 837765
846456 740524 781526 812573
761548 800613 787910 791142
816190 769828 755914 804910
796402 759417 786810 792007
775164 803653 754086 776899
787534 737855 789913 812397
768227 816568 810407 771534
768131 819993 797030 760307
806331 744299 805652 809117
754840 810565 800729 783850
844009 738548 784753 811790
797178 755539 772030 808975
800629 746183 808841 803065
795223 775765 799025 776081
778503 822510 740228 803718
833382 756403 798633 771734
789683 756896 787097 787499
818572 798057 755876 782830
764321 833799 784867 780165
767060 783500 774491 798255
793184 826292 770192 761474
754155 800192 780458 802817
780500 783607 775390 777644
800549 751349 792618 783605
748125 822046 816161 774684
769131 834042 770169 763831
765708 791624 753227 810051
807999 750407 793929 790690
812649 799530 753959 775483
835265 749464 770365 785295
784264 796623 786233 753461
785185 753450 813105 784989
808345 743111 801797 805603
835902 791429 741994 806214
822911 799101 739975 832603
773010 788470 765387 809650
765740 802422 776749 777414
779964 782611 757048 831895
761726 792498 782025 803626
789118 780376 801084 777544
821466 752226 800550 750484
799425 795781 804613 757951
809676 742589 806696 798439
833575 743584 770546 796917
839567 738873 788074 809808
846587 739723 777744 805434
822754 782698 739775 837968
807845 771565 760699 832733
810050 769524 777119 777577
835378 802429 764208 760610
797851 790319 777282 762444
847527 779741 780422 773546
802693 746363 774959 809637
783843 758208 820841 784519
778751 782196 793277 777835
793445 771218 811043 778417
807161 738965 806292 810766
783200 788708 741288 807592
763469 789461 800194 774005
824405 782774 777417 741409
795677 765562 819170 772687
837826 740715 785877 804999
750077 804693 793594 831972
778648 803536 779010 769812
786566 752249 802451 784856
845893 742561 777814 808439
805449 798809 774735 768415
787345 804865 767515 762303
829700 800525 764488 765635
748055 762913 794180 788488
806159 768788 763778 781901
769623 814480 743741 804631
788597 770310 792449 798471
745897 819658 812882 775743
809724 768120 759968 803334
789472 751244 808577 783017
772272 826879 779226 775206
772491 784705 767750 800558
787639 780518 800943 777080
782266 822761 768183 774562
779931 776520 790424 811351
834670 784805 741102 809056
792206 783283 808194 769482
823315 746260 790311 777135
832897 743796 776227 780094
812107 758495 793854 781114
832442 743398 776829 780870
835824 742719 777713 778799
811130 756048 784190 783813
764977 779224 777365 799400
844924 739035 791422 807433
832713 770716 760032 799548
808609 786277 760164 784835
811081 773839 790275 743988
835092 741650 782705 802552
745644 821982 784235 799329
790870 746660 816436 781137
819413 788515 780288 744289
782185 782685 804700 775070
