97 3.88407
722439 630541
681351 659502
684574 657450
711671 637432
700038 643040
665513 719545
669710 676593
719222 631204
692635 652149
710689 642721
674528 671436
668329 681150
678589 666491
687217 655463
680632 661358
695305 645717
685788 659222
712536 641578
707239 644085
733856 633495
733704 637691
719550 638128
778910 631649
734839 633293
692994 652980
710805 643396
674978 673593
670895 715261
669724 745153
670239 719140
671709 702151
673525 701171
672544 701828
673695 685297
691042 658005
692255 657804
682131 665607
684547 663393
683997 663555
699421 648427
700098 648326
700591 645959
686762 660234
715967 643305
716561 642853
717041 642566
724603 638394
721827 639416
755335 634067
744222 637581
744460 637051
699248 654764
696600 655754
675287 681369
679600 678374
670704 727833
671958 702661
674399 697366
673792 698150
693648 659916
682797 668947
684090 665361
686274 664918
700204 651303
707231 648329
705457 650661
710517 646963
708438 648075
692797 660268
690091 661028
717886 645734
724896 638661
723293 643331
770146 638304
697628 657101
676038 687568
677439 681800
677009 685883
671969 728223
672969 721578
672556 722057
674701 701892
674549 710129
694869 659999
683145 679630
683339 679411
683695 669149
685324 668813
702281 651981
704436 651546
713478 647195
711907 648251
711273 650642
690138 664176
690969 662302
693509 661685
694111 661297
692540 661966
729626 643090
725673 643303
769313 639163
736794 639862
723490 644236
699981 658228
699593 659433
700700 657465
676701 694081
676595 700354
677897 682125
672913 731799
673176 725929
675425 703767
675248 705275
674559 720906
697187 661103
684367 677804
684999 669330
684520 671746
689197 669073
703559 652270
706955 652029
708500 652006
715355 647311
712008 649928
690385 668163
692614 662321
695788 662256
734475 643754
772012 639207
739779 641288
771646 640788
725404 645013
700344 658588
677671 701027
682617 684787
678301 687201
678092 687438
681937 685937
682985 682797
673837 728854
675284 716302
677224 713793
697495 661221
685548 669465
684776 674371
704921 653682
704325 654622
705320 652283
707300 652150
717566 647534
716326 649377
713687 650773
690645 668259
693717 664035
734645 643949
742829 642090
728437 646937
729245 646755
703777 658708
703447 659159
700837 660489
677968 701759
679019 693661
678339 698440
678299 698816
680893 691453
682839 691055
683300 685102
674030 736070
675691 722569
675888 720838
676922 720623
677789 717268
677758 720090
677528 720492
697565 661655
699768 661608
687336 671666
688546 670015
685175 675368
704664 657583
705946 652591
722686 647838
721760 648049
719626 649394
718693 651091
691901 669203
694012 665696
694694 664540
734892 645814
742366 644164
738673 644322
742253 644249
736085 645378
745450 643274
758091 642172
744077 643500
752211 643014
701237 661036
678258 711107
679817 694540
678798 709407
679035 700732
682985 691260
683910 689284
676487 721499
676046 734034
678033 719231
698084 663088
698347 662179
700421 661653
699771 662040
688169 672324
688569 672241
691832 670348
685941 676055
685206 678065
707070 654201
708115 652668
712597 652622
706781 658278
728709 648365
734548 648120
732249 648223
720083 649733
724599 649672
719050 651235
694678 665958
697363 665096
742375 644591
737370 647655
740524 645552
738432 646562
748170 643274
747996 644582
755456 643191
701969 661296
678547 712142
678445 719131
680043 696556
680777 694899
679823 697925
679073 702817
683306 694482
683048 694698
685155 690097
677639 721700
676374 734161
698407 662551
691686 673059
693077 672032
686009 677774
690048 676689
690790 676076
685891 678481
685674 682671
707654 656504
708121 653370
713340 653086
715465 652702
713912 652802
706931 660227
730965 648633
729875 649479
736583 648329
724047 649874
720918 650357
728210 649728
720504 651628
677981 731491
754621 644632
683300 694796
685915 680246
678812 720084
679061 712363
744828 645059
738071 649116
717517 652792
678300 731001
680411 697124
742295 645777
732022 649152
724386 651881
679409 705535
703465 661415
680051 702842
707955 661238
700469 662836
729157 649977
713624 653593
708071 659032
691764 678058
708659 655503
699222 663968
692106 673443
695547 670468
689012 679211
726742 650331
696159 667966
687853 679819
