24 1.80437
820743 732762 787393
820743 732762 787393
813666 786365 718491
791624 809991 748983
770449 776950 831966
740516 798667 752919
776933 765981 777034
753057 795225 824142
767412 778264 791350
757710 788933 813640
771971 758559 795443
813666 786365 718491
809999 793663 734198
811348 750423 737789
791378 741833 772470
803503 757272 748314
757710 788933 813640
783991 798094 760932
753057 795225 824142
796328 769374 749751
798363 806735 739758
787807 763619 761479
769407 797543 786574
806249 765743 742099
764796 797508 787308
789221 773250 751107
798363 806735 739758
794922 775770 741288
791378 741833 772470
785426 765371 753249
772888 787087 760977
787807 763619 761479
770993 774817 831649
805600 746717 761213
809999 793663 734198
790432 789778 750729
771971 758559 795443
805600 746717 761213
791624 809991 748983
803503 757272 748314
785426 765371 753249
790432 789778 750729
764796 797508 787308
770449 776950 831966
770993 774817 831649
820743 732762 787393
820743 732762 787393
820743 732762 787393
820743 732762 787393
809999 793663 734198
803503 757272 748314
803503 757272 748314
803503 757272 748314
803503 757272 748314
803503 757272 748314
803503 757272 748314
803503 757272 748314
798363 806735 739758
791624 809991 748983
791624 809991 748983
790432 789778 750729
790432 789778 750729
790432 789778 750729
790432 789778 750729
790432 789778 750729
790432 789778 750729
790432 789778 750729
787807 763619 761479
787807 763619 761479
787807 763619 761479
787807 763619 761479
785426 765371 753249
785426 765371 753249
785426 765371 753249
785426 765371 753249
785426 765371 753249
785426 765371 753249
785426 765371 753249
785426 765371 753249
771971 758559 795443
771971 758559 795443
770993 774817 831649
770993 774817 831649
770993 774817 831649
770993 774817 831649
770993 774817 831649
770993 774817 831649
770449 776950 831966
770449 776950 831966
770449 776950 831966
770449 776950 831966
770449 776950 831966
770449 776950 831966
764796 797508 787308
764796 797508 787308
757710 788933 813640
757710 788933 813640
753057 795225 824142
753057 795225 824142
753057 795225 824142
844641 740924 809872
838118 793086 742267
759978 805638 864138
752211 836254 825802
752211 836254 825802
840338 755890 770999
762056 819392 768084
791358 814402 760451
806832 775881 773729
829488 809906 745100
782630 798330 764360
809913 747440 792571
808677 764452 794596
814413 795217 749395
816608 772078 770640
809719 784004 757707
839685 743942 789510
820527 789667 747512
829397 770287 745945
795345 768278 805247
801909 787974 762530
822387 769104 780823
800189 779234 763180
769645 778843 821851
792453 768517 785668
778945 786648 780039
768509 797264 801761
767812 781001 814970
767406 802359 782859
813418 746892 794822
777095 804837 767301
778697 767172 812001
779406 769234 794953
760982 818357 798319
771713 796067 804986
773575 788843 768152
767648 807079 780863
760982 818357 798319
767812 781001 814970
769799 784864 808375
771039 800778 783720
769645 778843 821851
771039 800778 783720
769799 784864 808375
767406 802359 782859
773575 788843 768152
760091 806421 810435
762056 819392 768084
778197 799161 767707
778197 799161 767707
777095 804837 767301
760091 806421 810435
777095 804837 767301
777095 804837 767301
777095 804837 767301
771039 800778 783720
769799 784864 808375
769799 784864 808375
769799 784864 808375
769799 784864 808375
769799 784864 808375
769645 778843 821851
767812 781001 814970
767812 781001 814970
767812 781001 814970
767812 781001 814970
767812 781001 814970
767812 781001 814970
767812 781001 814970
762056 819392 768084
762056 819392 768084
762056 819392 768084
760982 818357 798319
760982 818357 798319
760091 806421 810435
760091 806421 810435
760091 806421 810435
840700 771716 775377
820121 797976 759708
812013 752157 794851
777938 812097 781858
765989 811638 813614
832218 776259 760135
801475 803636 767256
769530 799387 805364
797181 785707 786491
812020 781567 780565
784778 783087 800827
825131 778307 772353
820917 778325 790879
787486 808747 774298
792767 789691 768513
781083 798155 808431
781459 803156 796590
786474 793933 795856
786673 790241 775651
786869 788524 782528
839773 787515 768265
822148 799253 761744
813929 771919 824388
802629 832206 776886
780244 805541 828089
769999 826068 824193
826375 779796 800806
797668 793511 805316
787970 793914 794931
771068 822844 825244
783287 807961 815032
803839 787271 818955
804997 817983 772342
783297 812834 799046
817406 789274 785259
806024 794864 776453
800236 802543 779680
805701 800636 786905
793473 805566 778546
812138 806585 768752
812160 790067 769923
799123 810815 777436
846765 789617 789854
835640 802254 769810
835153 784507 836896
785274 849289 821484
804070 823517 779072
825244 820212 774165
796059 800694 815513
814950 791125 822980
822694 791172 805794
831333 789643 805661
806218 811498 784500
797582 809924 787723
804319 795384 799965
794397 823207 795507
788026 801891 798006
837978 799476 775225
816423 797707 776658
812371 791386 783871
807450 808656 776882
811432 800074 794915
806737 804249 778324
809757 798698 794994
824128 790587 775516
813367 801712 777997
839036 803872 772717
826806 792836 821044
809551 847379 783357
793300 812005 832515
822024 822133 778007
816473 830960 786175
804901 798176 803278
814774 795613 815598
797759 811934 790485
793715 802519 799673
809448 805283 789015
815743 799175 792814
825739 794638 784517
820232 797737 788266
819018 796615 789356
816724 798388 790544
858643 802732 785679
830883 828444 778265
816100 797000 846513
813344 836662 791189
794383 819747 832161
794391 812946 808547
805621 804695 825490
798392 815323 797705
825099 826664 787341
805416 836624 792912
805713 803235 805291
818026 814981 794113
830144 800959 790579
825543 801345 789491
836118 821770 790054
828411 802188 812672
819737 832000 804380
798816 817719 820523
795200 830840 814273
805537 819511 805625
831134 809001 799450
821164 807354 807196
822600 816649 803187
801690 829790 812698
819922 823637 797402
826549 820478 795775
834697 819853 791860
823779 821856 799446
849317 815405 802226
839032 804031 816680
827972 821722 796164
818707 845884 808227
807194 824123 836861
805051 830074 818280
833165 817433 829644
822718 825328 816166
828589 820356 833964
845708 819364 827354
835378 828635 797306
830202 829527 824725
836591 825792 801277
834669 773614 737686
825506 737882 811058
790059 784691 729945
761411 776467 850824
761380 821828 779901
753354 805626 812441
754395 797058 805262
753354 805626 812441
824575 761328 760148
781396 765621 833314
773796 771254 831083
816272 751039 776505
763347 788527 802617
834669 773614 737686
767245 784998 749385
777197 781081 753393
791706 754632 795287
807379 745920 789429
786200 764447 815319
788499 744369 824204
767245 784998 749385
797117 748784 799830
804389 758268 766481
816272 751039 776505
790059 784691 729945
763347 788527 802617
813553 743255 806992
756474 779995 814711
795403 767153 768830
813553 743255 806992
802062 765546 770845
829809 765027 742104
781396 765621 833314
811558 760136 761523
774765 766275 770170
756474 779995 814711
784101 773903 740884
830773 754370 751290
829809 765027 742104
784101 773903 740884
830773 754370 751290
792913 754428 773071
795403 767153 768830
787241 764041 826049
777197 781081 753393
764755 782043 799045
812945 745609 786515
811558 760136 761523
773796 771254 831083
804969 746396 806666
764895 778005 761044
826006 744955 782163
787241 764041 826049
792237 755468 787091
807379 745920 789429
804389 758268 766481
787979 759823 782330
802062 765546 770845
788499 744369 824204
792398 761050 772308
764755 782043 799045
786200 764447 815319
826006 744955 782163
797117 748784 799830
830212 756528 769795
792291 748489 800322
787979 759823 782330
764895 778005 761044
830212 756528 769795
804969 746396 806666
792291 748489 800322
812945 745609 786515
792913 754428 773071
834669 773614 737686
834669 773614 737686
834669 773614 737686
834669 773614 737686
830773 754370 751290
830773 754370 751290
830773 754370 751290
830773 754370 751290
826006 744955 782163
826006 744955 782163
813553 743255 806992
813553 743255 806992
813553 743255 806992
811558 760136 761523
807379 745920 789429
807379 745920 789429
807379 745920 789429
807379 745920 789429
807379 745920 789429
807379 745920 789429
807379 745920 789429
807379 745920 789429
807379 745920 789429
804969 746396 806666
804969 746396 806666
804969 746396 806666
804969 746396 806666
804969 746396 806666
802062 765546 770845
802062 765546 770845
802062 765546 770845
802062 765546 770845
802062 765546 770845
802062 765546 770845
802062 765546 770845
797117 748784 799830
795403 767153 768830
795403 767153 768830
795403 767153 768830
795403 767153 768830
795403 767153 768830
792291 748489 800322
792291 748489 800322
788499 744369 824204
788499 744369 824204
786200 764447 815319
786200 764447 815319
786200 764447 815319
786200 764447 815319
786200 764447 815319
784101 773903 740884
784101 773903 740884
784101 773903 740884
784101 773903 740884
784101 773903 740884
781396 765621 833314
781396 765621 833314
781396 765621 833314
781396 765621 833314
781396 765621 833314
777197 781081 753393
777197 781081 753393
777197 781081 753393
777197 781081 753393
773796 771254 831083
773796 771254 831083
773796 771254 831083
773796 771254 831083
773796 771254 831083
773796 771254 831083
773796 771254 831083
773796 771254 831083
773796 771254 831083
764755 782043 799045
764755 782043 799045
756474 779995 814711
756474 779995 814711
756474 779995 814711
756474 779995 814711
756474 779995 814711
756474 779995 814711
756474 779995 814711
753354 805626 812441
753354 805626 812441
833194 806392 739923
798196 753450 808097
780519 812434 761945
759168 809127 833772
766968 798283 828257
793828 756998 817147
813985 791438 754766
809366 773391 772428
814304 780726 763681
828137 754030 801432
783715 776209 793863
806496 784099 768007
788081 789578 760144
790564 783245 786855
766595 808176 764351
813883 764588 780521
772499 789892 783834
802658 777759 778560
796572 769976 785176
802797 780934 777106
787170 775882 797796
806150 767706 803480
829052 761693 799549
775758 768633 798307
759654 806930 805986
792818 761938 805447
774001 789581 828489
812422 754949 805735
799356 768163 785174
830338 754619 783844
759654 806930 805986
858449 770996 787859
827589 767003 796582
797120 823297 760688
776848 808233 840269
837709 773696 783902
788449 796966 782068
819675 808185 765012
785622 817266 793191
823289 790533 775616
782718 783951 808308
789757 770489 826515
794670 768950 812707
796381 776199 803216
781437 791396 820045
787303 810978 783817
814408 780777 782759
801801 771906 789121
804587 791213 766792
806948 792191 765761
790923 791752 776822
813140 778349 786966
808547 791137 786716
798107 778654 786763
831963 768129 805468
810894 808101 774011
788324 822351 796406
784603 798695 829671
819957 793306 783798
829079 783566 786480
789721 791936 819227
802269 781051 793382
795494 804561 814001
813929 797939 788028
812599 798960 778261
795968 781854 823154
817871 787725 787998
810866 774964 798054
784778 802061 815455
805775 804167 786444
811932 774886 818105
819135 785406 793177
788749 805681 801896
798398 781917 798375
798697 805190 785589
849048 811233 774596
833403 775835 802575
815390 831236 785536
793903 796012 829454
787244 818649 822890
817042 802147 780312
808464 822572 788520
805755 781581 797037
803490 789415 823851
798725 793738 811957
801482 829914 788352
816371 779906 817080
794612 800107 826389
822896 802075 788377
820294 779045 809270
821066 811470 774638
804172 815270 803709
820361 798253 795094
814432 781019 805976
805092 793260 805936
810628 796322 796034
810452 798322 795866
868803 778286 825943
851049 779182 840318
848605 817932 777707
825779 839027 791550
804143 816740 814628
841268 818197 789036
825960 827191 789574
829443 781763 823317
804985 804303 831123
833700 806246 790289
815914 782025 809234
808258 797337 804447
812048 794390 798126
807830 811246 803521
819496 804583 793702
820889 789904 803622
806235 783912 806789
826751 791323 800039
810602 794253 801172
806247 783361 829452
823687 783724 801895
848655 818573 784071
823537 783056 821188
810063 790579 818180
814388 804749 799701
834631 797204 798360
830486 786774 815991
815508 799484 802054
836717 793405 808117
836943 797161 804539
830439 797879 804732
833666 783391 823200
823691 792532 836088
822874 801324 804240
812738 830518 829812
816732 814171 807686
818051 807501 812843
820836 801370 828247
812918 806121 820387
814943 806963 813968
829858 802582 807083
824697 820922 804946
822932 807817 822107
820438 811257 819781
827859 821822 808057
827381 835619 808460
846924 741021 763963
796837 790087 732824
794364 738940 766322
762689 809893 810907
753506 816952 786848
753506 816952 786848
775818 767056 769089
790807 740567 795727
790003 795271 753850
832615 751688 749282
764585 808054 788675
783150 764264 786285
767143 773429 775424
767143 773429 775424
808035 756912 755779
846924 741021 763963
801326 767991 753762
814123 768746 744752
788900 752327 776952
814123 768746 744752
762689 809893 810907
820446 743822 765232
778383 763526 809952
790481 784176 762575
829007 780089 740118
820446 743822 765232
764585 808054 788675
793962 792552 757009
784138 814982 751755
829007 780089 740118
808035 756912 755779
825931 766913 748764
797452 778490 746947
764738 787074 802883
794364 738940 766322
793962 792552 757009
788575 756419 804556
796837 790087 732824
830903 748522 762727
778383 763526 809952
831102 786785 735721
831102 786785 735721
826173 753977 763449
797452 778490 746947
786460 795268 764191
784138 814982 751755
777971 765186 801472
763344 815708 799669
832615 751688 749282
764059 815680 806549
830903 748522 762727
763344 815708 799669
777971 765186 801472
764059 815680 806549
790481 784176 762575
786460 795268 764191
788575 756419 804556
832226 753108 747257
788900 752327 776952
783150 764264 786285
764738 787074 802883
829809 752957 763236
832226 753108 747257
826173 753977 763449
829809 752957 763236
790003 795271 753850
825931 766913 748764
846924 741021 763963
846924 741021 763963
846924 741021 763963
846924 741021 763963
832615 751688 749282
832226 753108 747257
832226 753108 747257
832226 753108 747257
832226 753108 747257
832226 753108 747257
832226 753108 747257
831102 786785 735721
830903 748522 762727
829809 752957 763236
829809 752957 763236
829007 780089 740118
829007 780089 740118
829007 780089 740118
829007 780089 740118
825931 766913 748764
825931 766913 748764
825931 766913 748764
825931 766913 748764
820446 743822 765232
808035 756912 755779
797452 778490 746947
797452 778490 746947
797452 778490 746947
797452 778490 746947
797452 778490 746947
797452 778490 746947
797452 778490 746947
797452 778490 746947
797452 778490 746947
797452 778490 746947
797452 778490 746947
797452 778490 746947
797452 778490 746947
797452 778490 746947
797452 778490 746947
797452 778490 746947
797452 778490 746947
797452 778490 746947
797452 778490 746947
797452 778490 746947
797452 778490 746947
797452 778490 746947
797452 778490 746947
797452 778490 746947
797452 778490 746947
797452 778490 746947
797452 778490 746947
797452 778490 746947
796837 790087 732824
794364 738940 766322
793962 792552 757009
788575 756419 804556
788575 756419 804556
788575 756419 804556
783150 764264 786285
778383 763526 809952
767143 773429 775424
764738 787074 802883
764059 815680 806549
764059 815680 806549
763344 815708 799669
763344 815708 799669
763344 815708 799669
762689 809893 810907
762689 809893 810907
762689 809893 810907
753506 816952 786848
753506 816952 786848
753506 816952 786848
842426 756981 760693
811659 743209 769538
810576 826331 741861
772586 779498 815317
768469 787751 803368
774204 790461 786882
789409 816166 757528
827676 780397 747346
781548 771142 802261
795399 808547 768762
778492 778910 773904
812239 759134 763969
793235 777951 792724
833553 761972 760039
808213 777043 755611
802022 755978 770905
800800 786110 749305
794721 746057 772716
798329 781068 755844
810214 766173 764652
795476 767448 769192
811156 761804 762370
838192 749376 775872
832498 801086 748049
826969 745881 778962
805644 818498 753664
768790 807506 820380
811273 758343 771474
813810 783440 769257
825791 748751 789742
796058 780585 801481
776400 799232 798853
816282 809410 761506
828221 776313 765011
790025 788729 806363
785410 791035 793083
799540 811103 766375
803404 763830 802994
817423 755822 809861
799597 767339 797870
787878 795963 781054
817548 804359 751459
786866 800821 784776
797223 772710 778367
780168 793491 812516
820103 792750 756095
790531 789064 774148
806656 766935 776344
820162 789615 765714
780545 795009 810475
778753 799979 792478
797153 774547 799797
779573 801439 775209
801354 764211 811695
802040 765491 810530
818585 799944 754542
843940 783877 780242
842373 751345 791636
836330 801585 759195
812971 819696 767689
805410 765217 831844
776509 805520 817018
825342 759445 786850
818450 763568 807101
797328 773140 801742
801290 781186 799360
793352 799328 794972
815719 806391 771875
808448 795392 779830
832455 770532 780858
784329 806009 804176
818117 789272 773416
829144 784864 768657
810360 813078 768805
826284 799445 764105
803647 813751 775527
784775 816383 789713
788507 806345 778359
800248 818109 770350
787613 803841 805867
809630 788944 783377
807528 770575 787536
805150 799509 783525
807878 804634 781216
843240 761925 845703
837509 801900 774729
803898 802556 847088
787868 817920 810349
787117 816649 818699
788102 809224 828360
839693 763242 801660
826948 773449 793466
791115 812586 778674
806711 799255 813590
813779 780706 788034
826436 770114 795582
822188 807024 784010
793366 805771 819708
813437 785519 791254
833955 793457 775381
795901 805915 796822
814449 793860 784201
836768 792116 783052
810035 787806 793021
808668 801102 799057
809771 789629 784311
839480 812567 782987
832067 780408 808742
825342 782719 815868
792013 823125 791549
814352 785473 814007
826508 780412 798981
814177 800490 797856
816354 802510 786960
814132 805735 807905
797594 814840 784105
805726 809985 810131
821472 816315 783509
792047 815570 792222
802091 810621 810911
812640 806878 798380
821728 783684 788712
814089 811313 797087
844718 784663 812203
815252 824049 784878
813407 811429 837992
804294 836014 807824
796931 824959 813626
830846 789366 790243
821054 816084 798486
800094 822064 821116
817354 794853 830496
824242 805689 797318
817880 790373 822404
823922 800175 810104
828080 795108 790308
828042 786075 805505
817156 803166 811550
814685 810336 806802
827979 784931 813349
815544 823406 806523
828122 785336 806743
835071 790323 790307
829907 788295 826304
822617 848449 804668
819442 809672 815650
824303 816525 798030
832869 802133 808264
828919 812648 795232
833753 797058 814448
823760 811502 810687
829173 811339 814620
845346 794099 821046
836519 830297 800731
829698 814968 824450
835327 796008 805353
843492 805902 802855
840861 808933 805480
838606 817762 837920
