9 0.689412
1.61494e+06 1.59113e+06 1.63605e+06
1.63087e+06 1.56218e+06 1.59939e+06
1.61538e+06 1.57147e+06 1.62422e+06
1.63136e+06 1.60295e+06 1.58558e+06
1.65535e+06 1.55523e+06 1.67111e+06
1.62663e+06 1.57754e+06 1.62577e+06
1.64865e+06 1.57253e+06 1.63339e+06
1.5798e+06 1.56694e+06 1.62224e+06
1.62599e+06 1.57597e+06 1.66116e+06
1.58638e+06 1.64398e+06 1.64078e+06
1.65743e+06 1.60347e+06 1.63048e+06
1.68411e+06 1.62211e+06 1.56477e+06
1.61372e+06 1.61507e+06 1.64415e+06
1.70135e+06 1.59798e+06 1.63751e+06
1.6306e+06 1.59582e+06 1.60888e+06
1.66387e+06 1.57534e+06 1.65641e+06
1.61426e+06 1.61648e+06 1.59697e+06
1.66703e+06 1.61655e+06 1.67008e+06
1.61747e+06 1.61284e+06 1.63437e+06
1.62717e+06 1.60867e+06 1.62018e+06
1.61378e+06 1.57511e+06 1.6637e+06
1.63637e+06 1.58031e+06 1.61992e+06
1.6005e+06 1.56002e+06 1.62983e+06
1.63778e+06 1.55805e+06 1.62819e+06
1.63948e+06 1.58406e+06 1.60741e+06
1.65503e+06 1.61212e+06 1.63667e+06
1.58318e+06 1.60351e+06 1.58279e+06
1.65077e+06 1.6254e+06 1.6558e+06
1.63851e+06 1.56014e+06 1.6516e+06
1.62372e+06 1.60292e+06 1.62184e+06
1.62361e+06 1.57318e+06 1.63784e+06
1.60064e+06 1.60589e+06 1.59545e+06
1.61991e+06 1.59136e+06 1.60972e+06
1.60439e+06 1.62622e+06 1.6264e+06
1.63076e+06 1.5913e+06 1.61888e+06
1.62812e+06 1.59375e+06 1.59032e+06
1.66413e+06 1.58299e+06 1.6324e+06
1.6117e+06 1.60497e+06 1.61313e+06
1.59632e+06 1.52678e+06 1.6764e+06
1.60421e+06 1.63355e+06 1.58852e+06
1.61547e+06 1.58198e+06 1.63024e+06
1.63724e+06 1.59936e+06 1.61644e+06
1.646e+06 1.57702e+06 1.65977e+06
1.64468e+06 1.58463e+06 1.61359e+06
1.64563e+06 1.6112e+06 1.60119e+06
1.62285e+06 1.61153e+06 1.59586e+06
1.65086e+06 1.56132e+06 1.64939e+06
1.64585e+06 1.59995e+06 1.64291e+06
1.62143e+06 1.61655e+06 1.6288e+06
1.63502e+06 1.55296e+06 1.58902e+06
1.6192e+06 1.60635e+06 1.59099e+06
1.63767e+06 1.61273e+06 1.60958e+06
1.61994e+06 1.57e+06 1.6131e+06
1.63184e+06 1.59111e+06 1.60921e+06
1.61648e+06 1.58968e+06 1.62622e+06
1.6134e+06 1.61971e+06 1.64005e+06
1.58754e+06 1.62097e+06 1.59788e+06
1.59678e+06 1.60245e+06 1.61417e+06
1.68294e+06 1.60974e+06 1.5815e+06
1.64216e+06 1.6183e+06 1.60165e+06
1.62415e+06 1.55964e+06 1.58614e+06
1.60871e+06 1.5919e+06 1.58362e+06
1.59237e+06 1.59566e+06 1.65326e+06
1.59134e+06 1.62256e+06 1.64031e+06
1.6167e+06 1.60168e+06 1.59318e+06
1.64832e+06 1.57643e+06 1.65569e+06
1.63413e+06 1.59201e+06 1.63171e+06
1.65521e+06 1.59717e+06 1.61983e+06
1.57901e+06 1.57522e+06 1.60983e+06
1.66727e+06 1.59458e+06 1.6254e+06
1.62972e+06 1.61509e+06 1.6345e+06
1.61561e+06 1.61815e+06 1.60178e+06
1.62882e+06 1.57971e+06 1.63116e+06
1.60244e+06 1.57378e+06 1.58887e+06
1.63641e+06 1.56241e+06 1.58162e+06
1.65067e+06 1.58995e+06 1.65416e+06
1.6591e+06 1.63332e+06 1.6092e+06
1.58901e+06 1.60445e+06 1.6392e+06
1.60932e+06 1.61572e+06 1.63713e+06
1.63856e+06 1.59003e+06 1.6172e+06
1.6364e+06 1.59267e+06 1.63555e+06
1.64214e+06 1.61999e+06 1.66009e+06
1.63485e+06 1.61053e+06 1.62763e+06
1.68698e+06 1.58338e+06 1.6175e+06
1.64696e+06 1.64281e+06 1.60373e+06
1.64884e+06 1.59343e+06 1.61834e+06
1.6137e+06 1.58141e+06 1.58698e+06
1.66686e+06 1.61701e+06 1.64232e+06
1.60783e+06 1.57298e+06 1.6434e+06
1.66153e+06 1.6188e+06 1.63297e+06
1.62042e+06 1.56654e+06 1.6049e+06
1.65856e+06 1.60802e+06 1.6609e+06
1.62636e+06 1.55648e+06 1.62294e+06
1.64614e+06 1.60055e+06 1.6256e+06
1.64884e+06 1.59012e+06 1.60153e+06
1.66267e+06 1.6176e+06 1.63481e+06
1.61539e+06 1.59274e+06 1.62973e+06
1.64141e+06 1.59869e+06 1.67257e+06
1.61774e+06 1.57666e+06 1.60269e+06
1.61039e+06 1.55167e+06 1.64193e+06
1.62019e+06 1.55672e+06 1.60812e+06
1.61946e+06 1.61032e+06 1.57859e+06
1.615e+06 1.63437e+06 1.57852e+06
1.62822e+06 1.61075e+06 1.61135e+06
1.67139e+06 1.64031e+06 1.66086e+06
1.65846e+06 1.61719e+06 1.60923e+06
1.66249e+06 1.56738e+06 1.63428e+06
1.60203e+06 1.58036e+06 1.64914e+06
1.6696e+06 1.57855e+06 1.57829e+06
1.64785e+06 1.61542e+06 1.63757e+06
1.62929e+06 1.59573e+06 1.64481e+06
1.61782e+06 1.62445e+06 1.60149e+06
1.63548e+06 1.56907e+06 1.64302e+06
1.64668e+06 1.60312e+06 1.63587e+06
1.61116e+06 1.64194e+06 1.61851e+06
1.62534e+06 1.62091e+06 1.64266e+06
1.66196e+06 1.60889e+06 1.64363e+06
1.60549e+06 1.61e+06 1.64936e+06
1.59476e+06 1.63086e+06 1.6349e+06
1.63649e+06 1.59124e+06 1.59339e+06
1.61058e+06 1.62765e+06 1.66998e+06
1.63284e+06 1.59581e+06 1.62787e+06
1.63172e+06 1.5929e+06 1.67692e+06
1.64857e+06 1.57674e+06 1.63247e+06
1.63689e+06 1.56323e+06 1.59801e+06
1.63167e+06 1.57507e+06 1.61504e+06
1.65602e+06 1.60796e+06 1.62795e+06
1.62412e+06 1.61616e+06 1.63165e+06
1.64767e+06 1.58222e+06 1.62013e+06
1.62292e+06 1.5884e+06 1.64976e+06
1.5906e+06 1.56891e+06 1.61661e+06
1.67386e+06 1.67148e+06 1.57636e+06
1.62382e+06 1.61235e+06 1.60602e+06
1.59419e+06 1.58254e+06 1.64099e+06
1.6503e+06 1.604e+06 1.61143e+06
1.65193e+06 1.58893e+06 1.63425e+06
1.63496e+06 1.567e+06 1.60988e+06
1.60629e+06 1.58891e+06 1.64107e+06
1.59134e+06 1.59854e+06 1.67507e+06
1.66287e+06 1.60938e+06 1.64245e+06
1.64498e+06 1.59039e+06 1.63485e+06
1.61404e+06 1.5946e+06 1.61573e+06
1.59141e+06 1.59204e+06 1.61716e+06
1.66755e+06 1.58702e+06 1.6178e+06
1.63814e+06 1.61212e+06 1.64346e+06
1.61936e+06 1.6084e+06 1.61045e+06
1.58887e+06 1.57589e+06 1.63497e+06
1.67606e+06 1.61009e+06 1.62873e+06
1.61743e+06 1.59403e+06 1.66003e+06
1.65498e+06 1.60259e+06 1.62834e+06
1.64369e+06 1.5664e+06 1.60228e+06
1.60942e+06 1.61149e+06 1.65596e+06
1.65277e+06 1.6163e+06 1.67558e+06
1.62763e+06 1.62702e+06 1.61169e+06
1.61886e+06 1.59554e+06 1.62616e+06
1.62122e+06 1.56771e+06 1.64676e+06
1.62942e+06 1.60051e+06 1.63645e+06
1.59856e+06 1.60205e+06 1.62698e+06
1.62869e+06 1.63356e+06 1.60324e+06
1.5882e+06 1.63898e+06 1.6186e+06
1.64826e+06 1.61111e+06 1.60964e+06
1.65011e+06 1.62993e+06 1.64203e+06
1.66464e+06 1.58608e+06 1.65461e+06
1.62356e+06 1.57567e+06 1.58554e+06
1.62991e+06 1.56788e+06 1.61855e+06
1.61109e+06 1.5769e+06 1.6512e+06
1.62995e+06 1.61907e+06 1.66436e+06
1.62214e+06 1.55347e+06 1.59249e+06
1.6105e+06 1.55464e+06 1.5792e+06
1.64042e+06 1.64002e+06 1.64372e+06
1.65435e+06 1.62266e+06 1.63979e+06
1.65834e+06 1.62304e+06 1.63696e+06
1.63236e+06 1.6057e+06 1.65703e+06
1.65737e+06 1.57858e+06 1.59708e+06
1.64618e+06 1.59333e+06 1.61754e+06
1.6007e+06 1.61129e+06 1.62157e+06
1.63642e+06 1.6346e+06 1.63845e+06
1.60441e+06 1.5679e+06 1.61267e+06
1.62361e+06 1.57255e+06 1.62068e+06
1.62748e+06 1.58975e+06 1.64894e+06
1.65841e+06 1.61792e+06 1.57997e+06
1.66297e+06 1.62777e+06 1.61459e+06
1.65107e+06 1.60041e+06 1.62741e+06
1.65309e+06 1.57809e+06 1.61066e+06
1.62167e+06 1.5802e+06 1.61087e+06
1.62249e+06 1.58166e+06 1.572e+06
1.57196e+06 1.60821e+06 1.60136e+06
1.64579e+06 1.58095e+06 1.63743e+06
1.60039e+06 1.58784e+06 1.62272e+06
1.65111e+06 1.62803e+06 1.63768e+06
1.60958e+06 1.59573e+06 1.5911e+06
1.64943e+06 1.6237e+06 1.5997e+06
1.65453e+06 1.60569e+06 1.61831e+06
1.65405e+06 1.58094e+06 1.61349e+06
1.65748e+06 1.63761e+06 1.59057e+06
1.63644e+06 1.63057e+06 1.60605e+06
1.61443e+06 1.59967e+06 1.60143e+06
1.6477e+06 1.61157e+06 1.67195e+06
1.62152e+06 1.62575e+06 1.65103e+06
1.64696e+06 1.59995e+06 1.61844e+06
1.60292e+06 1.63283e+06 1.66571e+06
1.57318e+06 1.62499e+06 1.59099e+06
1.63742e+06 1.56281e+06 1.64487e+06
1.65627e+06 1.58875e+06 1.67747e+06
1.65624e+06 1.58686e+06 1.61303e+06
1.65944e+06 1.61082e+06 1.61392e+06
1.65347e+06 1.62949e+06 1.66039e+06
1.63562e+06 1.60618e+06 1.65497e+06
1.62911e+06 1.58291e+06 1.62118e+06
1.63565e+06 1.61221e+06 1.60574e+06
1.59279e+06 1.58326e+06 1.61789e+06
1.63308e+06 1.60301e+06 1.62828e+06
1.615e+06 1.63104e+06 1.64014e+06
1.62014e+06 1.58545e+06 1.60277e+06
1.59692e+06 1.60752e+06 1.62381e+06
1.63778e+06 1.64574e+06 1.597e+06
1.66305e+06 1.56876e+06 1.61374e+06
1.58236e+06 1.582e+06 1.65947e+06
1.62061e+06 1.59611e+06 1.62828e+06
1.60916e+06 1.6159e+06 1.68251e+06
1.61722e+06 1.64389e+06 1.62173e+06
1.63383e+06 1.59693e+06 1.6099e+06
1.57567e+06 1.61303e+06 1.62097e+06
1.58514e+06 1.58468e+06 1.58635e+06
1.59911e+06 1.58474e+06 1.64139e+06
1.67571e+06 1.59209e+06 1.68723e+06
1.63521e+06 1.5575e+06 1.66e+06
1.63441e+06 1.62264e+06 1.61938e+06
1.61397e+06 1.61889e+06 1.66085e+06
1.61607e+06 1.58783e+06 1.67105e+06
1.61704e+06 1.55294e+06 1.59902e+06
1.63337e+06 1.56844e+06 1.67031e+06
1.5984e+06 1.59716e+06 1.62488e+06
1.63105e+06 1.59277e+06 1.57679e+06
1.65802e+06 1.56964e+06 1.63278e+06
1.63267e+06 1.62292e+06 1.6204e+06
1.59703e+06 1.56416e+06 1.60894e+06
1.65185e+06 1.65156e+06 1.65046e+06
1.57701e+06 1.58039e+06 1.58775e+06
1.61514e+06 1.58829e+06 1.58156e+06
1.59978e+06 1.62105e+06 1.55931e+06
1.62404e+06 1.63691e+06 1.60365e+06
1.63002e+06 1.6323e+06 1.65428e+06
1.62608e+06 1.61579e+06 1.65669e+06
1.64515e+06 1.57879e+06 1.57695e+06
1.64491e+06 1.61232e+06 1.60464e+06
1.60957e+06 1.57216e+06 1.63191e+06
1.63539e+06 1.58434e+06 1.64319e+06
1.66695e+06 1.59896e+06 1.61746e+06
1.63533e+06 1.62794e+06 1.62682e+06
1.66986e+06 1.63579e+06 1.59191e+06
1.64978e+06 1.61171e+06 1.59741e+06
1.62336e+06 1.5851e+06 1.66642e+06
1.60873e+06 1.61551e+06 1.59931e+06
1.6553e+06 1.57438e+06 1.62509e+06
1.64507e+06 1.59967e+06 1.62576e+06
1.62884e+06 1.54324e+06 1.63557e+06
1.65016e+06 1.60461e+06 1.6163e+06
1.61423e+06 1.58805e+06 1.63577e+06
1.65829e+06 1.57994e+06 1.61254e+06
1.65774e+06 1.56778e+06 1.59898e+06
1.62681e+06 1.5855e+06 1.59023e+06
1.6327e+06 1.63377e+06 1.6162e+06
1.65303e+06 1.63239e+06 1.57997e+06
1.61106e+06 1.60983e+06 1.60055e+06
1.62982e+06 1.62779e+06 1.63329e+06
1.64358e+06 1.62122e+06 1.61962e+06
1.65775e+06 1.61123e+06 1.62417e+06
1.61627e+06 1.60056e+06 1.613e+06
1.64498e+06 1.60221e+06 1.62817e+06
1.64173e+06 1.61291e+06 1.60806e+06
1.62143e+06 1.62664e+06 1.67377e+06
1.63832e+06 1.5762e+06 1.64321e+06
1.61521e+06 1.64835e+06 1.56911e+06
1.60453e+06 1.58677e+06 1.62485e+06
1.64133e+06 1.64422e+06 1.64168e+06
1.63748e+06 1.56561e+06 1.60089e+06
1.62474e+06 1.6142e+06 1.64072e+06
1.61891e+06 1.63021e+06 1.54619e+06
1.6336e+06 1.6175e+06 1.59857e+06
1.62429e+06 1.55714e+06 1.62097e+06
1.63456e+06 1.56719e+06 1.65363e+06
1.60858e+06 1.5688e+06 1.62883e+06
1.63786e+06 1.62643e+06 1.62986e+06
1.6509e+06 1.61308e+06 1.60754e+06
1.60747e+06 1.6024e+06 1.58106e+06
1.65068e+06 1.58573e+06 1.66998e+06
1.63581e+06 1.62283e+06 1.61601e+06
1.63078e+06 1.62196e+06 1.58363e+06
1.67016e+06 1.59332e+06 1.64625e+06
1.60828e+06 1.58559e+06 1.6196e+06
1.6559e+06 1.57679e+06 1.62758e+06
1.59247e+06 1.62345e+06 1.638e+06
1.65481e+06 1.55111e+06 1.61101e+06
1.64765e+06 1.56394e+06 1.60952e+06
1.62088e+06 1.62574e+06 1.65226e+06
1.61759e+06 1.60208e+06 1.64622e+06
1.65304e+06 1.5986e+06 1.57734e+06
1.6289e+06 1.5984e+06 1.62818e+06
1.64336e+06 1.60255e+06 1.59211e+06
