78 0.993963
184810 131045 180758 153206
184810 131045 180758 153206
168357 155320 125071 128664
164431 161039 161205 115592
160539 141234 139671 171386
153327 182022 135790 143317
123956 163546 160717 145629
133671 167672 146715 142055
153698 177041 138492 146610
171712 154395 135914 149094
141469 145794 157956 166341
156876 157049 133212 145117
153327 182022 135790 143317
153698 177041 138492 146610
178272 131681 162800 143848
178272 131681 162800 143848
128119 160932 179830 158421
146500 133722 173721 133096
149371 148153 146113 116985
147531 154820 148295 122715
143322 160102 139195 162391
138520 144149 179702 131613
140334 135347 168517 140450
123956 163546 160717 145629
155208 152746 136896 157032
152313 164206 144597 122075
132509 153040 164070 147857
155509 140661 176035 131840
142330 155895 145454 152266
163591 143874 162753 127062
165916 138870 171493 131678
165916 138870 171493 131678
155143 138660 141557 161361
156876 157049 133212 145117
134879 158319 143477 142812
161515 147632 144464 121829
144985 147179 156194 125825
128119 160932 179830 158421
136065 140585 163512 139076
133671 167672 146715 142055
139388 148893 153317 135937
150898 144016 161073 119100
159842 137418 144736 150009
132775 151485 152425 131404
145993 156534 139950 138054
162082 141800 149910 141098
149876 133513 161224 149056
152683 146754 159352 127194
131698 148804 175264 148451
158674 131683 146569 151225
167062 132667 165366 134125
154780 142347 155183 133618
139895 165403 142293 147395
131277 148397 156556 154663
134879 158319 143477 142812
148615 141001 150211 144262
137097 136311 167415 146282
168133 138279 161496 133198
155939 147397 151706 126612
151599 157718 148230 115597
138932 162003 153138 128220
144878 153859 143091 155631
129222 155496 159663 157145
139895 165403 142293 147395
157353 140950 148974 144861
141504 136873 166358 131950
159440 139914 141969 143767
139144 146109 157250 150314
138779 146981 154042 153609
140557 142080 163043 140949
138932 162003 153138 128220
161630 134756 164807 138614
147761 138258 166113 138699
155655 144753 154159 132552
131698 148804 175264 148451
146054 152033 139167 133719
151159 141829 142307 134727
142131 157153 141367 143413
137679 145589 161957 140569
137097 136311 167415 146282
145435 142778 156336 138293
142486 145033 158829 139868
140377 146725 155331 159892
151449 132847 160806 141516
142982 155078 146168 135500
145896 144324 152565 151222
142133 145239 151191 153097
143862 152805 147767 153246
167062 132667 165366 134125
139773 148391 152411 119980
130188 156759 163638 156352
138828 145242 159993 160025
145290 143937 154689 152551
159685 137817 157502 136804
153234 139357 159743 144276
144290 148323 155577 141736
146235 136844 149521 144473
147233 154342 151615 130492
136279 159266 139532 147622
158152 146474 145033 131203
143322 160102 139195 162391
157746 143194 152198 129974
142626 142507 158940 150526
151380 145340 142810 132857
157746 143194 152198 129974
140949 136940 164945 154447
159441 139193 160125 134201
129222 155496 159663 157145
136279 159266 139532 147622
144878 153859 143091 155631
160949 135920 163750 132276
139773 148391 152411 119980
144160 152359 151717 134278
130188 156759 163638 156352
144985 147179 156194 125825
148416 136608 149569 152677
155785 135705 152622 137819
147179 143713 141792 136098
130578 159675 151566 128466
140949 136940 164945 154447
140290 154192 147433 136953
150898 144016 161073 119100
140290 154192 147433 136953
137679 145589 161957 140569
158152 146474 145033 131203
130578 159675 151566 128466
164890 140223 153408 135248
132775 151485 152425 131404
165371 151642 141715 140438
149606 145828 148787 129535
146490 145360 153731 141121
143630 140059 155330 141990
155509 140661 176035 131840
161720 140687 155857 136723
143062 136473 156084 152907
145392 145867 153669 136511
151599 157718 148230 115597
164890 140223 153408 135248
140115 138010 160000 150393
147704 141251 155873 136575
142131 157153 141367 143413
155785 135705 152622 137819
148299 146706 156584 128946
161515 147632 144464 121829
160949 135920 163750 132276
142486 145033 158829 139868
165371 151642 141715 140438
161630 134756 164807 138614
139388 148893 153317 135937
149606 145828 148787 129535
158674 131683 146569 151225
147228 141828 155996 128961
147179 143713 141792 136098
148299 146706 156584 128946
144160 152359 151717 134278
142626 142507 158940 150526
178272 131681 162800 143848
167062 132667 165366 134125
165916 138870 171493 131678
164890 140223 153408 135248
161515 147632 144464 121829
155509 140661 176035 131840
151599 157718 148230 115597
133671 167672 146715 142055
130578 159675 151566 128466
123956 163546 160717 145629
172583 161645 128388 163733
172583 161645 128388 163733
157690 166406 151536 123135
152422 136624 167949 152379
149712 141805 156671 166420
144743 170129 165433 137222
143697 147841 192648 156016
137266 161871 169055 139486
149743 141657 173043 150313
160307 163808 153034 124474
139625 153999 166070 141456
151294 148469 154827 150085
163072 157859 140772 140633
140387 159695 151043 142192
144185 150817 164077 143784
158445 139952 157376 142275
147925 144670 160858 134311
169402 158298 137230 142668
147044 152080 143612 140705
152687 156493 151281 126396
165176 142065 161429 132214
146972 155911 154190 143366
167418 146571 159391 135451
144474 167685 161406 138175
170437 143431 149047 139262
167865 140202 158982 141061
145550 147604 158615 133511
155111 151954 144965 138294
148886 149894 167731 131081
154521 150883 152309 126778
167334 143027 149939 143052
155136 150238 156758 130485
169402 158298 137230 142668
151619 146769 147893 143061
148631 167255 168147 132354
149900 158668 153686 140520
150639 148842 151124 141117
171895 142024 162897 129682
153928 141920 157066 140014
163468 146858 161682 132972
148918 162450 148920 128076
149253 143662 162181 139768
163936 141929 162801 133244
156664 143653 150218 135901
148976 151565 158258 143140
156664 143653 150218 135901
148918 162450 148920 128076
171895 142024 162897 129682
167334 143027 149939 143052
169402 158298 137230 142668
175233 155631 157936 132165
174325 161376 144005 157774
161016 142195 163747 144665
158718 160678 167812 131028
147793 152029 177191 138840
140600 174956 168035 154262
142843 168035 155217 151499
166634 144196 171202 139586
172423 158795 148044 148440
146037 156462 166800 135530
166858 143336 162554 137240
154017 148933 156005 142739
147857 166121 151790 142629
171849 156758 149255 143411
150583 163555 151373 140612
158795 146701 161862 153176
156480 153506 160856 138233
165054 157833 152670 140772
155103 153856 158406 134781
172626 154151 151095 147025
159206 158700 161573 133171
161236 162493 151024 140388
155002 151711 153793 142813
161799 152475 164912 134502
158214 146907 151283 145880
149892 154723 152404 144808
160178 157852 152002 145261
158230 148194 160995 138028
163273 156750 153131 143140
162519 152966 153566 143583
154410 157234 165459 139258
166667 153141 166160 131312
150086 143814 162610 140522
178349 150581 153348 149749
177883 170174 155603 143537
169685 156472 164061 136044
167063 143593 167722 150813
161845 149211 152682 151460
160067 165426 156032 153821
155465 146736 173018 142409
147134 169677 159541 151704
164104 161596 153893 146335
157643 149365 169217 140618
151378 154189 170656 140777
155927 156224 159364 137852
155429 157368 170464 137399
159408 161462 157925 143030
166134 144180 166890 142366
152095 167814 156634 149476
152601 154032 164350 146754
151818 158067 158765 152049
163220 147933 159438 147747
164583 167243 156418 141014
153026 144062 165528 143175
168760 155418 153758 147510
162564 149079 167903 142054
152945 159366 168945 143165
178233 165036 175835 136286
176806 144424 175214 147456
169196 163721 153947 159173
162016 160182 163025 159946
159099 159108 180427 140158
153020 156890 168661 147287
168072 150764 166352 143685
176416 156071 155773 152996
153426 147238 167874 146362
173623 160094 158876 155541
171819 153549 165754 148410
165000 144629 170897 145581
156370 162219 163404 139798
167802 157757 165001 147832
176466 159547 160757 151938
160115 156665 174144 138758
163968 160701 170181 139111
160139 156566 165427 157167
164878 160462 166544 150082
180809 157811 166246 147847
175844 161177 163321 160762
171421 158545 174732 144644
161748 166630 182065 145567
159444 160585 172033 154219
168275 161391 167939 152475
166797 165102 165882 146592
183919 164940 186798 148739
169734 138216 134637 118700
161000 117950 133045 141363
152381 129708 132186 148233
151090 148557 116305 119946
146601 141061 146308 110704
140783 145824 165285 125959
133775 162122 132915 138491
129489 152795 150974 135111
149678 122559 163325 142884
161000 117950 133045 141363
131999 158281 137669 131820
149433 133697 123352 135480
140514 128995 147029 137231
151924 135301 121168 128135
164880 125336 147734 115355
147445 122932 159303 140463
133775 162122 132915 138491
143365 126263 147649 146011
159270 126803 155803 125810
164880 125336 147734 115355
142393 150520 152482 125649
155430 131113 140429 112793
149730 123222 143120 146653
144123 154899 130365 118845
137719 134129 126802 133710
135718 129000 139529 147517
156721 130006 127664 124377
143169 154575 122415 141652
167133 128534 125587 143191
162507 123450 129480 133075
144087 139280 119615 121683
143689 160757 128985 125198
146247 130428 135973 140252
158470 152225 129300 116057
137084 134962 144850 131825
155507 124165 129853 140815
169597 132705 117864 141929
136221 141835 145760 144564
131762 142957 134132 142457
131113 150541 138768 129644
160144 141134 119606 135364
168483 123446 139623 120399
134915 143412 149407 140814
149569 135889 141071 117603
166500 132813 125758 141358
139657 132434 142403 143318
157777 150126 135062 113710
140783 145824 165285 125959
129489 152795 150974 135111
157947 136610 137669 117954
148566 128940 153366 131294
142645 147176 135170 133131
151504 139820 131916 121465
160294 134684 131949 122168
142789 146745 148768 124974
136221 141835 145760 144564
150044 132818 134633 127849
142475 136990 140122 130346
151090 148557 116305 119946
148273 156828 132600 116422
155912 127490 157073 128851
143689 160757 128985 125198
134392 146265 138302 141575
163864 123319 131220 140521
144040 148921 123181 125723
150387 144463 143451 111165
168048 138983 128447 123402
134111 143537 139084 129894
162943 140365 130977 118215
153877 126880 141048 140299
145278 135463 134918 122743
135380 148479 135554 131507
150749 132332 154697 128711
163615 152153 128095 118345
137567 137555 126482 141944
150627 130858 135172 132245
153099 137761 153488 117184
134947 156079 140476 125089
130355 152238 146491 118507
139457 151233 141465 123747
145398 123684 141957 132747
166719 127957 128555 138147
157777 150126 135062 113710
149677 131588 158134 130978
169597 132705 117864 141929
139457 151233 141465 123747
157305 123521 143530 138925
155912 127490 157073 128851
147009 134176 128018 127169
145723 149727 142529 116874
148119 144605 145450 119367
160685 140772 129127 118657
163366 143971 139356 111599
147376 123971 139574 145421
153781 131974 130644 139821
147554 131547 149218 132226
148119 144605 145450 119367
138505 145301 153934 127371
149677 131588 158134 130978
155430 131113 140429 112793
137963 150634 134872 124657
153685 131816 131515 142343
149408 142030 143983 120244
153844 140329 140241 115419
131761 137274 154974 128266
140607 148876 137903 128942
157539 126815 132541 139737
147445 122932 159303 140463
138505 145301 153934 127371
163702 127172 142194 120599
143169 154575 122415 141652
134751 139753 153933 131491
145435 154852 137198 120170
167234 134073 126239 133446
160514 128222 133901 132087
159396 134024 129995 124164
145723 149727 142529 116874
131885 155996 137955 141481
149408 142030 143983 120244
148273 156828 132600 116422
131761 137274 154974 128266
129582 143858 154485 126438
152664 133288 149070 119032
156885 127300 127733 140493
166719 127957 128555 138147
163366 143971 139356 111599
142690 133191 151359 135387
168048 138983 128447 123402
143013 132650 136736 145445
146087 135062 148861 125117
135822 144016 144450 128849
143587 139840 130838 120752
138960 137674 144287 130172
130355 152238 146491 118507
135380 148479 135554 131507
145278 135463 134918 122743
142901 141849 153087 123148
129582 143858 154485 126438
146973 145844 141695 119879
148424 133923 126784 140430
143537 133397 141862 129511
157305 123521 143530 138925
143013 132650 136736 145445
150384 135020 154047 124975
138960 137674 144287 130172
146695 132701 146912 126538
167234 134073 126239 133446
137963 150634 134872 124657
160144 141134 119606 135364
146601 141061 146308 110704
160514 128222 133901 132087
159396 134024 129995 124164
142901 141849 153087 123148
167133 128534 125587 143191
142690 133191 151359 135387
153099 137761 153488 117184
152798 134068 142409 125065
153685 131816 131515 142343
142393 150520 152482 125649
160324 133495 137154 117978
146973 145844 141695 119879
166500 132813 125758 141358
153877 126880 141048 140299
169734 138216 134637 118700
139657 132434 142403 143318
142745 135009 139366 126993
146695 132701 146912 126538
140682 140003 141054 126442
160324 133495 137154 117978
157539 126815 132541 139737
131885 155996 137955 141481
135822 144016 144450 128849
143587 139840 130838 120752
152586 148890 139539 116957
142745 135009 139366 126993
143537 133397 141862 129511
144120 128045 138124 133088
152586 148890 139539 116957
147376 123971 139574 145421
144120 128045 138124 133088
134751 139753 153933 131491
140682 140003 141054 126442
159396 134024 129995 124164
155912 127490 157073 128851
148273 156828 132600 116422
147445 122932 159303 140463
145278 135463 134918 122743
143689 160757 128985 125198
143169 154575 122415 141652
143013 132650 136736 145445
142690 133191 151359 135387
140682 140003 141054 126442
138960 137674 144287 130172
131885 155996 137955 141481
178843 124251 130992 136962
157108 141133 119974 132919
156852 142158 144092 115851
146162 156446 123977 137624
145106 136049 156096 133202
144850 145666 126685 153248
134006 152222 137181 144045
141760 150642 134947 140430
161882 147142 121877 123617
157342 150875 143280 119975
159414 124685 136902 151170
145466 148878 134659 148500
151799 137076 146852 121801
166495 132669 128175 129871
163868 130551 129466 128442
169552 145870 142753 125121
147978 131668 137669 146411
173228 126585 133943 138106
155327 137967 132798 145681
148845 152759 126515 127665
159365 155309 121397 124331
172170 125126 135713 143172
154394 140212 126046 134401
155995 134194 128120 132019
141948 144773 152378 136774
143260 149672 150370 133066
154083 138953 125147 136019
162820 140844 138445 125367
145414 144270 134870 130275
143477 149416 150808 137942
149929 154529 134735 126647
155625 128575 136155 141321
150839 133084 135574 139120
153781 135269 148684 126016
147335 137438 136394 129298
151300 141332 125594 140189
156734 147400 132591 124629
171440 128789 140839 133036
150939 126930 148121 140932
153936 135386 153330 121275
152717 141905 134268 136515
153230 128803 147578 133535
141824 146394 152758 133686
155745 133707 142115 128399
150460 139658 142297 127356
156766 134893 140656 131223
157434 130120 128881 129961
171816 125530 139355 135590
146536 135643 137733 131152
153979 147601 133683 135599
148184 155437 133776 125294
145259 154602 153203 126903
173228 126585 133943 138106
157434 130120 128881 129961
150413 135850 138134 129511
163831 124315 139504 136682
163776 127762 134006 133374
153209 135269 139374 131542
146465 137135 147119 137833
153936 135386 153330 121275
171816 125530 139355 135590
163776 127762 134006 133374
156824 133634 133459 131174
156824 133634 133459 131174
165210 146378 132942 129614
163660 142837 130414 133038
160533 142376 153693 120064
154309 145636 156039 125051
154209 160478 151812 123063
149165 132637 139682 148380
146576 144141 154450 142065
151027 149896 136822 143506
159886 152839 131781 134926
151465 141525 148567 131058
156326 138237 145229 128959
151207 147463 135754 135328
157370 144614 146562 125274
154465 144645 136080 140880
148859 138540 140498 132327
149082 134206 143049 147862
160262 147510 133676 128528
163323 135704 143180 128685
158134 148950 131504 141256
152362 144647 140272 133788
153977 146091 143811 131674
162084 146152 142093 130560
161226 148255 141613 125255
159442 142173 132925 134369
159735 146467 140307 132021
154405 138240 142514 129600
173923 140023 143796 131658
169846 136700 148792 146429
151863 141653 155304 131174
151258 153004 138212 138886
150611 145923 141335 135434
162013 143993 143106 132477
153655 139922 140772 140329
158183 140360 145525 137629
154620 138760 148200 131627
160742 140298 146020 135274
154034 140558 141050 138365
162211 144081 142187 150579
158724 139666 148614 136145
158487 152808 157371 138303
151191 150055 142529 139216
158096 150469 148030 149256
191289 147157 132270 130668
170894 156518 118854 145115
170691 123298 159938 128252
168776 144355 161452 110706
145408 137548 142628 155282
144142 161713 173329 133890
140281 171694 161898 138786
137992 151080 159141 149992
168967 152009 128331 141222
171157 152365 154956 114091
150174 164989 143367 127034
139150 152988 161055 142468
152088 157328 168751 119174
138996 160048 172432 139645
159120 167922 143216 123808
138738 143209 164695 141232
140281 171694 161898 138786
152088 157328 168751 119174
144184 145238 170993 137481
140656 149163 153389 150608
147489 162966 143572 131048
144439 156574 130458 142871
168776 144355 161452 110706
176632 123608 156587 129341
154923 134849 163508 135973
172703 149099 134024 131040
142038 168677 147761 146035
159954 149053 153890 116664
191289 147157 132270 130668
152393 123493 145657 154208
163664 131878 151119 131714
188313 136504 136302 122772
188323 151995 130496 132140
158198 144015 147831 126504
175637 134933 157122 123700
154019 160918 150030 126140
139091 141364 151812 151720
184323 128354 144637 133212
153860 130318 155375 137515
164084 130051 143851 143619
184483 133380 142404 131881
181259 149948 142203 120514
174807 138000 141607 132706
146180 146777 152989 133653
186895 132979 140358 134146
141536 152225 154648 141592
143512 160469 146518 134956
146942 133114 161467 149452
164923 124062 156676 132776
157843 159274 134045 136261
166055 132739 144160 139986
182887 125144 150786 133659
167589 144460 138265 130664
161279 148596 158485 117161
179039 133195 139650 135023
169817 140767 141475 131945
155356 150246 146627 128806
162252 138240 132886 137903
168871 128923 146727 125014
159776 142669 148814 118037
145205 137106 151608 136661
164797 161980 151897 117592
152745 129067 151983 141667
168967 152009 128331 141222
171629 123715 156024 148335
153797 149862 140226 140599
144467 137812 160699 128039
154227 139658 132081 147265
180254 136654 136332 132225
169257 127879 152432 126570
161636 132045 146094 145521
162597 141819 146351 130497
179039 133195 139650 135023
167026 147515 147290 121820
158611 149798 131977 136991
159465 141413 130820 136608
164812 126701 144925 130597
164746 144295 136613 131835
154799 150690 135188 124139
163364 134304 145645 146549
144597 151651 150708 144390
139091 141364 151812 151720
147340 135339 153133 119989
157385 136142 150692 127277
144142 161713 173329 133890
175496 134540 140476 133108
138862 160716 159802 146204
152763 133400 144886 147987
138738 143209 164695 141232
176044 138948 142881 129108
156697 144982 142009 132078
159954 149053 153890 116664
171929 128822 142388 137115
167859 142342 138700 130093
151825 136838 144077 136011
142038 168677 147761 146035
186895 132979 140358 134146
162953 132013 158417 131524
145408 137548 142628 155282
164677 132547 145128 127533
156423 143042 140383 140856
163938 142692 146760 122538
170836 148929 134398 134014
159442 134132 147654 143337
153885 132325 148864 138745
164880 134879 141160 144389
143940 144747 155104 141234
142344 149109 155186 137071
155589 138973 142229 138037
182887 125144 150786 133659
157445 134800 144165 147894
145457 148147 153332 131103
152393 123493 145657 154208
170691 123298 159938 128252
171900 135121 155265 122176
149079 145445 142587 131611
180328 147600 141823 123816
149124 148301 141245 136914
164354 147724 135177 127289
166928 130237 150755 126006
148063 145320 144315 143448
181259 149948 142203 120514
175772 144267 146243 119381
168007 135449 138974 140192
168071 152780 133505 128128
161303 146778 145809 123878
146800 135338 149325 133009
160839 145853 134253 134527
154704 126166 149437 136384
152612 141569 143119 150100
169191 138759 144799 134788
154172 138379 139341 145394
169402 144246 142194 126809
164155 151436 134061 133418
165285 133831 143358 147260
155859 147831 150798 125859
155859 147831 150798 125859
162165 140228 139274 140649
147023 151246 154723 121399
154704 126166 149437 136384
157843 159274 134045 136261
171629 123715 156024 148335
167337 128163 152273 129408
167859 142342 138700 130093
174807 138000 141607 132706
168071 152780 133505 128128
163374 145518 135911 135342
159213 136715 148683 138219
160839 145853 134253 134527
169809 134973 152024 122771
163374 145518 135911 135342
167560 125245 152489 134680
171467 125566 145398 127453
159213 136715 148683 138219
165285 133831 143358 147260
167546 142894 139495 127393
171467 125566 145398 127453
152607 148269 146297 131296
162165 140228 139274 140649
167337 128163 152273 129408
148063 145320 144315 143448
151825 136838 144077 136011
154799 150690 135188 124139
161049 139760 151897 127166
164817 133763 152785 126944
167443 152234 143001 121412
160663 136559 147300 130650
168007 135449 138974 140192
158611 149798 131977 136991
159770 134451 143500 135491
147023 151246 154723 121399
159770 134451 143500 135491
160663 136559 147300 130650
162953 132013 158417 131524
161049 139760 151897 127166
188323 151995 130496 132140
157385 136142 150692 127277
149124 148301 141245 136914
164817 133763 152785 126944
146800 135338 149325 133009
167443 152234 143001 121412
170691 123298 159938 128252
159954 149053 153890 116664
159213 136715 148683 138219
154704 126166 149437 136384
152088 157328 168751 119174
145408 137548 142628 155282
139091 141364 151812 151720
138738 143209 164695 141232
186167 140725 135569 141182
172005 175148 160380 115697
172005 175148 160380 115697
169931 130838 147662 153132
162632 143436 167010 127404
149462 140633 152057 156799
143575 152088 159118 138315
161532 171353 151431 122243
168419 163191 151436 121006
165383 165347 140043 138649
145131 142481 165175 144115
155389 155366 137842 152127
153016 136133 161535 137344
159224 159074 150302 135470
180313 145206 145509 137946
146292 146686 156300 140057
178612 141132 142470 143085
160307 141974 144336 148289
169534 147305 143723 128227
163411 137899 154598 131205
171050 141922 143702 150516
167413 144625 137438 146220
164839 146931 140331 145244
175206 154591 142826 136713
157555 149003 152121 137229
176573 141727 155257 124559
151564 154180 154923 152414
159031 144396 155640 131118
154201 132411 157397 141168
156408 153614 148310 145322
168783 145553 147377 125719
154136 150728 149280 136328
162390 131885 161338 141868
157031 142324 153116 138226
176823 144417 149490 132805
178293 143980 145911 133098
162274 149846 147212 134177
152478 139687 155795 138655
156568 146549 145155 138682
160352 140719 150869 135219
168021 134603 145275 138062
165329 150270 146928 135474
166982 135008 155862 131175
175421 142850 148618 136853
162749 135442 147521 141156
155158 143535 149873 153072
167779 151863 147180 125110
145409 137877 157743 137792
145409 137877 157743 137792
163191 142948 150461 125066
156929 144064 149934 142582
167388 144103 146168 136839
145409 137877 157743 137792
179086 143487 148513 139119
174809 151463 143954 146657
172922 133255 153009 158660
170963 166204 146815 142178
166740 150064 157450 125578
150536 141212 164792 143185
157777 159384 150818 141154
163112 150675 149797 150014
165687 165756 153989 127739
154808 140401 157779 143384
167225 136413 161740 135832
171368 160638 144354 139122
161151 147081 159880 139743
165477 147819 162933 129311
176407 144781 152057 130082
171981 142906 149378 144467
162888 146117 159204 136874
170175 149674 150505 137794
174241 134607 147904 148023
173490 134727 154584 142547
152478 144113 157527 143677
170863 138542 149804 140915
159391 144395 153677 146162
164334 144516 156292 132727
169358 140814 155877 136070
174104 146665 146513 138909
163422 143704 151546 134674
168539 143101 152923 131227
175942 144033 147510 140646
161560 145140 157624 138884
165472 146966 151482 146037
174615 141546 146662 141366
168284 150075 156477 132140
162927 150156 156573 135415
166769 140874 154343 146841
171434 143330 157492 129291
162908 160457 150573 137265
182653 138588 153894 143716
174591 152008 146613 139849
171396 144314 156580 156422
170763 158023 151737 145518
167310 151921 159811 127055
163289 145517 162066 148484
159731 146896 158276 145051
177541 138711 151953 147904
182400 149251 147331 139256
173913 145902 156143 135006
166423 144423 155353 138388
169613 144779 156086 136852
172898 146657 153348 139160
164161 146744 154025 135509
174057 147616 160635 149312
171886 148962 154437 147871
171714 154518 163555 131628
166373 158327 161829 136886
160310 148448 162165 157465
167595 152500 155088 138013
176073 154554 167425 144602
