75 30.7659
3.16848e+06 3.19132e+06 3.10846e+06
3.224e+06 3.21312e+06 3.08758e+06
3.12015e+06 3.22576e+06 3.18111e+06
3.24648e+06 3.10991e+06 3.1849e+06
3.14691e+06 3.16162e+06 3.17472e+06
3.19565e+06 3.12475e+06 3.21546e+06
3.15436e+06 3.23126e+06 3.14962e+06
3.22185e+06 3.15812e+06 3.14727e+06
3.13038e+06 3.20932e+06 3.17409e+06
3.19818e+06 3.13619e+06 3.19696e+06
3.15296e+06 3.1784e+06 3.16498e+06
3.21545e+06 3.10307e+06 3.26468e+06
3.25293e+06 3.14201e+06 3.16495e+06
3.27228e+06 3.14971e+06 3.13822e+06
3.19925e+06 3.16997e+06 3.14592e+06
3.1378e+06 3.19111e+06 3.1975e+06
3.1298e+06 3.1953e+06 3.21859e+06
3.11093e+06 3.24621e+06 3.26476e+06
3.16544e+06 3.1479e+06 3.24973e+06
3.19852e+06 3.1514e+06 3.1751e+06
3.18943e+06 3.13655e+06 3.2312e+06
3.14424e+06 3.23329e+06 3.16837e+06
3.17003e+06 3.1553e+06 3.21962e+06
3.187e+06 3.15333e+06 3.19837e+06
3.13555e+06 3.23875e+06 3.17169e+06
3.23346e+06 3.17156e+06 3.1432e+06
3.15902e+06 3.20646e+06 3.16033e+06
3.1067e+06 3.30862e+06 3.26357e+06
3.20033e+06 3.18224e+06 3.14338e+06
3.2213e+06 3.14704e+06 3.18795e+06
3.16774e+06 3.27983e+06 3.13184e+06
3.23128e+06 3.20321e+06 3.10764e+06
3.27505e+06 3.17784e+06 3.13656e+06
3.24291e+06 3.12669e+06 3.19839e+06
3.26608e+06 3.19083e+06 3.1111e+06
3.23643e+06 3.13059e+06 3.20543e+06
3.21135e+06 3.15046e+06 3.18065e+06
3.19126e+06 3.17546e+06 3.16154e+06
3.15229e+06 3.31024e+06 3.16179e+06
3.23442e+06 3.14114e+06 3.19471e+06
3.19554e+06 3.17532e+06 3.15888e+06
3.24073e+06 3.18917e+06 3.14151e+06
3.1894e+06 3.18903e+06 3.15767e+06
3.19383e+06 3.16045e+06 3.1903e+06
3.1965e+06 3.17307e+06 3.1685e+06
3.27154e+06 3.15253e+06 3.15984e+06
3.18074e+06 3.15509e+06 3.23372e+06
3.13746e+06 3.19122e+06 3.26536e+06
3.1337e+06 3.19523e+06 3.24612e+06
3.14415e+06 3.2501e+06 3.17159e+06
3.29392e+06 3.10817e+06 3.1661e+06
3.13223e+06 3.18194e+06 3.27297e+06
3.15912e+06 3.32896e+06 3.1329e+06
3.18095e+06 3.19647e+06 3.12403e+06
3.16254e+06 3.16625e+06 3.17508e+06
3.21801e+06 3.14266e+06 3.19968e+06
3.20707e+06 3.15364e+06 3.17982e+06
3.19926e+06 3.17239e+06 3.16625e+06
3.15214e+06 3.17811e+06 3.17782e+06
3.14773e+06 3.19317e+06 3.1814e+06
3.17804e+06 3.19268e+06 3.1602e+06
3.16187e+06 3.19646e+06 3.17065e+06
3.18404e+06 3.16092e+06 3.22777e+06
3.20942e+06 3.32329e+06 3.24689e+06
3.24794e+06 3.24706e+06 3.17795e+06
3.29821e+06 3.31361e+06 3.25091e+06
3.28744e+06 3.19119e+06 3.21013e+06
3.28888e+06 3.20958e+06 3.14334e+06
3.27749e+06 3.20363e+06 3.22628e+06
3.22567e+06 3.28394e+06 3.21171e+06
3.22078e+06 3.2871e+06 3.243e+06
3.23837e+06 3.25008e+06 3.22628e+06
3.21466e+06 3.31386e+06 3.22745e+06
3.22085e+06 3.22265e+06 3.23158e+06
3.26912e+06 3.22688e+06 3.19145e+06
3.29021e+06 3.28706e+06 3.21828e+06
3.24454e+06 3.2289e+06 3.24435e+06
3.26341e+06 3.19222e+06 3.23199e+06
3.2126e+06 3.25482e+06 3.25069e+06
3.2586e+06 3.21807e+06 3.18876e+06
3.26549e+06 3.2211e+06 3.22397e+06
3.23772e+06 3.2118e+06 3.27229e+06
3.25029e+06 3.26206e+06 3.26298e+06
3.26102e+06 3.22102e+06 3.22788e+06
3.21399e+06 3.20443e+06 3.16573e+06
3.24996e+06 3.24372e+06 3.21358e+06
3.2406e+06 3.25805e+06 3.17416e+06
3.26129e+06 3.22423e+06 3.23235e+06
3.24144e+06 3.20896e+06 3.30071e+06
3.26373e+06 3.1993e+06 3.29469e+06
3.26055e+06 3.23954e+06 3.20264e+06
3.21096e+06 3.28941e+06 3.17457e+06
3.29073e+06 3.21547e+06 3.294e+06
3.23794e+06 3.20587e+06 3.24246e+06
3.30557e+06 3.19329e+06 3.21064e+06
3.27038e+06 3.26157e+06 3.24933e+06
3.23407e+06 3.25714e+06 3.24139e+06
3.22895e+06 3.27385e+06 3.25521e+06
3.23845e+06 3.23743e+06 3.2317e+06
3.25598e+06 3.2607e+06 3.24606e+06
3.24123e+06 3.23307e+06 3.21636e+06
3.27101e+06 3.25326e+06 3.2498e+06
3.16708e+06 3.23476e+06 3.21635e+06
3.27818e+06 3.27465e+06 3.25776e+06
3.23256e+06 3.24137e+06 3.19135e+06
3.22992e+06 3.23199e+06 3.19564e+06
3.30183e+06 3.21589e+06 3.19636e+06
3.24783e+06 3.27668e+06 3.2723e+06
3.25795e+06 3.25796e+06 3.19086e+06
3.30886e+06 3.26535e+06 3.26939e+06
3.24288e+06 3.23907e+06 3.22398e+06
3.19144e+06 3.22013e+06 3.26031e+06
3.26352e+06 3.23779e+06 3.25088e+06
3.28192e+06 3.21198e+06 3.25741e+06
3.24336e+06 3.23324e+06 3.17776e+06
3.228e+06 3.22595e+06 3.18634e+06
3.24926e+06 3.23607e+06 3.26834e+06
3.32832e+06 3.2703e+06 3.18763e+06
3.21538e+06 3.23076e+06 3.2645e+06
3.18523e+06 3.22336e+06 3.18181e+06
3.21031e+06 3.22675e+06 3.2136e+06
3.24832e+06 3.22592e+06 3.23828e+06
3.20338e+06 3.2421e+06 3.22814e+06
3.23854e+06 3.21328e+06 3.27763e+06
3.24394e+06 3.23816e+06 3.22199e+06
3.22568e+06 3.27325e+06 3.24009e+06
3.22675e+06 3.22523e+06 3.25124e+06
3.25925e+06 3.24854e+06 3.18359e+06
3.24633e+06 3.23949e+06 3.22794e+06
3.28655e+06 3.13264e+06 3.25746e+06
3.20966e+06 3.23511e+06 3.19576e+06
3.23256e+06 3.23192e+06 3.24592e+06
3.26604e+06 3.25393e+06 3.2059e+06
3.27214e+06 3.27044e+06 3.21239e+06
3.24181e+06 3.21898e+06 3.24451e+06
3.21899e+06 3.25994e+06 3.26448e+06
3.18821e+06 3.22093e+06 3.22602e+06
3.15623e+06 3.19022e+06 3.24931e+06
3.27953e+06 3.22873e+06 3.28461e+06
3.2777e+06 3.25009e+06 3.21596e+06
3.32596e+06 3.35703e+06 3.23536e+06
3.21226e+06 3.17043e+06 3.21273e+06
3.23292e+06 3.2529e+06 3.23463e+06
3.27003e+06 3.29428e+06 3.19719e+06
3.20333e+06 3.22983e+06 3.24388e+06
3.19743e+06 3.23748e+06 3.23122e+06
3.24492e+06 3.23218e+06 3.2265e+06
3.27958e+06 3.27766e+06 3.19177e+06
3.25174e+06 3.29316e+06 3.19719e+06
3.25945e+06 3.22955e+06 3.24406e+06
3.19609e+06 3.21269e+06 3.26105e+06
3.22711e+06 3.2477e+06 3.20434e+06
3.23869e+06 3.27615e+06 3.14538e+06
3.22458e+06 3.26105e+06 3.19976e+06
3.2638e+06 3.27363e+06 3.21413e+06
3.27041e+06 3.22547e+06 3.21962e+06
3.20815e+06 3.22047e+06 3.23866e+06
3.20398e+06 3.20204e+06 3.19795e+06
3.25689e+06 3.2356e+06 3.21559e+06
3.2128e+06 3.30284e+06 3.18735e+06
3.24506e+06 3.24482e+06 3.28319e+06
3.18349e+06 3.25909e+06 3.22192e+06
3.24316e+06 3.25543e+06 3.17091e+06
3.26834e+06 3.24046e+06 3.23199e+06
3.21395e+06 3.23796e+06 3.2307e+06
3.20828e+06 3.30155e+06 3.21796e+06
3.19467e+06 3.1991e+06 3.29096e+06
3.24512e+06 3.22145e+06 3.24888e+06
3.215e+06 3.226e+06 3.20851e+06
3.27703e+06 3.24441e+06 3.22778e+06
3.17785e+06 3.12148e+06 3.25832e+06
3.29986e+06 3.22316e+06 3.17316e+06
3.2073e+06 3.26316e+06 3.22358e+06
3.2209e+06 3.31592e+06 3.23602e+06
3.22665e+06 3.27041e+06 3.17269e+06
3.22268e+06 3.22424e+06 3.24418e+06
3.22628e+06 3.198e+06 3.24407e+06
3.26369e+06 3.25054e+06 3.22961e+06
3.22049e+06 3.24047e+06 3.26299e+06
3.20869e+06 3.27333e+06 3.16661e+06
3.23675e+06 3.32461e+06 3.21766e+06
3.21817e+06 3.19934e+06 3.18512e+06
3.28683e+06 3.27423e+06 3.20706e+06
3.22528e+06 3.16806e+06 3.21015e+06
3.16394e+06 3.20751e+06 3.18005e+06
3.24566e+06 3.19522e+06 3.26112e+06
3.19708e+06 3.231e+06 3.22778e+06
3.23503e+06 3.19143e+06 3.21346e+06
3.19874e+06 3.20228e+06 3.27106e+06
3.22009e+06 3.3072e+06 3.18599e+06
3.29278e+06 3.24324e+06 3.21e+06
3.28032e+06 3.25032e+06 3.18903e+06
3.24135e+06 3.24155e+06 3.28072e+06
3.19695e+06 3.18616e+06 3.20519e+06
3.26025e+06 3.24312e+06 3.23006e+06
3.26151e+06 3.24098e+06 3.21438e+06
3.22066e+06 3.20867e+06 3.22183e+06
3.25376e+06 3.22754e+06 3.2174e+06
3.24387e+06 3.27931e+06 3.23402e+06
3.24966e+06 3.23282e+06 3.24913e+06
3.29137e+06 3.26621e+06 3.16972e+06
3.25452e+06 3.24336e+06 3.23999e+06
3.22896e+06 3.24698e+06 3.26222e+06
3.27024e+06 3.26565e+06 3.25781e+06
3.26903e+06 3.26021e+06 3.24033e+06
3.24516e+06 3.27302e+06 3.20356e+06
3.2459e+06 3.26334e+06 3.23318e+06
3.23605e+06 3.22621e+06 3.22337e+06
3.25746e+06 3.273e+06 3.28866e+06
3.27293e+06 3.23179e+06 3.23583e+06
3.21228e+06 3.25077e+06 3.27616e+06
3.2512e+06 3.25031e+06 3.18537e+06
3.19982e+06 3.25434e+06 3.25547e+06
3.26852e+06 3.24695e+06 3.17592e+06
3.23621e+06 3.2136e+06 3.20503e+06
3.24661e+06 3.21286e+06 3.17933e+06
3.27386e+06 3.21594e+06 3.22812e+06
3.23959e+06 3.25907e+06 3.16235e+06
3.21757e+06 3.25747e+06 3.25045e+06
3.24328e+06 3.19749e+06 3.28129e+06
3.27792e+06 3.23717e+06 3.21288e+06
3.1267e+06 3.2412e+06 3.237e+06
3.26478e+06 3.29308e+06 3.19026e+06
3.23937e+06 3.2359e+06 3.20256e+06
3.23734e+06 3.26524e+06 3.23938e+06
3.22145e+06 3.19672e+06 3.21194e+06
3.25724e+06 3.24897e+06 3.28985e+06
3.24043e+06 3.22157e+06 3.24871e+06
3.19888e+06 3.24351e+06 3.28582e+06
3.23798e+06 3.24638e+06 3.26374e+06
3.24741e+06 3.21502e+06 3.16385e+06
3.25019e+06 3.28096e+06 3.25399e+06
3.27077e+06 3.234e+06 3.25503e+06
3.2272e+06 3.20838e+06 3.19086e+06
3.31532e+06 3.26028e+06 3.26631e+06
3.19896e+06 3.27546e+06 3.20803e+06
3.26186e+06 3.22606e+06 3.21882e+06
3.21042e+06 3.29227e+06 3.19227e+06
3.20622e+06 3.21656e+06 3.21808e+06
3.27123e+06 3.2777e+06 3.23521e+06
3.21659e+06 3.24803e+06 3.23299e+06
3.24635e+06 3.27317e+06 3.21608e+06
3.25894e+06 3.29596e+06 3.26814e+06
3.20329e+06 3.24553e+06 3.2309e+06
3.24868e+06 3.23066e+06 3.2284e+06
3.21056e+06 3.19209e+06 3.1701e+06
3.24636e+06 3.15767e+06 3.1936e+06
3.24598e+06 3.20293e+06 3.28409e+06
3.28227e+06 3.28937e+06 3.20241e+06
3.24333e+06 3.24535e+06 3.22481e+06
3.23229e+06 3.24425e+06 3.1579e+06
3.21148e+06 3.21158e+06 3.24931e+06
3.26972e+06 3.2004e+06 3.17436e+06
3.23308e+06 3.25593e+06 3.25714e+06
3.23638e+06 3.19871e+06 3.16316e+06
3.27009e+06 3.2383e+06 3.28191e+06
3.19539e+06 3.26645e+06 3.26912e+06
3.22972e+06 3.29186e+06 3.18675e+06
3.23829e+06 3.22668e+06 3.24479e+06
3.23864e+06 3.20659e+06 3.27026e+06
3.24724e+06 3.19654e+06 3.20168e+06
3.23251e+06 3.24814e+06 3.21687e+06
3.27466e+06 3.26994e+06 3.13598e+06
3.28604e+06 3.26527e+06 3.17719e+06
3.27352e+06 3.26036e+06 3.25433e+06
3.30148e+06 3.28694e+06 3.21985e+06
3.25392e+06 3.28404e+06 3.17322e+06
3.21336e+06 3.26954e+06 3.22337e+06
3.28053e+06 3.20244e+06 3.2103e+06
3.20612e+06 3.25246e+06 3.24517e+06
3.28181e+06 3.24102e+06 3.18778e+06
3.28051e+06 3.22409e+06 3.15862e+06
3.22132e+06 3.25615e+06 3.21579e+06
3.26735e+06 3.24235e+06 3.18544e+06
3.27259e+06 3.17766e+06 3.18035e+06
3.22508e+06 3.21632e+06 3.22774e+06
3.30784e+06 3.21651e+06 3.23242e+06
3.31387e+06 3.21739e+06 3.27984e+06
3.22093e+06 3.25162e+06 3.24927e+06
3.22536e+06 3.26041e+06 3.22332e+06
3.23249e+06 3.23221e+06 3.22774e+06
3.22011e+06 3.30337e+06 3.20618e+06
3.24546e+06 3.20852e+06 3.24884e+06
3.26109e+06 3.22052e+06 3.12155e+06
3.23874e+06 3.31224e+06 3.16964e+06
3.22528e+06 3.24991e+06 3.17089e+06
3.25936e+06 3.26982e+06 3.17302e+06
3.2886e+06 3.1933e+06 3.26706e+06
3.23523e+06 3.25435e+06 3.24542e+06
3.25506e+06 3.24304e+06 3.21072e+06
3.23429e+06 3.27002e+06 3.26146e+06
3.21871e+06 3.21715e+06 3.23163e+06
3.26705e+06 3.22061e+06 3.21575e+06
3.26395e+06 3.19288e+06 3.20195e+06
3.28323e+06 3.21135e+06 3.26448e+06
3.23434e+06 3.2837e+06 3.24416e+06
3.27261e+06 3.24726e+06 3.20386e+06
3.24019e+06 3.32969e+06 3.1644e+06
3.20988e+06 3.20246e+06 3.23077e+06
3.28444e+06 3.22769e+06 3.20261e+06
