16 0.794494
779532 847444 811974 803130
827514 775361 790740 821563
835906 809639 773838 815932
795878 846528 810857 764427
787964 789582 805056 810347
812152 775371 815113 813623
827339 819978 807222 801494
814610 817126 814907 771561
815092 787620 830791 826598
860220 812240 797804 803719
817818 780255 803075 792960
809575 789685 825065 811821
788948 789668 807978 782361
813296 784618 821279 785333
809699 805848 795285 790118
791715 807392 823478 823401
811216 810272 810819 844323
830915 809103 783123 787630
811883 796643 791942 812319
791740 810959 808609 801543
859305 785734 796794 839466
782380 787203 790447 783878
817185 809932 781674 788985
778563 805146 782986 845328
818861 788633 797081 826372
833086 799930 804462 855197
795044 792306 816298 798146
782444 824949 801730 803451
806525 798584 832188 803262
804822 792661 797193 781753
822061 791363 803725 834822
821032 810400 785124 815526
797095 793969 795781 794674
777713 775375 805573 782237
813845 794700 813743 815633
822263 807909 823667 827430
791715 807392 823478 823401
809394 823878 778132 836642
780709 815358 783661 834935
785644 777728 796715 794042
798496 805246 807872 772694
832783 799417 798331 830167
809695 810251 768383 801611
832548 778112 766477 790849
823360 810964 799917 799645
842058 816149 825016 805719
831221 786195 810202 791460
809575 789685 825065 811821
797762 790237 794758 803336
830353 837142 788461 806806
823221 799828 783123 806476
808570 777876 812483 808389
830639 806388 798432 814287
802224 817725 802028 831120
832518 777613 810977 801960
824424 794537 804499 822196
802808 814407 774272 829064
831258 798009 795950 798243
803548 790390 808782 806442
797971 790916 795676 813776
817276 792392 800282 809128
806653 815657 803195 786495
806564 820562 817391 817628
858066 819125 820943 802412
806103 828005 802970 807337
794902 775728 790698 798859
809511 799117 798498 802018
814425 824980 789155 833175
809306 793878 776208 786174
804311 822009 816856 787828
805403 798311 810746 821016
819590 794005 800076 791202
796360 787017 787794 784663
795044 792306 816298 798146
821345 817479 772134 822361
817624 827876 773670 791318
816145 788109 805698 822818
811956 816126 769672 804731
797095 793969 795781 794674
825806 817726 790512 807625
816951 824312 800312 794842
797669 784612 817702 818468
818497 810382 811549 780694
823047 794490 802022 794124
806132 798415 787192 786469
797874 779805 821583 812258
802808 814407 774272 829064
831183 821240 796310 832163
809283 804146 814874 831927
790258 793078 840197 832069
810370 832311 806180 819136
787362 813667 800902 823545
809394 823878 778132 836642
808965 776590 797647 827467
815328 782402 813640 818314
815811 808906 795279 815919
813700 799715 774658 841012
782380 787203 790447 783878
848386 821208 787957 840710
813039 808940 795121 815178
815771 805059 802339 800189
842543 788481 790876 810903
805403 798311 810746 821016
822694 800176 800964 818419
832911 799022 780229 845387
809283 804146 814874 831927
801714 778471 795117 800400
782904 796377 786365 790899
805261 787045 798038 807769
804311 822009 816856 787828
818993 811650 800476 795431
821345 817479 772134 822361
832783 799417 798331 830167
798505 797159 777520 827308
855696 796817 803418 821598
814319 783590 809224 798600
827339 819978 807222 801494
804959 791488 822493 800650
815886 806265 811518 814671
822514 769944 790370 829422
812152 775371 815113 813623
780530 778283 798898 813679
822694 800176 800964 818419
798730 809672 769671 808988
797855 778812 792426 790439
826444 796703 822743 781202
810568 791104 850547 805845
780709 815358 783661 834935
818861 788633 797081 826372
797369 817767 812936 804561
810893 812217 796719 848498
806153 821514 794405 815348
832127 793063 785279 796827
821674 798478 798241 808117
814610 817126 814907 771561
830639 806388 798432 814287
811216 810272 810819 844323
792911 797716 803389 801791
813700 799715 774658 841012
798371 832707 803177 814202
791404 776138 768272 799579
824424 794537 804499 822196
805132 787064 787798 809996
803415 744504 824175 805857
827042 789987 792045 785596
825806 817726 790512 807625
802428 790663 782700 820056
808734 803130 811342 788723
809511 799117 798498 802018
796255 797139 795977 798812
821361 808946 764564 819517
831569 795525 799839 806693
796663 817063 792745 791082
833086 799930 804462 855197
825650 778808 781348 787454
822061 791363 803725 834822
797874 779805 821583 812258
805281 793912 781088 812086
804959 791488 822493 800650
796255 797139 795977 798812
774937 791145 798302 819071
818300 769759 822544 798073
825748 824512 794030 803536
802408 832527 825304 785086
858210 801211 814336 797420
790258 793078 840197 832069
832518 777613 810977 801960
823801 810981 794235 821608
805326 818580 810194 794922
812705 812326 793827 771583
804962 810315 786922 817548
806525 798584 832188 803262
807946 801521 802926 823935
824915 791756 777662 803768
816085 829015 755063 796939
799130 803798 781460 795512
814363 793296 818924 845944
801605 786562 816548 807362
815811 808906 795279 815919
803294 797039 802486 809984
819741 804092 815751 824498
813880 830892 757937 797429
810568 791104 850547 805845
836662 829900 804038 803903
849519 800370 795279 831753
811027 832289 801376 811003
849519 800370 795279 831753
817981 816708 817461 800841
802775 794113 776187 814926
802224 817725 802028 831120
830342 799756 789635 799042
791740 810959 808609 801543
831183 821240 796310 832163
806918 784660 800785 809626
800368 794374 788669 771165
808427 799618 790612 828968
808484 824813 782736 796873
803548 790390 808782 806442
835776 810375 796213 793413
798485 773328 779419 778498
815480 799945 780578 795296
807946 801521 802926 823935
827572 797910 822663 825604
809826 783537 805235 799727
817801 819378 796758 804025
808734 803130 811342 788723
785644 777728 796715 794042
802415 833708 784883 828666
812705 812326 793827 771583
821137 786504 805113 824218
807390 795440 829426 807062
842036 772862 818556 829385
800368 794374 788669 771165
817818 780255 803075 792960
797649 816369 788745 827229
801605 786562 816548 807362
832548 778112 766477 790849
823861 805545 786616 806969
803902 815440 796728 799776
830915 809103 783123 787630
846305 821181 802207 834882
804796 806775 805175 785831
848386 821208 787957 840710
807686 799392 801551 763817
846897 826717 807427 832770
815092 787620 830791 826598
801208 805446 801286 809257
797788 791487 809436 780309
825650 778808 781348 787454
827484 803540 821778 807083
835405 777376 813837 795741
794902 775728 790698 798859
808427 799618 790612 828968
811665 815675 811136 805170
803294 797039 802486 809984
858210 801211 814336 797420
791050 815413 796576 794070
818993 811650 800476 795431
823750 822545 784874 822295
805326 818580 810194 794922
818024 804528 810291 814911
809825 798931 803930 787629
816145 788109 805698 822818
825748 824512 794030 803536
799174 783002 805915 807578
818850 790452 847242 806436
782904 796377 786365 790899
804796 806775 805175 785831
800912 801671 814642 824722
823297 803947 777974 825623
797876 811468 817149 815929
806132 798415 787192 786469
831569 795525 799839 806693
806335 768517 800736 808701
859305 785734 796794 839466
797971 790916 795676 813776
823297 803947 777974 825623
813296 784618 821279 785333
793220 817222 783760 793530
825835 792975 787607 804450
804884 812792 790722 795303
813275 854547 794413 815956
818293 790957 821822 853009
779158 791171 791977 821137
813845 794700 813743 815633
811194 787627 828761 814724
817981 816708 817461 800841
768073 788755 789312 793195
806564 820562 817391 817628
808570 777876 812483 808389
808965 776590 797647 827467
804884 812792 790722 795303
802408 832527 825304 785086
830342 799756 789635 799042
809699 805848 795285 790118
812856 813545 780973 804017
807390 795440 829426 807062
829975 836130 758196 814735
797855 778812 792426 790439
804094 808655 820454 831059
814681 789509 810302 823273
780845 812238 822021 802075
805326 818580 810194 794922
835045 815678 780967 794818
811194 787627 828761 814724
813275 854547 794413 815956
851211 805024 802771 818179
791225 795026 787232 794125
797876 811468 817149 815929
768073 788755 789312 793195
830199 833042 817037 801325
855696 796817 803418 821598
870353 792034 794121 824342
830353 837142 788461 806806
816085 829015 755063 796939
832991 777848 804704 817954
825835 792975 787607 804450
870353 792034 794121 824342
783075 803128 805703 789855
791246 812124 801016 802234
