6157 1743.57
135810 72700
119391 120455
115553 78268
134785 95180
136051 98646
113486 89477
137538 90477
146124 92545
121688 112234
127667 94672
119432 100704
121748 119650
103087 119384
130179 110115
133323 105566
173894 120375
83829 146502
137904 84306
111577 136037
156973 96944
186490 92947
115085 119799
94579 107187
114718 126625
146819 108071
122599 115253
154308 110905
103112 108621
159815 104922
114767 121187
125482 93081
92603 112035
159154 110797
153299 113981
146422 103107
129441 97998
152120 114071
119907 94720
151970 112281
132719 122815
160968 94970
111071 91887
101822 113298
102370 112360
121454 117953
141429 109959
140101 89444
106090 95383
143581 88813
168792 96463
128223 100176
102405 118954
127007 98282
136823 87595
144623 100948
97918 111316
97690 86071
128496 122126
137438 83954
132092 85035
120485 97538
135421 111556
136913 107320
134128 101765
157299 121136
137015 127646
116893 99537
121907 101264
115768 86114
136426 88627
145702 109698
159109 100073
111454 116002
120498 104671
117140 111382
115389 102040
136325 108488
123991 117689
105149 119530
141390 91627
104687 108211
153323 124714
125264 89703
134248 101352
95691 119192
139235 103209
111887 112078
110080 83983
93864 122606
140761 116267
142592 111383
138133 107292
168995 149143
115791 116194
96883 102261
135869 84054
145646 97374
112710 113269
119493 110338
127538 108086
130978 89369
127136 102627
129061 100673
117967 88044
113753 86328
125918 87515
139060 85829
95545 123267
88238 119788
144410 104407
103909 101261
143270 91090
176490 97336
118495 110345
95400 132320
116624 89206
145057 115364
121323 98425
90877 79176
133419 113279
130644 102070
114117 82404
98912 112608
133329 99685
130679 120694
127826 92283
132988 106790
111389 127908
129552 104483
103700 100820
149348 108897
111127 92338
180651 95807
136312 94152
142793 100086
112799 99580
98266 104990
92544 107523
130197 96057
146324 99460
152513 113160
127311 132597
163381 94513
112221 155851
114136 85505
150932 100309
115255 157681
146936 83894
121407 92425
125867 128665
171791 113902
147414 97305
133775 92133
114302 109986
144360 101380
95246 105509
142640 129808
93263 132867
143879 96519
108010 100430
113570 109848
128302 86184
107137 139010
163363 111000
135778 108623
105326 111807
144942 100272
137583 111611
158535 106768
114723 101857
134365 90592
98679 164080
125354 91634
134146 118940
139459 94870
119309 98024
101190 88447
124985 110933
136246 114844
164496 129492
157021 99923
133944 94787
94544 121208
119459 94280
136577 115474
164440 110908
125267 101372
112944 111384
133389 122940
107323 83281
143816 96357
126553 108459
139904 100467
100892 159012
160013 126752
112914 103795
165129 120577
163015 88074
150293 90035
137546 90485
106382 103695
115090 111669
147845 101845
144104 94098
140475 115297
121085 94545
131121 110981
130508 105783
131860 89294
161842 122961
166955 93549
140699 115611
109607 93950
110876 125198
156713 121433
96844 141728
158191 87413
153879 116085
102702 120222
130000 88708
151162 94632
159825 100899
140274 108224
119366 117386
141614 89700
145437 114695
165391 95189
138984 116593
132946 116131
106750 104535
121899 109250
149451 93644
142926 107250
159410 96650
136629 115622
126719 105080
171967 96100
129210 111541
167852 96856
126559 131096
130874 92413
105944 115464
128832 99873
146259 111407
94220 141419
126062 97417
163521 119765
132288 92165
164647 111269
103799 109323
152502 100249
122439 134789
170004 122023
127870 113936
124472 89417
138960 103320
143019 90614
122101 87428
109109 141229
137175 128991
143170 90681
154468 111413
147273 106661
154823 105140
101943 141939
128443 113658
124544 127441
132056 111851
113533 101091
107245 126389
99267 119336
124051 97476
153528 106137
123055 91720
111422 86387
155443 90216
162818 119065
106280 103300
147635 95874
110447 95107
108392 122341
126619 93878
104183 115971
156918 93564
123522 91240
151119 96117
172210 103911
132693 93598
129950 105288
139520 120200
150034 98877
124166 106568
131930 81349
124022 107494
114631 100111
147119 104517
92883 131481
128191 102145
127260 101422
146998 108687
146743 114363
95656 120476
150989 113123
152773 104818
138167 107427
142827 97719
100651 95889
117874 119373
137553 105893
152682 108384
114906 128772
136075 93000
153306 104857
116055 116117
120485 83947
159159 104083
163150 95227
111366 106297
138484 92904
98812 111335
157903 105720
123476 101193
147180 88949
138371 91048
138764 114204
137315 87979
107486 120482
153757 97579
123501 85514
133567 108507
121707 89039
96562 100297
97130 109369
145923 120963
143178 97723
121182 96743
148524 108192
118731 102092
145840 113808
101692 135780
162709 92498
125237 97906
149687 106594
148786 113880
163501 93409
146297 113223
129246 89825
134928 109217
167322 104349
154351 85162
121864 110412
134009 77625
151551 105330
122861 137023
136586 96114
178305 116255
122693 114780
133557 103103
108080 129918
132055 83107
159741 98405
129846 121910
129048 95017
139398 96137
120294 114415
160246 94777
96910 129074
111886 121125
122585 99405
101528 113403
170678 120531
129481 96829
152809 111550
119768 104683
127888 128587
111974 120474
118864 90618
148429 111826
110024 115079
147667 94785
143101 105704
135389 90638
127516 85869
152495 107560
147798 113860
101463 100256
124614 116324
166261 108957
99897 106991
122839 88037
130248 102624
114585 90605
112342 105997
161844 96344
143268 96895
153903 117550
157585 120885
121770 100259
119108 117817
151795 99159
115583 103789
106398 152855
104032 87774
148611 122243
114350 106328
151501 111118
128777 99165
121040 96135
90324 83624
114862 104729
133053 87751
172944 131798
97195 107472
142461 100483
172063 97788
128959 114967
150717 101052
138477 111714
102710 94097
153573 114384
106831 138187
110825 98671
119236 114232
143908 97287
138580 102534
145606 110988
141490 111451
147883 112241
151724 97916
142276 108239
131109 112100
138564 99831
130710 90442
111854 91976
130965 122250
140524 86785
177248 104934
147615 95274
131581 87187
154162 119609
165399 99500
147798 116570
164196 116773
95599 135471
103696 122474
129938 101416
165062 89124
124334 90175
123209 99020
146609 118214
138216 97730
117945 109221
134124 110982
114326 124244
140227 111157
124819 88218
132802 110117
129954 99737
132275 101344
126635 101522
127853 107257
128746 106182
142453 94629
153017 121691
96245 104587
128652 118449
145032 117191
184032 100929
150291 97639
145993 104206
116289 124801
140710 102132
135589 102559
140985 99004
154472 87800
139310 101895
134113 88648
115454 95092
113580 92085
131870 95686
155453 101442
139911 82258
140435 102860
163125 95804
106225 82332
124574 85026
167182 95351
159864 116295
134258 99243
116034 113005
130056 108535
109248 85327
136025 105044
142150 87500
106751 139679
142282 122032
153317 123240
122216 106679
112853 106502
141285 108821
114144 87381
117400 112752
164882 101377
144140 121267
146902 106722
156901 117531
117453 121747
149650 100005
151211 120029
120214 117901
148505 79064
114526 106463
99211 153687
133136 114105
116239 128244
109336 124048
157533 94687
156459 90891
127557 113766
139553 115292
114689 104971
128675 100711
128794 94299
140205 94606
151154 95454
155747 120334
150966 96211
150488 116100
121459 148755
92559 133091
102011 110761
136813 128167
115277 138281
128326 97539
108754 99148
148780 97722
124944 98919
97283 150031
161948 102883
113811 105635
117036 88999
130878 111505
124142 100367
169943 102096
133866 111513
125180 106773
109958 115535
106547 88936
94697 120134
140586 98613
166473 119987
129463 87090
126894 97198
100352 104453
165750 132360
115569 103959
107974 104650
111635 114464
145483 91243
140567 102887
130824 115520
106018 107354
99968 119985
135734 110206
121165 106234
140859 115007
125116 121125
130435 113128
90598 137791
103603 109280
127477 82386
154560 120005
123173 123526
134377 127827
123145 109164
142352 102722
124253 133531
124346 100247
115337 96585
159191 99488
131088 91611
118070 91947
104733 119236
122085 92564
138202 117687
120750 87702
169062 115658
142169 93537
89625 105464
127363 102031
127133 88257
141041 93149
137488 101417
137041 110327
133463 115612
126807 111270
134337 127779
140046 112940
120454 90450
106687 95855
158846 119289
109689 101101
110423 111909
151635 116612
140908 115859
97261 119252
104720 127084
102638 112629
137920 123033
122778 131411
177721 125680
103260 161846
125064 107579
136931 98501
166887 119028
154997 110901
111543 112260
171917 120659
163846 97477
158630 97854
135534 126882
156105 98705
139021 107703
107259 80836
114509 108815
139571 110928
101697 145646
146978 88278
98412 118880
165905 102484
125555 85901
132791 111871
102953 98949
134389 113702
115740 113169
101872 147831
158540 114355
159365 109700
127140 98557
105328 137672
145506 128342
164835 91629
135093 91596
138309 105094
137589 91892
155071 91415
122778 87206
159438 119724
130388 119138
139041 97567
147718 112610
128301 101295
120419 106009
149636 87160
154694 78861
130306 94753
116602 135658
93862 116975
150647 119285
177682 87152
154689 104935
94557 133275
152729 92604
103588 110175
152753 103559
135210 86995
133997 99948
158140 84083
115294 118263
118708 131953
121522 106712
113545 96692
142384 126773
131873 104075
157854 102623
149211 96031
91509 135617
125488 112525
129703 115366
102900 103524
114323 128951
111909 88588
103042 111263
100268 124355
142852 112300
123080 100300
126499 94494
105918 148359
108794 95917
138716 99255
158463 117527
165678 110973
128412 91767
108334 143117
144935 99273
162518 115680
130580 113949
103764 118965
153419 93984
121690 88328
120988 91455
126196 116456
138480 91282
150514 95677
111947 144245
149082 110218
146371 99391
135635 113670
148756 90247
125720 109906
117658 99286
110260 108518
118336 80328
163080 90031
101494 145606
129250 120050
148467 107779
101523 163202
130936 87812
128939 89656
137915 98080
141517 112290
139933 100786
131744 95233
160646 109551
147878 146029
102629 158978
131971 130488
123665 103986
115371 157509
141895 102840
145891 105901
162479 83461
123548 89236
124682 106995
151709 103191
154345 108235
133621 96350
124475 102118
140524 115682
98653 106083
139742 100640
126157 132379
131308 128010
123075 104008
166639 92390
153203 91758
159151 124729
127333 97153
130844 111308
130322 105686
135960 120142
162329 94050
125105 101196
108095 148346
142628 115573
139075 109885
113313 99327
137950 111998
130194 119100
150878 96993
134747 119460
137983 100345
179910 98858
135569 109527
135124 84045
129760 110015
116071 101011
175035 115913
153683 95177
134682 115376
102655 110323
142186 117236
123824 106454
96203 102305
126123 86793
111084 124535
132459 129435
155076 87868
133673 135012
143759 89755
130462 104327
96845 88773
131860 123671
130564 108373
125681 86914
180594 110158
142004 104379
150459 112416
137353 104906
112735 101010
134939 99914
116941 91609
169314 120791
137048 97648
98549 138614
135480 105903
135566 101080
85839 117934
97516 109538
150167 100919
122846 95531
119794 96355
153940 118756
127675 113271
120753 95908
111863 125944
140346 101358
124032 91020
133788 98434
159822 105230
145024 106147
128249 111866
128072 103636
125882 124929
117833 112727
131957 101482
152943 91732
109543 128382
139602 105963
110018 121028
145132 99248
132602 94771
128649 98610
124611 82065
109974 140915
123454 84969
127029 93975
117644 135858
145869 108580
132776 100235
119487 92774
127502 101980
145030 97607
159335 91132
122301 96172
136597 100127
108991 152139
172059 109023
143226 91728
153348 100455
155770 109384
129376 102684
120825 94480
137996 100434
124491 111031
128891 107520
102494 155346
123052 118562
137615 166712
153601 113769
150067 93549
124236 100402
99941 139413
169964 89056
134533 90737
156608 100693
133234 106709
115306 103447
111181 95758
106874 101260
118949 92911
129650 138057
109058 108147
101546 105351
105815 110652
119161 86405
141839 84769
128942 128617
146200 98420
127623 118997
132842 121743
107427 104431
125424 135242
151134 102945
123170 83475
121040 122883
155145 125508
112889 109216
98416 93894
128545 102263
141091 100295
142019 91984
142243 92405
155086 93502
131420 115891
162796 116395
122102 101556
124080 87397
97571 136516
101083 110257
111190 106758
120335 115380
115546 125912
112332 90317
124380 110927
100501 129730
121247 107572
109842 109114
124531 110032
117366 102221
153251 99366
96074 117089
145839 112874
138527 93415
124595 91066
132354 97449
116797 92657
128230 107337
110103 148590
137009 124948
142811 91626
111102 102540
173010 108007
159505 105158
94363 108860
118285 82327
127403 118636
129595 103975
116719 132474
127686 97579
108394 130253
142178 109983
156876 98155
139338 105233
133501 118328
135531 85775
130590 95640
107453 110833
125747 114913
160340 109116
105139 88991
141816 125074
98703 143074
158391 111571
178578 118667
118491 92973
146531 101227
127269 104483
134070 102676
154440 114642
118003 98310
118942 94812
119233 126369
146677 109247
160598 115081
165036 120888
162203 118394
143983 92717
111992 152283
123724 96826
169302 111987
146006 123460
101637 122549
109499 103019
121039 158725
103385 132017
125597 110566
119885 112149
123109 99176
131607 89586
136771 104578
165515 95426
111939 103661
132661 99612
136462 106221
144703 115687
151919 107056
102222 116403
84159 96615
174018 120630
152595 93786
118407 86866
185704 124609
99640 114026
120411 92028
151915 86234
114683 80758
140517 82553
120796 107131
127448 104065
97372 150949
141527 98148
122592 127936
130739 75610
163745 87480
141126 82268
156268 103774
120821 93731
155622 97663
90815 129486
123080 132740
160377 92555
140006 90397
138198 88290
111939 100972
113509 114782
135093 77574
135830 78091
132936 95386
