686 60.1043
216097 224043
225367 218137
238159 212589
213611 240123
233286 214894
251069 207660
209875 247712
248803 209008
219612 222519
211209 247161
224742 222336
198604 256144
262176 206402
222647 223204
218571 228780
249171 210957
241023 213596
235210 216720
210422 253485
231104 220133
217803 233287
233246 218793
213829 245971
211986 247377
240259 214707
215395 243012
247562 212896
216334 240151
216882 237646
208641 257288
211852 248271
216660 238639
234947 218043
222087 228516
232408 219993
230776 222906
215309 244594
215253 245380
222597 228176
199137 257737
256226 208038
212063 247660
235801 217404
223035 224827
219861 230530
218358 233459
249828 213565
227549 223404
215355 245348
234290 220231
225938 224252
233520 221685
217952 237141
216628 244149
217235 239158
217169 239794
233230 222849
215279 247236
248194 217399
233447 222794
206118 259102
251261 211924
233559 229854
278237 267238
258688 259140
239687 260645
281136 259450
263601 258717
235975 261010
237766 253879
262824 246249
244073 261942
247422 259008
264903 242448
254855 249024
273227 260030
257831 245740
240781 239122
258997 261516
252425 253189
255726 249835
264991 243739
251881 249569
244364 244975
239602 264147
260142 272696
250019 252790
259402 266253
261008 246427
262281 253917
262029 251472
236663 244293
260490 252487
245255 269015
257106 232678
262760 244060
255989 242436
256901 250867
251225 247274
255615 247035
272970 222964
255034 271565
258416 241875
254394 242350
251410 244945
247640 251849
254986 248024
271598 264179
261233 241313
264337 260069
261656 263048
234197 258735
267750 250965
249529 248960
258595 271953
251229 262233
255444 241035
267415 258456
241913 253014
258012 254599
258692 264502
246866 238785
256161 242566
260200 273870
266044 279231
256972 259500
251732 261944
255145 270651
264725 238716
248718 261933
265924 251538
251132 256477
245847 254599
260575 274440
251397 260647
262308 251544
255314 249026
241920 274625
242349 254506
254185 244370
244829 253666
259482 260717
257215 245413
278964 258526
255572 268592
259634 254555
256397 263256
251671 266935
250639 238461
259739 260950
246983 267481
256021 257926
251707 257190
246096 258937
263666 243206
257343 251577
254130 260225
249154 252223
242157 265513
255244 246891
246786 259749
255993 266467
262321 258110
261925 261765
243010 244020
256623 264727
259209 244813
242529 262768
255121 253097
249014 265394
259166 264836
249545 243530
260198 245066
247645 262114
255683 260521
259341 262073
255677 260655
267598 260824
256870 255495
253626 261662
243055 259771
252221 265265
253052 245354
249119 255462
248604 258709
254737 249377
263786 261229
242433 257541
245989 261538
252010 247252
244364 257038
257017 254320
254124 249734
260998 247243
230375 265000
259059 252133
250141 267801
260240 252930
233977 243001
245450 260038
245874 257916
253299 247645
231800 262673
247631 262145
258276 249805
257217 249220
248936 254983
255456 251747
265315 256471
242390 244645
254086 257187
260716 263709
243757 244035
276845 242240
260404 258821
254076 264684
278009 257972
261358 262725
257087 255041
251829 247721
256201 241680
269817 246877
253393 265970
240614 263218
250543 264054
256166 262962
271210 267338
232634 257468
267305 261731
246519 260881
255513 245416
250781 248976
246443 261222
256106 278869
254055 248655
253966 250751
249755 256728
260018 250229
258482 260630
257887 251370
241889 262260
258418 249593
244706 266598
253027 240208
257881 265512
257314 256011
251918 260692
241453 268193
247835 257220
263231 251877
263229 258873
257522 245017
245687 257845
255626 264301
264698 260771
255018 263599
267628 258647
266439 247976
247494 264685
248311 269128
265305 263132
250974 237101
257661 256205
253720 268357
266908 264973
255173 247727
254798 258676
254234 250727
242854 257539
270345 275743
240312 261423
253456 261520
243552 242389
260738 244372
250534 247865
252699 240602
263646 256595
241173 239571
254837 246456
250025 247353
233178 267829
243461 261749
269981 245765
259791 270993
226586 254993
259471 254256
265355 244336
262985 240409
255752 253437
257388 248047
255032 254291
247613 255932
258100 257408
238400 254983
257310 258125
235965 253697
258624 254406
241666 244931
247286 264506
271453 262815
252441 234693
268638 241664
238532 237262
255936 248544
270593 257759
258376 238612
256376 255381
245015 239019
249440 257708
246706 267587
261316 258176
250516 268098
258787 252183
262388 257529
241122 242588
248447 262396
250345 262048
253974 255278
269828 246938
258864 260593
283100 259429
267429 272509
247964 259844
256447 261850
265463 253784
260704 264503
252528 255314
247107 256538
259921 248800
244473 251056
260414 243633
273269 259526
247115 268919
254512 243298
261164 237718
257529 259258
262098 252881
255559 265025
248838 253217
252521 266565
266235 256498
240426 262280
256364 261015
259988 228083
252475 261975
249125 256946
254644 239451
262198 264023
257097 260133
255802 248239
254655 265735
248248 259317
264077 233574
262404 255154
267934 260504
264742 265568
263718 266973
239985 269005
250704 255883
263651 253876
253080 254014
239965 248482
255609 264625
257206 245566
239668 253926
256602 266636
265682 257679
262821 250630
253889 259430
268644 246465
266260 254782
246987 275346
245374 250415
259340 245920
254060 250204
246371 258093
271248 282881
238874 262388
255530 265496
252133 260244
254697 238813
255455 260821
259122 248516
248741 245462
268514 249320
261767 270323
259328 256983
265682 275021
253807 239265
263419 231590
268410 249034
265945 255239
246899 280421
245770 246933
253541 266715
255914 261046
268752 259135
249224 246436
257030 255120
229185 245121
238429 244582
272328 256149
262922 235631
234468 244974
272426 249913
260216 263871
279695 261455
264747 260043
246901 266943
271915 260806
256678 248760
267188 258388
247919 264693
251909 269690
278314 255872
238899 221661
234670 246939
246877 262600
258567 253633
236294 263716
249580 252108
248368 245740
260755 261385
256854 266365
238552 267382
244066 252441
248235 248792
259794 256417
259016 266018
254906 259361
277158 241271
263119 261993
237314 261697
241802 247950
272909 246946
252622 269089
253098 255572
258614 251086
270025 233451
266222 252018
250986 253370
247483 255127
225784 257728
249565 259603
253192 244795
270003 245147
251770 265578
258931 260417
244629 256405
259230 256366
245989 239708
277158 237948
236229 260045
234961 253456
257742 280392
250488 247490
272698 244051
258661 265761
268710 249329
253906 239302
259367 257666
264635 240899
253177 249862
259439 275118
255323 259259
261305 245342
243231 258334
254045 251569
265160 260389
253962 271241
245558 262081
241037 258958
256218 245611
251759 257940
243292 262801
250132 257875
244646 248896
259378 246706
245744 255182
279166 270070
267030 243570
264010 256706
265126 270902
262027 245216
242303 260829
252833 246304
266904 279576
247428 255903
267185 255860
268735 261521
251143 240037
252921 239330
253590 249822
252633 258474
264210 248759
245857 268248
266017 254735
258307 249837
241575 244907
263871 248103
263935 253511
252118 250268
258097 250377
251889 234311
270021 249903
254452 254430
255253 256296
268504 248340
251836 259783
271658 259059
244540 259630
249874 256226
272250 269211
236138 262624
264490 244685
247696 239937
261066 259814
277847 270285
249200 269108
237888 246541
261804 249387
244259 231801
263734 239235
271084 244394
262008 258361
250501 261394
248292 264047
245149 243657
253213 261656
252123 267503
236908 274684
249188 245044
234631 254070
247865 247462
249235 252763
250334 247149
261258 265805
242431 261438
257515 260107
255980 240762
250625 275010
260044 264842
263277 253902
262731 268727
253373 257291
255265 248360
234317 250483
256232 266228
255852 262007
257698 256592
246873 230770
263274 252595
271575 257861
258157 240294
263322 253309
257024 253296
251034 267114
237795 246420
257359 250953
245381 259324
245719 264985
261513 249734
244789 248954
247878 238470
233367 259963
256785 258117
269759 259684
255139 250995
255455 255678
251021 254324
239275 247811
261056 238935
253581 243461
256025 241094
244540 243113
252556 244231
261292 249488
245434 268681
253503 251514
250688 269240
250442 245943
260532 259357
249028 258519
260364 255823
247774 263762
251261 256288
268387 268498
260546 243651
252539 252669
260594 260331
248507 269368
243349 248917
246107 255970
252491 268207
255764 265574
243671 242074
252386 242992
262832 267325
278880 252286
241027 248681
266766 267981
261738 246685
251339 248665
259185 245552
234938 242847
264168 258039
264508 264135
265059 253431
252002 256267
259861 272760
257217 268561
253348 268416
252401 260607
239979 258582
243537 257088
241018 238914
264294 256589
256088 267047
240035 256621
244933 247768
263399 260761
257599 236387
255046 242914
253707 247176
260610 260268
268903 241759
259301 249357
275172 251530
256883 253877
250801 240732
252484 251118
269210 244573
269117 257114
256179 266984
248483 264230
264213 257171
269788 265600
264827 262360
240780 237820
260463 245205
240575 248598
253710 263415
259103 265758
261783 261714
240582 252943
263512 258518
242696 265649
257531 246781
247217 245590
272681 240731
238321 247913
267579 240389
259596 250501
243207 251956
259429 273855
271505 263374
253321 256022
275849 255256
254835 266517
256165 237006
263510 258768
248641 271343
249884 265816
257566 255187
262498 257630
263341 244218
255466 248720
262196 251541
257674 264988
258279 257451
240472 255970
231446 243533
239943 260538
260922 264938
267282 264593
235458 259446
283358 254867
240370 274274
261629 268798
242752 253977
254834 250427
252297 257087
233379 250583
258209 256688
248834 253994
267727 263164
234933 240554
273977 246626
234318 246133
266426 251672
250869 244512
261270 253473
236330 254687
268141 263140
254745 269385
262368 252243
258014 259107
260138 267194
253716 245904
249407 261532
259767 252332
239760 250178
261124 258603
257710 247604
268602 239268
252714 243610
270439 258331
241807 261654
235074 251635
237262 235790
253990 276498
252311 250256
266884 233701
249224 243099
252585 262587
244502 258636
259870 260012
262486 240172
251148 255494
251736 259445
264744 242113
236611 263101
251895 241052
264502 258057
251598 240143
257041 252658
241124 247266
265325 257061
257918 247361
262241 260258
254864 252251
279571 252554
249693 247043
241300 270495
252696 249911
253550 243182
243049 255731
258357 251973
243004 253327
245888 264337
265639 255483
254432 253044
249116 245091
258058 246573
258826 248080
253653 244192
265618 274410
238944 253356
255473 253493
248431 245596
255006 259444
246418 243237
269992 245044
273538 243789
263059 259835
238839 253221
257319 232520
242674 260661
250938 245637
254093 239654
256511 269195
243425 256218
275746 247671
256760 263398
246760 253110
246051 261249
228518 261355
263966 243420
260933 271654
262018 257836
276488 242838
264109 259095
251135 264301
249980 254673
238975 243323
250284 262032
243382 258038
236911 255302
251375 261168
235899 249536
260247 264725
248643 239642
249598 241517
243318 262436
256589 238900
256872 251657
259457 270686
242914 254848
249622 255096
245440 248657
263365 259794
252196 270821
240980 243810
245982 270079
253603 254595
245325 245072
257800 264869
261176 243497
269062 260885
271613 245698
243967 264467
248152 254121
266054 261394
253586 259996
262350 251570
236689 252244
242931 252027
251724 258729
243295 272754
261845 269070
247755 268434
256416 256700
221664 255402
269019 252832
231364 248340
255469 265842
247663 256620
251572 254678
270482 239122
265453 257931
249290 270219
255507 243421
253987 255739
251217 244154
274373 268910
234705 247078
265563 263949
261958 255410
266218 277734
234246 259857
254582 247361
241915 259710
256636 261153
247575 240380
250893 258787
269660 254352
244974 261065
262609 251942
279975 270803
271720 277166
262729 268502
244857 250089
240416 248849
271374 250669
274766 265869
249297 244536
251568 254008
265282 248991
262338 266287
250450 262412
246657 239542
243567 256933
264426 244633
240813 273100
256548 255459
269138 244405
264387 255042
255630 260465
264356 267379
250038 274404
266694 263863
264385 243483
273003 249634
257680 249805
247909 263306
240601 250982
277878 255160
259816 247295
236233 274765
257127 242479
265256 235559
269952 263967
258123 251981
247355 248302
249447 236854
255508 257031
257061 265281
242352 251988
266805 252365
240562 253292
226374 274067
266927 232145
269228 239550
257885 251568
250237 261765
250767 262908
258432 279908
260346 249653
265370 273913
273823 250170
263268 245018
255147 233360
274328 259564
234825 253689
259117 270842
246553 263959
244189 258900
259490 251184
257650 253717
245510 261443
249389 261811
247281 246894
250424 245361
253207 241465
248738 253359
242059 256570
269119 250690
260846 250462
258829 258077
255190 244355
269647 254531
243535 274798
255165 253018
262086 225086
246289 254015
264856 260891
266136 268102
272889 257497
248901 246252
249626 238574
252479 263509
269682 261430
257198 250857
251052 246007
258775 253949
270067 259527
254906 272853
258243 249105
256726 246976
233161 244873
243920 238362
265560 275896
248683 255916
255457 254341
242793 252007
239417 254834
249270 254560
269935 259302
260717 241166
252164 256288
242103 262016
262659 251355
235367 260519
268900 251973
247914 247446
265245 260194
258494 254595
241281 234445
262639 262252
241702 259429
246510 260979
243608 266234
254494 237324
264011 272289
225605 264756
252509 262908
259684 257622
254292 265643
242315 236249
257540 260938
246646 251621
272234 249034
276242 266956
261722 254306
240468 258476
260391 261642
219013 245233
248055 261090
241570 264809
236766 254109
249438 277340
264064 255676
267957 242824
249173 255829
244515 282548
251599 255494
256617 261987
234502 284526
265147 249364
267911 251844
250328 255584
268130 227611
259126 264868
259379 262309
228610 249004
257981 234862
260175 266626
273835 268779
247545 257325
267887 243408
253093 264297
246047 267784
258785 268392
244280 255398
255321 264556
265520 261377
254490 257166
259653 252651
253266 252562
258004 238111
