7404 1983.92
137229 54876
56842 131168
134401 54920
81958 73416
137229 54876
82293 71206
112489 57652
114368 57638
57120 126905
57165 125376
134365 54956
131506 55183
132899 54961
119231 56727
112290 58314
132899 54961
131735 55114
117935 56729
130333 55230
121794 56365
124589 56027
116145 57314
114920 57319
56842 131168
81281 73490
72612 87061
120639 56406
130297 55266
107915 59349
106864 59439
56947 130105
57081 127248
111175 58325
123478 56039
72741 86040
106182 59807
80605 73525
129356 55393
105213 59905
83449 70656
82621 70836
117034 57118
90089 66993
89422 67257
76333 77855
76012 78442
116319 57238
100101 61575
114432 57368
120422 56650
57407 122942
57413 122128
102179 60899
102932 60824
95346 63778
96062 63775
94382 64239
72930 85383
119648 56675
109458 58828
88817 67735
72013 87246
72612 87061
100854 61542
108260 59131
117136 57045
117835 57035
128441 55461
129115 55449
72784 85460
57011 128920
57031 128233
72741 86040
57063 127925
78086 76173
78468 75846
82293 71206
82621 70836
74735 80530
108975 59110
57651 119676
73554 83185
74282 81558
80300 74080
80050 74500
93695 64244
72960 84756
110107 58777
57853 117810
79257 75514
56972 129263
56968 129892
94927 64123
77772 76244
89282 67421
74458 80854
77534 76513
77257 76837
92187 64930
92698 64831
112419 58065
96069 63684
90313 66363
90303 66923
69931 88493
69632 88767
104233 60465
57270 124313
57225 124820
90975 65963
70759 87785
57863 117284
70520 88094
63926 96216
103764 60470
103287 60533
79693 74875
114920 57319
128405 55497
125370 55808
122531 56175
122982 56163
125821 55796
73380 83690
74456 81053
85959 69060
80300 74080
76929 77207
80538 73811
98775 62274
94418 64150
87993 68232
126561 55731
126062 55740
76685 77801
96512 63624
58068 115801
58011 116226
86923 68494
71348 87386
71776 87320
78608 75682
79013 75597
96718 63493
97158 63443
81731 73450
87556 68300
68753 89622
91864 65162
93365 64567
103764 60470
101407 61327
101072 61457
110173 58740
119267 56691
110524 58725
89282 67421
57735 118826
57652 119233
57736 118383
127954 55509
75769 78975
85019 69670
85228 69439
75902 78672
79451 75368
79600 75083
87556 68300
104689 60309
87182 68349
117871 56999
108170 59191
107915 59349
84644 69679
84374 69822
74192 82055
75253 79629
99134 62223
76333 77855
72962 84557
73237 84432
73556 82986
73831 82861
61166 102801
88572 68117
88201 68148
74236 81792
57120 126905
120458 56614
120603 56442
122106 56324
119648 56675
122487 56308
86537 68501
57571 120544
57598 120197
91513 65285
75158 79851
74925 79999
78086 76173
76885 77470
84644 69679
85019 69670
73380 83690
74456 81053
71111 87460
70168 88419
70996 87711
70283 88168
69043 89166
93021 64599
86095 68832
101934 61122
102113 60936
64090 96016
64216 95760
64380 95560
58216 114743
91050 65681
80538 73811
77190 76915
77123 77201
65533 93922
127004 55712
68990 89548
124910 55896
76775 77700
73864 82425
59765 107847
57473 121572
57493 121260
117935 56729
83449 70656
83637 70504
79451 75368
79936 74659
101655 61303
85670 69108
65857 93193
79013 75597
62404 99191
56947 130105
75202 79675
74925 79999
74023 82131
74830 80221
123442 56075
124669 55962
125334 55844
127713 55565
127494 55597
75297 79366
75530 79305
75574 79042
60551 104807
61417 101708
60631 104748
59674 108063
59511 108714
62715 98522
62128 99593
64686 95106
62966 97760
59744 108060
61254 102359
70520 88094
106791 59567
71348 87386
71776 87320
70759 87785
71111 87460
72013 87246
69280 89092
69931 88493
70996 87711
70283 88168
70168 88419
69395 88841
90710 66004
85228 69439
86235 68668
86095 68832
85530 69272
88611 67936
90570 66168
78484 75792
85368 69275
84374 69822
84234 69986
89422 67257
90453 66199
85670 69108
88751 67772
83932 70153
90313 66363
84072 69989
79600 75083
124844 55959
60135 106736
60946 103672
58699 112469
61229 102709
59104 110697
58352 113922
59486 109064
60300 105900
59269 109835
59202 110064
58419 113693
58632 112698
87182 68349
86989 68457
62638 98869
131735 55114
97481 63211
125857 55760
127749 55529
123018 56127
129151 55413
64653 95387
73928 82353
75297 79366
75530 79305
58078 115529
58195 114956
57407 122942
57873 117012
58068 115801
57735 118826
59016 111139
57397 123214
57725 119098
58185 115228
57863 117284
87993 68232
88201 68148
60452 105406
61587 101405
61324 102356
60756 104487
59008 111200
59202 110064
59843 107752
59581 108711
62018 100174
60388 105458
59127 110273
83932 70153
83777 70286
62662 98679
100035 61612
73378 83889
73334 83924
74280 81757
110830 58543
64958 94625
64856 94803
68997 89513
90089 66993
90303 66923
59423 109156
112329 58125
76885 77470
62103 99943
60830 104238
62941 98110
126736 55728
63813 96576
127259 55644
127458 55633
109152 59010
108975 59110
80050 74500
60642 104591
73833 82662
73862 82624
98300 62554
99808 61868
99609 61943
98101 62629
68459 90008
68520 89963
101407 61327
104441 60333
101686 61146
63342 97058
77534 76513
77562 76282
58832 112003
86397 68665
61012 103480
104750 60213
110957 58410
75625 78996
83703 70467
83777 70286
81731 73450
57368 123657
95067 63959
106609 59597
68545 89829
68728 89756
99317 62155
97486 63073
98366 62517
93438 64439
92047 65094
116283 57274
68144 90598
67903 90610
68193 90154
68434 90142
75902 78672
75961 78488
125115 55876
127048 55683
123223 56107
61915 100296
127223 55680
121830 56329
74828 80420
57389 123444
57397 123214
77562 76282
60855 103888
74141 82101
101934 61122
58440 113480
62207 99506
57052 128020
61396 101921
57291 124100
57165 125376
57775 118040
60289 106057
59653 108276
57309 123970
60146 106579
61496 101621
59127 110273
58941 111348
57204 125033
57757 118170
58419 113693
61233 102572
63532 96902
59402 109369
58195 114956
58853 111790
59978 107144
66659 92198
59290 109622
69018 89300
56968 129892
58720 112256
57630 119889
59018 110928
68147 90501
58557 112907
61033 103267
60156 106523
63553 96689
63263 97145
57434 121915
57894 116799
59957 107357
59490 108927
62945 97973
58283 114514
58536 113120
58099 115316
63826 96516
63847 96303
60540 104964
66638 92411
65243 94378
60377 105615
57990 116439
57598 120197
57553 120704
57994 116379
60844 104045
56972 129263
57225 124820
58304 114301
58331 114135
57270 124313
58078 115529
62425 98978
59269 109835
61721 100789
57493 121260
61145 103014
57186 125163
57514 121047
57323 123792
58352 113922
62107 99806
59039 110715
58920 111561
57873 117012
63242 97358
61700 101002
57736 118383
58699 112469
61012 103480
63045 97673
59586 108505
57389 123444
56993 129050
68168 90288
57031 128233
57413 122128
57452 121785
61329 102150
59890 107586
57473 121572
59106 110486
104441 60333
106377 59752
104299 60428
100026 61783
79928 74713
78608 75682
96512 63624
96652 63530
90776 65967
69632 88767
57619 119984
104816 60176
106311 59789
79812 74769
57532 120917
60275 106250
59398 109506
61112 103180
59290 109622
60167 106366
88611 67936
88572 68117
75158 79851
61633 101231
59106 110486
127954 55509
129356 55393
125115 55876
123223 56107
65248 94169
65832 93327
64090 96016
64137 95847
65810 93362
59018 110928
62650 98740
61903 100425
61812 100573
105010 60148
58941 111348
58786 112109
58720 112256
67319 91452
60279 106113
60367 105671
60530 105020
60834 104101
67244 91532
67445 91196
66861 92038
67534 91076
66950 91918
67155 91652
57652 119233
57725 119098
67797 90871
67878 90744
66369 92654
66288 92781
69370 88975
69280 89092
73237 84432
74282 81558
73556 82986
73332 84123
73239 84233
73831 82861
72962 84557
73554 83185
74458 80854
74830 80221
72960 84756
67036 91739
67155 91652
63242 97358
62298 99290
63136 97457
74786 80484
61696 101139
65646 93562
66075 93040
65936 93106
65352 93948
65227 94382
63523 97032
63632 96602
61141 103151
105147 59942
93629 64281
98557 62359
106798 59476
92121 64967
95280 63815
103069 60618
109306 58876
86463 68628
92881 64763
97298 63279
91373 65449
91190 65517
97883 62714
97809 62841
92114 65058
103062 60709
97626 62909
105140 60033
93622 64372
86537 68501
91116 65644
95273 63906
99391 62028
97224 63406
91447 65322
97552 63036
95001 63996
60935 103829
58515 113271
126062 55740
66394 92520
66861 92038
66684 92064
66571 92494
98709 62311
103135 60581
111109 58362
101006 61494
110678 58591
98483 62486
99457 61991
111023 58373
100920 61505
99200 62186
98623 62322
98035 62666
109372 58839
97949 62677
99543 61980
103287 60533
58304 114301
58331 114135
57789 117862
77123 77201
92955 64636
60463 105249
60767 104330
76736 77755
91513 65285
109218 58973
62040 100035
110614 58665
109299 58967
65062 94404
62894 98195
57330 123757
57539 120852
57571 120544
85959 69060
57894 116799
57962 116687
122495 56211
58469 113349
106519 59657
58283 114514
58262 114665
58536 113120
64661 95240
117100 57081
58099 115316
58185 115228
57973 116592
58011 116226
126561 55731
126736 55728
122005 56326
59815 107795
110830 58543
60526 105157
60363 105808
60069 106928
60945 103709
60167 106366
79812 74769
67445 91196
63036 97757
61791 100786
64752 95024
64856 94803
63847 96303
62298 99290
64568 95435
61033 103267
63057 97544
61824 100512
61487 101705
62504 98891
61891 100486
62219 99377
62425 98978
64983 94491
64137 95847
64216 95760
65273 94035
66288 92781
63263 97145
63136 97457
67797 90871
66209 92868
63553 96689
65936 93106
65062 94404
61558 101440
64777 94890
62198 99590
62753 98463
65352 93948
65567 93649
67366 91283
63632 96602
67718 90958
65646 93562
64489 95522
57550 120757
58603 112829
58440 113480
58632 112698
66659 92198
66100 92906
69395 88841
67036 91739
68545 89829
67878 90744
65542 93783
66369 92654
64983 94491
68168 90288
64765 95019
67903 90610
66394 92520
67011 91873
66075 93040
65273 94035
64958 94625
67366 91283
66684 92064
65248 94169
69370 88975
65567 93649
68728 89756
68434 90142
68193 90154
69018 89300
106519 59657
85530 69272
84234 69986
84072 69989
86235 68668
85368 69275
67341 91417
61661 101163
62056 100028
59602 108498
61345 102143
60356 105828
59978 107144
60004 107017
59906 107579
67609 90996
67244 91532
67534 91076
58874 111667
58786 112109
58920 111561
62504 98891
95206 63942
97692 62872
65542 93783
75769 78975
57514 121047
57011 128920
56993 129050
57768 118075
57186 125163
57302 124005
57434 121915
57452 121785
57204 125033
98550 62450
66638 92411
66571 92494
106585 59620
108236 59154
110590 58688
112353 58102
58874 111667
58853 111790
102995 60745
91256 65480
91930 65125
93555 64408
99960 61820
97364 63242
90570 66168
97809 62841
92881 64763
92764 64794
91373 65449
90453 66199
99286 62175
74023 82131
77257 76837
77190 76915
67718 90958
66209 92868
64380 95560
64489 95522
67609 90996
66100 92906
59957 107357
59916 107459
59490 108927
59398 109506
59653 108276
61145 103014
61392 102058
62107 99806
60275 106250
61700 101002
59402 109369
61233 102572
62945 97973
61396 101921
59649 108413
106190 59794
61800 100702
61508 101492
64777 94890
63057 97544
62219 99377
62889 98239
102932 60824
105073 60069
105010 60148
63523 97032
63532 96902
116145 57314
60925 103885
110678 58591
64661 95240
65785 93496
62882 98324
65785 93496
60783 104323
61392 102058
59649 108413
60519 105177
60079 106808
59916 107459
64568 95435
58832 112003
60079 106808
60479 105242
101686 61146
101678 61261
58557 112907
58603 112829
58262 114665
61965 100244
62832 98376
57368 123657
62404 99191
72784 85460
57619 119984
110107 58777
60004 107017
57789 117862
60692 104539
60068 106965
59423 109156
92955 64636
58469 113349
72930 85383
57962 116687
57973 116592
57063 127925
57052 128020
57757 118170
57630 119889
57291 124100
122487 56308
73290 84187
73332 84123
67011 91873
66950 91918
63342 97058
68144 90598
68147 90501
83637 70504
102179 60899
99874 61831
91256 65480
91864 65162
92764 64794
91447 65322
104299 60428
96718 63493
102113 60936
105213 59905
99134 62223
95001 63996
106377 59752
93695 64244
108170 59191
93372 64476
86463 68628
96652 63530
88751 67772
90710 66004
97626 62909
101072 61457
109152 59010
99609 61943
97224 63406
97883 62714
103135 60581
97298 63279
91190 65517
91116 65644
99391 62028
98300 62554
99808 61868
110957 58410
91050 65681
88817 67735
92187 64930
97552 63036
99991 61800
93021 64599
106864 59439
86989 68457
111175 58325
98101 62629
83703 70467
97364 63242
100854 61542
91930 65125
92698 64831
97158 63443
93555 64408
98518 62469
105073 60069
95206 63942
61508 101492
62794 98435
60692 104539
62856 98341
61965 100244
58515 113271
122005 56326
122106 56324
69043 89166
93372 64476
94927 64123
102995 60745
62803 98411
61633 101231
73290 84187
75574 79042
76012 78442
75961 78488
73239 84233
97692 62872
99874 61831
61800 100702
76775 77700
104816 60176
73928 82353
65785 93496
94418 64150
59039 110715
69632 88767
63826 96516
73928 82353
