241 4.33387
208377 178444
199129 183543
182082 205019
195012 186997
206743 178687
192684 187922
184427 198290
181504 205865
202056 179097
191553 190376
222493 175497
196797 185346
179441 211045
181189 210848
185914 197478
191580 188454
191512 192415
210107 176539
186685 192681
199145 183644
195708 187329
207219 178861
207219 178861
195566 188056
184658 200252
183153 207165
183942 206570
181842 207366
203762 181403
206516 179954
206135 181329
203166 183263
223835 176032
198307 185786
196799 185994
180674 213466
186158 198458
193991 189121
193093 189978
193991 189121
193443 189946
191872 191371
192076 190601
192566 190411
192157 190593
214469 177323
218853 176699
218491 177259
214469 177323
211131 177897
211024 178491
210710 178791
189865 193248
188235 194940
191853 192700
187475 197829
199420 185719
201418 184249
199603 184453
208504 178937
207759 179458
195601 189112
184734 206351
184734 206351
184862 202901
184389 206699
182312 210332
183435 207485
206115 182049
203935 182200
207420 180437
207420 180437
207713 180308
206544 180695
203340 183707
198170 186892
198170 186892
197897 187091
198170 186892
198855 186769
199368 186071
197790 188534
197473 189101
181196 213499
180817 214948
187352 200711
187043 201469
186737 202790
193317 190150
194458 189789
192129 191548
193233 190782
193233 190782
224565 176959
224531 177878
224531 177878
220383 177992
215274 177996
214650 178605
191072 193469
190235 194152
190150 194932
189084 195115
191929 192958
188718 198419
188718 198419
199860 185319
200833 184837
199814 185931
203178 184552
208984 179044
207801 180030
208656 179625
208508 179967
196797 189198
196797 189198
196797 189198
196797 189198
195646 189693
196154 189490
184948 205051
185153 204034
186615 203352
186621 202955
182826 213333
183295 211723
183527 210042
183598 207661
183514 211070
203983 182256
206972 181452
207687 181251
203865 183878
203618 184387
198805 187987
199417 187185
199553 186720
199392 187817
198096 188555
181918 213570
180872 218219
181665 215338
187162 202530
187810 201871
187927 201472
187810 201871
187810 201871
193333 190432
192432 192318
225235 177981
216244 178383
223719 178239
191566 194485
191032 195448
190893 195592
190492 197132
189183 197144
190519 195910
200540 185872
201270 185226
202801 184996
200251 186201
214947 179091
214947 179091
213774 179108
209609 179164
207944 180281
209357 179818
208586 180252
208949 180199
196859 189215
195992 190405
196410 190377
186543 204389
186543 204389
185303 205532
185849 205333
186720 203505
182868 213498
183386 211763
183902 209469
184466 208614
185290 207690
204574 183423
206254 182466
205492 182812
207197 182426
203689 184917
204013 184661
199743 187319
199436 188488
199436 188488
199478 188277
199638 187889
198535 189064
198933 188815
181355 223653
181837 219396
182527 215517
182527 215517
188088 202760
188792 202495
193367 192060
194836 190539
192751 192695
192475 193619
227748 178219
227748 178219
217099 178569
221324 178479
216749 179075
192077 195249
191598 195823
189540 197222
189499 197552
189239 199359
190647 196094
190647 196094
202606 185419
201424 185893
200764 186761
201068 186465
213281 179177
209972 179773
212125 179551
210778 179612
208216 180882
208919 180722
209316 180531
197724 189887
197730 189823
198080 189304
185527 206123
186565 206080
186613 205738
187041 204076
187041 204076
187041 204076
187041 204076
187041 204076
187041 204076
187041 204076
187603 203720
187956 203675
182946 214366
183989 213496
184111 209808
184259 209745
184840 208662
185381 208637
205280 183477
206879 182927
205880 182987
205777 183266
204587 185122
204762 185035
200331 187658
200041 187717
200058 187707
199692 188242
199840 188030
199950 187991
198563 189267
198962 188836
182141 225004
182158 222795
182564 217085
188178 203154
188475 203008
193432 192510
194857 191577
194883 191505
194857 191577
195129 191376
195330 190733
196297 190607
192973 193340
192759 195114
192759 195114
225418 178582
222370 178965
224721 178882
192707 195409
192254 195483
192211 196012
189913 197319
189529 198001
189312 199703
189393 199401
189303 202739
190782 196144
225520 178662
183166 216955
210477 180247
223542 178983
205329 185280
185305 209850
184875 213929
208897 182781
208701 184650
