37 16.284
3.18744e+06 3.12104e+06 3.19886e+06
3.24567e+06 3.22179e+06 3.09565e+06
3.10927e+06 3.24355e+06 3.19743e+06
3.15672e+06 3.23324e+06 3.1383e+06
3.17144e+06 3.15762e+06 3.15822e+06
3.13621e+06 3.1706e+06 3.17539e+06
3.20436e+06 3.20855e+06 3.12434e+06
3.19556e+06 3.17392e+06 3.14476e+06
3.12979e+06 3.16884e+06 3.21376e+06
3.24816e+06 3.2072e+06 3.10866e+06
3.26728e+06 3.17095e+06 3.13698e+06
3.24188e+06 3.1435e+06 3.17248e+06
3.19079e+06 3.14426e+06 3.18586e+06
3.1178e+06 3.23423e+06 3.22076e+06
3.14751e+06 3.2486e+06 3.16972e+06
3.21378e+06 3.29067e+06 3.1185e+06
3.17478e+06 3.15199e+06 3.20542e+06
3.21175e+06 3.20221e+06 3.1351e+06
3.17917e+06 3.22949e+06 3.13684e+06
3.15176e+06 3.16776e+06 3.18475e+06
3.13318e+06 3.2868e+06 3.18116e+06
3.1925e+06 3.23513e+06 3.13481e+06
3.2526e+06 3.14154e+06 3.18445e+06
3.23662e+06 3.13452e+06 3.19512e+06
3.21255e+06 3.28274e+06 3.12232e+06
3.3005e+06 3.14041e+06 3.17911e+06
3.22621e+06 3.14918e+06 3.18256e+06
3.26701e+06 3.15844e+06 3.15769e+06
3.29388e+06 3.13656e+06 3.19196e+06
3.20691e+06 3.31414e+06 3.12107e+06
3.16607e+06 3.22219e+06 3.16962e+06
3.13599e+06 3.18196e+06 3.1984e+06
3.21346e+06 3.13576e+06 3.19644e+06
3.20265e+06 3.23185e+06 3.13387e+06
3.16997e+06 3.17127e+06 3.17273e+06
3.21347e+06 3.1394e+06 3.19529e+06
3.16645e+06 3.19523e+06 3.17427e+06
3.19389e+06 3.19982e+06 3.15648e+06
3.18849e+06 3.22848e+06 3.15048e+06
3.12281e+06 3.32826e+06 3.14827e+06
3.15126e+06 3.15209e+06 3.25903e+06
3.31974e+06 3.16443e+06 3.1418e+06
3.15148e+06 3.19226e+06 3.18513e+06
3.14072e+06 3.23551e+06 3.18455e+06
3.1938e+06 3.23749e+06 3.13561e+06
3.18724e+06 3.15977e+06 3.22046e+06
3.22064e+06 3.21405e+06 3.12944e+06
3.18753e+06 3.17243e+06 3.17963e+06
3.2015e+06 3.19206e+06 3.14942e+06
3.15526e+06 3.1835e+06 3.21511e+06
3.22128e+06 3.17893e+06 3.14695e+06
3.21307e+06 3.15756e+06 3.18998e+06
3.14559e+06 3.22486e+06 3.18657e+06
3.17546e+06 3.23139e+06 3.16233e+06
3.2073e+06 3.16245e+06 3.18343e+06
3.17129e+06 3.17226e+06 3.20492e+06
3.17872e+06 3.20442e+06 3.17414e+06
3.19622e+06 3.20687e+06 3.14809e+06
3.17497e+06 3.1698e+06 3.20656e+06
3.18924e+06 3.20683e+06 3.16162e+06
3.17272e+06 3.18434e+06 3.19189e+06
3.2342e+06 3.14834e+06 3.21226e+06
3.18106e+06 3.23069e+06 3.1605e+06
3.22424e+06 3.26789e+06 3.21754e+06
3.19392e+06 3.26114e+06 3.208e+06
3.24736e+06 3.25066e+06 3.19893e+06
3.28685e+06 3.17234e+06 3.22118e+06
3.22542e+06 3.23172e+06 3.22913e+06
3.22374e+06 3.2682e+06 3.18422e+06
3.21442e+06 3.23405e+06 3.19871e+06
3.20398e+06 3.23193e+06 3.22211e+06
3.22979e+06 3.29666e+06 3.22127e+06
3.25625e+06 3.23802e+06 3.19257e+06
3.17959e+06 3.25746e+06 3.20925e+06
3.31506e+06 3.26229e+06 3.21237e+06
3.24956e+06 3.2194e+06 3.26578e+06
3.29375e+06 3.2245e+06 3.25795e+06
3.23701e+06 3.29325e+06 3.17756e+06
3.20912e+06 3.31407e+06 3.26024e+06
3.21142e+06 3.29002e+06 3.26571e+06
3.23184e+06 3.24038e+06 3.25858e+06
3.26737e+06 3.26691e+06 3.26064e+06
3.25868e+06 3.25833e+06 3.25249e+06
3.22259e+06 3.27736e+06 3.22984e+06
3.23383e+06 3.24751e+06 3.20902e+06
3.2002e+06 3.21886e+06 3.22176e+06
3.23432e+06 3.22893e+06 3.23904e+06
3.23576e+06 3.26069e+06 3.21835e+06
3.26391e+06 3.26172e+06 3.25318e+06
3.24619e+06 3.25783e+06 3.19387e+06
3.23461e+06 3.28185e+06 3.25774e+06
3.19966e+06 3.17001e+06 3.21249e+06
3.22621e+06 3.1621e+06 3.17578e+06
3.2873e+06 3.2442e+06 3.23539e+06
3.2543e+06 3.24989e+06 3.26672e+06
3.23911e+06 3.24573e+06 3.1694e+06
3.19833e+06 3.24301e+06 3.2359e+06
3.24699e+06 3.31122e+06 3.21476e+06
3.26728e+06 3.25528e+06 3.1765e+06
3.22572e+06 3.23753e+06 3.24017e+06
3.27192e+06 3.22801e+06 3.14315e+06
3.28779e+06 3.24995e+06 3.24002e+06
3.23066e+06 3.27408e+06 3.22029e+06
3.2423e+06 3.2649e+06 3.2963e+06
3.30581e+06 3.23526e+06 3.19506e+06
3.29535e+06 3.26746e+06 3.19934e+06
3.29145e+06 3.20942e+06 3.24767e+06
3.18684e+06 3.23578e+06 3.22673e+06
3.21768e+06 3.24977e+06 3.22045e+06
3.27916e+06 3.32037e+06 3.21484e+06
3.21946e+06 3.28349e+06 3.24606e+06
3.20915e+06 3.22461e+06 3.25157e+06
3.25314e+06 3.19277e+06 3.18671e+06
3.16607e+06 3.25258e+06 3.27368e+06
3.2986e+06 3.27755e+06 3.2238e+06
3.25289e+06 3.22148e+06 3.21586e+06
3.25651e+06 3.3045e+06 3.20533e+06
3.23418e+06 3.23561e+06 3.22779e+06
3.22385e+06 3.25045e+06 3.29656e+06
3.24076e+06 3.2979e+06 3.18844e+06
3.23449e+06 3.23364e+06 3.16843e+06
3.20774e+06 3.28293e+06 3.22801e+06
3.21632e+06 3.30184e+06 3.27155e+06
3.20429e+06 3.26456e+06 3.17806e+06
3.27106e+06 3.23165e+06 3.25405e+06
3.26203e+06 3.18271e+06 3.21949e+06
3.2248e+06 3.24636e+06 3.24133e+06
3.193e+06 3.18247e+06 3.24616e+06
3.23302e+06 3.22657e+06 3.20343e+06
3.33681e+06 3.26088e+06 3.22668e+06
3.23094e+06 3.25331e+06 3.20879e+06
3.26372e+06 3.23614e+06 3.21287e+06
3.24969e+06 3.21608e+06 3.27616e+06
3.18943e+06 3.20047e+06 3.18755e+06
3.29508e+06 3.23614e+06 3.22597e+06
3.26685e+06 3.16868e+06 3.20999e+06
3.30366e+06 3.27942e+06 3.17924e+06
3.26446e+06 3.207e+06 3.17148e+06
3.24383e+06 3.26444e+06 3.21166e+06
3.21451e+06 3.26795e+06 3.24133e+06
3.23544e+06 3.28554e+06 3.25812e+06
3.20104e+06 3.27198e+06 3.15973e+06
3.22646e+06 3.1958e+06 3.22632e+06
3.22422e+06 3.18364e+06 3.22847e+06
3.2442e+06 3.21603e+06 3.19813e+06
3.27049e+06 3.23981e+06 3.22207e+06
3.2363e+06 3.26877e+06 3.21379e+06
3.23433e+06 3.25631e+06 3.25369e+06
3.17818e+06 3.1893e+06 3.28985e+06
3.19822e+06 3.23011e+06 3.24455e+06
3.24903e+06 3.26151e+06 3.27404e+06
3.21111e+06 3.19717e+06 3.2171e+06
3.24253e+06 3.21925e+06 3.28725e+06
3.25156e+06 3.25828e+06 3.24792e+06
3.31365e+06 3.30724e+06 3.20694e+06
3.19076e+06 3.25256e+06 3.2176e+06
3.24978e+06 3.22809e+06 3.1394e+06
3.24844e+06 3.24686e+06 3.20034e+06
3.26358e+06 3.21466e+06 3.20995e+06
3.24972e+06 3.185e+06 3.19292e+06
3.25762e+06 3.20551e+06 3.18914e+06
3.27336e+06 3.27306e+06 3.19458e+06
3.18965e+06 3.25e+06 3.18699e+06
3.2302e+06 3.19567e+06 3.18968e+06
3.25058e+06 3.2977e+06 3.26119e+06
3.2412e+06 3.2155e+06 3.24312e+06
3.2152e+06 3.22803e+06 3.24271e+06
3.20478e+06 3.23785e+06 3.27666e+06
3.25581e+06 3.28494e+06 3.28239e+06
3.20044e+06 3.31402e+06 3.25584e+06
3.24679e+06 3.16815e+06 3.21668e+06
3.20252e+06 3.26356e+06 3.28844e+06
3.22545e+06 3.26435e+06 3.25594e+06
3.20527e+06 3.31524e+06 3.22875e+06
3.20719e+06 3.22164e+06 3.22454e+06
3.277e+06 3.21735e+06 3.28769e+06
3.19548e+06 3.26664e+06 3.17458e+06
3.1861e+06 3.22368e+06 3.28418e+06
3.20322e+06 3.22028e+06 3.23209e+06
3.17329e+06 3.24792e+06 3.21824e+06
3.22306e+06 3.19274e+06 3.27365e+06
3.2744e+06 3.15069e+06 3.24153e+06
3.29215e+06 3.23825e+06 3.26628e+06
3.18005e+06 3.25e+06 3.23158e+06
3.30687e+06 3.28709e+06 3.18324e+06
3.2836e+06 3.21938e+06 3.25859e+06
3.23929e+06 3.23141e+06 3.13613e+06
3.1897e+06 3.26935e+06 3.21281e+06
3.20179e+06 3.17213e+06 3.20639e+06
3.22257e+06 3.26922e+06 3.2221e+06
3.31387e+06 3.23163e+06 3.25336e+06
3.25135e+06 3.24958e+06 3.27764e+06
3.20956e+06 3.21778e+06 3.22373e+06
3.23134e+06 3.2026e+06 3.22277e+06
3.20699e+06 3.22699e+06 3.23038e+06
3.27324e+06 3.18624e+06 3.25226e+06
3.2361e+06 3.18106e+06 3.23793e+06
3.2971e+06 3.25387e+06 3.21017e+06
3.2598e+06 3.23526e+06 3.21388e+06
3.22219e+06 3.24481e+06 3.30465e+06
3.20736e+06 3.29106e+06 3.21801e+06
3.24489e+06 3.24523e+06 3.17545e+06
3.301e+06 3.23258e+06 3.24304e+06
3.24252e+06 3.23016e+06 3.26652e+06
3.20932e+06 3.25624e+06 3.20187e+06
3.24867e+06 3.19895e+06 3.23831e+06
3.25494e+06 3.23201e+06 3.22486e+06
3.22117e+06 3.25587e+06 3.25823e+06
3.27576e+06 3.26057e+06 3.20667e+06
3.19019e+06 3.26744e+06 3.30344e+06
3.29954e+06 3.23252e+06 3.25183e+06
3.28035e+06 3.2514e+06 3.19658e+06
3.23337e+06 3.22987e+06 3.2017e+06
3.20361e+06 3.24167e+06 3.26485e+06
3.26303e+06 3.19922e+06 3.2628e+06
3.23278e+06 3.30897e+06 3.21884e+06
3.20104e+06 3.2604e+06 3.20075e+06
3.19469e+06 3.32629e+06 3.28187e+06
3.2921e+06 3.24873e+06 3.21624e+06
3.2115e+06 3.24308e+06 3.16313e+06
3.25848e+06 3.24779e+06 3.15558e+06
3.24623e+06 3.18246e+06 3.19644e+06
3.26055e+06 3.25461e+06 3.2193e+06
3.17951e+06 3.25087e+06 3.18841e+06
3.28656e+06 3.23818e+06 3.24517e+06
3.20181e+06 3.22433e+06 3.17444e+06
3.21271e+06 3.27867e+06 3.25152e+06
3.29014e+06 3.21315e+06 3.26705e+06
3.25159e+06 3.17592e+06 3.21601e+06
3.25678e+06 3.22215e+06 3.26668e+06
3.21989e+06 3.26172e+06 3.26347e+06
3.22212e+06 3.27018e+06 3.26748e+06
3.26621e+06 3.2186e+06 3.25948e+06
3.27769e+06 3.23902e+06 3.21882e+06
3.25749e+06 3.2198e+06 3.18021e+06
3.24232e+06 3.27357e+06 3.23365e+06
3.24155e+06 3.21644e+06 3.22499e+06
3.24262e+06 3.22766e+06 3.18459e+06
3.18497e+06 3.21858e+06 3.21797e+06
3.2482e+06 3.21656e+06 3.20768e+06
3.22994e+06 3.26987e+06 3.24884e+06
3.18282e+06 3.24342e+06 3.22346e+06
3.29445e+06 3.28814e+06 3.18417e+06
3.25471e+06 3.23946e+06 3.17744e+06
3.21957e+06 3.2501e+06 3.18539e+06
3.26293e+06 3.18536e+06 3.23729e+06
3.24222e+06 3.30619e+06 3.22779e+06
3.20442e+06 3.24556e+06 3.2435e+06
3.14644e+06 3.28748e+06 3.21021e+06
3.23677e+06 3.24796e+06 3.2757e+06
3.21916e+06 3.22365e+06 3.27638e+06
3.25891e+06 3.23121e+06 3.21551e+06
3.18553e+06 3.20969e+06 3.20569e+06
3.21142e+06 3.23431e+06 3.21598e+06
3.26e+06 3.313e+06 3.25071e+06
3.15298e+06 3.17577e+06 3.22605e+06
3.22346e+06 3.25974e+06 3.20345e+06
3.20368e+06 3.16238e+06 3.2466e+06
3.19447e+06 3.3056e+06 3.2199e+06
3.21022e+06 3.21825e+06 3.22327e+06
3.23525e+06 3.26703e+06 3.25108e+06
3.29137e+06 3.26842e+06 3.23552e+06
3.26972e+06 3.27422e+06 3.17442e+06
3.24742e+06 3.31102e+06 3.24525e+06
3.28415e+06 3.25113e+06 3.26045e+06
3.26765e+06 3.28081e+06 3.23413e+06
3.29574e+06 3.24589e+06 3.16993e+06
3.24477e+06 3.22963e+06 3.20239e+06
3.29109e+06 3.27559e+06 3.16811e+06
3.24531e+06 3.25399e+06 3.25577e+06
3.24762e+06 3.2603e+06 3.26755e+06
3.24718e+06 3.22371e+06 3.20566e+06
3.26162e+06 3.20781e+06 3.25584e+06
3.26832e+06 3.20485e+06 3.18909e+06
3.23314e+06 3.21078e+06 3.23263e+06
3.29422e+06 3.25474e+06 3.21404e+06
3.21828e+06 3.22346e+06 3.15793e+06
3.25855e+06 3.28325e+06 3.25202e+06
3.26656e+06 3.25437e+06 3.22818e+06
3.30482e+06 3.22228e+06 3.17884e+06
3.28678e+06 3.22321e+06 3.26142e+06
3.22727e+06 3.14716e+06 3.26904e+06
3.26924e+06 3.21782e+06 3.2034e+06
3.25996e+06 3.2577e+06 3.18288e+06
3.17437e+06 3.282e+06 3.17612e+06
3.2393e+06 3.25811e+06 3.28519e+06
3.25159e+06 3.25079e+06 3.21698e+06
3.19281e+06 3.25302e+06 3.24376e+06
3.26396e+06 3.27816e+06 3.24842e+06
3.23258e+06 3.30734e+06 3.22881e+06
3.2572e+06 3.28027e+06 3.23125e+06
3.31164e+06 3.25579e+06 3.19286e+06
3.15668e+06 3.26716e+06 3.24444e+06
3.25187e+06 3.21921e+06 3.27351e+06
3.22626e+06 3.2192e+06 3.21816e+06
3.23836e+06 3.19161e+06 3.24837e+06
3.25072e+06 3.21885e+06 3.2399e+06
3.18202e+06 3.22128e+06 3.24883e+06
3.23558e+06 3.25335e+06 3.20375e+06
3.20008e+06 3.19066e+06 3.155e+06
