12470 3247.15
54148 134269
118447 51318
103478 52800
101956 52823
54174 132917
54193 131275
83249 58163
100641 53037
100617 53152
82517 58611
91613 55007
101465 53026
99829 53162
54553 115538
54448 120153
54298 127052
54430 121089
54316 126116
55597 100963
54745 110770
75485 63743
74954 63762
54219 129923
54730 111616
54363 123881
54261 128549
54240 129432
54495 117918
54421 121501
54469 119270
55582 101809
54167 134238
54474 118801
54400 122384
54448 120153
79255 60983
54532 116421
54342 124764
54214 130784
86494 57031
54616 113779
54601 114625
54169 133386
97963 53531
74058 64114
79834 60890
82115 58959
98576 53519
91123 55222
103981 52711
106510 52340
58293 86061
58278 86830
54391 123363
54393 122586
90585 55235
96087 54053
95571 54141
93903 54491
94472 54478
117904 51346
117355 51384
106007 52429
92631 54786
108414 52149
108946 52128
109725 51968
118447 51318
83673 58016
116812 51412
107865 52187
110268 51940
107053 52312
105195 52554
105738 52526
104524 52683
114771 51528
114222 51566
117904 51346
113679 51594
107322 52215
117355 51384
115314 51500
82512 58827
74589 64095
73291 64778
72762 64792
99432 53294
57038 92179
57062 91527
84189 58003
106510 52340
103981 52711
56209 96336
56262 95732
103478 52800
111276 51841
110817 51902
92451 54866
81746 59278
86635 56800
87367 56352
84506 57669
99829 53162
87737 56235
84876 57552
83646 58031
92010 54875
54337 125233
54334 125869
54874 108735
77842 62178
78976 61382
90041 55480
81383 59407
83276 58148
85606 57390
75529 63578
75962 63545
96709 53887
92010 54875
96268 53896
54289 128031
54293 127459
77428 62220
78562 61424
56554 94105
56503 94609
76280 63139
85950 57276
59697 81062
59770 80600
55375 104009
55645 100050
54772 110740
55456 102887
54821 109339
54580 115508
55698 99446
55428 103405
54793 109857
55726 98928
54643 113749
55403 103491
55354 104892
104793 52586
105195 52554
54846 109253
55673 99532
91288 55088
63212 73393
90374 55450
86998 56671
73681 64375
74014 64279
54193 131275
54214 130784
54238 129892
63458 73346
54523 117400
54527 116890
68263 68377
86998 56671
112161 51756
112878 51712
113253 51690
111786 51778
86206 57163
109383 52025
111618 51784
111276 51841
109725 51968
54342 124764
54532 116421
97048 53881
99338 53365
98973 53387
84903 57537
88597 55873
85237 57525
54773 110252
54581 115020
55624 100933
55355 104404
54644 113261
55625 100445
76650 63102
73337 64608
54337 125233
54527 116890
54474 118801
54469 119270
54174 132917
65800 70862
54169 133386
81383 59407
79120 61277
79228 60998
81248 59701
81980 59253
65496 71107
54240 129432
89697 55594
90068 55465
88994 55741
82517 58611
116178 51462
116511 51442
107322 52215
104793 52586
108957 52121
107053 52312
104524 52683
96709 53887
86206 57163
85950 57276
88931 55861
115962 51480
95002 54354
115635 51490
58357 85745
59217 82512
66001 70832
66059 70664
114222 51566
115314 51500
110268 51940
110589 51930
115635 51490
107865 52187
108186 52177
114543 51556
93499 54710
97731 53694
54372 123469
54430 121089
54363 123881
54421 121501
72341 65218
71207 66014
70136 66923
54664 112866
54793 109857
54724 111653
55375 104009
54595 114662
55645 100050
55576 101846
54773 110252
55355 104404
54644 113261
55625 100445
59119 83156
76214 63161
116511 51442
116812 51412
92929 54753
93500 54658
67453 69513
72458 65037
72718 64957
86608 56815
79958 60836
97758 53679
97936 53546
93678 54525
88070 56205
89300 55726
87764 56220
80209 60797
57564 89730
58062 87554
58126 87238
55790 98612
55726 98928
56326 95416
56554 94105
55456 102887
56262 95732
57785 88639
57628 89414
57062 91527
58795 84264
55520 102571
57849 88323
56770 93154
58859 83948
54919 108721
58293 86061
56618 93789
57126 91211
59153 82828
78121 61779
54523 117400
54506 117773
87292 56612
96114 54038
60454 78491
94715 54366
95174 54273
95410 54197
80432 60582
80668 60558
54710 112011
55562 102204
54581 115020
55271 105070
57785 88639
57780 89006
59153 82828
62058 74825
62766 73939
63822 72756
61918 75135
93214 54713
88570 55888
62504 74279
67207 69560
58794 84546
76716 63080
76145 63433
76785 62808
78427 61718
78496 61446
74633 63930
74910 63927
54682 112529
54664 112866
90558 55250
84479 57684
78361 61740
64469 72180
64572 71965
65697 71077
66260 70634
66363 70419
54938 108419
54972 108117
69454 67655
71628 65588
71518 65741
71324 65833
71822 65496
96268 53896
97472 53734
109215 52031
55173 105688
68121 68678
61632 75607
60337 79113
61375 76539
60109 79809
94715 54366
98973 53387
94497 54417
98755 53438
60594 78181
101526 53005
101761 52977
67065 69861
62901 73807
62193 74693
63070 73694
64081 72528
66896 69974
68076 68695
62362 74580
65309 71425
56501 94709
56478 95008
73637 64540
77986 62073
77293 62514
81773 59263
55221 105618
54938 108419
97214 53759
92956 54738
93705 54510
55237 105372
66761 70106
63757 73044
108403 52156
110589 51930
114771 51528
110817 51902
114543 51556
65185 71521
67595 69212
67770 69117
56974 92495
88070 56205
88307 56192
61899 75349
56955 92709
58542 85300
57311 90766
59955 80155
60435 78705
57019 92393
61473 76131
56418 95314
55914 98309
60759 77986
56180 96742
59922 80192
54298 127052
54297 127366
58126 87238
68768 68102
90419 55381
72081 65298
58001 87688
57986 87978
69027 67904
69818 67171
56758 93446
56834 92838
56822 93130
84431 57929
87319 56597
87340 56367
59974 79941
57330 90552
62748 74219
62180 74795
61754 75577
62888 73909
63944 72726
82115 58959
63600 73045
80695 60543
56755 93499
56466 95073
57984 88191
108186 52177
77110 62626
76973 62698
59357 82169
116178 51462
61866 75386
55237 105372
64773 71935
68464 68347
66260 70634
64831 71767
69331 67659
64268 72210
69130 67689
65697 71077
68567 68132
69617 67201
68826 67934
64469 72180
66363 70419
65032 71737
66564 70389
64572 71965
85553 57408
115962 51480
55995 97187
56057 97157
55993 97473
55942 97791
55940 98077
56059 96871
55044 107723
55092 106810
55157 105934
55056 107451
55145 106206
55104 106538
70861 66252
97187 53774
97075 53866
85264 57510
56922 92746
57214 91119
58445 85653
55327 104922
59649 81157
113574 51680
58795 84264
80329 60707
61178 76994
78080 61917
81980 59253
60589 78359
93154 54719
63205 73562
62497 74448
63516 73148
67163 69725
58205 87029
54316 126116
54334 125869
70947 66094
71995 65456
70384 66537
70298 66695
93903 54491
55120 106292
55056 107451
55092 106810
55072 107205
55044 107723
55157 105934
55076 107056
55104 106538
55028 107969
55967 97705
55993 97473
55930 98269
95410 54197
95571 54141
59421 81853
64126 72511
65354 71408
69548 67486
68219 68542
81244 59958
81248 59701
97412 53740
56710 93687
57247 91082
58478 85616
60402 78742
61440 76168
101932 52938
101761 52977
71251 65849
60991 77377
80405 60597
55878 98520
67952 68791
63957 72624
80773 60388
73495 64557
67773 69088
88467 56073
63817 72934
106007 52429
105885 52520
77362 62242
76946 62713
80278 60715
64773 71935
64831 71767
68782 68099
59055 83472
92451 54866
69086 67854
77227 62536
65050 71653
65135 71522
88307 56192
85446 57509
88414 56091
89537 55713
112650 51740
60778 77772
57263 90921
61036 77330
59412 82036
57038 92179
58494 85455
58561 85086
61492 75917
59352 82380
56199 96528
60022 79846
59901 80403
85446 57509
89355 55714
89537 55713
54289 128031
54276 128249
73293 64773
60174 79438
59561 81543
59640 81340
60202 79245
55544 102541
84344 57978
84189 58003
109383 52025
111786 51778
112329 51750
111618 51784
113253 51690
112482 51746
112710 51718
112878 51712
112161 51756
66717 70271
69130 67689
70644 66457
74014 64279
68523 68297
74910 63927
72718 64957
68567 68132
72762 64792
75529 63578
67207 69560
67511 69315
69617 67201
68826 67934
69921 66956
67817 68923
74589 64095
70180 66758
72385 65053
74633 63930
69573 67366
69877 67121
68219 68542
70688 66292
113679 51594
113421 51684
56706 93697
57922 88294
56414 95324
60726 78023
55028 107969
54972 108117
59876 80585
98576 53519
98730 53499
61240 76671
61183 76816
57732 89243
57768 89071
58994 83816
58999 83605
57506 90107
60250 79150
59557 81666
58761 84583
109215 52031
61767 75475
57986 87978
70180 66758
70947 66094
72199 65235
70298 66695
71065 66031
60550 78468
59900 80548
91179 55161
91261 55103
61043 77126
58253 86934
58053 87664
66564 70389
66676 70321
62362 74580
62446 74477
54393 122586
54400 122384
95029 54339
61043 77126
61152 77057
55555 102346
54692 112348
54703 112153
80997 60227
80902 60262
59305 82420
56834 92838
56326 95416
55878 98520
55790 98612
58697 84899
56059 96871
57378 90457
56618 93789
56147 96779
58609 84991
57628 89414
57126 91211
56199 96528
56209 96336
55940 98077
113421 51684
112329 51750
112482 51746
88967 55756
71065 66031
73495 64557
69994 66940
72199 65235
58205 87029
57442 90423
105885 52520
105738 52526
76851 62786
60880 77709
60778 77772
77348 62365
54682 112529
54692 112348
59063 83289
57466 90374
57716 89322
99426 53329
55271 105070
77928 62156
79062 61360
77176 62604
81164 60167
78094 61794
63770 72942
64248 72481
60690 78158
66883 70076
65476 71378
67939 68893
61492 75917
62626 74249
61614 75887
62040 75105
67817 68923
62053 75003
61380 76361
62761 74117
60918 77462
61627 75785
60913 77640
60342 78935
60114 79631
61183 76816
67467 69480
89697 55594
60114 79631
60150 79496
60716 78151
60366 78877
57467 90262
58859 83948
58910 83833
69475 67502
60918 77462
64268 72210
65489 71276
64261 72379
81137 60182
81047 60191
58357 85745
72081 65298
58698 84796
81244 59958
81175 60040
80875 60277
59597 81408
89644 55612
77348 62365
61404 76303
79861 60875
79931 60851
65800 70862
69331 67659
84344 57978
84431 57929
95141 54323
54276 128249
54272 128404
58509 85337
57278 90803
56986 92430
59369 82104
60574 78431
54261 128549
54506 117773
54495 117918
54272 128404
77959 62088
79093 61292
62626 74249
59998 79904
59011 83540
58561 85086
59087 83252
60226 79187
58722 84759
59445 81816
61288 76576
57354 90515
59673 81099
58609 84991
61240 76671
89644 55612
55076 107056
55072 107205
67149 69758
76079 63455
71618 65717
70384 66537
71895 65480
71995 65456
70761 66276
71518 65741
69573 67366
70644 66457
70557 66497
59770 80600
88931 55861
55562 102204
55555 102346
54710 112011
54703 112153
88467 56073
99338 53365
61288 76576
58746 84701
59901 80403
101932 52938
101956 52823
70484 66513
57557 89950
57530 90058
71628 65588
71618 65717
81175 60040
78080 61917
113574 51680
82512 58827
57491 90225
57266 90868
58497 85402
59111 83194
58266 86895
70861 66252
76028 63523
57558 89856
57564 89730
91152 55176
77869 62163
79003 61367
55218 105674
54372 123469
54391 123363
80209 60797
73658 64440
90419 55381
68523 68297
69877 67121
68464 68347
58910 83833
58994 83816
59047 83510
59402 82067
59621 81350
57849 88323
76650 63102
54846 109253
55673 99532
63458 73346
58062 87554
80833 60344
80773 60388
80833 60344
61614 75887
62761 74117
61767 75475
62901 73807
67952 68791
64248 72481
63957 72624
65476 71378
65489 71276
64261 72379
66883 70076
62040 75105
67939 68893
62193 74693
66896 69974
61627 75785
62053 75003
55428 103405
54821 109339
55698 99446
55145 106206
55403 103491
55942 97791
55967 97705
55120 106292
97472 53734
59533 81724
59469 81758
57716 89322
60880 77709
60913 77640
71822 65496
70557 66497
69475 67502
71324 65833
70761 66276
70688 66292
72385 65053
69921 66956
71895 65480
72458 65037
69994 66940
55995 97187
56057 97157
67109 69809
63516 73148
63114 73642
63560 73096
67555 69263
67065 69861
63070 73694
67511 69315
65032 71737
65050 71653
76028 63523
78562 61424
76851 62786
77428 62220
77137 62611
75962 63545
78361 61740
78496 61446
76785 62808
76253 63154
76716 63080
78427 61718
76145 63433
69086 67854
69818 67171
69027 67904
61024 77340
66059 70664
66001 70832
61404 76303
58697 84899
66717 70271
66676 70321
67555 69263
63114 73642
67109 69809
63560 73096
67595 69212
63154 73591
56503 94609
56501 94709
59585 81473
59338 82383
81020 60206
101465 53026
101526 53005
57732 89243
112710 51718
54293 127459
54297 127366
57941 88221
61152 77057
97412 53740
57557 89950
57558 89856
63154 73591
62446 74477
73658 64440
73681 64375
70484 66513
87292 56612
94472 54478
94497 54417
98730 53499
98755 53438
95174 54273
95141 54323
59217 82512
58001 87688
56822 93130
109215 52031
67467 69480
60174 79438
59533 81724
59469 81758
60342 78935
60202 79245
60150 79496
60366 78877
61380 76361
76079 63455
66761 70106
85580 57393
88414 56091
57941 88221
112650 51740
93214 54713
93154 54719
89355 55714
89300 55726
59217 82512
58999 83605
56478 95008
57780 89006
