60 0.818206
173335 139427 116425
160673 147925 108265
160236 157033 108615
156845 113094 131971
136734 122593 156241
130878 131091 140704
163364 119579 125179
173335 139427 116425
160661 149800 108791
148144 117665 149547
158748 155659 114575
158868 147050 113092
148837 156071 110819
136734 122593 156241
133860 142205 135808
138283 121107 149201
148208 115131 146681
148208 115131 146681
135358 143198 124457
144881 124805 140453
148003 134988 118429
143014 139935 122087
138781 140289 118184
132878 147505 127395
144030 128661 143173
140437 141513 116330
150082 141790 116067
154216 126586 131059
155621 131650 126446
159851 130529 119204
160888 130285 125306
158538 134856 120254
142156 131000 138977
135358 143198 124457
145898 134179 124876
155369 133211 127206
150599 129062 137364
163026 126053 123585
161894 127903 130932
152585 128188 133693
137454 141641 128789
153415 133690 122705
163010 137371 116478
160673 147925 108265
136392 129484 141938
152679 128625 133397
152585 128188 133693
163010 137371 116478
139231 138893 137743
136392 129484 141938
145518 136339 129440
158538 134856 120254
139766 133277 130549
155617 118047 137157
142533 129336 129915
144602 138211 128577
145518 136339 129440
155617 118047 137157
154529 121259 142927
155621 131650 126446
160236 157033 108615
140163 133780 130341
161894 127903 130932
154529 121259 142927
145812 121874 139472
139231 138893 137743
144030 128661 143173
145428 139292 127511
144602 138211 128577
163177 126068 122946
145428 139292 127511
145812 121874 139472
144581 128401 139670
144581 128401 139670
142156 131000 138977
145898 134179 124876
153007 126364 137501
159937 128780 130137
153007 126364 137501
150321 129144 128696
155369 133211 127206
150321 129144 128696
159937 128780 130137
163177 126068 122946
161894 127903 130932
161894 127903 130932
160236 157033 108615
159937 128780 130137
159937 128780 130137
159937 128780 130137
158538 134856 120254
158538 134856 120254
155621 131650 126446
155621 131650 126446
155617 118047 137157
155617 118047 137157
155617 118047 137157
155369 133211 127206
154529 121259 142927
148208 115131 146681
145428 139292 127511
144602 138211 128577
144602 138211 128577
144581 128401 139670
144581 128401 139670
144581 128401 139670
144030 128661 143173
142156 131000 138977
142156 131000 138977
136392 129484 141938
173692 135740 122179
164188 119575 158073
164188 119575 158073
151130 170199 111550
131495 149526 141830
150679 164183 116042
154872 169030 115337
148388 126964 151746
140525 153531 118402
168725 130668 126465
163580 148155 112908
139500 139416 141830
162586 147195 116474
152351 159481 115599
171919 133433 124569
134561 143988 137999
164833 119939 132062
167774 134606 125343
151201 122517 149663
153142 125559 148515
142687 131735 144856
131495 149526 141830
152351 159481 115599
148373 152626 120775
147323 144971 124187
159867 135985 124580
133667 141186 150478
157656 135803 127560
140905 143213 137216
158137 129388 134004
159567 146248 117026
137592 139818 141278
150750 129614 135647
153990 122071 140064
145920 138156 131073
159259 127881 138750
164020 121665 129612
163876 125529 132272
152496 133824 130567
156574 138789 118443
134130 131619 146016
156182 129263 135963
137592 139818 141278
149435 126064 141203
143722 128697 151472
154433 129249 136841
153682 130886 133202
147526 132217 132033
142416 131417 150670
145372 139978 129531
144695 144209 124287
168046 137969 119868
151621 133223 130946
149435 126064 141203
150547 137101 122635
154685 152834 117760
154794 133026 131800
154645 145162 122138
143184 142014 129018
143490 140248 128855
134130 131619 146016
143581 137387 133809
142077 136420 139221
168046 137969 119868
144272 136381 133041
150547 137101 122635
156230 136221 125585
142077 136420 139221
144486 153229 122388
154559 127954 137221
143867 132001 138904
143184 142014 129018
133667 141186 150478
157747 137111 120870
156444 136298 125038
143490 140248 128855
156521 138409 121451
163876 125529 132272
156521 138409 121451
156574 138789 118443
148373 152626 120775
154559 127954 137221
157747 137111 120870
157747 137111 120870
157747 137111 120870
156521 138409 121451
156521 138409 121451
150547 137101 122635
143490 140248 128855
137592 139818 141278
137592 139818 141278
137592 139818 141278
133667 141186 150478
133667 141186 150478
133667 141186 150478
133667 141186 150478
131495 149526 141830
131495 149526 141830
131495 149526 141830
169766 134331 128185
165066 124197 134046
163867 152890 115928
143477 171681 127637
142163 132803 149056
134860 137079 148792
158864 162476 116304
150634 131565 145705
167377 150829 117245
138525 141868 147307
157744 126375 148818
147379 156576 120132
147431 134517 138931
152163 141851 125004
154719 145878 123800
148984 146744 136358
150143 164282 119799
161410 149673 119685
162827 143485 118896
149084 133952 141518
149633 133120 143106
151410 155715 120452
155790 137310 137120
158513 139206 130319
146040 154709 123065
150883 139769 132648
165873 126023 131017
160266 138193 131130
144321 154298 124268
144100 153301 134928
163322 152152 118691
148997 152794 126415
139343 152930 145853
146040 154709 123065
140522 132952 146414
151639 133241 138330
149363 145989 133853
164666 138005 127651
144143 152575 132832
150143 164282 119799
140522 132952 146414
158666 133182 137756
160528 134060 130747
160528 134060 130747
172199 144574 122463
166599 154627 117733
155203 133900 143555
146484 166864 123474
136317 138643 158318
147374 151179 149545
157339 158327 121941
168917 139845 131637
160665 148023 124988
148319 137683 148499
157624 144978 127238
163946 134472 136691
165004 145093 121337
152328 150189 126272
148597 155319 125861
165389 142386 130696
161355 138679 135754
153874 157031 122314
156628 135864 140142
151465 137146 139245
156590 135857 143405
147603 139933 139310
164338 138656 134024
156262 138275 138321
160874 144132 130145
164265 147514 121639
154575 144090 130908
160746 136887 138910
163982 138057 136887
154893 157272 124376
153232 158935 129940
152471 142378 146026
148328 147129 140468
163647 149989 126012
156283 153453 137838
158565 146234 130280
154746 146822 141588
157684 145256 135610
157953 148293 133714
152866 158808 132498
157311 147179 134645
159799 152169 134347
158153 147155 139735
154566 159264 139307
152292 151884 152942
164147 149553 146919
160397 147159 147178
167058 139986 125766
161574 159557 117974
154434 125994 161646
148133 137252 178408
135773 169776 150890
117290 153711 160310
159297 130067 145004
133995 159508 154144
128283 156766 155514
125376 164893 158265
163076 130428 136252
148012 151848 140235
138223 162999 153340
134866 166075 151950
135773 169776 150890
145109 137899 172070
148149 135126 144054
154434 125994 161646
117290 153711 160310
136639 144469 167601
121208 153118 161217
162102 145310 120532
142982 154442 128444
121208 153118 161217
140815 150413 156355
155607 148977 125240
150288 136830 137370
155869 130215 153324
144316 142911 175932
139631 160317 145559
159689 157962 121684
153082 133274 146100
154217 142705 133904
149249 146995 137841
125376 164893 158265
150797 130489 169978
152219 144652 136117
161574 159557 117974
140804 145379 164170
139872 149363 158438
151080 147228 130662
151150 158184 125530
144316 142911 175932
144072 146863 158152
145109 137899 172070
160197 142249 128586
150293 131471 148390
153082 133274 146100
159689 157962 121684
145622 141598 162449
127227 146537 163190
134866 166075 151950
146193 140338 158276
159960 144490 128229
154217 142705 133904
136639 144469 167601
148133 137252 178408
135611 152716 156039
128283 156766 155514
161604 156041 120721
139631 160317 145559
150293 131471 148390
127227 146537 163190
154718 133714 145351
139691 143323 169358
155477 137209 131762
138574 155510 149015
144944 150609 143637
146123 146494 142542
145743 149813 147211
143002 147870 160896
140804 145379 164170
138574 155510 149015
155477 137209 131762
144576 149771 149242
145194 148859 151432
147339 150404 141303
149097 144659 141735
155015 145464 129988
144944 150609 143637
145622 141598 162449
146975 143523 155206
137437 148297 161338
145935 145477 153581
137437 148297 161338
137962 156009 154454
146975 143523 155206
149097 144659 141735
143002 147870 160896
133995 159508 154144
146095 149753 148406
160197 142249 128586
150797 130489 169978
145743 149813 147211
154718 133714 145351
147339 150404 141303
155015 145464 129988
146983 143478 152972
146123 146494 142542
152219 144652 136117
137962 156009 154454
135611 152716 156039
138354 153295 151726
139691 143323 169358
159297 130067 145004
150288 136830 137370
144074 146731 153699
139872 149363 158438
147283 142312 151323
155869 130215 153324
149249 146995 137841
146983 143478 152972
159960 144490 128229
147283 142312 151323
138354 153295 151726
151150 158184 125530
146193 140338 158276
144576 149771 149242
145935 145477 153581
144074 146731 153699
144072 146863 158152
161604 156041 120721
161604 156041 120721
161604 156041 120721
161604 156041 120721
161604 156041 120721
161574 159557 117974
161574 159557 117974
161574 159557 117974
160197 142249 128586
159960 144490 128229
159689 157962 121684
153082 133274 146100
150288 136830 137370
147339 150404 141303
146123 146494 142542
145743 149813 147211
139631 160317 145559
172071 133236 142158
165545 155419 123175
161493 130593 157529
143787 153797 162428
141443 163114 145673
144451 148703 154296
158919 154108 127713
147779 159184 143969
165735 142238 133131
154884 147248 138848
155269 137703 140233
145035 156902 146715
162321 136100 148234
150874 154658 145941
155833 154832 134120
162807 148038 124682
172071 133236 142158
149291 155416 135799
149541 143794 148142
167630 134422 138350
166494 135676 138242
170356 133667 139525
170356 133667 139525
149541 143794 148142
165545 155419 123175
162807 148038 124682
167630 134422 138350
166494 135676 138242
170356 133667 139525
170356 133667 139525
170356 133667 139525
170356 133667 139525
167630 134422 138350
167630 134422 138350
167630 134422 138350
167630 134422 138350
167630 134422 138350
167630 134422 138350
167630 134422 138350
167630 134422 138350
166494 135676 138242
166494 135676 138242
165545 155419 123175
165545 155419 123175
165545 155419 123175
165545 155419 123175
165545 155419 123175
165545 155419 123175
177131 136187 159250
163969 151044 136289
153255 150878 168281
149169 168220 156270
146932 152104 159248
155510 143568 159701
171681 141826 138644
163315 154488 138540
149227 162452 154003
165590 140167 147583
154609 145507 149397
157743 138662 152277
169320 142428 143964
151457 159311 141476
161522 145865 143432
167302 147942 139264
156659 149833 139654
158840 143006 146546
149324 161198 158656
153115 157327 138602
150294 159894 152329
159692 148141 139535
152615 152085 153686
173427 160807 138135
167200 140949 147791
165101 160962 136981
153838 172538 141142
148366 157583 164640
153151 164276 145417
151935 159903 150042
154776 146347 159732
149049 158955 159502
159919 142366 153735
157009 150674 147424
156191 155032 157118
162815 146449 151353
161680 143922 152573
166449 155053 139063
156669 152501 156376
164393 145461 147894
153844 161301 140381
158437 147888 153083
160375 152647 139948
165121 148300 139616
164370 141356 157049
161992 147574 147425
177875 155379 144301
172917 164773 137494
161666 144232 160697
154293 167206 146959
153596 158627 165772
171070 144785 157543
165692 163615 141042
167918 151206 144554
157561 148587 163115
158825 151854 154098
154803 163397 162590
161290 147251 158646
160160 153909 153530
163705 160685 147509
165181 156541 146400
156144 167200 148503
162250 155331 151118
164769 160188 144914
172646 146152 148571
163749 154740 149185
158651 154801 152253
157181 164447 148761
157114 154785 152806
186417 145079 166169
166769 164616 149771
156817 162524 178949
155986 168890 150530
170317 147596 168852
177174 152730 152865
157794 160583 162514
159275 150116 165982
163730 148449 160767
177024 153131 151539
158909 159212 155783
159032 154087 159706
162940 157661 151162
158601 168782 150803
171791 154993 151524
165983 151874 154608
171594 155104 154436
162155 162014 155131
160830 152438 155571
177069 150858 163047
168623 165669 151066
167010 151505 169949
156414 171738 161479
166571 154688 159130
166688 160123 151720
164495 166378 151678
159962 162400 167638
160835 151839 168893
159880 156236 168587
160294 158452 160211
165435 162574 151248
174159 165248 155436
167297 174305 155925
166582 155229 164034
162441 159050 172268
160849 161272 162730
172092 167247 157269
168567 157951 160202
162293 161589 160473
168056 160470 162352
176546 155626 166812
171839 156909 165137
162930 167356 174745
166368 161762 169392
174804 157436 171894
171670 139407 105056
158827 142761 100677
154000 117546 123979
140143 163926 108583
129647 139991 155367
158827 142761 100677
171670 139407 105056
133529 143819 146504
142964 155817 109811
139806 130887 130548
147742 146500 107502
145096 153721 101539
131836 144449 117238
144752 127042 137011
140582 141905 114823
158629 139193 105332
143808 153884 111144
151654 121638 139219
139831 139550 117989
141399 137942 127588
151561 119861 140025
142964 155817 109811
146198 125749 140269
142974 137545 127842
136998 141617 125223
152867 118247 122326
145495 135042 122074
144206 127108 144366
146198 125749 140269
149281 132026 106431
133529 143819 146504
137523 133460 128623
152243 141852 104454
146261 132349 126673
135546 143198 145028
147742 146500 107502
145495 135042 122074
152630 121574 115966
147908 145244 105779
145096 153721 101539
135713 139785 128523
146840 129547 125095
138759 140574 122820
145233 138755 116267
143808 153884 111144
148832 126058 123119
149281 132026 106431
144206 127108 144366
138759 140574 122820
144752 127042 137011
135546 143198 145028
151654 121638 139219
152700 128096 115500
151561 119861 140025
146840 129547 125095
145869 134644 116260
146249 132955 129829
152700 128096 115500
148832 126058 123119
146582 130463 124169
146582 130463 124169
147908 145244 105779
137523 133460 128623
146249 132955 129829
152243 141852 104454
158629 139193 105332
145869 134644 116260
144904 139003 122617
144904 139003 122617
171670 139407 105056
158629 139193 105332
152243 141852 104454
151654 121638 139219
151561 119861 140025
151561 119861 140025
149281 132026 106431
144904 139003 122617
144752 127042 137011
144206 127108 144366
144206 127108 144366
144206 127108 144366
138759 140574 122820
138759 140574 122820
133529 143819 146504
133529 143819 146504
176203 122151 137702
161415 118557 141092
156174 148060 107556
136433 141559 160846
131126 177066 155759
131126 177066 155759
168897 135501 113624
176203 122151 137702
148257 153346 113290
132950 152940 147846
161415 118557 141092
138170 164595 123449
131886 165312 157503
134023 158938 139586
161127 124971 127205
157451 139271 108629
135048 144718 155061
134023 158938 139586
164756 128396 116865
131986 172414 156065
147487 133896 131348
155290 136660 108861
139303 139709 152531
150815 151585 108177
141041 132182 133344
152271 129179 135095
143481 136970 129594
165302 123733 119227
131986 172414 156065
141295 147976 115261
145899 142377 117822
161464 125782 120119
136433 141559 160846
155016 127255 129514
148845 129793 125356
132518 145628 152004
135541 147184 124276
135864 142471 135416
154138 126259 132822
132171 151645 149454
157317 124284 131645
155786 127993 127459
143133 132431 132867
138530 146066 118722
144380 139759 125688
165236 122853 136514
142042 145124 122071
136882 140105 136716
144888 145881 120652
133793 145101 157015
153606 140668 116935
153665 130931 117438
150879 144934 108030
152881 129725 125517
144709 140020 121297
131886 165312 157503
147516 136743 119923
132171 151645 149454
142042 145124 122071
155719 130228 119971
155052 130765 118982
165302 123733 119227
161464 125782 120119
136882 140105 136716
176203 122151 137702
165302 123733 119227
161464 125782 120119
142042 145124 122071
136433 141559 160846
134023 158938 139586
134023 158938 139586
134023 158938 139586
134023 158938 139586
134023 158938 139586
134023 158938 139586
134023 158938 139586
132171 151645 149454
132171 151645 149454
132171 151645 149454
131986 172414 156065
131986 172414 156065
131986 172414 156065
131986 172414 156065
131886 165312 157503
131886 165312 157503
131886 165312 157503
131886 165312 157503
131886 165312 157503
167868 137245 120200
167590 123829 141657
155854 145931 110248
135876 146340 147814
135733 160312 139193
135564 151579 139767
136843 157004 137606
163877 128313 132498
151792 145115 114430
141127 132960 136054
161484 131222 126386
166984 130146 120442
155434 138842 110657
156785 133926 129005
153849 131692 138373
163580 129236 136411
159670 132600 128704
141756 154342 124126
161193 136321 121784
142120 132414 134107
142019 149316 133073
136699 147756 139828
149297 142473 128531
144555 154317 130503
145269 141741 130766
150120 134842 129218
147347 145077 121430
144329 143879 130890
152181 147145 110552
155208 140054 127280
144928 140263 131276
147504 137726 133582
150572 142070 127387
155405 134325 122980
148165 145413 120298
135564 151579 139767
155365 143655 124045
151485 144573 120353
172362 133373 123314
161986 133227 132131
160896 140007 112950
145921 159654 131858
142770 135567 155788
137470 148500 140216
141737 137463 148120
165470 138745 130218
146014 154638 136037
144161 136743 146360
142967 155707 136733
151019 159124 125597
149834 144031 135582
158677 147340 116411
145460 145385 141070
157040 139611 121212
159400 142255 114019
154110 145993 117581
155026 142954 127426
150476 144097 128907
146968 138552 139047
150899 139183 132891
152809 135801 132655
146979 134554 140245
152206 145822 119150
152112 146873 125890
156424 140699 126415
159332 134327 139320
152290 141629 131431
146642 145272 131698
146414 140863 140775
155391 134818 136012
155609 141828 126348
165762 144290 114592
164761 135457 136615
151106 161363 132605
143349 138539 163066
142871 154397 147478
144936 140346 149358
150055 160027 134961
146270 150823 147517
158390 140209 132535
157342 150523 118668
152670 143470 139157
162447 138949 138598
149341 147338 146457
163299 142996 123872
153315 148400 122256
154652 136165 138997
162545 141688 127907
149118 150170 135400
155713 145047 128541
151143 147892 129848
147542 143773 147339
151048 146308 138175
153124 146735 125717
153990 143859 131456
156262 143941 128742
172495 142607 130048
166665 146391 120156
161106 140227 144452
149217 152155 142849
147318 143563 149360
154655 145602 135375
149857 151513 138667
162987 149229 128468
156437 142074 140836
156653 144129 128955
153539 149875 122979
153174 148904 149120
153116 150044 144094
153688 149359 146453
161429 151011 129508
159920 143206 146377
159720 158703 125272
152774 160966 138755
155668 152673 137042
158346 146274 130971
156764 151994 129256
160395 145052 129766
165213 147223 134546
163650 148877 130720
158435 148846 154490
157691 158976 132611
156517 153526 137349
161417 147883 141829
163521 158072 135117
164549 155895 132640
160112 159509 137319
