232756 481.717
144466 99476
104668 143670
107416 124082
126426 100821
140811 100421
112777 110343
122325 108145
126426 100821
120476 108249
109864 116769
117948 110140
109776 120984
109776 120984
126426 100821
122325 108145
109864 116769
140811 100421
107416 124082
109864 116769
117948 110140
104668 143670
117948 110140
140811 100421
140811 100421
120476 108249
117948 110140
109864 116769
109864 116769
109864 116769
109864 116769
109776 120984
109864 116769
140811 100421
109864 116769
144466 99476
122325 108145
112777 110343
126426 100821
109776 120984
117948 110140
117948 110140
117948 110140
109864 116769
117948 110140
109864 116769
109864 116769
109864 116769
109864 116769
140811 100421
109864 116769
109864 116769
109864 116769
109864 116769
109864 116769
109864 116769
109864 116769
109864 116769
109864 116769
117948 110140
109864 116769
109864 116769
109864 116769
109864 116769
109864 116769
109864 116769
109864 116769
109864 116769
144466 99476
109864 116769
109864 116769
109864 116769
109864 116769
109864 116769
109864 116769
109864 116769
109864 116769
144466 99476
109864 116769
109864 116769
109864 116769
109864 116769
117948 110140
109864 116769
109864 116769
109864 116769
109864 116769
140811 100421
109864 116769
126426 100821
140811 100421
109864 116769
109864 116769
109864 116769
109864 116769
109864 116769
109776 120984
109864 116769
140811 100421
109864 116769
109864 116769
109864 116769
109864 116769
117948 110140
140811 100421
109864 116769
126426 100821
109864 116769
109864 116769
109864 116769
109864 116769
109864 116769
140811 100421
112777 110343
109864 116769
126426 100821
109864 116769
109864 116769
144466 99476
109864 116769
109864 116769
117948 110140
109864 116769
109864 116769
109864 116769
117948 110140
109864 116769
109864 116769
109864 116769
109864 116769
109864 116769
109864 116769
109864 116769
109864 116769
109864 116769
109864 116769
109864 116769
109864 116769
109864 116769
109864 116769
109864 116769
109864 116769
109864 116769
109864 116769
109864 116769
109864 116769
109864 116769
109864 116769
117948 110140
109864 116769
109864 116769
109864 116769
109864 116769
109864 116769
109864 116769
109864 116769
109864 116769
109864 116769
109864 116769
117948 110140
109864 116769
109864 116769
109864 116769
109864 116769
109864 116769
109864 116769
109864 116769
109864 116769
109864 116769
144466 99476
109864 116769
109864 116769
109864 116769
109864 116769
109864 116769
109864 116769
109864 116769
109864 116769
117948 110140
109864 116769
109864 116769
109864 116769
140811 100421
126426 100821
109864 116769
140811 100421
109864 116769
109864 116769
109864 116769
109864 116769
117948 110140
109864 116769
109864 116769
109864 116769
109864 116769
144466 99476
109864 116769
109776 120984
109776 120984
126426 100821
112777 110343
122325 108145
117948 110140
109864 116769
140811 100421
109864 116769
117948 110140
109864 116769
109864 116769
109864 116769
104668 143670
117948 110140
120476 108249
140811 100421
140811 100421
109864 116769
109864 116769
109864 116769
109864 116769
109864 116769
109864 116769
109864 116769
107416 124082
140811 100421
109864 116769
109864 116769
109864 116769
109864 116769
117948 110140
109864 116769
117948 110140
117948 110140
109864 116769
109864 116769
109864 116769
109864 116769
109864 116769
109864 116769
109864 116769
109864 116769
109864 116769
109864 116769
109864 116769
109864 116769
109864 116769
109864 116769
109864 116769
109864 116769
109864 116769
109864 116769
109864 116769
109864 116769
109864 116769
117948 110140
109864 116769
109864 116769
109864 116769
109864 116769
109864 116769
109864 116769
109864 116769
109864 116769
109864 116769
109864 116769
117948 110140
109864 116769
109864 116769
109864 116769
109864 116769
109864 116769
109864 116769
126426 100821
109864 116769
140811 100421
117948 110140
109864 116769
109864 116769
109864 116769
109864 116769
140811 100421
109864 116769
109776 120984
109864 116769
109864 116769
140811 100421
144466 99476
109864 116769
117948 110140
109864 116769
109864 116769
109864 116769
117948 110140
109864 116769
109864 116769
117948 110140
109864 116769
109864 116769
126426 100821
109864 116769
112777 110343
140811 100421
