265 34.6913
1.60043e+06 1.48871e+06 1.44728e+06 1.43336e+06
1.57307e+06 1.46672e+06 1.50524e+06 1.41753e+06
1.53763e+06 1.37693e+06 1.50305e+06 1.57505e+06
1.529e+06 1.42907e+06 1.52553e+06 1.43274e+06
1.52195e+06 1.49343e+06 1.39625e+06 1.51464e+06
1.50335e+06 1.46213e+06 1.42326e+06 1.58784e+06
1.4935e+06 1.53176e+06 1.41734e+06 1.52488e+06
1.43199e+06 1.45613e+06 1.52509e+06 1.46464e+06
1.47464e+06 1.51129e+06 1.43127e+06 1.54418e+06
1.52273e+06 1.49674e+06 1.4156e+06 1.46459e+06
1.44593e+06 1.44701e+06 1.46152e+06 1.45381e+06
1.54116e+06 1.46315e+06 1.4038e+06 1.51405e+06
1.55986e+06 1.37895e+06 1.4752e+06 1.57224e+06
1.54452e+06 1.39403e+06 1.45239e+06 1.53429e+06
1.50264e+06 1.38498e+06 1.46627e+06 1.5596e+06
1.52431e+06 1.52166e+06 1.48569e+06 1.42912e+06
1.45648e+06 1.44278e+06 1.51903e+06 1.51545e+06
1.55158e+06 1.3881e+06 1.47401e+06 1.51907e+06
1.53763e+06 1.37693e+06 1.50305e+06 1.57505e+06
1.52572e+06 1.5232e+06 1.42772e+06 1.46201e+06
1.49306e+06 1.45211e+06 1.44478e+06 1.54361e+06
1.48193e+06 1.50361e+06 1.438e+06 1.48163e+06
1.44156e+06 1.48832e+06 1.4829e+06 1.50132e+06
1.48597e+06 1.41213e+06 1.51523e+06 1.49609e+06
1.44275e+06 1.46774e+06 1.51171e+06 1.49226e+06
1.43595e+06 1.47623e+06 1.49534e+06 1.48394e+06
1.47275e+06 1.42699e+06 1.47725e+06 1.4713e+06
1.53674e+06 1.47374e+06 1.4986e+06 1.41791e+06
1.5151e+06 1.39781e+06 1.47464e+06 1.52081e+06
1.43348e+06 1.49066e+06 1.45564e+06 1.47404e+06
1.48786e+06 1.41205e+06 1.4596e+06 1.55616e+06
1.56621e+06 1.38412e+06 1.47912e+06 1.55914e+06
1.58212e+06 1.433e+06 1.48589e+06 1.42376e+06
1.5204e+06 1.48489e+06 1.4366e+06 1.49069e+06
1.57022e+06 1.40578e+06 1.46263e+06 1.52781e+06
1.47284e+06 1.47941e+06 1.44089e+06 1.5064e+06
1.49402e+06 1.37963e+06 1.48766e+06 1.51044e+06
1.47639e+06 1.4133e+06 1.46029e+06 1.47967e+06
1.45648e+06 1.44278e+06 1.51903e+06 1.51545e+06
1.54884e+06 1.40397e+06 1.48394e+06 1.51544e+06
1.46806e+06 1.43828e+06 1.47428e+06 1.54958e+06
1.5256e+06 1.44951e+06 1.49436e+06 1.45002e+06
1.55445e+06 1.50953e+06 1.43085e+06 1.43991e+06
1.53755e+06 1.39318e+06 1.48249e+06 1.52911e+06
1.50711e+06 1.43254e+06 1.50831e+06 1.45382e+06
1.59732e+06 1.45468e+06 1.46303e+06 1.43741e+06
1.54098e+06 1.41013e+06 1.42232e+06 1.48728e+06
1.58877e+06 1.46305e+06 1.46502e+06 1.43418e+06
1.55214e+06 1.42438e+06 1.46321e+06 1.44327e+06
1.56855e+06 1.46346e+06 1.45432e+06 1.44796e+06
1.53477e+06 1.40707e+06 1.47997e+06 1.47142e+06
1.46811e+06 1.43972e+06 1.4744e+06 1.48253e+06
1.48393e+06 1.4719e+06 1.44199e+06 1.50068e+06
1.46547e+06 1.45571e+06 1.44618e+06 1.4641e+06
1.58877e+06 1.46305e+06 1.46502e+06 1.43418e+06
1.45677e+06 1.47515e+06 1.45583e+06 1.49146e+06
1.57307e+06 1.46672e+06 1.50524e+06 1.41753e+06
1.50906e+06 1.46491e+06 1.49974e+06 1.42781e+06
1.50533e+06 1.49903e+06 1.3969e+06 1.46638e+06
1.57691e+06 1.4693e+06 1.45167e+06 1.42542e+06
1.50308e+06 1.40862e+06 1.48395e+06 1.51092e+06
1.49811e+06 1.50626e+06 1.42978e+06 1.4606e+06
1.53428e+06 1.4552e+06 1.42532e+06 1.46834e+06
1.51273e+06 1.462e+06 1.5031e+06 1.43663e+06
1.53352e+06 1.40426e+06 1.48212e+06 1.50426e+06
1.5106e+06 1.42424e+06 1.44023e+06 1.54834e+06
1.55758e+06 1.46107e+06 1.44468e+06 1.45288e+06
1.53866e+06 1.46417e+06 1.40231e+06 1.46945e+06
1.49606e+06 1.454e+06 1.45476e+06 1.50803e+06
1.51616e+06 1.43404e+06 1.43784e+06 1.53364e+06
1.50189e+06 1.47814e+06 1.43338e+06 1.49979e+06
1.55182e+06 1.50611e+06 1.4336e+06 1.42464e+06
1.53586e+06 1.44177e+06 1.44465e+06 1.46934e+06
1.58212e+06 1.433e+06 1.48589e+06 1.42376e+06
1.53242e+06 1.458e+06 1.4703e+06 1.44993e+06
1.55546e+06 1.43091e+06 1.45062e+06 1.46097e+06
1.57182e+06 1.45235e+06 1.4543e+06 1.45194e+06
1.56474e+06 1.38064e+06 1.50178e+06 1.49808e+06
1.55168e+06 1.42161e+06 1.44498e+06 1.47972e+06
1.53174e+06 1.50189e+06 1.48599e+06 1.43196e+06
1.53997e+06 1.47162e+06 1.47527e+06 1.4251e+06
1.48918e+06 1.48277e+06 1.43965e+06 1.46498e+06
1.54835e+06 1.42199e+06 1.46876e+06 1.46141e+06
1.56213e+06 1.47696e+06 1.39711e+06 1.50796e+06
1.50377e+06 1.44415e+06 1.42589e+06 1.50187e+06
1.49862e+06 1.41883e+06 1.44924e+06 1.47047e+06
1.46221e+06 1.49776e+06 1.45616e+06 1.47316e+06
1.5101e+06 1.4497e+06 1.45687e+06 1.46168e+06
1.48771e+06 1.48884e+06 1.43703e+06 1.43659e+06
1.52777e+06 1.50315e+06 1.43948e+06 1.42915e+06
1.54964e+06 1.38597e+06 1.47447e+06 1.55914e+06
1.55189e+06 1.43314e+06 1.50894e+06 1.45191e+06
1.53223e+06 1.43583e+06 1.50195e+06 1.43156e+06
1.5151e+06 1.39781e+06 1.47464e+06 1.52081e+06
1.51951e+06 1.45152e+06 1.50149e+06 1.44875e+06
1.51096e+06 1.4831e+06 1.42772e+06 1.49825e+06
1.4953e+06 1.44027e+06 1.47651e+06 1.47055e+06
1.4954e+06 1.41843e+06 1.48476e+06 1.47686e+06
1.48355e+06 1.41396e+06 1.45858e+06 1.48836e+06
1.52557e+06 1.46886e+06 1.43891e+06 1.45732e+06
1.52606e+06 1.41046e+06 1.47162e+06 1.52614e+06
1.52966e+06 1.46556e+06 1.47175e+06 1.43519e+06
1.54598e+06 1.44202e+06 1.49921e+06 1.44007e+06
1.56795e+06 1.46739e+06 1.44812e+06 1.45035e+06
1.49842e+06 1.41305e+06 1.46438e+06 1.53357e+06
1.5308e+06 1.45455e+06 1.51295e+06 1.43973e+06
1.50353e+06 1.4563e+06 1.42566e+06 1.51639e+06
1.59732e+06 1.45468e+06 1.46303e+06 1.43741e+06
1.46221e+06 1.49776e+06 1.45616e+06 1.47316e+06
1.55986e+06 1.37895e+06 1.4752e+06 1.57224e+06
1.54452e+06 1.39403e+06 1.45239e+06 1.53429e+06
1.497e+06 1.46962e+06 1.44154e+06 1.43981e+06
1.49551e+06 1.4523e+06 1.45088e+06 1.53022e+06
1.54663e+06 1.42378e+06 1.46428e+06 1.46504e+06
1.50835e+06 1.45744e+06 1.43665e+06 1.4865e+06
1.56689e+06 1.41051e+06 1.50248e+06 1.46361e+06
1.506e+06 1.43733e+06 1.49593e+06 1.46405e+06
1.46698e+06 1.4383e+06 1.46083e+06 1.48436e+06
1.56384e+06 1.49891e+06 1.45133e+06 1.42456e+06
1.5286e+06 1.4254e+06 1.48713e+06 1.46311e+06
1.54705e+06 1.45728e+06 1.41961e+06 1.46024e+06
1.54705e+06 1.45728e+06 1.41961e+06 1.46024e+06
1.53044e+06 1.44903e+06 1.48629e+06 1.44214e+06
1.53072e+06 1.412e+06 1.47252e+06 1.47311e+06
1.48351e+06 1.43112e+06 1.46566e+06 1.4789e+06
1.50435e+06 1.46e+06 1.4027e+06 1.52078e+06
1.48995e+06 1.42451e+06 1.51476e+06 1.44157e+06
1.54701e+06 1.42261e+06 1.46674e+06 1.4606e+06
1.57691e+06 1.4693e+06 1.45167e+06 1.42542e+06
1.4945e+06 1.47413e+06 1.45094e+06 1.45819e+06
1.53749e+06 1.477e+06 1.41728e+06 1.45438e+06
1.53204e+06 1.43484e+06 1.46669e+06 1.45562e+06
1.53034e+06 1.47665e+06 1.42735e+06 1.4427e+06
1.5214e+06 1.42529e+06 1.41577e+06 1.47895e+06
1.50326e+06 1.47284e+06 1.44115e+06 1.50254e+06
1.49888e+06 1.48488e+06 1.4653e+06 1.43682e+06
1.54116e+06 1.46315e+06 1.4038e+06 1.51405e+06
1.52014e+06 1.41455e+06 1.44976e+06 1.55953e+06
1.53607e+06 1.44581e+06 1.46506e+06 1.45898e+06
1.53325e+06 1.41603e+06 1.48137e+06 1.46236e+06
1.52426e+06 1.38178e+06 1.49466e+06 1.47827e+06
1.52984e+06 1.45987e+06 1.43025e+06 1.45536e+06
1.50413e+06 1.46828e+06 1.45839e+06 1.45231e+06
1.51957e+06 1.4119e+06 1.46541e+06 1.52006e+06
1.56213e+06 1.47696e+06 1.39711e+06 1.50796e+06
1.53732e+06 1.45135e+06 1.44966e+06 1.45526e+06
1.49402e+06 1.37963e+06 1.48766e+06 1.51044e+06
1.48995e+06 1.42451e+06 1.51476e+06 1.44157e+06
1.50028e+06 1.47315e+06 1.43667e+06 1.49468e+06
1.50028e+06 1.47315e+06 1.43667e+06 1.49468e+06
1.52426e+06 1.38178e+06 1.49466e+06 1.47827e+06
1.48973e+06 1.44568e+06 1.45586e+06 1.49141e+06
1.53866e+06 1.46417e+06 1.40231e+06 1.46945e+06
1.53325e+06 1.41603e+06 1.48137e+06 1.46236e+06
1.53814e+06 1.43343e+06 1.43326e+06 1.46063e+06
1.506e+06 1.43733e+06 1.49593e+06 1.46405e+06
1.521e+06 1.46872e+06 1.44811e+06 1.46054e+06
1.50913e+06 1.41743e+06 1.45937e+06 1.47362e+06
1.56243e+06 1.45615e+06 1.48676e+06 1.43943e+06
1.50913e+06 1.41743e+06 1.45937e+06 1.47362e+06
1.5056e+06 1.43349e+06 1.44074e+06 1.4758e+06
1.46698e+06 1.4383e+06 1.46083e+06 1.48436e+06
1.43199e+06 1.45613e+06 1.52509e+06 1.46464e+06
1.56243e+06 1.45615e+06 1.48676e+06 1.43943e+06
1.51951e+06 1.45152e+06 1.50149e+06 1.44875e+06
1.5056e+06 1.43349e+06 1.44074e+06 1.4758e+06
1.5269e+06 1.45989e+06 1.46954e+06 1.45227e+06
1.5269e+06 1.45989e+06 1.46954e+06 1.45227e+06
1.53814e+06 1.43343e+06 1.43326e+06 1.46063e+06
1.58877e+06 1.46305e+06 1.46502e+06 1.43418e+06
1.58212e+06 1.433e+06 1.48589e+06 1.42376e+06
1.53763e+06 1.37693e+06 1.50305e+06 1.57505e+06
1.48995e+06 1.42451e+06 1.51476e+06 1.44157e+06
1.59118e+06 1.47291e+06 1.4674e+06 1.46263e+06
1.56735e+06 1.44931e+06 1.49023e+06 1.44279e+06
1.56039e+06 1.44526e+06 1.52931e+06 1.45589e+06
1.55278e+06 1.39895e+06 1.50171e+06 1.57201e+06
1.53451e+06 1.53453e+06 1.41308e+06 1.47087e+06
1.52102e+06 1.51033e+06 1.39841e+06 1.56172e+06
1.4735e+06 1.44574e+06 1.4952e+06 1.52732e+06
1.55171e+06 1.40338e+06 1.51554e+06 1.53457e+06
1.57954e+06 1.47846e+06 1.47714e+06 1.4555e+06
1.57651e+06 1.42338e+06 1.43563e+06 1.50846e+06
1.48773e+06 1.43552e+06 1.48203e+06 1.48196e+06
1.56124e+06 1.40788e+06 1.47586e+06 1.54126e+06
1.49632e+06 1.4711e+06 1.45309e+06 1.49723e+06
1.53763e+06 1.51258e+06 1.41069e+06 1.49945e+06
1.53451e+06 1.53453e+06 1.41308e+06 1.47087e+06
1.53126e+06 1.45761e+06 1.49326e+06 1.45278e+06
1.56591e+06 1.48646e+06 1.4139e+06 1.50323e+06
1.50792e+06 1.51214e+06 1.42372e+06 1.48972e+06
1.5029e+06 1.49409e+06 1.44386e+06 1.54568e+06
1.47918e+06 1.47594e+06 1.4484e+06 1.47601e+06
1.50822e+06 1.50524e+06 1.44438e+06 1.52451e+06
1.5288e+06 1.42031e+06 1.49033e+06 1.55002e+06
1.5771e+06 1.4164e+06 1.45906e+06 1.49613e+06
1.5165e+06 1.45411e+06 1.4415e+06 1.49322e+06
1.52189e+06 1.48357e+06 1.43979e+06 1.51538e+06
1.54607e+06 1.47441e+06 1.43071e+06 1.45889e+06
1.54761e+06 1.42611e+06 1.48216e+06 1.52023e+06
1.54323e+06 1.44131e+06 1.48713e+06 1.47332e+06
1.52316e+06 1.49972e+06 1.41115e+06 1.53422e+06
1.53715e+06 1.46757e+06 1.40788e+06 1.53703e+06
1.47869e+06 1.43912e+06 1.4675e+06 1.48561e+06
1.55973e+06 1.4382e+06 1.41828e+06 1.51673e+06
1.54682e+06 1.47229e+06 1.48946e+06 1.44498e+06
1.54471e+06 1.42922e+06 1.50014e+06 1.53677e+06
1.56735e+06 1.44931e+06 1.49023e+06 1.44279e+06
1.51398e+06 1.50942e+06 1.39968e+06 1.53195e+06
1.52102e+06 1.51033e+06 1.39841e+06 1.56172e+06
1.55224e+06 1.4628e+06 1.44881e+06 1.48377e+06
1.52889e+06 1.49156e+06 1.434e+06 1.48246e+06
1.55533e+06 1.44621e+06 1.43859e+06 1.4789e+06
1.54768e+06 1.42717e+06 1.45947e+06 1.50672e+06
1.56099e+06 1.50336e+06 1.42229e+06 1.51577e+06
1.51651e+06 1.45192e+06 1.48008e+06 1.47459e+06
1.5108e+06 1.44328e+06 1.44354e+06 1.50161e+06
1.47379e+06 1.44678e+06 1.49235e+06 1.50677e+06
1.55858e+06 1.45109e+06 1.45469e+06 1.47258e+06
1.53744e+06 1.49198e+06 1.47156e+06 1.45811e+06
1.55918e+06 1.4198e+06 1.44353e+06 1.52827e+06
1.51303e+06 1.46795e+06 1.4614e+06 1.46881e+06
1.5002e+06 1.43135e+06 1.46254e+06 1.49943e+06
1.51398e+06 1.50942e+06 1.39968e+06 1.53195e+06
1.52391e+06 1.48491e+06 1.47321e+06 1.46868e+06
1.55914e+06 1.43374e+06 1.45689e+06 1.5411e+06
1.5384e+06 1.45943e+06 1.48928e+06 1.47006e+06
1.52524e+06 1.44403e+06 1.46356e+06 1.48287e+06
1.54041e+06 1.45932e+06 1.46621e+06 1.46793e+06
1.54191e+06 1.47543e+06 1.45354e+06 1.4636e+06
1.54044e+06 1.43097e+06 1.47973e+06 1.54483e+06
1.54132e+06 1.44829e+06 1.48152e+06 1.46604e+06
1.5249e+06 1.47291e+06 1.43723e+06 1.53554e+06
1.50026e+06 1.46217e+06 1.46626e+06 1.48745e+06
1.52747e+06 1.44891e+06 1.45706e+06 1.48671e+06
1.53715e+06 1.46757e+06 1.40788e+06 1.53703e+06
1.534e+06 1.43101e+06 1.49102e+06 1.46666e+06
1.5561e+06 1.42129e+06 1.45944e+06 1.48215e+06
1.54584e+06 1.43348e+06 1.47804e+06 1.46639e+06
1.52147e+06 1.47133e+06 1.45878e+06 1.46977e+06
1.54553e+06 1.43792e+06 1.44859e+06 1.48637e+06
1.54067e+06 1.46206e+06 1.46309e+06 1.48282e+06
1.53763e+06 1.51258e+06 1.41069e+06 1.49945e+06
1.58678e+06 1.45898e+06 1.4674e+06 1.47718e+06
1.57248e+06 1.43014e+06 1.49267e+06 1.5149e+06
1.5483e+06 1.43292e+06 1.53063e+06 1.50343e+06
1.53944e+06 1.50121e+06 1.43732e+06 1.5213e+06
1.5385e+06 1.51316e+06 1.51263e+06 1.45657e+06
1.51665e+06 1.4952e+06 1.44986e+06 1.55781e+06
1.48497e+06 1.44295e+06 1.49607e+06 1.50733e+06
1.49388e+06 1.49022e+06 1.49588e+06 1.53509e+06
1.50763e+06 1.45457e+06 1.48951e+06 1.5237e+06
1.57001e+06 1.44307e+06 1.5006e+06 1.47875e+06
1.56032e+06 1.49606e+06 1.45969e+06 1.46699e+06
1.5426e+06 1.45635e+06 1.52258e+06 1.47138e+06
1.5101e+06 1.48646e+06 1.46697e+06 1.53965e+06
1.54977e+06 1.43644e+06 1.4652e+06 1.54859e+06
1.58148e+06 1.47947e+06 1.47072e+06 1.47184e+06
1.56221e+06 1.44982e+06 1.51212e+06 1.47267e+06
1.53342e+06 1.46218e+06 1.46256e+06 1.51652e+06
1.52005e+06 1.43422e+06 1.47948e+06 1.5576e+06
1.55492e+06 1.4711e+06 1.47868e+06 1.46977e+06
1.51176e+06 1.48911e+06 1.45431e+06 1.49006e+06
1.55413e+06 1.50595e+06 1.49009e+06 1.4739e+06
1.51973e+06 1.47842e+06 1.47254e+06 1.50018e+06
1.55073e+06 1.49088e+06 1.48578e+06 1.48599e+06
1.57164e+06 1.43867e+06 1.48518e+06 1.49791e+06
1.52424e+06 1.49115e+06 1.44779e+06 1.49478e+06
1.54718e+06 1.45484e+06 1.46311e+06 1.51086e+06
1.55488e+06 1.45719e+06 1.44334e+06 1.49639e+06
1.53031e+06 1.46135e+06 1.44824e+06 1.52094e+06
1.5109e+06 1.44666e+06 1.47809e+06 1.51704e+06
1.5257e+06 1.47939e+06 1.47293e+06 1.49796e+06
1.5527e+06 1.49218e+06 1.45459e+06 1.4784e+06
1.56262e+06 1.44464e+06 1.48978e+06 1.49583e+06
1.55322e+06 1.46018e+06 1.49197e+06 1.46918e+06
1.55638e+06 1.4956e+06 1.46701e+06 1.47758e+06
1.55384e+06 1.44747e+06 1.4494e+06 1.49623e+06
1.57961e+06 1.44428e+06 1.5278e+06 1.50452e+06
1.57511e+06 1.43728e+06 1.5189e+06 1.54098e+06
1.55685e+06 1.4868e+06 1.51542e+06 1.47215e+06
1.5564e+06 1.45231e+06 1.47532e+06 1.553e+06
1.55083e+06 1.49254e+06 1.45454e+06 1.49544e+06
1.49716e+06 1.50502e+06 1.50977e+06 1.52493e+06
1.5176e+06 1.50056e+06 1.48574e+06 1.50641e+06
1.56267e+06 1.47361e+06 1.4825e+06 1.51427e+06
1.5335e+06 1.45907e+06 1.50007e+06 1.52196e+06
1.55424e+06 1.48345e+06 1.52312e+06 1.47627e+06
1.53115e+06 1.4974e+06 1.47136e+06 1.49145e+06
1.5536e+06 1.46028e+06 1.49801e+06 1.49552e+06
1.57062e+06 1.45452e+06 1.46004e+06 1.50485e+06
1.52552e+06 1.47987e+06 1.47417e+06 1.50077e+06
1.55851e+06 1.46018e+06 1.47887e+06 1.52618e+06
1.53244e+06 1.49332e+06 1.46966e+06 1.49873e+06
1.57443e+06 1.4536e+06 1.49958e+06 1.50007e+06
1.58335e+06 1.46273e+06 1.50163e+06 1.5005e+06
1.56814e+06 1.50578e+06 1.47182e+06 1.49434e+06
1.52765e+06 1.49442e+06 1.52189e+06 1.53513e+06
1.56772e+06 1.47483e+06 1.49574e+06 1.51624e+06
1.55424e+06 1.47188e+06 1.51606e+06 1.50321e+06
1.62258e+06 1.58255e+06 1.50512e+06 1.45792e+06
1.6143e+06 1.56098e+06 1.51767e+06 1.45189e+06
1.56094e+06 1.50658e+06 1.41943e+06 1.53293e+06
1.51085e+06 1.43023e+06 1.5188e+06 1.51028e+06
1.46547e+06 1.57608e+06 1.57877e+06 1.63204e+06
1.46547e+06 1.57608e+06 1.57877e+06 1.63204e+06
1.51478e+06 1.45876e+06 1.48313e+06 1.59489e+06
1.48408e+06 1.4625e+06 1.57403e+06 1.55954e+06
1.57764e+06 1.56152e+06 1.54529e+06 1.4562e+06
1.58454e+06 1.55975e+06 1.5009e+06 1.48024e+06
1.51829e+06 1.54873e+06 1.44751e+06 1.50673e+06
1.62258e+06 1.58255e+06 1.50512e+06 1.45792e+06
1.47877e+06 1.50058e+06 1.49435e+06 1.58559e+06
1.593e+06 1.45952e+06 1.49383e+06 1.51153e+06
1.6143e+06 1.56098e+06 1.51767e+06 1.45189e+06
1.60303e+06 1.45016e+06 1.53363e+06 1.50091e+06
1.55813e+06 1.43346e+06 1.53153e+06 1.50666e+06
1.56331e+06 1.51113e+06 1.50372e+06 1.46016e+06
1.60303e+06 1.45016e+06 1.53363e+06 1.50091e+06
1.49021e+06 1.50761e+06 1.46956e+06 1.57808e+06
1.49704e+06 1.52023e+06 1.48566e+06 1.57275e+06
1.56751e+06 1.46461e+06 1.54997e+06 1.50542e+06
1.53934e+06 1.49221e+06 1.52124e+06 1.4713e+06
1.54294e+06 1.52184e+06 1.50839e+06 1.47705e+06
1.49212e+06 1.49987e+06 1.52275e+06 1.54095e+06
1.56393e+06 1.46786e+06 1.53428e+06 1.4661e+06
1.48949e+06 1.51116e+06 1.50205e+06 1.5641e+06
1.47676e+06 1.49351e+06 1.53581e+06 1.56085e+06
1.56755e+06 1.47772e+06 1.43551e+06 1.55731e+06
1.54788e+06 1.44355e+06 1.56087e+06 1.50124e+06
1.57742e+06 1.44526e+06 1.50071e+06 1.53169e+06
1.51478e+06 1.45876e+06 1.48313e+06 1.59489e+06
1.56507e+06 1.46915e+06 1.44582e+06 1.52493e+06
1.47575e+06 1.54285e+06 1.47423e+06 1.52893e+06
1.52949e+06 1.46068e+06 1.4816e+06 1.57605e+06
1.57216e+06 1.44017e+06 1.55074e+06 1.49144e+06
1.5444e+06 1.4873e+06 1.4491e+06 1.53146e+06
1.58013e+06 1.50983e+06 1.42416e+06 1.5159e+06
1.57001e+06 1.45364e+06 1.5424e+06 1.48942e+06
1.57531e+06 1.48997e+06 1.45268e+06 1.49299e+06
1.55575e+06 1.46336e+06 1.46754e+06 1.53656e+06
1.5684e+06 1.4335e+06 1.51265e+06 1.51603e+06
1.47832e+06 1.52658e+06 1.55466e+06 1.53289e+06
1.55213e+06 1.44311e+06 1.48829e+06 1.54561e+06
1.50298e+06 1.48736e+06 1.51659e+06 1.47564e+06
1.55052e+06 1.47211e+06 1.47164e+06 1.48997e+06
1.53396e+06 1.53831e+06 1.46368e+06 1.51247e+06
1.55919e+06 1.51387e+06 1.50699e+06 1.48784e+06
1.5028e+06 1.52781e+06 1.49744e+06 1.52301e+06
1.5808e+06 1.43654e+06 1.55924e+06 1.50478e+06
1.50408e+06 1.47564e+06 1.55279e+06 1.51808e+06
1.5146e+06 1.51711e+06 1.47927e+06 1.53091e+06
1.51945e+06 1.51882e+06 1.49265e+06 1.50761e+06
1.56463e+06 1.49302e+06 1.43268e+06 1.56561e+06
1.46886e+06 1.49628e+06 1.51292e+06 1.55194e+06
1.49375e+06 1.48355e+06 1.50993e+06 1.51615e+06
1.56295e+06 1.51184e+06 1.42616e+06 1.50492e+06
1.55467e+06 1.46995e+06 1.51329e+06 1.46958e+06
1.50771e+06 1.488e+06 1.4989e+06 1.52043e+06
1.56467e+06 1.45703e+06 1.51836e+06 1.54034e+06
1.50678e+06 1.47564e+06 1.51418e+06 1.5463e+06
1.50764e+06 1.46665e+06 1.48348e+06 1.56782e+06
1.47877e+06 1.50058e+06 1.49435e+06 1.58559e+06
1.55374e+06 1.45337e+06 1.48534e+06 1.56668e+06
1.56085e+06 1.45051e+06 1.51459e+06 1.54477e+06
1.47268e+06 1.51259e+06 1.51688e+06 1.54996e+06
1.5808e+06 1.43654e+06 1.55924e+06 1.50478e+06
1.53761e+06 1.47726e+06 1.54123e+06 1.49853e+06
1.53842e+06 1.5333e+06 1.47314e+06 1.51416e+06
1.55719e+06 1.54694e+06 1.45509e+06 1.49122e+06
1.53628e+06 1.44957e+06 1.5247e+06 1.50744e+06
1.57531e+06 1.48997e+06 1.45268e+06 1.49299e+06
1.5798e+06 1.45861e+06 1.45791e+06 1.52143e+06
1.53946e+06 1.48266e+06 1.45587e+06 1.52174e+06
1.54787e+06 1.47106e+06 1.56482e+06 1.48419e+06
1.52171e+06 1.53696e+06 1.47057e+06 1.50936e+06
1.5496e+06 1.47397e+06 1.46032e+06 1.5072e+06
1.57764e+06 1.56152e+06 1.54529e+06 1.4562e+06
1.57276e+06 1.50358e+06 1.4384e+06 1.51096e+06
1.51783e+06 1.4947e+06 1.47059e+06 1.55331e+06
1.5578e+06 1.51344e+06 1.43007e+06 1.57726e+06
1.49634e+06 1.45473e+06 1.49592e+06 1.55259e+06
1.52806e+06 1.50464e+06 1.46602e+06 1.54871e+06
1.57301e+06 1.46844e+06 1.48095e+06 1.49909e+06
1.58952e+06 1.50415e+06 1.42138e+06 1.55993e+06
1.52056e+06 1.47846e+06 1.49594e+06 1.54418e+06
1.59193e+06 1.50027e+06 1.42163e+06 1.54716e+06
1.51603e+06 1.49279e+06 1.45832e+06 1.57375e+06
1.53126e+06 1.47175e+06 1.51987e+06 1.50906e+06
1.51883e+06 1.48955e+06 1.47727e+06 1.54402e+06
1.54176e+06 1.47734e+06 1.54004e+06 1.48954e+06
1.57164e+06 1.5114e+06 1.50039e+06 1.48264e+06
1.55838e+06 1.4865e+06 1.44072e+06 1.5527e+06
1.50974e+06 1.49688e+06 1.50225e+06 1.51702e+06
1.50406e+06 1.45961e+06 1.56962e+06 1.53673e+06
1.57047e+06 1.4404e+06 1.48767e+06 1.56484e+06
1.52511e+06 1.54583e+06 1.46196e+06 1.52611e+06
1.4981e+06 1.5113e+06 1.56456e+06 1.49925e+06
1.51245e+06 1.51299e+06 1.45453e+06 1.55653e+06
1.55263e+06 1.49476e+06 1.4593e+06 1.51469e+06
1.47138e+06 1.51414e+06 1.53524e+06 1.54856e+06
1.54259e+06 1.48709e+06 1.50959e+06 1.46706e+06
1.51085e+06 1.43023e+06 1.5188e+06 1.51028e+06
1.58306e+06 1.46435e+06 1.47559e+06 1.51052e+06
1.47575e+06 1.54285e+06 1.47423e+06 1.52893e+06
1.49546e+06 1.47112e+06 1.53863e+06 1.52372e+06
1.53576e+06 1.48314e+06 1.48723e+06 1.5357e+06
1.50406e+06 1.45961e+06 1.56962e+06 1.53673e+06
1.50001e+06 1.48747e+06 1.53314e+06 1.51069e+06
1.58999e+06 1.48768e+06 1.42282e+06 1.53006e+06
1.55952e+06 1.48421e+06 1.43987e+06 1.52998e+06
1.53499e+06 1.52485e+06 1.48992e+06 1.50882e+06
1.58762e+06 1.48529e+06 1.46517e+06 1.49716e+06
1.5086e+06 1.53551e+06 1.48452e+06 1.50619e+06
1.52918e+06 1.52952e+06 1.47754e+06 1.52566e+06
1.53628e+06 1.44957e+06 1.5247e+06 1.50744e+06
1.54756e+06 1.46973e+06 1.5539e+06 1.50454e+06
1.53533e+06 1.46654e+06 1.48735e+06 1.54154e+06
1.54613e+06 1.48027e+06 1.50152e+06 1.52384e+06
1.52734e+06 1.50154e+06 1.49956e+06 1.50649e+06
1.57043e+06 1.47518e+06 1.42895e+06 1.53056e+06
1.5364e+06 1.53485e+06 1.4538e+06 1.54994e+06
1.5093e+06 1.48203e+06 1.53769e+06 1.50005e+06
1.50915e+06 1.51436e+06 1.45792e+06 1.54813e+06
1.54837e+06 1.4668e+06 1.50051e+06 1.53827e+06
1.56164e+06 1.50273e+06 1.443e+06 1.50843e+06
1.52768e+06 1.52667e+06 1.49013e+06 1.52982e+06
1.52511e+06 1.54583e+06 1.46196e+06 1.52611e+06
1.58762e+06 1.48529e+06 1.46517e+06 1.49716e+06
1.49917e+06 1.53243e+06 1.50526e+06 1.52329e+06
1.54972e+06 1.53511e+06 1.49286e+06 1.48455e+06
1.53326e+06 1.50702e+06 1.4784e+06 1.52301e+06
1.5393e+06 1.50089e+06 1.47752e+06 1.49686e+06
1.52373e+06 1.49607e+06 1.49297e+06 1.51698e+06
1.56164e+06 1.50273e+06 1.443e+06 1.50843e+06
1.53044e+06 1.51276e+06 1.45398e+06 1.53364e+06
1.49686e+06 1.48095e+06 1.52405e+06 1.54497e+06
1.52884e+06 1.48232e+06 1.50822e+06 1.52797e+06
1.52307e+06 1.48163e+06 1.50512e+06 1.538e+06
1.50991e+06 1.52626e+06 1.49355e+06 1.49928e+06
1.53396e+06 1.53831e+06 1.46368e+06 1.51247e+06
1.52776e+06 1.47483e+06 1.45848e+06 1.55151e+06
1.52316e+06 1.52819e+06 1.47822e+06 1.51771e+06
1.51418e+06 1.48002e+06 1.50806e+06 1.53346e+06
1.49021e+06 1.50761e+06 1.46956e+06 1.57808e+06
1.53832e+06 1.53269e+06 1.47549e+06 1.52414e+06
1.51524e+06 1.52414e+06 1.50773e+06 1.51185e+06
1.49962e+06 1.53155e+06 1.48506e+06 1.51018e+06
1.52584e+06 1.4707e+06 1.48737e+06 1.55587e+06
1.56094e+06 1.50658e+06 1.41943e+06 1.53293e+06
1.53923e+06 1.47534e+06 1.47631e+06 1.53347e+06
1.52584e+06 1.4707e+06 1.48737e+06 1.55587e+06
1.51524e+06 1.52414e+06 1.50773e+06 1.51185e+06
1.54265e+06 1.49289e+06 1.50071e+06 1.50322e+06
1.49962e+06 1.53155e+06 1.48506e+06 1.51018e+06
1.54265e+06 1.49289e+06 1.50071e+06 1.50322e+06
1.51418e+06 1.48002e+06 1.50806e+06 1.53346e+06
1.52307e+06 1.48163e+06 1.50512e+06 1.538e+06
1.60006e+06 1.48323e+06 1.48744e+06 1.54858e+06
1.58658e+06 1.47732e+06 1.51331e+06 1.53228e+06
1.55718e+06 1.48008e+06 1.54419e+06 1.5208e+06
1.55437e+06 1.51564e+06 1.47058e+06 1.56687e+06
1.54547e+06 1.50401e+06 1.5191e+06 1.48048e+06
1.54145e+06 1.52532e+06 1.48278e+06 1.60093e+06
1.51352e+06 1.57124e+06 1.5329e+06 1.55524e+06
1.5031e+06 1.52888e+06 1.5312e+06 1.58132e+06
1.53589e+06 1.55269e+06 1.5104e+06 1.522e+06
1.54097e+06 1.53632e+06 1.48482e+06 1.5158e+06
1.51678e+06 1.5256e+06 1.53723e+06 1.55606e+06
1.53101e+06 1.49278e+06 1.5339e+06 1.50145e+06
1.50877e+06 1.51225e+06 1.49768e+06 1.57281e+06
1.57432e+06 1.48979e+06 1.48953e+06 1.5469e+06
1.59845e+06 1.5313e+06 1.49686e+06 1.51639e+06
1.56752e+06 1.48851e+06 1.54195e+06 1.53777e+06
1.5324e+06 1.5089e+06 1.49395e+06 1.52691e+06
1.5252e+06 1.51488e+06 1.48438e+06 1.54648e+06
1.55125e+06 1.49431e+06 1.50474e+06 1.53639e+06
1.54728e+06 1.50667e+06 1.50468e+06 1.50532e+06
1.55188e+06 1.52087e+06 1.5025e+06 1.51872e+06
1.5695e+06 1.49364e+06 1.50247e+06 1.5689e+06
1.55928e+06 1.47884e+06 1.53328e+06 1.54039e+06
1.556e+06 1.48245e+06 1.51171e+06 1.55256e+06
1.5492e+06 1.49016e+06 1.54322e+06 1.54068e+06
1.55045e+06 1.49093e+06 1.54263e+06 1.52559e+06
1.59938e+06 1.49706e+06 1.52776e+06 1.58576e+06
1.58572e+06 1.53741e+06 1.49305e+06 1.56148e+06
1.56238e+06 1.49358e+06 1.59971e+06 1.55794e+06
1.55616e+06 1.51795e+06 1.53442e+06 1.49506e+06
1.51572e+06 1.59034e+06 1.53793e+06 1.57614e+06
1.54286e+06 1.54387e+06 1.51418e+06 1.5287e+06
1.52782e+06 1.56257e+06 1.56334e+06 1.55253e+06
1.57395e+06 1.49942e+06 1.50601e+06 1.53725e+06
1.54799e+06 1.5155e+06 1.58836e+06 1.56274e+06
1.56432e+06 1.50539e+06 1.56307e+06 1.57773e+06
1.53138e+06 1.57285e+06 1.54934e+06 1.57216e+06
1.53451e+06 1.51879e+06 1.53086e+06 1.56856e+06
1.52869e+06 1.57628e+06 1.52312e+06 1.55761e+06
1.59029e+06 1.51402e+06 1.5185e+06 1.5342e+06
1.557e+06 1.51742e+06 1.5645e+06 1.56232e+06
1.59459e+06 1.52773e+06 1.50138e+06 1.55256e+06
1.5713e+06 1.49501e+06 1.53836e+06 1.56136e+06
1.55468e+06 1.53229e+06 1.52815e+06 1.56964e+06
1.5439e+06 1.57084e+06 1.49666e+06 1.52877e+06
1.56593e+06 1.51718e+06 1.52217e+06 1.53073e+06
1.55796e+06 1.5161e+06 1.50048e+06 1.5645e+06
1.55476e+06 1.52733e+06 1.53707e+06 1.55981e+06
1.54498e+06 1.53713e+06 1.51948e+06 1.56937e+06
1.62592e+06 1.5548e+06 1.50474e+06 1.59407e+06
1.624e+06 1.50694e+06 1.53023e+06 1.61339e+06
1.61853e+06 1.55269e+06 1.53512e+06 1.5059e+06
1.6123e+06 1.50206e+06 1.53776e+06 1.5865e+06
1.54416e+06 1.56766e+06 1.58012e+06 1.55802e+06
1.52891e+06 1.56759e+06 1.58827e+06 1.57837e+06
1.59776e+06 1.55133e+06 1.5665e+06 1.51262e+06
1.56117e+06 1.54556e+06 1.50863e+06 1.56714e+06
1.54706e+06 1.53322e+06 1.54789e+06 1.59855e+06
1.56197e+06 1.51624e+06 1.56953e+06 1.57569e+06
1.54451e+06 1.5508e+06 1.52533e+06 1.55798e+06
1.5646e+06 1.55924e+06 1.57473e+06 1.54998e+06
1.58887e+06 1.5447e+06 1.54169e+06 1.53071e+06
1.59355e+06 1.5091e+06 1.53244e+06 1.53789e+06
1.57859e+06 1.54393e+06 1.56208e+06 1.54538e+06
1.60935e+06 1.53238e+06 1.54253e+06 1.53325e+06
1.56943e+06 1.53722e+06 1.55054e+06 1.56119e+06
1.57639e+06 1.52498e+06 1.5437e+06 1.55019e+06
1.58471e+06 1.52834e+06 1.50856e+06 1.54106e+06
1.55974e+06 1.52058e+06 1.52567e+06 1.59169e+06
1.59075e+06 1.5182e+06 1.55345e+06 1.5564e+06
1.55401e+06 1.56368e+06 1.53949e+06 1.54066e+06
1.57428e+06 1.55863e+06 1.55953e+06 1.53492e+06
1.57439e+06 1.54243e+06 1.55698e+06 1.55766e+06
1.56023e+06 1.53584e+06 1.53982e+06 1.57873e+06
1.55407e+06 1.53979e+06 1.54966e+06 1.57728e+06
1.57417e+06 1.50904e+06 1.52943e+06 1.55896e+06
1.5838e+06 1.53653e+06 1.53692e+06 1.53286e+06
1.55911e+06 1.55315e+06 1.5436e+06 1.55382e+06
1.61131e+06 1.55471e+06 1.50562e+06 1.56101e+06
1.55699e+06 1.56271e+06 1.53901e+06 1.55011e+06
1.55737e+06 1.51923e+06 1.53829e+06 1.59507e+06
1.64068e+06 1.54432e+06 1.56777e+06 1.53416e+06
1.60311e+06 1.53236e+06 1.51242e+06 1.57663e+06
1.59666e+06 1.51138e+06 1.56462e+06 1.6193e+06
1.59196e+06 1.56272e+06 1.57393e+06 1.53186e+06
1.57246e+06 1.58565e+06 1.61948e+06 1.55721e+06
1.55424e+06 1.56723e+06 1.54653e+06 1.57057e+06
1.61248e+06 1.53309e+06 1.57186e+06 1.53889e+06
1.63892e+06 1.51932e+06 1.56324e+06 1.53934e+06
1.59502e+06 1.55992e+06 1.59912e+06 1.53914e+06
1.59521e+06 1.52014e+06 1.53253e+06 1.54997e+06
1.57054e+06 1.56319e+06 1.52803e+06 1.59702e+06
1.57547e+06 1.54986e+06 1.55952e+06 1.61619e+06
1.5675e+06 1.55323e+06 1.56524e+06 1.60395e+06
1.56654e+06 1.55413e+06 1.58219e+06 1.56368e+06
1.60208e+06 1.53787e+06 1.5146e+06 1.56484e+06
1.5782e+06 1.53032e+06 1.55023e+06 1.5835e+06
1.60312e+06 1.53695e+06 1.56969e+06 1.54327e+06
1.58639e+06 1.53351e+06 1.54378e+06 1.54542e+06
1.55908e+06 1.56033e+06 1.52964e+06 1.58149e+06
1.57954e+06 1.51514e+06 1.55642e+06 1.57123e+06
1.57359e+06 1.56021e+06 1.56387e+06 1.58421e+06
1.58776e+06 1.55293e+06 1.52759e+06 1.57055e+06
1.56493e+06 1.54026e+06 1.55364e+06 1.61649e+06
1.60271e+06 1.51396e+06 1.53876e+06 1.5697e+06
1.55513e+06 1.55217e+06 1.57815e+06 1.56675e+06
1.58344e+06 1.541e+06 1.55984e+06 1.57031e+06
1.58112e+06 1.55885e+06 1.53072e+06 1.56268e+06
1.58147e+06 1.55701e+06 1.55332e+06 1.56882e+06
1.57674e+06 1.55724e+06 1.5783e+06 1.56288e+06
1.58214e+06 1.55715e+06 1.56325e+06 1.55965e+06
1.63145e+06 1.57468e+06 1.57297e+06 1.55731e+06
1.60824e+06 1.59292e+06 1.5307e+06 1.62e+06
1.59496e+06 1.5922e+06 1.59618e+06 1.5395e+06
1.58635e+06 1.51816e+06 1.5662e+06 1.60214e+06
1.58115e+06 1.54164e+06 1.57606e+06 1.65128e+06
1.57324e+06 1.56303e+06 1.58755e+06 1.58385e+06
1.62344e+06 1.54262e+06 1.53167e+06 1.59521e+06
1.60544e+06 1.57926e+06 1.54616e+06 1.56429e+06
1.58179e+06 1.56443e+06 1.55333e+06 1.61758e+06
1.59165e+06 1.59041e+06 1.55893e+06 1.56083e+06
1.58821e+06 1.55173e+06 1.55852e+06 1.59431e+06
1.62817e+06 1.52685e+06 1.57406e+06 1.59822e+06
1.59659e+06 1.54242e+06 1.59246e+06 1.54906e+06
1.59284e+06 1.55692e+06 1.54881e+06 1.57808e+06
1.57689e+06 1.59066e+06 1.57192e+06 1.58601e+06
1.58588e+06 1.52769e+06 1.58152e+06 1.58492e+06
1.60179e+06 1.55313e+06 1.55213e+06 1.57366e+06
1.57969e+06 1.57403e+06 1.5738e+06 1.5715e+06
1.59118e+06 1.55976e+06 1.57761e+06 1.56952e+06
1.60696e+06 1.53306e+06 1.58116e+06 1.55066e+06
1.592e+06 1.57764e+06 1.55715e+06 1.55266e+06
1.59906e+06 1.5377e+06 1.5513e+06 1.59876e+06
1.60676e+06 1.53831e+06 1.572e+06 1.56825e+06
1.6066e+06 1.5373e+06 1.57383e+06 1.55117e+06
1.62095e+06 1.55716e+06 1.57843e+06 1.5641e+06
1.60054e+06 1.55941e+06 1.6132e+06 1.55251e+06
1.59992e+06 1.5779e+06 1.57189e+06 1.55534e+06
1.59902e+06 1.61902e+06 1.60478e+06 1.57426e+06
1.5946e+06 1.5419e+06 1.58455e+06 1.59375e+06
1.59327e+06 1.58416e+06 1.60218e+06 1.5772e+06
1.61746e+06 1.56838e+06 1.59775e+06 1.58163e+06
1.5973e+06 1.42178e+06 1.49675e+06 1.50532e+06
1.56961e+06 1.40281e+06 1.53042e+06 1.49731e+06
1.56478e+06 1.40855e+06 1.57273e+06 1.54063e+06
1.54695e+06 1.55207e+06 1.41606e+06 1.53002e+06
1.54433e+06 1.55406e+06 1.47307e+06 1.46755e+06
1.52574e+06 1.42882e+06 1.50324e+06 1.57799e+06
1.51681e+06 1.48935e+06 1.51729e+06 1.42738e+06
1.43028e+06 1.49684e+06 1.45641e+06 1.50454e+06
1.53074e+06 1.53401e+06 1.48012e+06 1.45704e+06
1.51681e+06 1.48935e+06 1.51729e+06 1.42738e+06
1.50741e+06 1.42583e+06 1.56624e+06 1.56446e+06
1.48666e+06 1.4485e+06 1.55053e+06 1.52171e+06
1.55544e+06 1.41332e+06 1.5457e+06 1.56315e+06
1.56393e+06 1.46786e+06 1.53428e+06 1.4661e+06
1.55879e+06 1.51557e+06 1.42783e+06 1.48864e+06
1.57765e+06 1.42576e+06 1.51211e+06 1.51819e+06
1.49561e+06 1.52384e+06 1.44978e+06 1.50642e+06
1.58838e+06 1.42452e+06 1.50734e+06 1.52291e+06
1.49738e+06 1.54495e+06 1.4358e+06 1.54672e+06
1.50788e+06 1.53815e+06 1.44686e+06 1.51574e+06
1.56961e+06 1.40281e+06 1.53042e+06 1.49731e+06
1.5023e+06 1.55398e+06 1.42054e+06 1.5522e+06
1.56266e+06 1.41661e+06 1.50418e+06 1.54924e+06
1.58798e+06 1.42532e+06 1.51975e+06 1.49301e+06
1.5973e+06 1.42178e+06 1.49675e+06 1.50532e+06
1.53792e+06 1.44104e+06 1.48001e+06 1.55238e+06
1.52266e+06 1.42849e+06 1.54709e+06 1.52584e+06
1.55396e+06 1.42819e+06 1.51303e+06 1.56085e+06
1.4896e+06 1.54203e+06 1.45572e+06 1.52282e+06
1.47024e+06 1.45013e+06 1.48232e+06 1.5217e+06
1.56846e+06 1.42668e+06 1.49671e+06 1.5688e+06
1.48223e+06 1.52698e+06 1.48359e+06 1.49155e+06
1.51526e+06 1.54797e+06 1.44252e+06 1.53254e+06
1.55944e+06 1.50899e+06 1.47127e+06 1.47803e+06
1.43028e+06 1.49684e+06 1.45641e+06 1.50454e+06
1.50089e+06 1.44004e+06 1.49129e+06 1.51815e+06
1.49349e+06 1.50086e+06 1.47489e+06 1.49436e+06
1.48131e+06 1.46685e+06 1.4801e+06 1.5746e+06
1.5207e+06 1.5433e+06 1.42229e+06 1.50927e+06
1.43846e+06 1.4687e+06 1.50938e+06 1.54901e+06
1.46912e+06 1.47608e+06 1.47371e+06 1.57677e+06
1.47377e+06 1.47979e+06 1.48513e+06 1.50126e+06
1.53448e+06 1.44317e+06 1.4845e+06 1.53856e+06
1.48332e+06 1.51944e+06 1.52448e+06 1.47116e+06
1.50022e+06 1.53102e+06 1.44763e+06 1.54737e+06
1.54405e+06 1.48695e+06 1.52952e+06 1.45772e+06
1.4451e+06 1.49146e+06 1.50452e+06 1.52459e+06
1.52023e+06 1.51059e+06 1.44982e+06 1.50709e+06
1.57531e+06 1.48997e+06 1.45268e+06 1.49299e+06
1.54128e+06 1.45257e+06 1.44365e+06 1.51889e+06
1.5143e+06 1.46921e+06 1.45233e+06 1.51395e+06
1.53537e+06 1.50571e+06 1.48448e+06 1.46515e+06
1.49956e+06 1.4938e+06 1.45394e+06 1.52257e+06
1.48049e+06 1.45362e+06 1.48065e+06 1.55717e+06
1.44874e+06 1.47443e+06 1.52055e+06 1.51789e+06
1.49748e+06 1.48664e+06 1.472e+06 1.48359e+06
1.56109e+06 1.47315e+06 1.48655e+06 1.47493e+06
1.55921e+06 1.48913e+06 1.49337e+06 1.46259e+06
1.51096e+06 1.49633e+06 1.48822e+06 1.45745e+06
1.50947e+06 1.47878e+06 1.4451e+06 1.53056e+06
1.56514e+06 1.4196e+06 1.49808e+06 1.54112e+06
1.51849e+06 1.54713e+06 1.4321e+06 1.53954e+06
1.47637e+06 1.4934e+06 1.46243e+06 1.53116e+06
1.46305e+06 1.47787e+06 1.50899e+06 1.49838e+06
1.48666e+06 1.50048e+06 1.4403e+06 1.55654e+06
1.55819e+06 1.53596e+06 1.43767e+06 1.51867e+06
1.48408e+06 1.45858e+06 1.52449e+06 1.48608e+06
1.55931e+06 1.48578e+06 1.45988e+06 1.49136e+06
1.56846e+06 1.42668e+06 1.49671e+06 1.5688e+06
1.50394e+06 1.49164e+06 1.52295e+06 1.46828e+06
1.51465e+06 1.41434e+06 1.51597e+06 1.52701e+06
1.54695e+06 1.55207e+06 1.41606e+06 1.53002e+06
1.50181e+06 1.43502e+06 1.48823e+06 1.47934e+06
1.53989e+06 1.49749e+06 1.4261e+06 1.52573e+06
1.52673e+06 1.43366e+06 1.51081e+06 1.51946e+06
1.5062e+06 1.48473e+06 1.46767e+06 1.51051e+06
1.49397e+06 1.47319e+06 1.4609e+06 1.54378e+06
1.48272e+06 1.46402e+06 1.49304e+06 1.47393e+06
1.45558e+06 1.4865e+06 1.50952e+06 1.53976e+06
1.53192e+06 1.47131e+06 1.51969e+06 1.45965e+06
1.50134e+06 1.4456e+06 1.51611e+06 1.50988e+06
1.51574e+06 1.48892e+06 1.43955e+06 1.5282e+06
1.43846e+06 1.4687e+06 1.50938e+06 1.54901e+06
1.56876e+06 1.51812e+06 1.45168e+06 1.48086e+06
1.57121e+06 1.42326e+06 1.51484e+06 1.5351e+06
1.51973e+06 1.46567e+06 1.46526e+06 1.52874e+06
1.53865e+06 1.52913e+06 1.47158e+06 1.47922e+06
1.54281e+06 1.45664e+06 1.4687e+06 1.51625e+06
1.51028e+06 1.50034e+06 1.42757e+06 1.57632e+06
1.45658e+06 1.49214e+06 1.50677e+06 1.52111e+06
1.55509e+06 1.53583e+06 1.43843e+06 1.52022e+06
1.51804e+06 1.45806e+06 1.47612e+06 1.52946e+06
1.46198e+06 1.51035e+06 1.52082e+06 1.49972e+06
1.53192e+06 1.47131e+06 1.51969e+06 1.45965e+06
1.55288e+06 1.41345e+06 1.52966e+06 1.5339e+06
1.4451e+06 1.49146e+06 1.50452e+06 1.52459e+06
1.4852e+06 1.51695e+06 1.42688e+06 1.54828e+06
1.52574e+06 1.42882e+06 1.50324e+06 1.57799e+06
1.47664e+06 1.46682e+06 1.49925e+06 1.50928e+06
1.55667e+06 1.42792e+06 1.51109e+06 1.53581e+06
1.53964e+06 1.45816e+06 1.48964e+06 1.47229e+06
1.47485e+06 1.44249e+06 1.50118e+06 1.52518e+06
1.52827e+06 1.42537e+06 1.5264e+06 1.50624e+06
1.50125e+06 1.46523e+06 1.51469e+06 1.46884e+06
1.50488e+06 1.47307e+06 1.46946e+06 1.54722e+06
1.49337e+06 1.45449e+06 1.50671e+06 1.51031e+06
1.4648e+06 1.49014e+06 1.45819e+06 1.54773e+06
1.50652e+06 1.47785e+06 1.46702e+06 1.48794e+06
1.48137e+06 1.4819e+06 1.47422e+06 1.51306e+06
1.55641e+06 1.45489e+06 1.47842e+06 1.49586e+06
1.519e+06 1.44825e+06 1.48225e+06 1.53715e+06
1.53092e+06 1.44747e+06 1.4583e+06 1.52228e+06
1.54845e+06 1.49052e+06 1.5042e+06 1.47116e+06
1.50197e+06 1.49838e+06 1.48124e+06 1.46865e+06
1.52646e+06 1.4608e+06 1.46851e+06 1.52209e+06
1.54906e+06 1.45816e+06 1.4842e+06 1.49318e+06
1.56514e+06 1.4196e+06 1.49808e+06 1.54112e+06
1.44874e+06 1.47443e+06 1.52055e+06 1.51789e+06
1.51849e+06 1.54713e+06 1.4321e+06 1.53954e+06
1.54749e+06 1.43097e+06 1.50125e+06 1.50218e+06
1.47537e+06 1.47929e+06 1.48854e+06 1.47187e+06
1.46675e+06 1.47314e+06 1.49486e+06 1.51181e+06
1.49064e+06 1.46187e+06 1.50137e+06 1.50424e+06
1.49728e+06 1.45797e+06 1.4925e+06 1.47927e+06
1.46198e+06 1.51035e+06 1.52082e+06 1.49972e+06
1.47913e+06 1.48051e+06 1.4659e+06 1.53147e+06
1.49385e+06 1.45895e+06 1.4742e+06 1.51751e+06
1.45835e+06 1.4738e+06 1.51172e+06 1.50902e+06
1.4916e+06 1.5069e+06 1.45136e+06 1.4874e+06
1.53537e+06 1.50571e+06 1.48448e+06 1.46515e+06
1.50262e+06 1.4479e+06 1.48719e+06 1.51925e+06
1.55143e+06 1.5167e+06 1.45066e+06 1.50368e+06
1.55446e+06 1.48901e+06 1.44057e+06 1.50342e+06
1.52125e+06 1.47353e+06 1.44204e+06 1.50424e+06
1.55559e+06 1.45481e+06 1.47029e+06 1.51112e+06
1.49415e+06 1.47026e+06 1.47881e+06 1.48167e+06
1.57121e+06 1.42326e+06 1.51484e+06 1.5351e+06
1.54029e+06 1.46453e+06 1.46899e+06 1.51644e+06
1.53837e+06 1.43492e+06 1.48598e+06 1.47842e+06
1.4916e+06 1.5069e+06 1.45136e+06 1.4874e+06
1.50171e+06 1.4935e+06 1.45309e+06 1.50832e+06
1.51078e+06 1.48907e+06 1.4574e+06 1.49531e+06
1.46675e+06 1.47314e+06 1.49486e+06 1.51181e+06
1.47913e+06 1.48051e+06 1.4659e+06 1.53147e+06
1.52827e+06 1.42537e+06 1.5264e+06 1.50624e+06
1.56356e+06 1.41377e+06 1.50762e+06 1.53969e+06
1.54749e+06 1.43097e+06 1.50125e+06 1.50218e+06
1.50058e+06 1.45506e+06 1.47854e+06 1.52889e+06
1.53856e+06 1.43404e+06 1.49998e+06 1.54257e+06
1.48441e+06 1.4734e+06 1.46748e+06 1.51274e+06
1.45835e+06 1.4738e+06 1.51172e+06 1.50902e+06
1.45558e+06 1.4865e+06 1.50952e+06 1.53976e+06
1.48795e+06 1.4818e+06 1.46899e+06 1.50564e+06
1.49433e+06 1.45352e+06 1.48229e+06 1.54064e+06
1.55143e+06 1.5167e+06 1.45066e+06 1.50368e+06
1.53856e+06 1.43404e+06 1.49998e+06 1.54257e+06
1.49064e+06 1.46187e+06 1.50137e+06 1.50424e+06
1.49415e+06 1.47026e+06 1.47881e+06 1.48167e+06
1.48795e+06 1.4818e+06 1.46899e+06 1.50564e+06
1.56961e+06 1.40281e+06 1.53042e+06 1.49731e+06
1.55143e+06 1.5167e+06 1.45066e+06 1.50368e+06
1.47913e+06 1.48051e+06 1.4659e+06 1.53147e+06
1.46198e+06 1.51035e+06 1.52082e+06 1.49972e+06
1.4451e+06 1.49146e+06 1.50452e+06 1.52459e+06
1.60175e+06 1.42645e+06 1.5211e+06 1.51512e+06
1.54339e+06 1.55755e+06 1.44593e+06 1.50605e+06
1.52947e+06 1.5071e+06 1.52767e+06 1.46072e+06
1.52729e+06 1.43531e+06 1.56701e+06 1.49628e+06
1.51513e+06 1.52282e+06 1.43586e+06 1.55503e+06
1.48435e+06 1.49755e+06 1.56284e+06 1.5595e+06
1.47417e+06 1.51119e+06 1.50987e+06 1.54305e+06
1.57168e+06 1.45911e+06 1.51942e+06 1.47832e+06
1.5446e+06 1.53906e+06 1.44647e+06 1.51085e+06
1.56277e+06 1.45538e+06 1.50636e+06 1.53197e+06
1.50684e+06 1.49401e+06 1.55549e+06 1.47282e+06
1.50687e+06 1.47266e+06 1.54211e+06 1.51438e+06
1.55152e+06 1.47074e+06 1.46811e+06 1.53776e+06
1.54555e+06 1.50963e+06 1.51359e+06 1.47004e+06
1.50412e+06 1.43853e+06 1.50995e+06 1.53656e+06
1.50896e+06 1.48317e+06 1.48422e+06 1.54868e+06
1.49282e+06 1.49763e+06 1.48932e+06 1.55664e+06
1.52132e+06 1.50759e+06 1.44971e+06 1.52022e+06
1.52972e+06 1.52888e+06 1.48017e+06 1.48364e+06
1.53832e+06 1.48179e+06 1.46431e+06 1.52429e+06
1.54339e+06 1.55755e+06 1.44593e+06 1.50605e+06
1.53689e+06 1.51973e+06 1.44535e+06 1.51596e+06
1.52496e+06 1.43048e+06 1.53357e+06 1.53353e+06
1.50116e+06 1.4923e+06 1.53336e+06 1.49803e+06
1.52572e+06 1.45537e+06 1.50785e+06 1.55502e+06
1.51316e+06 1.50615e+06 1.45402e+06 1.5326e+06
1.5336e+06 1.47618e+06 1.49436e+06 1.5278e+06
1.49704e+06 1.48544e+06 1.50368e+06 1.52571e+06
1.52786e+06 1.46586e+06 1.49524e+06 1.48965e+06
1.50723e+06 1.49579e+06 1.50067e+06 1.48852e+06
1.48603e+06 1.49633e+06 1.52948e+06 1.52134e+06
1.55017e+06 1.50258e+06 1.47267e+06 1.51187e+06
1.53258e+06 1.5121e+06 1.52462e+06 1.47728e+06
1.53183e+06 1.46228e+06 1.49768e+06 1.55486e+06
1.54695e+06 1.46454e+06 1.48712e+06 1.48153e+06
1.52831e+06 1.51828e+06 1.47424e+06 1.50486e+06
1.53964e+06 1.4618e+06 1.48637e+06 1.50092e+06
1.51528e+06 1.49388e+06 1.47158e+06 1.5263e+06
1.53846e+06 1.52589e+06 1.52257e+06 1.48378e+06
1.54066e+06 1.50495e+06 1.45184e+06 1.51007e+06
1.52688e+06 1.50354e+06 1.4681e+06 1.50863e+06
1.52829e+06 1.48833e+06 1.48496e+06 1.52162e+06
1.53237e+06 1.52694e+06 1.48901e+06 1.47567e+06
1.50464e+06 1.47874e+06 1.48503e+06 1.53536e+06
1.53813e+06 1.48381e+06 1.47727e+06 1.53276e+06
1.53624e+06 1.46403e+06 1.49792e+06 1.50444e+06
1.5319e+06 1.52415e+06 1.47182e+06 1.50389e+06
1.5253e+06 1.47724e+06 1.51992e+06 1.53387e+06
1.54636e+06 1.49758e+06 1.48522e+06 1.50455e+06
1.6174e+06 1.46095e+06 1.53629e+06 1.53477e+06
1.56153e+06 1.55572e+06 1.46652e+06 1.53239e+06
1.55812e+06 1.4326e+06 1.54337e+06 1.56807e+06
1.54118e+06 1.55616e+06 1.4861e+06 1.49256e+06
1.53905e+06 1.51036e+06 1.53003e+06 1.48488e+06
1.53026e+06 1.48065e+06 1.55258e+06 1.49397e+06
1.4873e+06 1.5314e+06 1.54731e+06 1.52649e+06
1.49637e+06 1.53478e+06 1.50269e+06 1.56052e+06
1.58801e+06 1.45982e+06 1.54949e+06 1.5029e+06
1.58886e+06 1.49517e+06 1.49085e+06 1.51068e+06
1.55665e+06 1.4793e+06 1.51918e+06 1.4958e+06
1.51644e+06 1.52196e+06 1.53413e+06 1.48906e+06
1.51353e+06 1.46174e+06 1.52862e+06 1.56251e+06
1.58254e+06 1.51579e+06 1.48483e+06 1.5165e+06
1.51719e+06 1.46473e+06 1.51288e+06 1.54892e+06
1.5698e+06 1.49132e+06 1.48237e+06 1.53492e+06
1.53417e+06 1.47426e+06 1.53856e+06 1.52248e+06
1.50645e+06 1.49924e+06 1.48687e+06 1.53854e+06
1.54028e+06 1.50775e+06 1.4732e+06 1.54052e+06
1.53593e+06 1.53261e+06 1.48376e+06 1.55462e+06
1.50848e+06 1.48816e+06 1.51014e+06 1.52867e+06
1.55036e+06 1.47463e+06 1.48949e+06 1.54597e+06
1.53516e+06 1.48024e+06 1.49712e+06 1.50217e+06
1.52787e+06 1.50603e+06 1.49248e+06 1.50982e+06
1.5458e+06 1.51799e+06 1.49055e+06 1.51646e+06
1.54177e+06 1.50134e+06 1.47795e+06 1.54819e+06
1.55492e+06 1.47206e+06 1.50543e+06 1.54283e+06
1.53439e+06 1.48746e+06 1.50155e+06 1.51237e+06
1.54278e+06 1.47556e+06 1.49133e+06 1.56395e+06
1.53657e+06 1.50367e+06 1.48536e+06 1.55127e+06
1.52888e+06 1.49298e+06 1.50755e+06 1.50943e+06
1.57519e+06 1.46793e+06 1.50592e+06 1.52971e+06
1.54301e+06 1.48972e+06 1.47067e+06 1.53738e+06
1.55536e+06 1.50332e+06 1.49322e+06 1.50579e+06
1.55945e+06 1.46567e+06 1.53861e+06 1.53779e+06
1.55592e+06 1.5345e+06 1.47988e+06 1.53729e+06
1.5576e+06 1.48995e+06 1.4969e+06 1.48704e+06
1.57565e+06 1.46417e+06 1.50167e+06 1.52965e+06
1.55509e+06 1.47491e+06 1.51684e+06 1.53004e+06
1.57543e+06 1.51741e+06 1.48819e+06 1.50596e+06
1.53464e+06 1.49318e+06 1.51768e+06 1.49191e+06
1.54064e+06 1.4843e+06 1.48702e+06 1.53448e+06
1.55442e+06 1.5103e+06 1.48703e+06 1.51166e+06
1.56027e+06 1.47361e+06 1.50249e+06 1.4877e+06
1.59687e+06 1.48249e+06 1.5171e+06 1.50136e+06
1.56455e+06 1.47701e+06 1.54712e+06 1.54326e+06
1.55634e+06 1.50037e+06 1.48565e+06 1.56549e+06
1.54667e+06 1.46932e+06 1.54512e+06 1.57432e+06
1.53111e+06 1.55136e+06 1.50645e+06 1.52544e+06
1.51297e+06 1.53829e+06 1.51161e+06 1.58126e+06
1.50698e+06 1.50725e+06 1.53189e+06 1.54846e+06
1.52546e+06 1.53635e+06 1.52709e+06 1.54137e+06
1.58752e+06 1.48055e+06 1.51137e+06 1.54605e+06
1.53096e+06 1.52998e+06 1.52905e+06 1.51308e+06
1.56618e+06 1.47652e+06 1.52255e+06 1.50477e+06
1.53905e+06 1.49931e+06 1.49707e+06 1.55759e+06
1.51184e+06 1.51345e+06 1.51637e+06 1.55983e+06
1.5289e+06 1.52742e+06 1.52079e+06 1.5458e+06
1.54885e+06 1.47833e+06 1.54241e+06 1.53039e+06
1.53981e+06 1.48846e+06 1.50405e+06 1.55341e+06
1.5483e+06 1.51155e+06 1.50099e+06 1.53325e+06
1.54096e+06 1.49473e+06 1.51632e+06 1.55117e+06
1.55863e+06 1.4726e+06 1.54301e+06 1.54424e+06
1.54933e+06 1.52799e+06 1.50125e+06 1.52541e+06
1.55066e+06 1.48138e+06 1.49721e+06 1.50879e+06
1.55563e+06 1.47838e+06 1.50214e+06 1.57011e+06
1.55504e+06 1.49081e+06 1.52287e+06 1.5049e+06
1.53969e+06 1.49893e+06 1.51266e+06 1.5051e+06
1.52959e+06 1.49583e+06 1.51214e+06 1.53102e+06
1.54879e+06 1.49076e+06 1.49901e+06 1.54463e+06
1.60734e+06 1.48294e+06 1.52904e+06 1.51743e+06
1.54927e+06 1.51197e+06 1.50225e+06 1.54033e+06
1.54485e+06 1.50436e+06 1.51383e+06 1.56528e+06
1.54464e+06 1.54589e+06 1.51557e+06 1.50773e+06
1.54079e+06 1.51492e+06 1.54376e+06 1.50685e+06
1.57014e+06 1.52152e+06 1.50475e+06 1.52525e+06
1.55809e+06 1.48502e+06 1.54113e+06 1.54107e+06
1.56413e+06 1.49005e+06 1.53277e+06 1.51492e+06
1.58677e+06 1.51936e+06 1.50419e+06 1.52074e+06
1.55203e+06 1.50194e+06 1.52366e+06 1.52624e+06
1.56717e+06 1.48559e+06 1.50398e+06 1.53022e+06
1.55634e+06 1.51582e+06 1.51771e+06 1.519e+06
1.5645e+06 1.51967e+06 1.52134e+06 1.51536e+06
1.56646e+06 1.48399e+06 1.51467e+06 1.5237e+06
1.57773e+06 1.51998e+06 1.52957e+06 1.55574e+06
1.56535e+06 1.51558e+06 1.52396e+06 1.57432e+06
1.56036e+06 1.50576e+06 1.53366e+06 1.53083e+06
