20704 106.531
288536 330872 335945
288536 330872 335945
340295 284428 326757
288536 330872 335945
322437 327535 266362
344186 302193 275871
325898 312861 275424
329866 289089 294743
329390 323015 271419
340295 284428 326757
288536 330872 335945
313075 295151 308861
334984 298503 290663
290313 287284 313082
289202 331441 319742
288536 330872 335945
311414 302318 302339
336547 292765 288321
289873 324266 315921
344186 302193 275871
296230 310058 298768
293083 296761 311698
329390 323015 271419
312258 319005 280065
301450 301548 310090
336547 292765 288321
305666 325039 276687
300881 314587 293077
314679 299386 299378
317236 294439 293902
323769 300610 285929
313162 318004 286010
322437 327535 266362
314294 306760 276246
305221 327662 291251
340295 284428 326757
293083 296761 311698
309021 309417 286398
311414 302318 302339
340295 284428 326757
293361 328946 291686
299764 327976 287949
327105 288057 311962
305666 325039 276687
297828 307663 297027
320225 293529 298848
317236 294439 293902
322437 327535 266362
328339 304190 281888
293361 328946 291686
296230 310058 298768
334984 298503 290663
306909 308436 288081
289202 331441 319742
308491 304632 291608
300445 327867 284080
329390 323015 271419
297828 307663 297027
340295 284428 326757
313162 318004 286010
297828 307663 297027
300445 327867 284080
340295 284428 326757
300881 314587 293077
329581 299782 279315
334984 298503 290663
328339 304190 281888
312696 307082 290206
297828 307663 297027
299764 327976 287949
314679 299386 299378
317236 294439 293902
320225 293529 298848
297828 307663 297027
313075 295151 308861
312229 300725 301537
312258 319005 280065
334984 298503 290663
329390 323015 271419
321060 288858 296134
306909 308436 288081
308491 304632 291608
334984 298503 290663
327105 288057 311962
328680 294482 293158
320225 293529 298848
312258 319005 280065
296230 310058 298768
305663 309337 289137
308832 303181 310084
322437 327535 266362
340295 284428 326757
289202 331441 319742
288536 330872 335945
289202 331441 319742
314679 299386 299378
293361 328946 291686
312696 307082 290206
299764 327976 287949
308832 303181 310084
308832 303181 310084
311414 302318 302339
313075 295151 308861
308832 303181 310084
334984 298503 290663
289873 324266 315921
320225 293529 298848
314294 306760 276246
293361 328946 291686
323982 299392 292713
314294 306760 276246
317236 294439 293902
293361 328946 291686
289873 324266 315921
311414 302318 302339
308491 304632 291608
296230 310058 298768
300881 314587 293077
305221 327662 291251
305221 327662 291251
334984 298503 290663
329581 299782 279315
328680 294482 293158
305221 327662 291251
290313 287284 313082
309021 309417 286398
314294 306760 276246
311414 302318 302339
314294 306760 276246
334984 298503 290663
314679 299386 299378
313162 318004 286010
293361 328946 291686
323982 299392 292713
314679 299386 299378
329581 299782 279315
329866 289089 294743
296230 310058 298768
323982 299392 292713
322437 327535 266362
299764 327976 287949
297828 307663 297027
308832 303181 310084
313162 318004 286010
314679 299386 299378
322437 327535 266362
311414 302318 302339
313162 318004 286010
340295 284428 326757
290313 287284 313082
313075 295151 308861
340295 284428 326757
322437 327535 266362
288536 330872 335945
314294 306760 276246
313162 318004 286010
340295 284428 326757
329866 289089 294743
329390 323015 271419
329390 323015 271419
289873 324266 315921
288536 330872 335945
296230 310058 298768
300881 314587 293077
313162 318004 286010
323982 299392 292713
329390 323015 271419
309021 309417 286398
289873 324266 315921
311414 302318 302339
311414 302318 302339
290313 287284 313082
320225 293529 298848
336547 292765 288321
312258 319005 280065
296230 310058 298768
311414 302318 302339
308832 303181 310084
340295 284428 326757
344186 302193 275871
297828 307663 297027
314679 299386 299378
328339 304190 281888
308832 303181 310084
293361 328946 291686
336547 292765 288321
313075 295151 308861
321060 288858 296134
340295 284428 326757
313075 295151 308861
299764 327976 287949
311414 302318 302339
328339 304190 281888
288536 330872 335945
317236 294439 293902
288536 330872 335945
322437 327535 266362
344186 302193 275871
312258 319005 280065
313075 295151 308861
312258 319005 280065
322437 327535 266362
308832 303181 310084
289202 331441 319742
312229 300725 301537
312258 319005 280065
329390 323015 271419
321060 288858 296134
306909 308436 288081
328680 294482 293158
320225 293529 298848
312258 319005 280065
305663 309337 289137
308832 303181 310084
340295 284428 326757
288536 330872 335945
297828 307663 297027
312696 307082 290206
299764 327976 287949
308832 303181 310084
311414 302318 302339
313075 295151 308861
334984 298503 290663
320225 293529 298848
314294 306760 276246
293361 328946 291686
314294 306760 276246
317236 294439 293902
323769 300610 285929
329390 323015 271419
313075 295151 308861
290313 287284 313082
288536 330872 335945
311414 302318 302339
336547 292765 288321
289873 324266 315921
296230 310058 298768
301450 301548 310090
305666 325039 276687
300881 314587 293077
293361 328946 291686
322437 327535 266362
305221 327662 291251
325898 312861 275424
293083 296761 311698
311414 302318 302339
299764 327976 287949
308491 304632 291608
300445 327867 284080
297828 307663 297027
300881 314587 293077
312696 307082 290206
297828 307663 297027
340295 284428 326757
329866 289089 294743
289873 324266 315921
300881 314587 293077
329390 323015 271419
289873 324266 315921
311414 302318 302339
311414 302318 302339
296230 310058 298768
311414 302318 302339
308832 303181 310084
340295 284428 326757
329866 289089 294743
293361 328946 291686
336547 292765 288321
340295 284428 326757
313075 295151 308861
299764 327976 287949
328339 304190 281888
288536 330872 335945
288536 330872 335945
322437 327535 266362
312258 319005 280065
313075 295151 308861
296230 310058 298768
296230 310058 298768
300881 314587 293077
305221 327662 291251
305221 327662 291251
328680 294482 293158
305221 327662 291251
290313 287284 313082
313162 318004 286010
314679 299386 299378
329581 299782 279315
329866 289089 294743
312258 319005 280065
323982 299392 292713
299764 327976 287949
297828 307663 297027
308832 303181 310084
314679 299386 299378
322437 327535 266362
313162 318004 286010
340295 284428 326757
290313 287284 313082
340295 284428 326757
