5632 1624.04
78750 132840
95438 97203
105049 88818
85828 79253
108017 92795
96583 97817
82533 84482
98398 95934
84438 116425
107302 141200
102778 126239
93945 107398
84043 106087
127652 103676
73044 88974
102873 90035
138505 108998
78635 92683
104974 125907
101775 118189
84744 116731
80501 90086
94438 93192
85982 112803
141718 149290
117788 149193
137873 129043
128794 93063
103467 149474
97557 135816
106465 120739
100643 152345
70811 88228
85970 109658
85464 105904
128041 112054
105316 149723
84919 100354
74999 114915
75932 95692
85206 107958
119624 110224
82232 94510
86508 91333
91971 117613
76887 85576
67383 90970
98399 149643
69520 94324
76163 105291
97439 94116
90952 96311
80496 113473
95511 114918
114106 128322
83022 117124
100400 143022
98961 105275
101917 99155
107928 118264
97408 137726
101906 136919
69080 112555
70751 101224
89506 106258
72238 93833
84330 99629
100690 146916
116365 80906
91283 130240
94398 123967
79720 103844
86156 90759
127750 137756
86329 101154
102216 116635
111057 108243
86450 92123
102651 143834
80299 117945
112924 127026
124307 101890
86384 132513
139241 91864
92357 99523
143788 101145
122675 89623
78680 92136
86789 110481
95555 110100
90990 95643
107939 149442
126230 123153
106520 121415
75290 133033
94658 114365
71229 109635
107511 81806
93620 119163
84152 118603
98815 152669
100772 115121
98433 139498
116650 133530
92832 117943
88735 113400
86936 94803
90638 95140
133658 147768
81353 104754
111741 110556
153762 111877
115125 124185
123787 101311
88725 110347
87511 86461
84059 104876
102589 118034
95266 132255
110559 75275
87012 102794
162707 146313
92147 121846
80180 124036
86395 86100
102094 105424
123206 99369
130405 112466
101680 132511
87568 110502
91120 100531
118499 89619
106383 143446
128338 161950
128004 102100
135386 94154
116965 156593
144286 142347
91807 97292
115088 146687
104450 109655
88547 97164
98976 94167
94406 91172
98153 104365
121301 124584
86058 94450
143305 132968
114489 92239
112240 139344
78147 101576
89578 118357
104274 139507
136076 126934
83050 109301
106041 149963
107540 125070
93977 110460
111985 121525
74132 101487
85414 121875
158892 108586
101490 122586
75284 101924
82509 99573
65635 124235
121525 104416
99965 99457
113189 97987
71308 122940
106727 99972
80413 86272
72170 109043
98058 89848
91027 131918
136968 111532
75434 92970
105518 129040
106188 96233
115918 92557
100132 116077
78355 118866
122603 120469
98597 154131
101647 88955
86590 114378
115863 131240
81698 92800
128678 119422
92162 135551
82612 136577
105869 146929
88347 100323
124109 136988
97907 76798
119756 93348
104376 104656
91196 86102
136749 153218
103092 115897
78576 116866
120970 92919
122749 103661
101953 112440
126869 152425
123976 105515
75900 127711
79283 119760
81208 123694
111404 116321
90998 114264
78092 128286
99990 123726
71725 125670
100648 97191
123832 157634
75668 89154
114406 111483
93786 147481
77156 106084
93606 132022
113442 104838
106189 101368
108618 90880
123187 85924
69232 88186
92563 95918
119425 122099
87535 123329
79617 102577
92154 105325
112743 90587
89040 117651
86432 90883
90587 96551
89003 145137
114461 153479
128019 86696
147588 96406
112242 142584
82318 117495
105677 99115
99800 120484
107316 95294
139632 132189
73928 121002
91260 97109
80481 102204
156592 97788
107446 112765
96113 109571
112649 126514
142789 108797
133934 150161
94342 101301
97948 78949
115279 122424
103717 121054
87469 153054
132137 139219
99961 94319
93127 99475
110931 103877
109633 103258
98332 92757
105996 108653
90844 85446
133332 137755
135726 105413
112549 137448
139690 160629
105635 93054
79282 101124
133884 104069
123413 93072
108078 94388
84074 104216
101752 142151
105428 100064
86633 109284
86113 104226
120248 151946
75469 101483
123489 137323
85765 101761
89303 109776
99567 95784
83705 158197
124854 152308
143457 111491
70724 100532
100027 87240
97318 109820
77491 94181
79029 94172
99413 153738
99836 115110
88017 119301
133680 152116
120056 130546
83743 76540
93461 116470
93271 114851
163332 111071
107576 81657
113513 117437
79196 92498
117714 87724
79151 100119
90460 114173
115546 110900
110761 99280
127349 147021
105798 156672
90636 107171
107295 112958
104142 147726
95521 95358
92048 106454
89873 126269
128970 91009
109327 110519
118100 89149
100991 124013
107237 102178
87613 117341
134264 133272
81067 106850
93838 151936
107305 119750
92286 96854
95765 130264
107350 141046
105720 144536
130570 129875
78948 97395
105620 107760
103235 111339
104402 112619
101028 135997
87173 98727
110919 102133
80632 94694
73898 119258
85774 110269
93551 102927
82459 94426
95577 116876
97120 123957
109090 90303
88633 105508
85549 97655
107255 125622
99824 130714
118711 107308
109213 96512
111103 129316
114262 160755
82199 79687
121473 98219
82334 99174
94680 93866
99386 124254
96505 93935
150048 144641
78014 160857
99069 151372
78387 132997
92141 95744
106322 122125
97449 121034
87066 113090
87098 101876
109251 94879
146149 104895
114907 89254
94406 95685
107691 137655
96484 135347
92825 126693
106180 171303
93581 127705
94854 92608
108405 110188
74264 102979
102838 91407
110943 94624
100536 91699
104682 93251
94413 98536
101767 151731
88265 98850
74794 115861
84825 121217
146172 140015
121049 147149
83259 90424
65906 107776
94452 122852
111753 92050
91826 93604
93120 106900
72995 113977
147653 147635
124617 133699
88622 108884
80379 92589
131414 96629
97141 116391
113576 89760
87175 147307
123027 88896
75788 102646
139454 121096
87791 106109
102213 102678
89834 107924
113056 97085
79541 93169
85531 113945
137751 102372
81517 100305
143081 104120
119882 85316
105101 104954
133113 138865
95368 128314
141416 145948
93908 92575
69806 92087
144236 109600
143512 108761
123535 115011
152800 147355
121696 145411
96014 123168
167220 109723
101933 143361
87410 136843
95008 114578
76152 126868
102984 104683
106953 93394
136054 151227
107515 106501
101408 103004
93456 118071
104329 132353
135055 102972
104284 88831
90177 105397
98613 91754
85534 94110
105237 121282
80125 139962
154583 139164
107926 122732
151801 98391
92152 129364
156821 96874
129430 136502
115827 131297
99042 139527
87537 93330
122936 110187
92316 105800
91460 82411
87463 95957
137914 129850
105076 116709
111408 113443
152090 145772
79793 95502
80120 87122
90595 97606
102299 98273
80154 116466
111494 92349
75048 106200
104349 119110
81365 97114
98967 148100
68030 92978
90156 103521
70998 96200
93693 123049
93522 110524
111644 142180
88877 109184
93648 111711
114699 118203
145014 94236
87463 125471
88586 124116
147033 106697
116866 128063
100636 132085
118312 88719
110735 132319
74657 118958
92313 92241
86191 104809
111122 110658
102754 121204
72491 126162
96139 118471
99905 123611
127756 96294
121700 88679
143983 107001
86375 127433
104027 117952
136005 144211
144240 94808
106494 122177
105225 162932
88343 117094
142577 113074
91918 137426
115068 136932
77962 117173
72674 114522
97846 105120
115087 81375
102834 109226
122532 135344
69434 114591
124013 107622
83023 141564
89820 114548
102755 112802
89803 111760
95469 94378
103721 150837
88097 129612
104339 133294
157933 144565
70697 132346
103553 87309
92484 117345
98894 95646
87497 87255
152366 106520
136574 109344
118912 96708
81690 110365
97817 104425
101189 102330
108983 98468
84966 99556
81670 104715
111315 102930
98560 145777
83252 105040
83714 119054
86497 132101
80894 128315
76361 104099
94473 100034
92476 136790
114914 145916
147747 136849
103866 95145
87562 102893
88028 125750
101364 126735
85306 147506
107683 90953
96198 104360
95769 116605
95125 140683
100669 149125
100128 96982
95882 119696
126769 92157
90896 127376
72268 126489
84683 98486
95925 115321
91354 125086
92643 121804
127989 149428
99585 104625
117557 84940
121620 128350
116027 122559
90264 106340
94651 152476
129183 101845
103515 126356
103159 92805
75980 109482
142835 130084
135402 91595
92559 133390
101854 103118
95550 113377
80728 120195
116182 90043
144266 116697
101953 117353
144326 134159
86432 108039
93490 152155
160390 147159
100608 107878
87282 116244
116989 85803
125895 98381
66742 135911
95628 120353
87283 145468
158800 155017
71214 106113
83133 110964
72349 93402
102441 132843
86256 94450
94914 91651
99840 118328
86466 99169
72514 123136
85116 103339
122343 100135
121578 91663
133292 156057
109630 112961
102087 134480
153355 109435
84317 111674
111846 131429
90820 99394
115295 109975
105652 154273
98950 87174
144310 98383
89304 104249
128960 158977
76570 129496
71121 117578
75081 112608
99159 99819
88830 113659
111079 129894
95405 104417
110904 97649
92717 104358
81984 102878
117271 98762
92795 137433
110636 106377
105735 115631
95222 140102
73504 100286
97765 98617
122110 101005
112839 97684
98762 105729
101859 115177
89469 92326
107673 123243
102256 102449
121774 117640
123946 113850
101620 118782
76704 98312
95165 140815
131697 91128
122148 93460
100871 157515
101704 139079
96273 150370
113474 91997
77438 134158
104974 97109
87133 120313
98325 109870
114557 133133
77768 123900
105337 103096
123512 92107
113450 114773
109319 127730
95751 111669
106053 88821
108770 115116
71854 109527
78921 95944
116568 108809
143608 122051
114922 112828
107725 166501
102699 99927
144224 148856
84023 122424
82896 116622
93289 111803
147700 101214
123365 100598
95410 87152
100338 117716
84402 109075
111556 130707
86126 149103
122000 155965
87481 97420
118398 94319
109525 130962
67050 118130
87231 106585
97791 147194
81141 83640
79162 103920
104686 81413
113133 124016
135227 139647
123563 96023
108372 146394
79293 122230
105339 149530
105566 94854
104737 87550
102232 93918
100900 109064
110989 105355
82858 93767
103735 110800
99214 117293
103837 92753
82248 124017
146315 93709
150808 135116
105288 96034
95471 135955
76973 103379
116902 102785
107300 94448
149347 152778
84894 100658
78235 111899
122522 104498
80079 107894
92444 115636
105219 95555
112886 145958
84652 94105
104386 108526
155003 140035
138249 133521
94436 105839
126986 158659
90097 94014
99369 139534
142588 148926
77718 120885
132120 99663
82588 115769
74119 102029
87069 140598
94136 140630
151393 152900
151787 101943
147957 152263
119784 101885
135689 103270
114687 121601
89672 95755
108461 87765
94236 89309
88544 117232
84760 97079
102727 116776
116161 97664
97728 126006
130470 141370
89003 97888
84857 99752
81266 89861
88463 104262
120416 112545
138834 129967
87145 99453
112321 87303
92955 97516
86948 110666
98177 100874
83260 90050
90958 115442
89378 146066
139151 111232
74812 103129
104397 128907
127105 103780
86226 116423
100668 120324
84177 107475
93195 137745
121638 101168
86373 131535
152076 151534
80068 99900
97091 85970
122581 154535
70054 108682
106908 122281
153525 145288
113608 117841
147921 159745
119890 150592
80647 104766
82154 118270
148271 152577
110743 144869
68825 91238
153786 135173
131017 102022
86749 106267
84212 99740
99189 119911
94640 109235
94270 95314
110709 120701
127759 93016
90139 94256
90340 143460
79927 118158
99749 108727
128566 102083
92057 99573
89141 104622
143688 107029
87876 124631
85345 106959
114078 150182
82719 108299
114051 88826
135834 127160
120802 92339
84873 109019
138567 112234
105708 150127
87357 83900
115630 87243
97914 116684
115443 143739
129271 104052
73122 115020
112366 117879
80051 140648
94944 98337
88398 102693
91240 130923
82642 133653
101082 120666
131867 100757
112606 129753
113240 126490
103937 94304
116210 112032
96243 143423
90591 92569
132186 105441
92072 117101
105327 99155
150782 136503
143026 130451
88321 130070
146389 94105
94310 106799
82778 100568
71232 97894
119373 106207
87056 95494
99633 95120
91504 122349
101643 136261
87462 109067
85255 120091
122956 108534
107310 125959
81800 121425
105062 120581
105898 136134
84441 111020
91790 83508
81678 106390
78854 133800
92700 97943
110765 102055
110453 87694
160319 134192
133407 95005
90592 100216
99161 111191
71911 105053
98386 141241
129686 153551
101227 100674
121427 116888
114142 128460
121121 97050
95452 106367
157725 100185
117829 92926
83891 85447
87982 101809
131453 94408
123465 92961
113036 145481
119285 131801
75557 121964
160702 147770
70330 92097
125615 142515
131758 102665
87154 121154
130693 112904
110252 154129
124665 115474
103734 105143
74670 109881
86673 99188
93175 98535
88107 97880
88445 95878
140381 109224
123928 143280
125479 93633
82334 104590
90890 136334
117680 140615
86255 135232
80990 149821
144850 146389
75746 104829
101490 134767
93324 95027
154804 143993
103832 144602
132275 101833
127447 125569
106715 133001
117525 125865
89078 126813
94918 106490
148140 144460
90886 147874
140553 117759
73565 110315
97648 140969
104424 140704
95155 127806
116888 102694
130437 100372
110193 94655
122578 121898
135351 132058
73685 113636
111253 151918
102594 98603
83131 109632
96286 116682
131558 135044
90545 100394
84291 86803
105118 158836
105478 85652
78685 104468
117907 139561
99839 85248
153174 108957
83513 104357
138296 115859
128001 121296
97465 109461
94101 88330
138703 102092
126455 93917
84486 99311
110207 100901
99230 111531
89083 100166
86195 126090
78577 116824
107611 139855
110598 92596
126746 122695
103087 107532
86715 91686
102174 124800
102676 101735
158484 119257
131178 121799
119016 137762
81622 101994
117470 99064
108887 104551
136947 126671
99430 119843
78525 133822
