58 0.754435
313306 316546
330023 299373
330904 307849
329082 293172
303646 314101
326981 298472
331736 309802
310867 299775
313639 290935
344751 307733
310484 301270
348841 312921
330023 299373
304702 292337
318774 310242
317359 307332
325904 310049
324116 299689
332824 297319
347788 309959
323819 310391
349621 286144
312175 302988
333966 298357
321323 302476
345080 297608
320701 331813
344894 296877
317683 297915
318437 300971
355619 306662
345140 296746
309229 312268
319401 313136
315012 290480
344883 305165
320641 318056
313746 303920
318437 300971
347063 296114
334775 303639
321631 338734
324711 325258
343453 300596
312526 328200
347753 307590
322131 301246
334775 303639
316911 297368
317388 315570
323444 324543
306876 295735
326702 315602
315715 301554
330169 292141
318858 291757
318487 310156
317130 296938
314895 316464
345580 286253
319116 314624
329747 302482
325389 298729
315528 304765
312526 328200
323422 316747
326433 300522
323205 328802
318774 310242
353188 303118
338382 294854
321872 296152
343341 297513
318858 291757
330066 300718
303265 309030
322502 304946
318804 298362
303265 309030
330066 300718
325736 335438
333736 298581
332844 297895
309272 307336
341966 293374
344827 301218
300922 323260
339358 303765
332263 301962
313685 301994
336443 306013
317519 313244
317359 307332
344827 301218
326287 298399
320314 306448
329082 293172
302937 327178
326287 298399
330979 298094
317098 328203
312663 311480
345140 296746
317447 292287
331461 313888
333736 298581
316248 297761
308191 309402
313477 296892
315503 317611
327043 286823
314128 311295
317311 304983
319503 318277
330904 307849
314895 316464
301438 305396
297961 303567
320015 310704
303646 295000
312175 302988
325736 335438
316432 299777
343453 300596
316434 312664
322775 327192
347108 309424
322134 297451
299970 302750
329740 306278
330979 298094
305736 314657
319750 319926
323279 295441
315374 309346
318320 301717
312666 328606
319116 314624
325210 313826
319401 313136
316434 312664
327817 303476
315528 304765
303803 319275
327817 303476
303091 315759
332609 311020
313746 303920
325024 301046
331763 299692
330487 313893
333090 305552
340594 301137
336164 311408
321525 336831
314810 303865
347108 309424
319577 300052
345586 297330
320756 305780
319842 307470
317683 297915
323459 308448
304702 292337
331736 309802
325024 301046
310209 302985
314966 325303
310484 301270
336443 306013
332642 313380
321361 320703
330023 299373
318717 326433
334385 306037
323279 295441
321737 303947
317433 307371
301173 313016
325904 310049
329101 301674
323040 309261
303803 319275
316888 313581
322683 304381
341966 293374
315715 301554
326145 297276
325664 301060
318893 282405
331101 298014
325442 304507
333335 301571
303104 296723
324711 325258
322400 301867
320015 310704
322764 321703
319577 300052
323520 300866
333966 298357
347063 296114
326269 306968
314176 299915
314128 311295
322134 297451
325224 302255
318717 326433
325766 322279
323024 315745
321057 313318
320706 317900
315674 308878
315697 299821
322143 299456
317934 316493
329101 301674
330169 292141
349621 286144
310984 300127
325889 305505
328369 334024
318740 300178
333754 311576
317098 328203
313639 290935
340594 301137
349996 305157
320557 326921
318618 306956
333335 301571
347788 309959
326300 335702
326145 297276
344751 307733
335068 312326
309272 307336
316604 312916
316432 299777
317677 318451
324191 331471
327526 297903
317677 318451
317466 296273
331763 299692
324191 331471
321021 314966
326502 299966
321021 314966
317130 296938
329740 306278
316568 310608
355619 306662
306799 313072
303646 314101
317894 308223
321323 302476
334385 306037
318320 301717
320295 323828
350529 308070
314966 325303
323444 324543
326293 307586
303104 296723
346062 300087
310209 302985
311587 296721
326502 299966
340911 301431
321057 313318
318861 327042
322899 297733
321737 303947
325224 302255
340800 309125
344883 305165
346062 300087
326300 335702
325488 316191
317464 303214
312138 300402
333754 311576
320314 306448
302937 327178
316709 319761
322131 301246
325473 305872
306876 295735
344875 305119
312998 303517
334212 288199
320706 317900
322636 307670
315012 290480
325004 309011
317466 296273
301173 313016
322683 304381
317447 292287
