196 14.2142
785720 707927 634138
785720 707927 634138
773020 733582 635219
758942 637564 677446
738277 649269 715333
697912 702425 674323
773020 733582 635219
704715 652726 697593
710056 684848 680601
775503 644058 666663
740450 652203 714982
760001 656750 651647
748228 647074 670277
731947 668172 657824
746067 653634 667956
755289 661827 645814
718250 687978 665281
725674 672396 695474
697912 702425 674323
723610 696013 641700
730931 687145 650986
723610 696013 641700
755289 661827 645814
736827 656052 660122
721050 676191 695500
735545 680140 635983
733067 664074 693906
732685 666056 686738
718250 687978 665281
734191 658411 684119
719237 679038 674194
740450 652203 714982
734191 658411 684119
759507 667324 640233
728930 677101 676162
732685 666056 686738
728930 677101 676162
733067 664074 693906
718421 681626 660021
718421 681626 660021
738277 649269 715333
719237 679038 674194
759507 667324 640233
760001 656750 651647
785720 707927 634138
785720 707927 634138
773020 733582 635219
773020 733582 635219
760001 656750 651647
760001 656750 651647
760001 656750 651647
738277 649269 715333
738277 649269 715333
738277 649269 715333
738277 649269 715333
734191 658411 684119
734191 658411 684119
734191 658411 684119
733067 664074 693906
732685 666056 686738
728930 677101 676162
728930 677101 676162
728930 677101 676162
723610 696013 641700
719237 679038 674194
718421 681626 660021
718250 687978 665281
718250 687978 665281
697912 702425 674323
793871 683943 638913
793871 683943 638913
768615 639341 700455
762417 639975 721883
720663 731535 687600
710855 685681 694767
789762 707064 641736
738256 715053 650763
774751 688471 642728
716907 694523 688212
772986 687173 647119
763097 647808 710825
764798 713551 639578
746155 665101 684938
766692 662052 658301
752723 661208 689673
728556 657635 707203
731969 671708 679746
767245 676497 653717
721669 668930 702526
768544 656580 666970
744988 707545 653550
762417 639975 721883
760464 653180 696992
731969 671708 679746
739094 691464 659103
768615 639341 700455
758795 692145 644196
741390 670158 698162
746215 665377 673606
725775 686025 688120
727154 686467 676990
721669 668930 702526
735598 678419 671501
720472 665365 715856
728556 657635 707203
754612 673999 660914
755155 653872 713848
753797 679851 664349
756899 649227 698271
745695 683465 652766
748977 681815 648162
720472 665365 715856
763097 647808 710825
756567 657553 669173
763426 652957 674317
765173 673697 663189
750504 673018 670606
748977 681815 648162
716907 694523 688212
758795 692145 644196
755155 653872 713848
710855 685681 694767
736455 681084 659300
712109 681477 699217
715090 678437 698726
745159 673501 664874
715090 678437 698726
750504 673018 670606
743846 670274 675741
763426 652957 674317
743846 670274 675741
735838 675269 675488
752251 669225 664829
735598 678419 671501
746215 665377 673606
712109 681477 699217
754453 665325 676237
735838 675269 675488
765202 639960 689580
736455 681084 659300
726773 669523 699569
756899 649227 698271
726773 669523 699569
765202 639960 689580
756567 657553 669173
756623 653491 676022
752251 669225 664829
756623 653491 676022
793871 683943 638913
793871 683943 638913
793871 683943 638913
793871 683943 638913
768615 639341 700455
756899 649227 698271
755155 653872 713848
736455 681084 659300
731969 671708 679746
716907 694523 688212
779671 691433 650362
773495 713273 645490
758700 649976 728633
745413 747214 654787
719306 708260 699445
745286 664563 715294
722257 702676 703335
771490 651625 692067
740972 677775 708068
729861 686105 689514
775511 695089 650920
777242 702395 646980
737376 687058 675572
754743 666185 684739
766365 676660 661114
751130 682196 657308
733078 691141 677753
767465 670230 676874
761784 670394 681005
763913 665807 700984
734772 674294 710937
745475 671759 693791
734801 680603 680120
773081 671722 665310
737214 666833 709687
748712 692214 667876
758910 666078 689200
746550 675629 669869
753364 686090 655631
753260 670988 667783
750178 675905 669120
746550 675629 669869
750178 675905 669120
750178 675905 669120
746550 675629 669869
800949 667744 686624
782916 701405 652966
772543 654187 713909
749547 709894 675012
736232 687732 681398
783921 672425 689149
763977 703085 661730
757951 666351 703288
781293 664506 695309
781089 683887 664323
739972 693843 678771
771824 665563 697262
748012 677322 692160
743093 688728 678487
767900 681576 671939
755691 697483 676495
773954 678164 667924
761703 692605 673259
763420 670190 691816
744730 681103 685470
772781 678885 669244
752112 698252 675162
766487 683394 676657
783674 672925 680253
751248 677753 682531
758458 702146 667918
761156 667712 696756
761679 687463 680363
758813 687937 675583
746329 698134 676657
803440 686506 678716
789139 708895 654726
773763 667753 708702
762270 713602 675304
761065 679026 712402
737500 695558 696199
776488 706777 661744
759260 701547 677813
753260 680214 683398
738571 691067 681981
750198 683799 702933
779499 687358 669864
783579 672451 694360
772737 711211 667536
750042 710092 676557
752310 688522 698273
763719 677718 692172
785802 673172 681649
762482 679769 691604
767805 675645 696821
766890 684184 679993
770198 689467 675437
789121 679683 679567
791361 676793 705395
788385 708489 663643
768196 676018 706709
750715 689778 708129
740016 706007 689122
771069 697337 676163
759703 680918 700706
745429 693283 682007
743632 697403 688013
745005 691836 695618
756005 686914 684178
754235 683776 684359
754681 683160 686212
792860 741583 667522
777108 684386 731784
744849 718705 689259
774516 723795 676741
785761 704150 680772
761925 692419 710299
745444 699671 689648
762633 693079 702498
767070 688937 685280
749556 696304 687036
760749 695092 685955
762440 713468 684357
772903 685009 684605
749463 695914 705075
795878 732902 686327
790913 687913 702110
749777 701806 729702
748790 710600 692800
764930 696863 706331
750696 712890 689797
770747 691060 691144
761838 707298 687442
757267 696920 698590
780079 697062 686532
768844 701538 696034
781213 690313 694390
789655 688306 693804
806203 705904 690774
785611 691472 709599
757693 718812 694198
760281 699002 705283
758240 713189 700787
763571 710265 691460
791077 709969 691421
761880 709475 691742
801591 714287 695053
765121 706036 720490
764828 736408 703223
771099 716300 697472
769617 715180 707480
776454 719059 732880
768984 659014 699619
765929 710967 627753
754950 660503 701828
710605 720835 671140
706598 719454 683846
765180 686654 643526
714117 684983 651543
760828 707329 644797
737974 673381 670013
734365 679139 674007
709394 661678 674549
746463 715123 648236
765929 710967 627753
706598 719454 683846
744231 684183 669101
751889 682895 662241
768671 680734 661012
754950 660503 701828
734365 679139 674007
761245 716468 644746
766108 682501 669698
763817 682634 650677
709394 661678 674549
768671 680734 661012
761245 716468 644746
763817 682634 650677
761245 716468 644746
761245 716468 644746
754950 660503 701828
754950 660503 701828
734365 679139 674007
709394 661678 674549
709394 661678 674549
706598 719454 683846
706598 719454 683846
806978 684402 661117
779173 716244 640397
763561 662696 715017
738855 671979 719752
736543 736866 657536
710505 695551 686837
781839 687990 660425
734859 675576 687803
774207 681241 668230
712514 684805 700412
778230 667076 679938
726671 678135 685959
712514 684805 700412
716422 731887 679720
749249 695124 653053
747982 707405 659443
717096 723524 676459
772275 701081 647785
723688 713596 672254
738855 671979 719752
772275 701081 647785
760698 682986 672707
739322 662781 684288
754901 691366 657820
767358 719301 651779
754318 672936 682774
747609 733080 648679
770682 709181 647808
742782 676925 672767
781839 687990 660425
744364 673273 680807
724155 685214 660432
762970 722655 652505
719459 682846 677830
767358 719301 651779
719459 682846 677830
717096 723524 676459
754901 691366 657820
747609 733080 648679
742782 676925 672767
768969 692803 648274
738823 674616 685695
723688 713596 672254
768552 722911 650936
762093 698490 652931
710866 697381 684904
770682 709181 647808
710505 695551 686837
710866 697381 684904
762093 698490 652931
762733 685083 670032
762733 685083 670032
744364 673273 680807
754318 672936 682774
768969 692803 648274
716422 731887 679720
739322 662781 684288
768552 722911 650936
738823 674616 685695
724155 685214 660432
781839 687990 660425
781839 687990 660425
772275 701081 647785
770682 709181 647808
770682 709181 647808
768969 692803 648274
768552 722911 650936
768552 722911 650936
762733 685083 670032
762093 698490 652931
762093 698490 652931
762093 698490 652931
762093 698490 652931
762093 698490 652931
747609 733080 648679
747609 733080 648679
747609 733080 648679
747609 733080 648679
747609 733080 648679
747609 733080 648679
747609 733080 648679
742782 676925 672767
742782 676925 672767
742782 676925 672767
742782 676925 672767
739322 662781 684288
739322 662781 684288
712514 684805 700412
710866 697381 684904
710505 695551 686837
710505 695551 686837
796906 708566 650299
793309 724675 648620
788373 671514 698721
757607 740318 649185
731616 679931 701896
721877 708249 686616
725946 689267 687163
753355 727483 653829
776970 692191 658778
752880 680093 697386
725318 714614 669827
762630 715504 653776
779990 695643 657103
762921 696223 660413
791940 705935 650978
725913 699422 665681
731616 679931 701896
758521 678064 675268
735277 683442 679011
743702 681662 681992
740301 715018 663933
758811 697778 656226
750448 702378 662771
746457 684401 676498
734983 693004 678288
743702 681662 681992
748230 686268 663387
753186 677117 678222
735126 685490 669601
757323 678368 677624
747242 706107 661192
755315 691438 661944
741967 701283 663912
758684 696795 658658
755315 691438 661944
752003 701350 654922
749503 682679 678933
762921 696223 660413
752003 701350 654922
779124 686137 661364
749503 682679 678933
741967 701283 663912
779124 686137 661364
753186 677117 678222
735126 685490 669601
779124 686137 661364
753186 677117 678222
753186 677117 678222
743702 681662 681992
743702 681662 681992
785800 679311 693125
756896 710386 656105
748390 740217 661295
732074 680675 712086
728372 714009 673543
742257 693945 691100
780014 691499 662159
758139 679821 699386
758962 681948 683221
764684 680592 677982
745427 687180 676259
780672 690025 668831
758621 702818 659163
730737 706071 669303
752454 698350 665779
735204 695128 675322
763474 698018 663797
754231 691693 667688
730644 699560 672855
761529 705243 657124
760469 681157 679177
735680 698500 673046
729281 691547 695572
756896 710386 656105
764684 680592 677982
764684 680592 677982
764684 680592 677982
776777 722759 657404
762656 683077 690409
736341 693135 700337
731646 723253 681128
728960 718288 681796
742345 711909 670942
763081 684046 683963
767921 706570 662087
752642 693930 698107
734704 697485 697519
762020 692012 693290
756617 703653 677159
768521 722678 658108
736834 706973 677658
757561 718829 668822
762061 703787 666332
753837 696069 693085
756575 715151 669508
761086 692550 682610
735544 696903 679284
756910 722035 669504
756618 692850 669515
779385 699885 669801
773155 711117 668878
771609 689596 715209
764963 725633 670593
736711 714536 685163
753281 694337 705814
737192 703777 682301
766255 694515 694809
747424 716017 676839
769742 694334 699942
767376 718075 671594
754508 711325 680868
776270 704765 670186
761302 696601 677268
762837 708756 672424
771415 693596 684322
759087 704194 676850
764186 696301 674733
748601 704691 681200
747711 714818 672999
763371 717181 671968
803320 699216 676914
779098 741165 669275
755336 696320 709107
738941 710565 689006
749684 706981 699939
781247 723577 671504
748722 720157 681479
785917 700528 671393
761960 701172 679784
771827 698678 708618
749077 707186 689581
775676 697981 683455
766757 698959 677274
774835 709936 672977
756837 721372 674602
753004 721519 675688
786767 736644 676388
770845 701639 684090
763886 743390 686657
752942 708088 697766
746589 732437 691812
776742 723699 677130
749711 727466 695510
753591 716299 689755
764327 704903 680206
758377 727582 688478
768143 703394 684400
754647 731655 689425
767057 701756 688886
798387 705696 701020
764388 727763 680298
756923 712208 713387
772064 717645 684190
783505 712069 686695
767358 727375 680648
767505 710042 690257
761344 713648 707162
775585 716893 687919
773577 709303 700041
757147 708556 707466
793030 712219 690254
778478 730628 684541
768398 710459 695012
760535 721643 707607
780641 726277 686461
794434 716631 692656
789020 710553 710993
769797 718193 695739
773421 711049 698901
779667 710869 701578
787864 728178 698677
775323 713842 699685
785923 726438 703246
782226 733690 726938
786305 647668 621852
743714 606195 660899
724511 685223 591849
714987 625843 690994
709636 689085 614888
685729 668555 666931
786305 647668 621852
754946 664812 610709
717075 633369 623928
718230 621339 690166
718932 665218 596160
721003 626291 670906
714931 670994 617190
691596 683865 655360
754946 664812 610709
724156 618371 659272
707225 629150 662613
699240 631837 633935
735988 657398 619811
733459 610035 654587
736233 628230 634133
749313 663773 616936
727246 622271 654140
751321 619025 637930
709636 689085 614888
749533 618854 647706
685729 668555 666931
691596 683865 655360
751292 627468 642149
710012 654224 628318
709675 652210 633441
735444 630060 649441
748479 625236 649652
733298 648522 620309
694274 668637 647954
751292 627468 642149
710012 654224 628318
723854 624310 665820
733459 610035 654587
731283 630927 633968
746987 624159 652032
694012 647823 669204
708737 664956 631194
695765 656249 666403
711593 653666 622062
744626 627588 652755
721003 626291 670906
751321 619025 637930
713457 628127 663449
711593 653666 622062
708737 664956 631194
733298 648522 620309
713457 628127 663449
731283 630927 633968
696777 665151 651600
696777 665151 651600
695765 656249 666403
694012 647823 669204
709675 652210 633441
724156 618371 659272
746987 624159 652032
723854 624310 665820
744626 627588 652755
714987 625843 690994
694274 668637 647954
736233 628230 634133
786305 647668 621852
786305 647668 621852
754946 664812 610709
754946 664812 610709
754946 664812 610709
754946 664812 610709
754946 664812 610709
754946 664812 610709
754946 664812 610709
754946 664812 610709
751321 619025 637930
751292 627468 642149
751292 627468 642149
751292 627468 642149
744626 627588 652755
736233 628230 634133
733459 610035 654587
733459 610035 654587
733459 610035 654587
733298 648522 620309
733298 648522 620309
731283 630927 633968
731283 630927 633968
724156 618371 659272
724156 618371 659272
724156 618371 659272
724156 618371 659272
723854 624310 665820
723854 624310 665820
723854 624310 665820
723854 624310 665820
723854 624310 665820
723854 624310 665820
723854 624310 665820
723854 624310 665820
723854 624310 665820
721003 626291 670906
721003 626291 670906
721003 626291 670906
721003 626291 670906
721003 626291 670906
714987 625843 690994
714987 625843 690994
714987 625843 690994
714987 625843 690994
714987 625843 690994
714987 625843 690994
714987 625843 690994
714987 625843 690994
713457 628127 663449
711593 653666 622062
709675 652210 633441
709636 689085 614888
709636 689085 614888
696777 665151 651600
695765 656249 666403
694012 647823 669204
691596 683865 655360
685729 668555 666931
780630 616781 675928
748386 624485 676130
743965 682914 613533
734809 697237 622107
695257 678878 657439
763105 617999 668711
752065 678716 615393
731833 648412 624183
700073 657224 657923
743965 682914 613533
720679 662500 634519
723245 633821 624814
712898 632467 665514
747178 665937 618078
723242 670670 633942
713563 635942 652962
741053 672328 621204
729773 633296 644708
739435 668902 621790
741557 633118 641986
734271 625176 654502
701323 643719 637759
707459 638308 662581
700486 634132 669840
702690 641682 651552
733205 633576 635417
707459 638308 662581
722530 641596 644029
713164 634250 659206
712063 640340 648665
701323 643719 637759
711027 640751 651093
712063 640340 648665
734271 625176 654502
708776 640238 658127
748151 670840 617335
708776 640238 658127
748151 670840 617335
711027 640751 651093
700486 634132 669840
702690 641682 651552
713164 634250 659206
723245 633821 624814
734271 625176 654502
734271 625176 654502
734271 625176 654502
712063 640340 648665
707459 638308 662581
707459 638308 662581
769852 652037 628264
741978 629926 655424
740778 678887 627736
735748 632118 686673
701966 658507 665043
752197 646141 631721
722366 636402 656555
727444 633601 671071
709997 653109 645140
708841 643519 677230
713633 645992 647806
751614 657271 631729
705629 669139 653969
734014 662214 634417
732250 641424 634471
729935 644030 637697
707639 665841 646204
738011 673009 627930
706514 644403 657277
728915 644814 652252
734828 675427 630894
731629 676020 631167
729679 643403 653811
777195 652416 632424
750953 638262 663865
731702 678216 635938
717036 647298 671188
709064 656074 662659
762554 665320 634264
746947 669482 634437
717503 658513 655583
723499 646598 665736
757296 646712 636099
734461 641965 649158
733758 673000 642651
753287 638579 662610
711916 675300 650105
734196 651160 641280
715318 651162 668234
709132 676471 653140
739695 647041 645344
713658 656073 660886
729430 649203 654764
717440 649579 659235
735465 653275 636043
712564 667169 647228
717682 652272 648455
731266 665950 644704
723257 676073 646019
733746 649031 646434
731455 649431 645928
781332 653065 638164
758858 678864 634936
745833 643037 670078
737976 649039 677023
737714 683224 641922
713231 668979 655049
758891 654885 645658
736299 672160 647482
747966 658023 637770
715076 660074 666533
738707 645302 653468
720254 663784 664258
726295 649880 674123
731898 652216 649506
738587 664169 638188
720565 660770 658867
726749 656837 652924
744290 649852 646062
728869 661280 648749
733361 654563 648610
725713 652942 662673
720532 660515 661347
723384 660327 648995
785367 652671 654605
762944 700919 636996
745035 649291 661231
730084 651904 681940
715326 661325 671404
728364 684190 653684
735741 656336 669472
754071 670479 643946
733210 678815 651077
749753 659467 646087
762601 662557 642734
754031 678255 642140
715460 669117 667621
731809 682417 657219
740326 668272 661035
722092 676598 657851
748180 665482 655300
748136 674908 651504
746238 658864 658730
725235 669058 662795
741215 660618 663848
722873 661311 665026
740757 675470 644834
783867 659909 646979
767507 652674 685785
740027 684305 653250
738295 659618 694869
715328 676388 673597
724609 683357 664093
730246 668465 667859
750102 674736 651393
716357 663138 680666
745798 678235 647241
757912 653048 677107
766935 654517 669003
748481 656235 672167
740139 661581 676214
746214 659334 665966
737671 663040 674541
739833 662954 667778
755218 683693 652013
740537 667066 673284
733001 697712 677943
749245 694501 665142
751165 675189 663523
734635 684743 671816
738104 672187 670576
739130 668872 667995
752001 673310 666806
766970 689641 664600
739783 673216 674986
755076 689872 683904
