3426 540.521
2.90211e+06 2.92503e+06
2.94651e+06 2.86258e+06
2.91334e+06 2.8585e+06
2.90827e+06 2.86792e+06
2.94678e+06 2.85913e+06
2.91111e+06 2.87371e+06
2.9246e+06 2.86889e+06
2.9388e+06 2.8814e+06
2.93352e+06 2.90982e+06
2.91402e+06 2.86686e+06
2.91663e+06 2.87209e+06
3.00236e+06 2.88391e+06
2.91156e+06 2.86707e+06
2.97739e+06 2.89523e+06
2.91657e+06 2.87299e+06
2.90943e+06 2.87661e+06
2.94393e+06 2.90891e+06
2.92559e+06 2.88879e+06
2.92362e+06 2.86924e+06
2.92023e+06 2.87874e+06
2.92925e+06 2.88272e+06
2.93696e+06 2.88077e+06
2.90031e+06 2.87566e+06
2.92646e+06 2.87678e+06
2.91265e+06 2.87711e+06
2.91153e+06 2.87497e+06
2.91964e+06 2.87731e+06
2.90848e+06 2.8695e+06
2.92023e+06 2.87874e+06
2.94354e+06 2.92073e+06
2.94094e+06 2.91727e+06
2.91961e+06 2.8697e+06
2.93234e+06 2.88738e+06
2.95115e+06 2.90526e+06
2.91892e+06 2.877e+06
2.92614e+06 2.88119e+06
2.95109e+06 2.88767e+06
2.92602e+06 2.89146e+06
2.94714e+06 2.8985e+06
2.91098e+06 2.86446e+06
2.92897e+06 2.87046e+06
2.92378e+06 2.86874e+06
2.92138e+06 2.86831e+06
2.95525e+06 2.91624e+06
2.92502e+06 2.87202e+06
2.91486e+06 2.86746e+06
2.90694e+06 2.87177e+06
2.93382e+06 2.88142e+06
2.93202e+06 2.88335e+06
2.91834e+06 2.86938e+06
2.94444e+06 2.92468e+06
2.90598e+06 2.87222e+06
2.91216e+06 2.86371e+06
2.91393e+06 2.87086e+06
2.93691e+06 2.86034e+06
2.95525e+06 2.91624e+06
2.93301e+06 2.87262e+06
2.92605e+06 2.88046e+06
2.93352e+06 2.90982e+06
2.91834e+06 2.86938e+06
2.91866e+06 2.87284e+06
2.91725e+06 2.88015e+06
2.91224e+06 2.87146e+06
2.91866e+06 2.87284e+06
2.91911e+06 2.87172e+06
2.924e+06 2.87964e+06
2.91271e+06 2.86816e+06
2.92916e+06 2.87737e+06
2.91402e+06 2.86686e+06
2.93306e+06 2.8943e+06
2.94783e+06 2.87538e+06
2.90904e+06 2.86747e+06
2.94287e+06 2.89455e+06
2.91721e+06 2.87069e+06
2.94524e+06 2.91836e+06
2.92353e+06 2.91065e+06
2.93099e+06 2.87879e+06
2.93879e+06 2.88658e+06
2.9143e+06 2.87665e+06
2.92808e+06 2.87211e+06
2.92428e+06 2.87826e+06
2.90274e+06 2.88189e+06
2.90904e+06 2.86747e+06
2.91051e+06 2.87118e+06
2.92025e+06 2.87294e+06
2.9137e+06 2.85993e+06
2.91316e+06 2.8675e+06
2.91688e+06 2.88152e+06
2.92272e+06 2.89597e+06
2.9287e+06 2.87658e+06
2.91246e+06 2.8688e+06
2.91246e+06 2.8688e+06
2.9122e+06 2.87541e+06
2.93421e+06 2.88361e+06
2.94287e+06 2.89455e+06
2.92853e+06 2.86191e+06
2.9123e+06 2.86426e+06
2.91719e+06 2.88037e+06
2.90933e+06 2.87079e+06
2.9182e+06 2.88343e+06
2.91402e+06 2.86686e+06
2.91468e+06 2.88983e+06
2.95622e+06 2.86593e+06
2.92342e+06 2.87257e+06
2.91688e+06 2.88152e+06
2.91156e+06 2.86707e+06
2.92266e+06 2.86795e+06
2.95115e+06 2.90526e+06
2.94608e+06 2.89656e+06
2.92371e+06 2.88356e+06
2.92064e+06 2.877e+06
2.9185e+06 2.86608e+06
2.90828e+06 2.87391e+06
2.9227e+06 2.89941e+06
2.9258e+06 2.8765e+06
2.92479e+06 2.88198e+06
2.92169e+06 2.8717e+06
2.92614e+06 2.88119e+06
2.93377e+06 2.87805e+06
2.91319e+06 2.85759e+06
2.96954e+06 2.88198e+06
2.93995e+06 2.87354e+06
2.94795e+06 2.89635e+06
2.93971e+06 2.88534e+06
2.91468e+06 2.88983e+06
2.92562e+06 2.87874e+06
2.92889e+06 2.89404e+06
2.9213e+06 2.87068e+06
2.99141e+06 2.91471e+06
2.96502e+06 2.95244e+06
2.92342e+06 2.87257e+06
2.92643e+06 2.88256e+06
2.94697e+06 2.89054e+06
2.94999e+06 2.88826e+06
2.92347e+06 2.86837e+06
2.88227e+06 2.86496e+06
2.92457e+06 2.86758e+06
2.9222e+06 2.87523e+06
2.92569e+06 2.87286e+06
2.93975e+06 2.87721e+06
2.92445e+06 2.87331e+06
2.94485e+06 2.87924e+06
2.9248e+06 2.86807e+06
2.94399e+06 2.88929e+06
2.91914e+06 2.8677e+06
2.92801e+06 2.87234e+06
2.93427e+06 2.87291e+06
2.93012e+06 2.86855e+06
2.9388e+06 2.8814e+06
2.96147e+06 2.90465e+06
2.9719e+06 2.90506e+06
2.92612e+06 2.87256e+06
2.91846e+06 2.86803e+06
2.9222e+06 2.87523e+06
2.91402e+06 2.86686e+06
2.92353e+06 2.91065e+06
2.91961e+06 2.8697e+06
2.91393e+06 2.87086e+06
2.91271e+06 2.86816e+06
2.92203e+06 2.86648e+06
2.93975e+06 2.87721e+06
2.9237e+06 2.87782e+06
2.93554e+06 2.909e+06
2.9172e+06 2.88716e+06
2.99924e+06 2.89807e+06
2.9412e+06 2.8912e+06
2.92304e+06 2.88154e+06
2.9137e+06 2.85993e+06
2.92102e+06 2.89332e+06
2.92484e+06 2.95784e+06
2.91401e+06 2.88014e+06
2.96675e+06 2.89955e+06
2.9245e+06 2.87624e+06
2.91961e+06 2.8697e+06
2.92025e+06 2.87294e+06
2.90904e+06 2.86747e+06
2.91402e+06 2.86686e+06
2.91535e+06 2.89166e+06
2.93402e+06 2.88373e+06
2.92686e+06 2.8751e+06
2.91968e+06 2.87317e+06
2.96944e+06 2.88929e+06
2.91265e+06 2.8622e+06
2.93972e+06 2.88728e+06
2.93554e+06 2.909e+06
2.92389e+06 2.89534e+06
2.90904e+06 2.86747e+06
2.92655e+06 2.88166e+06
2.94354e+06 2.92073e+06
2.97739e+06 2.89523e+06
2.92311e+06 2.87911e+06
2.96743e+06 2.90385e+06
2.91849e+06 2.87945e+06
2.93973e+06 2.90617e+06
2.9227e+06 2.8733e+06
2.94196e+06 2.8833e+06
2.88227e+06 2.86496e+06
3.00236e+06 2.88391e+06
2.9207e+06 2.87089e+06
2.91265e+06 2.8622e+06
2.92445e+06 2.87331e+06
2.97226e+06 2.89859e+06
2.91153e+06 2.87497e+06
2.9174e+06 2.8857e+06
2.93691e+06 2.86034e+06
2.90648e+06 2.87667e+06
2.93423e+06 2.8879e+06
2.9374e+06 2.87046e+06
2.92064e+06 2.877e+06
2.92144e+06 2.86964e+06
2.94995e+06 2.88356e+06
2.94605e+06 2.90774e+06
2.9245e+06 2.87624e+06
2.92144e+06 2.86964e+06
2.91437e+06 2.875e+06
2.9287e+06 2.87658e+06
2.91334e+06 2.8585e+06
2.9246e+06 2.86889e+06
2.91535e+06 2.89166e+06
2.91667e+06 2.87703e+06
2.96743e+06 2.90385e+06
2.91582e+06 2.87025e+06
2.91715e+06 2.87504e+06
2.93235e+06 2.88986e+06
2.93788e+06 2.8774e+06
2.96954e+06 2.88198e+06
2.93421e+06 2.88361e+06
2.91665e+06 2.87627e+06
2.92853e+06 2.86191e+06
2.92741e+06 2.87012e+06
2.91788e+06 2.87627e+06
2.94678e+06 2.85913e+06
2.90274e+06 2.88189e+06
2.91502e+06 2.88141e+06
2.9172e+06 2.88716e+06
2.92219e+06 2.87922e+06
2.92502e+06 2.87202e+06
2.92219e+06 2.87922e+06
2.92107e+06 2.85796e+06
2.91855e+06 2.87791e+06
2.92832e+06 2.87573e+06
2.94233e+06 2.88013e+06
2.93476e+06 2.88286e+06
2.93398e+06 2.89126e+06
2.95079e+06 2.87827e+06
2.92102e+06 2.89332e+06
2.93099e+06 2.87879e+06
2.92897e+06 2.87046e+06
2.92889e+06 2.89404e+06
2.92244e+06 2.88314e+06
2.91402e+06 2.86686e+06
2.9148e+06 2.87194e+06
2.91098e+06 2.86446e+06
2.9173e+06 2.87686e+06
2.90598e+06 2.87222e+06
2.91961e+06 2.8697e+06
2.93434e+06 2.86986e+06
2.91975e+06 2.87016e+06
2.9261e+06 2.90522e+06
2.90548e+06 2.87388e+06
2.91505e+06 2.87308e+06
2.92699e+06 2.87985e+06
2.91437e+06 2.875e+06
2.91975e+06 2.87016e+06
2.91912e+06 2.87685e+06
2.91398e+06 2.86518e+06
2.94038e+06 2.86827e+06
2.94292e+06 2.89209e+06
2.93202e+06 2.88335e+06
2.90611e+06 2.87997e+06
2.9155e+06 2.87783e+06
2.91594e+06 2.88028e+06
2.94999e+06 2.88826e+06
2.94196e+06 2.8833e+06
2.92218e+06 2.87922e+06
2.90152e+06 2.87982e+06
2.93033e+06 2.88986e+06
2.91939e+06 2.86688e+06
2.92293e+06 2.86754e+06
2.92551e+06 2.84897e+06
2.93995e+06 2.87354e+06
2.91379e+06 2.88288e+06
2.92594e+06 2.88107e+06
2.92832e+06 2.87573e+06
2.93154e+06 2.90467e+06
2.92371e+06 2.88356e+06
2.90828e+06 2.87391e+06
2.93152e+06 2.88702e+06
2.92551e+06 2.84897e+06
2.91667e+06 2.87703e+06
2.91216e+06 2.86371e+06
2.91336e+06 2.87501e+06
2.92297e+06 2.89295e+06
2.93971e+06 2.88534e+06
2.91725e+06 2.88015e+06
2.91514e+06 2.88132e+06
2.94038e+06 2.86827e+06
2.94838e+06 2.88691e+06
2.92347e+06 2.86837e+06
2.93716e+06 2.87202e+06
