9077 2646.05
191301 122090
184337 197679
155964 194821
175785 190283
196200 180349
184409 173848
177075 155720
207346 186492
180997 127363
201431 190925
195369 140493
207020 150433
135366 186665
149972 166188
227754 149974
187676 154663
215231 192629
174876 163325
211135 116122
185499 165062
163532 195997
173787 142841
218547 214301
165314 223526
164301 142051
198150 150571
172247 137428
195656 148222
148970 198220
157847 160159
173806 169012
213957 138533
197194 141364
219904 144363
173907 150814
160975 179930
215879 148520
227125 141635
163310 208926
134403 198439
186035 178618
172627 185761
201709 198672
146089 153274
229705 139303
172590 167447
205022 186948
240950 177988
168736 168445
160100 181151
146105 217493
220557 177183
199179 143036
203929 134928
202492 154171
140300 248776
141890 199944
197996 142502
174637 236862
168439 177461
125494 201496
167668 132033
154960 178726
175673 166348
199194 143479
206315 137870
168047 217276
149298 160181
162392 147545
173259 174414
166298 153792
169824 138170
199033 209184
168397 117727
163703 154449
217753 140497
147680 191503
194926 187338
159519 171390
181120 151041
191956 146705
180217 179369
220471 172070
150071 190211
180359 147251
182654 141891
173196 189975
216464 175159
208727 150734
217564 130467
180431 144234
202041 174413
158055 194201
188011 162279
163014 165472
156025 140726
194882 158634
149949 218730
180349 225355
177890 176641
141824 217107
216505 134857
171965 132948
205964 128243
172181 167236
144264 141658
159231 135450
155738 194927
197069 163456
194777 140860
151768 244168
175981 145472
143230 247642
149872 176084
170542 142539
165493 162374
210456 164433
165222 173683
209361 129490
229791 138827
142965 181357
175116 156714
140046 203426
190028 141684
165751 137494
154140 157649
225092 130122
143993 184279
218963 154183
164720 204302
194874 134609
221503 149651
160040 206114
162699 165751
221021 202103
224780 171122
205393 190666
173674 120021
159963 127127
176240 157433
174316 144819
232214 158112
182196 185040
205423 144780
204559 140522
184818 172704
164952 174229
152841 177898
222673 139506
198946 170704
133413 229049
195461 143804
155470 161000
148501 176664
182570 128921
209672 152786
217454 146789
224461 142125
181766 142092
202599 165896
176833 173617
172395 174026
162943 256757
190892 165560
183717 161606
192847 175268
228352 139231
187503 131094
174357 197109
148878 147130
181896 203613
155370 174771
182133 152771
172536 196579
231676 210631
138245 191074
182097 140173
220747 130026
210495 224606
227270 191103
172075 143917
174914 137531
165694 147802
162091 183567
180887 198773
150584 188231
199847 188162
201039 242358
191369 139970
148730 227624
233224 157511
174572 194905
218388 140384
198956 166614
145916 162420
204021 156570
173177 167081
203431 191624
211568 191161
178976 141908
196601 204413
190949 137067
153413 161276
176468 174365
184431 202008
177886 161654
158125 238938
191169 143250
218196 144408
164901 176277
176363 133000
168518 153589
178784 127123
152544 194701
236418 183202
177827 157088
178052 164241
151227 203192
140005 165521
220885 139588
168727 137331
165319 138526
206601 200660
191828 182127
207128 169805
187188 158260
223280 189982
194529 161305
187678 148187
145495 141179
228906 167599
247378 150832
200937 176845
165966 143030
193156 129768
192682 132869
177645 168572
172624 177006
193765 131759
202565 125459
243897 136509
142864 151434
200276 159772
167946 166614
140112 206717
206520 170063
221180 150406
196709 145005
190535 136455
195869 184442
153831 168861
164395 188122
232895 151521
244813 149266
161709 166930
178518 183315
160294 187035
171228 199389
170067 153504
144241 187236
161742 150328
211707 221180
199904 194120
166991 153219
231518 178050
181776 175103
147449 203235
157674 171140
176693 128305
159324 241005
223880 203463
176415 195830
186943 120658
228730 172475
136708 214100
204972 205631
145830 219815
206782 134590
165130 201507
203127 171136
159744 128886
177302 191107
188748 152190
188719 142903
218508 190716
214022 136742
180089 184336
226428 190651
236915 166957
152672 226344
183939 149653
158187 226827
220433 194710
187406 173600
170161 172545
150452 157115
179849 179494
195181 148824
147988 165754
147877 216459
149205 134127
166535 219395
165025 166319
203616 147120
186042 181850
183494 170483
164786 126646
213140 155692
160897 134181
162280 184008
202347 135711
212746 139553
197392 137280
165422 172026
191568 205818
190948 171587
233075 133004
160185 139007
187831 170024
176711 126633
230637 188163
184802 166697
190685 173164
210908 137518
204610 122245
164324 178205
147132 202316
234549 146483
147553 236607
157717 166504
197820 134938
238639 144718
172197 206270
155408 225848
158096 158074
223100 147005
154970 192965
186418 138468
162908 211016
194023 140451
159987 196902
193979 181110
161830 144642
182263 175303
202575 152382
162325 155336
200920 135113
159802 210773
190112 163105
193721 152605
170600 189587
176307 169488
207551 197746
167903 218347
211579 137888
207553 152466
170721 175285
162135 169843
157672 213361
137957 227970
148151 180256
180074 180436
156214 187669
182643 142942
172696 143442
169985 183006
159732 186862
145529 195135
197050 194410
221210 195330
186834 177592
193972 154213
151976 163759
197606 175893
190156 131995
180752 144824
194339 139553
194069 185724
201877 190213
199301 178327
157484 181443
229097 150970
172236 157963
171306 150796
191980 146316
224918 158502
213510 135810
224591 146452
162864 168542
163438 130282
220371 147083
222890 146001
142609 189553
194021 152238
162837 144160
198159 136035
168422 149259
156249 135972
137169 217682
163330 185433
209380 166795
147363 171956
166924 183678
222927 144262
184455 179871
175173 125861
210141 136384
157813 150920
194303 163923
179115 133015
199159 153040
154437 145341
150698 195566
175147 178941
230413 186902
156037 216808
174546 137098
151620 170459
173886 184099
198601 227423
151033 192850
246504 124694
152414 157222
201022 165292
197339 190772
200091 146317
190851 175372
165178 166210
163818 150533
190782 137776
202750 156644
151285 197744
155697 207267
207499 125950
225962 146429
173362 139912
173420 176297
187059 214592
149209 237103
190651 183661
170077 156281
169904 125581
177837 146735
235738 173538
168276 150732
214944 137508
164930 140814
205897 158109
171541 135621
192525 130266
212322 133115
138867 214816
194037 154765
161955 168854
205760 134505
230556 139497
174612 167762
219810 134148
187486 151436
192299 148905
206557 188769
151859 251656
212155 160829
210451 149099
163817 181001
189344 155643
158500 135859
239412 150446
206674 141679
228680 194127
201325 168003
152421 186308
146621 175033
212009 220637
170667 138271
145903 192224
202227 144215
202544 134632
153092 231808
182359 166997
191669 171616
213291 195780
211827 134167
169377 168862
175306 157140
172426 174363
140198 212098
216682 147454
186909 169358
186862 140244
145975 138256
132060 191479
189436 140166
172539 152911
221008 206605
152751 168891
202664 180850
180999 139482
189006 196974
150739 178235
237670 146836
154910 155899
202679 146120
150670 163721
245835 147387
203832 157095
218035 170391
174414 165122
216217 168065
253352 142102
147545 147207
161030 170106
172571 178083
185396 156642
193066 170190
175041 150480
202215 197753
185755 156684
159036 171995
165418 156453
163480 144951
151460 165973
202925 141339
149502 180414
253714 178896
184005 125052
151262 214624
164053 229667
190000 130169
230245 158770
220218 143534
222764 136413
234364 169153
160517 188889
195037 167824
180322 177170
196263 155778
148451 172057
187518 156728
168198 194498
197974 160005
167434 164458
210411 180235
191753 137045
157508 140726
158250 162538
217775 139566
233491 145881
199882 154813
192499 134973
159018 176392
187517 150649
157928 163488
153190 168967
200064 164005
224099 209011
210602 132712
227134 198153
144589 200524
162237 146515
249559 181272
207027 144690
167649 144155
148044 166608
210246 177604
142697 201172
231303 140718
214847 189234
147608 184167
159538 179796
222974 151529
221255 196548
148452 210102
203849 144727
220409 207298
173682 163953
169104 124903
184305 133602
218501 205953
204843 167007
229673 195192
202887 147497
165481 165730
192785 229584
199634 151475
205940 193297
241539 146379
168145 135892
182613 219064
188946 216542
237331 161557
230335 157107
195815 151944
216312 137682
206822 155517
184526 185859
205829 137162
169903 156382
209224 135320
212176 190689
219604 137941
156271 135044
207023 165254
200725 185429
171756 187936
178146 126879
154522 183084
179425 138170
159347 213500
179173 196331
148436 190440
158172 156862
168365 154464
186719 171159
198902 155328
155067 161092
158697 228537
160014 136374
151091 167587
189244 125628
189310 152289
159020 179442
197596 166943
197168 142834
190905 161201
205880 194582
232165 137713
191018 178090
149629 147135
156141 153621
218777 125381
171372 144431
225461 143026
167359 174596
225104 127690
203490 145387
152304 144645
148292 152071
196119 152921
176511 160215
206522 146305
183007 141227
148544 154642
157980 205619
170499 158237
188718 147929
202253 125249
185139 177029
172535 171681
147561 156734
211387 136547
208904 154860
235460 148586
149464 221662
159167 197440
175448 152221
155683 148430
170940 154549
171066 159860
209087 163770
162958 173390
229771 131764
181722 194482
183555 147580
217318 197895
167927 203117
150570 166993
178815 129718
169085 135345
153975 214563
202647 184191
234055 153810
172539 209762
140487 222188
172238 148480
135000 194760
223481 130377
188325 200939
159812 171175
189848 166549
195913 152589
164789 145184
225579 199807
193882 138892
211760 146468
192295 151760
167341 216624
223462 153218
172911 179014
197877 148862
158059 205254
170390 129295
198773 171061
191283 143360
194472 234015
210089 148293
195783 133819
193264 179102
166796 164350
182666 212357
220893 185721
184576 135310
149333 210252
158312 169685
170093 157215
181518 133251
236953 192540
150658 237944
185884 163350
207395 154999
228250 197793
185372 140948
234912 195283
229268 192951
191746 203831
156214 135757
186375 179389
153574 133353
228987 136770
190587 175520
213214 137150
199645 175250
171854 132622
164235 169716
159671 134443
222061 147050
221984 191903
192101 136351
167812 179246
252165 144146
208932 156131
197106 222146
191700 184169
179578 200617
200514 135890
191871 150521
211691 145152
168784 130508
187683 149810
195520 130859
146592 170679
186388 176226
215730 167748
185993 138086
145211 253284
154682 186257
179706 177982
150041 147997
173898 154033
174270 207125
188488 187216
235254 138843
219283 175997
184561 142334
212405 194082
189888 125271
160498 199635
222395 126547
204288 181627
144807 182797
180764 215468
187612 176793
147164 227881
205029 155659
196054 192275
185303 141360
201934 149487
161922 208262
150240 162980
230861 141170
148000 197606
209285 163293
158352 181761
199040 189564
186964 206039
156112 158784
176190 179801
203701 190146
219064 178518
235379 156534
195419 176235
182412 163517
150588 214576
168270 167634
167558 136920
181386 125463
187584 194539
177361 155801
219860 142598
161375 214545
185202 141780
200709 190196
205142 132851
188675 151146
229298 172610
213056 179046
142789 207298
158991 247957
209588 133754
176377 240172
171411 140277
168968 126737
220162 154804
148690 202513
154979 191628
157763 153588
183398 166213
173318 149147
173855 151083
150794 180935
158414 157286
201608 192686
191018 218324
166452 171937
165272 244044
153259 184133
197695 159535
154071 183582
167843 180843
181334 123007
170296 177512
161039 153315
202743 208757
161021 250907
174843 133857
184335 157466
214926 131167
150407 191114
153817 145086
206375 177949
183879 172759
147486 166632
227990 152528
186554 189483
167178 181894
151050 163896
179502 184736
170130 175853
206552 141230
193402 157654
185577 118785
200104 172272
212403 195518
178335 174939
216604 191771
151277 148086
183055 212598
222829 183371
197495 159833
164043 138285
150772 170361
164997 154851
194495 166296
172193 133198
146843 217997
150130 189396
180439 190899
184888 159676
189480 147473
243763 159871
219627 191370
158768 210109
201874 183430
156844 176577
222448 147832
182202 208285
215095 165911
179520 167250
178324 133075
196582 149729
175664 153292
147487 165578
198104 137807
242600 138571
168397 181807
159692 167164
208048 133907
198780 166559
201889 138366
194971 164899
237815 141489
201502 195888
227808 148271
146838 190828
169625 136088
212958 122225
232260 139077
206775 152363
163913 140160
203767 144792
206945 155047
196717 128457
163191 203243
188715 143365
182672 175377
198475 139895
160893 162402
217279 192330
190997 197878
192040 168447
192368 162697
140288 183896
191187 170536
228190 158301
163645 170156
195058 215069
221882 131541
176385 176676
144364 242633
148499 244025
138107 208885
159911 161636
205156 152308
159431 136274
152595 134265
166070 229010
168612 149531
151974 234312
231206 137304
230663 138657
168117 184199
192402 165705
176840 134561
196509 178266
231333 193421
151659 187014
223651 191113
155357 213919
195399 142565
151771 157794
184113 209971
153631 143856
152231 195688
229539 144256
203589 160852
176983 145059
222387 153315
192222 187067
161602 155137
158840 156151
184464 224754
169423 178695
156344 166781
171132 138737
187217 182988
173777 129725
221865 138902
192005 133793
190030 144573
209699 149778
220873 205956
218333 192708
171015 179570
170565 180792
190427 139615
219094 192665
197595 166637
214489 157085
160162 181949
144441 184918
182944 203495
159480 175389
160543 156353
153718 242359
169284 140844
194075 212532
174764 145032
163862 155451
185508 132788
211123 135716
185830 136935
236016 143513
204226 133945
191723 130678
187687 139060
157673 176521
207869 189148
165109 193433
195885 183735
168274 207268
233998 196640
187522 141949
152328 219594
193760 197446
189994 185128
169611 170709
144325 148718
164576 152266
156996 165685
187899 173993
229003 151900
195197 171948
223702 165361
179905 165592
163854 174326
176976 145513
175362 175628
257514 136400
167597 152015
222767 160429
