4010 111.41
761278 781815 764319
777243 761451 761831
756198 776590 784714
761327 807956 783173
757770 778108 810719
757858 749804 737449
770736 791981 800620
759732 775817 746655
771728 789663 828516
743292 733216 754896
734181 771062 781774
732124 778065 788590
812110 795907 777925
733903 779788 754558
768693 750520 777677
756003 789234 774022
737549 763614 760371
739649 786250 801679
767833 747781 772027
783807 803350 782068
763529 758639 784364
759885 766461 747054
767735 790622 754529
804319 806301 795599
736785 743176 813484
743928 781656 794232
756723 767565 776349
763964 784868 783852
752727 768499 754600
747720 768335 771609
755020 761646 791428
786549 808396 782842
770457 795878 769786
750149 779987 763372
753514 775474 787642
734444 784251 766134
766798 749995 761965
773128 763755 768506
759046 774051 771166
736968 784006 794666
753548 802920 758956
739397 794479 781880
750917 764565 778714
738426 757751 782314
761567 766980 795006
763160 802400 761205
745751 774995 774437
775869 765928 742624
751810 766498 798219
744768 739181 786233
722767 760267 748642
771197 809806 758309
732268 739820 773459
771354 783775 756121
719033 756886 777659
746905 759499 777090
764268 773039 763836
747305 753928 758313
723986 785364 777297
747320 797258 764987
751074 761953 739393
746790 778861 775751
728833 772798 756727
709611 802135 759866
751890 781448 749628
790729 751927 778673
745871 763577 787107
763619 736311 766194
772387 790471 796304
751381 799344 776250
777063 735917 751147
762941 781754 749218
730583 785764 788604
769868 787140 795130
781482 769449 766617
769781 790001 734521
764239 784804 752092
785495 804836 780887
769053 806979 777685
746037 777963 751722
737542 810630 773764
779916 757841 753479
734574 801271 777936
725696 743577 774056
763187 789852 768932
767929 788546 759371
765203 756713 757928
757031 771628 771526
758520 775161 777947
743705 761244 770656
780567 757555 786838
729332 775876 784423
738686 770531 778110
768241 774439 763133
769593 744832 762828
763346 761093 792871
759299 793304 786928
779140 782724 768190
763194 788076 768790
720780 783120 769565
750804 772986 775896
769822 773188 750192
746184 766745 806514
741867 777265 767875
762311 800114 798937
773903 790373 804092
732063 754726 781675
765961 802504 796204
749149 771753 822123
738214 780585 791966
764261 770889 788265
747101 763782 767006
767579 756789 799517
744352 783305 797948
752776 764178 801433
764204 763774 781495
755356 781738 779957
788410 778478 776850
759341 802627 762549
745171 738070 773461
739430 772985 753527
758330 767194 788759
756039 780327 778163
787415 784372 769689
744050 777327 738905
735721 767751 762567
763017 750677 745656
786877 789741 745269
751646 766786 808310
768282 791076 764839
766291 791069 740681
756073 801503 781266
776286 810613 768245
755482 807797 784558
753483 782156 774990
755095 783651 776817
752952 788490 757749
726672 761602 818101
778532 768585 762093
764706 807477 769220
759241 788469 778129
782228 801304 778366
813625 760143 777962
789040 773265 763056
719871 765097 785667
775712 792298 758892
763872 775946 778824
772212 801243 791632
783170 782028 792745
784937 761339 750284
750463 759522 760290
796918 798763 747450
741786 709892 779702
751908 776722 760270
760483 758078 773896
771363 791151 769547
769463 765773 744544
758464 766138 764376
767846 781560 746920
734514 753690 785273
781522 775368 764300
754647 758623 784271
735682 760659 808578
752873 762250 793430
757829 768909 789152
752774 771746 768456
728130 760904 818165
726324 781445 784888
755982 790847 769566
757812 748796 749511
770104 772635 802482
756795 775908 775198
746110 775585 779903
783016 794064 774600
757243 754797 760521
744928 775080 787009
736593 772379 751137
765635 768631 737033
730244 754889 778630
776443 760642 787189
756628 764400 774192
770282 772950 773957
791041 762660 726321
741109 738312 759292
735765 800167 775229
775529 781250 770232
750410 788160 778522
760237 786407 751753
765961 750510 756319
741488 764574 794883
745996 770330 775697
743958 750765 754234
749375 778068 779170
776334 774680 756932
752272 783000 755034
788662 809007 785881
785336 774014 753981
797323 754426 758779
748395 748446 776216
734575 790784 779956
745115 774287 751717
749837 784573 781407
764712 789643 796210
774705 790574 779851
765221 817569 798272
791528 773089 771479
763389 752023 766796
759056 778824 755342
737072 749315 770814
744208 765809 767262
743884 758175 783823
751695 757118 748202
755530 756052 770049
745854 748969 767627
779688 775330 766829
777595 798949 767088
747849 802016 782321
724033 762981 773366
784661 762826 768744
789819 747023 779160
768058 778380 769470
747624 755643 788385
738586 804746 778687
745157 767011 800642
770469 796554 783710
748841 806853 749636
789674 789121 795139
739139 774900 761285
723486 796253 772465
732944 788155 754920
733470 735360 774820
751885 770631 814915
762905 796778 767436
750935 764974 775919
794415 746374 742182
784244 785426 781252
760513 767300 759709
727011 780651 792101
763518 777606 809280
733743 759442 769979
760800 755574 769613
756811 775026 780182
742005 751605 762065
756609 776900 778497
741594 757519 770920
727540 807841 780190
747382 755478 797600
751883 769763 755017
772285 802406 774074
782811 803478 764849
777938 787031 791575
775729 780834 772466
753293 808564 776799
774372 802427 783898
760312 796938 763055
754613 773854 805064
776312 778511 761889
773540 757484 757734
761869 751099 796741
775485 785719 787889
746453 767990 775349
770603 762062 782943
750181 804335 780386
752291 761426 799211
753253 786379 747547
752361 787025 778934
806348 765200 776605
756597 788626 794454
762173 788871 777586
780766 786668 798879
786850 766553 791010
783561 783283 772085
772422 760109 769389
736894 794313 771603
736308 772691 807578
730068 785594 761158
762382 782030 790891
768493 778031 759525
759461 799692 812150
752510 775165 792236
756436 770591 781363
749088 785603 782606
753232 765518 754513
803668 790728 757344
742663 798063 801765
739879 753390 780392
787889 766590 805581
774391 798710 809420
783195 765767 757788
801808 752864 789089
785020 771232 762170
775331 737464 775517
751576 753291 775072
767955 793929 779501
760350 755512 796176
759392 772917 800717
758280 758831 767409
762990 780572 781009
768661 756939 788277
777434 766603 767383
