60 23.3309
3.31015e+06 3.20325e+06 3.15217e+06 3.08234e+06
3.21333e+06 3.04657e+06 3.28173e+06 3.28048e+06
3.21333e+06 3.04657e+06 3.28173e+06 3.28048e+06
3.18808e+06 3.20871e+06 3.21821e+06 3.0702e+06
3.17946e+06 3.25431e+06 3.08481e+06 3.21258e+06
3.16242e+06 3.15144e+06 3.28748e+06 3.1229e+06
3.15694e+06 3.30084e+06 3.14656e+06 3.13224e+06
3.07445e+06 3.12291e+06 3.2327e+06 3.21237e+06
3.29277e+06 3.23691e+06 3.0948e+06 3.18176e+06
3.15704e+06 3.25265e+06 3.26367e+06 3.10554e+06
3.19767e+06 3.26833e+06 3.10388e+06 3.19451e+06
3.24083e+06 3.09702e+06 3.25636e+06 3.10048e+06
3.23667e+06 3.1132e+06 3.12369e+06 3.22862e+06
3.22919e+06 3.10651e+06 3.1352e+06 3.21578e+06
3.12343e+06 3.2379e+06 3.14643e+06 3.27182e+06
3.11303e+06 3.1326e+06 3.16512e+06 3.18948e+06
3.08023e+06 3.14436e+06 3.22972e+06 3.25381e+06
3.08592e+06 3.1366e+06 3.18514e+06 3.22358e+06
3.12827e+06 3.06826e+06 3.22114e+06 3.27017e+06
3.25261e+06 3.12078e+06 3.11169e+06 3.16418e+06
3.1333e+06 3.1424e+06 3.14937e+06 3.26015e+06
3.21211e+06 3.16637e+06 3.10987e+06 3.24185e+06
3.28328e+06 3.0725e+06 3.14548e+06 3.17428e+06
3.1966e+06 3.17209e+06 3.28216e+06 3.0814e+06
3.27028e+06 3.16186e+06 3.08763e+06 3.2095e+06
3.10796e+06 3.19921e+06 3.23931e+06 3.12993e+06
3.10203e+06 3.21297e+06 3.21731e+06 3.11146e+06
3.20191e+06 3.12851e+06 3.1797e+06 3.09763e+06
3.13435e+06 3.22559e+06 3.08809e+06 3.2067e+06
3.31015e+06 3.20325e+06 3.15217e+06 3.08234e+06
3.27988e+06 3.22292e+06 3.10045e+06 3.20472e+06
3.14533e+06 3.15482e+06 3.15733e+06 3.25164e+06
3.21969e+06 3.25497e+06 3.09956e+06 3.1882e+06
3.20528e+06 3.23184e+06 3.17209e+06 3.11533e+06
3.16854e+06 3.13362e+06 3.24874e+06 3.16271e+06
3.19767e+06 3.26833e+06 3.10388e+06 3.19451e+06
3.24546e+06 3.17603e+06 3.11438e+06 3.13041e+06
3.17693e+06 3.04808e+06 3.27179e+06 3.23663e+06
3.17494e+06 3.21686e+06 3.19041e+06 3.09175e+06
3.21416e+06 3.21078e+06 3.1314e+06 3.1005e+06
3.2616e+06 3.17279e+06 3.1744e+06 3.09303e+06
3.13845e+06 3.17676e+06 3.13929e+06 3.18808e+06
3.18263e+06 3.08186e+06 3.15961e+06 3.16052e+06
3.18808e+06 3.20871e+06 3.21821e+06 3.0702e+06
3.12497e+06 3.07869e+06 3.21161e+06 3.19926e+06
3.17788e+06 3.20371e+06 3.17258e+06 3.11717e+06
3.17121e+06 3.11878e+06 3.12543e+06 3.17251e+06
3.19004e+06 3.21041e+06 3.14227e+06 3.12546e+06
3.15488e+06 3.08814e+06 3.19864e+06 3.18418e+06
3.20652e+06 3.12437e+06 3.17712e+06 3.08559e+06
3.15376e+06 3.14772e+06 3.15864e+06 3.13686e+06
3.09734e+06 3.14134e+06 3.25089e+06 3.21233e+06
3.2297e+06 3.17164e+06 3.10808e+06 3.21351e+06
3.10442e+06 3.17645e+06 3.22429e+06 3.17069e+06
3.16718e+06 3.1127e+06 3.16954e+06 3.19665e+06
3.12843e+06 3.22299e+06 3.18804e+06 3.14118e+06
3.16242e+06 3.15144e+06 3.28748e+06 3.1229e+06
3.18948e+06 3.23417e+06 3.10112e+06 3.20258e+06
3.20864e+06 3.1645e+06 3.13817e+06 3.14942e+06
3.22391e+06 3.19763e+06 3.08521e+06 3.22643e+06
3.17262e+06 3.09196e+06 3.18074e+06 3.21845e+06
3.16725e+06 3.13771e+06 3.19205e+06 3.10724e+06
3.22143e+06 3.16218e+06 3.09722e+06 3.23926e+06
3.17693e+06 3.04808e+06 3.27179e+06 3.23663e+06
3.12935e+06 3.16152e+06 3.19445e+06 3.14538e+06
3.21588e+06 3.05615e+06 3.18396e+06 3.23401e+06
3.13638e+06 3.09505e+06 3.16117e+06 3.21256e+06
3.17717e+06 3.18475e+06 3.18494e+06 3.13403e+06
3.14715e+06 3.15908e+06 3.2005e+06 3.17608e+06
3.2616e+06 3.17279e+06 3.1744e+06 3.09303e+06
3.13706e+06 3.20994e+06 3.10532e+06 3.14823e+06
3.14888e+06 3.09244e+06 3.20707e+06 3.17901e+06
3.14265e+06 3.17086e+06 3.15121e+06 3.1783e+06
3.09734e+06 3.14134e+06 3.25089e+06 3.21233e+06
3.13152e+06 3.12e+06 3.20145e+06 3.23338e+06
3.19171e+06 3.15756e+06 3.15905e+06 3.12981e+06
3.21339e+06 3.18979e+06 3.11691e+06 3.22484e+06
3.12425e+06 3.11666e+06 3.21382e+06 3.19852e+06
3.19292e+06 3.0561e+06 3.26087e+06 3.21963e+06
3.10936e+06 3.1622e+06 3.20982e+06 3.18037e+06
3.21274e+06 3.19483e+06 3.17848e+06 3.08492e+06
3.1777e+06 3.05935e+06 3.13897e+06 3.20505e+06
3.16504e+06 3.06649e+06 3.21803e+06 3.22814e+06
3.14334e+06 3.12519e+06 3.20498e+06 3.18668e+06
3.15954e+06 3.19914e+06 3.13757e+06 3.15321e+06
3.12472e+06 3.18596e+06 3.19113e+06 3.16798e+06
3.17984e+06 3.08853e+06 3.23149e+06 3.17838e+06
3.12876e+06 3.11638e+06 3.23512e+06 3.17279e+06
3.12986e+06 3.19494e+06 3.1837e+06 3.13399e+06
3.14926e+06 3.13346e+06 3.15519e+06 3.16527e+06
3.07445e+06 3.12291e+06 3.2327e+06 3.21237e+06
3.19292e+06 3.0561e+06 3.26087e+06 3.21963e+06
3.15376e+06 3.13622e+06 3.16708e+06 3.15774e+06
3.12233e+06 3.14512e+06 3.2102e+06 3.16042e+06
3.16051e+06 3.1429e+06 3.14754e+06 3.2119e+06
3.10444e+06 3.16954e+06 3.19554e+06 3.19579e+06
3.12096e+06 3.17657e+06 3.20366e+06 3.18428e+06
3.12968e+06 3.21512e+06 3.15727e+06 3.22798e+06
3.1855e+06 3.12564e+06 3.26082e+06 3.13632e+06
3.22723e+06 3.07404e+06 3.20141e+06 3.15867e+06
3.21339e+06 3.18979e+06 3.11691e+06 3.22484e+06
3.14421e+06 3.12681e+06 3.25856e+06 3.16846e+06
3.1466e+06 3.158e+06 3.18919e+06 3.18844e+06
3.22723e+06 3.07404e+06 3.20141e+06 3.15867e+06
3.15954e+06 3.19914e+06 3.13757e+06 3.15321e+06
3.11034e+06 3.1172e+06 3.20201e+06 3.20892e+06
3.14926e+06 3.13346e+06 3.15519e+06 3.16527e+06
3.12712e+06 3.14364e+06 3.20326e+06 3.16197e+06
3.16146e+06 3.19129e+06 3.23505e+06 3.13085e+06
3.12096e+06 3.17657e+06 3.20366e+06 3.18428e+06
3.12909e+06 3.06347e+06 3.22984e+06 3.19526e+06
3.16146e+06 3.19129e+06 3.23505e+06 3.13085e+06
3.15376e+06 3.13622e+06 3.16708e+06 3.15774e+06
3.12909e+06 3.06347e+06 3.22984e+06 3.19526e+06
3.14421e+06 3.12681e+06 3.25856e+06 3.16846e+06
3.10444e+06 3.16954e+06 3.19554e+06 3.19579e+06
3.11034e+06 3.1172e+06 3.20201e+06 3.20892e+06
3.1855e+06 3.12564e+06 3.26082e+06 3.13632e+06
3.12712e+06 3.14364e+06 3.20326e+06 3.16197e+06
3.17693e+06 3.04808e+06 3.27179e+06 3.23663e+06
3.16242e+06 3.15144e+06 3.28748e+06 3.1229e+06
3.26269e+06 3.165e+06 3.13716e+06 3.19309e+06
3.21755e+06 3.07699e+06 3.2321e+06 3.27086e+06
3.21173e+06 3.27242e+06 3.1587e+06 3.18272e+06
3.2066e+06 3.06243e+06 3.25197e+06 3.24393e+06
3.18966e+06 3.17714e+06 3.22636e+06 3.1151e+06
3.18251e+06 3.22102e+06 3.13658e+06 3.20061e+06
3.15456e+06 3.16853e+06 3.28945e+06 3.13844e+06
3.11101e+06 3.17107e+06 3.24932e+06 3.18972e+06
3.12824e+06 3.1524e+06 3.23653e+06 3.24411e+06
3.17919e+06 3.09893e+06 3.26466e+06 3.21484e+06
3.17597e+06 3.26346e+06 3.24687e+06 3.14139e+06
3.24254e+06 3.19015e+06 3.14854e+06 3.1958e+06
3.22456e+06 3.25254e+06 3.13802e+06 3.19328e+06
3.23417e+06 3.23628e+06 3.16422e+06 3.16699e+06
3.16406e+06 3.15855e+06 3.16396e+06 3.21003e+06
3.16e+06 3.09376e+06 3.24621e+06 3.21845e+06
3.1564e+06 3.12011e+06 3.17597e+06 3.24827e+06
3.1726e+06 3.09678e+06 3.21924e+06 3.23218e+06
3.20299e+06 3.15484e+06 3.19762e+06 3.13248e+06
3.24677e+06 3.2118e+06 3.15536e+06 3.18021e+06
3.1377e+06 3.12937e+06 3.21451e+06 3.20617e+06
3.21233e+06 3.20258e+06 3.14477e+06 3.23736e+06
3.22321e+06 3.19269e+06 3.16837e+06 3.1579e+06
3.23015e+06 3.20631e+06 3.13818e+06 3.26536e+06
3.25324e+06 3.22869e+06 3.15709e+06 3.16872e+06
3.19688e+06 3.12058e+06 3.20764e+06 3.22398e+06
3.20999e+06 3.08169e+06 3.17164e+06 3.24123e+06
3.15106e+06 3.1049e+06 3.20845e+06 3.2583e+06
3.23978e+06 3.0918e+06 3.24789e+06 3.18226e+06
3.19161e+06 3.07892e+06 3.26068e+06 3.23346e+06
3.14663e+06 3.12637e+06 3.23094e+06 3.25617e+06
3.20273e+06 3.21401e+06 3.18205e+06 3.13374e+06
3.1727e+06 3.22633e+06 3.16609e+06 3.15175e+06
3.14337e+06 3.17627e+06 3.23525e+06 3.18471e+06
3.15387e+06 3.14306e+06 3.1937e+06 3.17423e+06
3.25876e+06 3.07855e+06 3.2486e+06 3.20664e+06
3.17417e+06 3.16223e+06 3.20339e+06 3.16608e+06
3.18462e+06 3.15547e+06 3.21211e+06 3.15877e+06
3.20097e+06 3.09368e+06 3.18311e+06 3.1975e+06
3.1733e+06 3.1105e+06 3.21455e+06 3.2156e+06
3.17975e+06 3.14907e+06 3.16747e+06 3.20295e+06
3.15367e+06 3.20878e+06 3.13931e+06 3.23566e+06
3.24227e+06 3.13494e+06 3.22381e+06 3.16176e+06
3.14703e+06 3.20931e+06 3.19076e+06 3.1518e+06
3.15255e+06 3.13753e+06 3.22795e+06 3.1716e+06
3.1881e+06 3.1077e+06 3.21559e+06 3.20253e+06
3.18909e+06 3.09775e+06 3.20132e+06 3.26677e+06
3.20357e+06 3.13146e+06 3.22283e+06 3.16481e+06
3.19185e+06 3.13292e+06 3.22149e+06 3.18847e+06
3.18897e+06 3.17022e+06 3.18688e+06 3.15417e+06
3.20612e+06 3.12414e+06 3.2279e+06 3.17595e+06
3.21169e+06 3.20334e+06 3.17364e+06 3.15492e+06
3.18881e+06 3.15116e+06 3.16094e+06 3.18637e+06
3.19852e+06 3.09748e+06 3.18934e+06 3.23753e+06
3.19505e+06 3.12253e+06 3.23449e+06 3.17964e+06
3.21132e+06 3.10234e+06 3.25179e+06 3.16901e+06
3.1863e+06 3.13587e+06 3.17866e+06 3.18571e+06
3.2083e+06 3.13316e+06 3.15724e+06 3.23942e+06
3.18576e+06 3.1254e+06 3.19444e+06 3.2013e+06
3.19665e+06 3.13365e+06 3.19717e+06 3.17102e+06
3.15124e+06 3.17192e+06 3.16519e+06 3.16792e+06
3.21078e+06 3.12299e+06 3.16511e+06 3.17922e+06
3.15528e+06 3.13383e+06 3.17789e+06 3.18595e+06
3.1511e+06 3.16717e+06 3.2261e+06 3.17154e+06
3.27095e+06 3.11735e+06 3.27433e+06 3.21043e+06
3.24529e+06 3.25178e+06 3.19152e+06 3.16201e+06
3.22488e+06 3.21752e+06 3.15849e+06 3.25474e+06
3.22363e+06 3.15538e+06 3.22981e+06 3.14548e+06
3.19622e+06 3.09405e+06 3.26249e+06 3.23824e+06
3.16662e+06 3.10028e+06 3.32658e+06 3.21856e+06
3.15669e+06 3.12829e+06 3.20101e+06 3.26348e+06
3.15246e+06 3.19559e+06 3.21328e+06 3.20821e+06
3.16708e+06 3.09851e+06 3.29694e+06 3.23708e+06
3.254e+06 3.16934e+06 3.21889e+06 3.1622e+06
3.20301e+06 3.17605e+06 3.23526e+06 3.17265e+06
3.18575e+06 3.13299e+06 3.24223e+06 3.22142e+06
3.23165e+06 3.11345e+06 3.21608e+06 3.21842e+06
3.17421e+06 3.13949e+06 3.22398e+06 3.24154e+06
3.18618e+06 3.11281e+06 3.23948e+06 3.22549e+06
3.19491e+06 3.18492e+06 3.17052e+06 3.20471e+06
3.22592e+06 3.209e+06 3.1876e+06 3.18172e+06
3.15574e+06 3.21078e+06 3.23568e+06 3.15723e+06
3.19085e+06 3.11138e+06 3.23088e+06 3.22183e+06
3.19701e+06 3.15133e+06 3.1643e+06 3.20668e+06
3.21148e+06 3.16172e+06 3.1752e+06 3.18461e+06
3.2172e+06 3.15115e+06 3.21181e+06 3.2045e+06
3.2034e+06 3.17236e+06 3.19968e+06 3.15108e+06
3.19064e+06 3.20137e+06 3.17253e+06 3.26247e+06
3.16269e+06 3.18892e+06 3.22055e+06 3.18775e+06
3.16717e+06 3.16314e+06 3.2181e+06 3.18838e+06
3.17214e+06 3.16305e+06 3.19331e+06 3.214e+06
3.17767e+06 3.14667e+06 3.20178e+06 3.24671e+06
3.18937e+06 3.15755e+06 3.19739e+06 3.19701e+06
3.17788e+06 3.14112e+06 3.18591e+06 3.25316e+06
3.20393e+06 3.13013e+06 3.2302e+06 3.21533e+06
3.1853e+06 3.15834e+06 3.20981e+06 3.19352e+06
3.20951e+06 3.18961e+06 3.19248e+06 3.19727e+06
3.18382e+06 3.16971e+06 3.18063e+06 3.19775e+06
3.16491e+06 3.17692e+06 3.21862e+06 3.17537e+06
3.20331e+06 3.13651e+06 3.18004e+06 3.25017e+06
3.17736e+06 3.15098e+06 3.21879e+06 3.17733e+06
3.22911e+06 3.14315e+06 3.21549e+06 3.17439e+06
3.18503e+06 3.20218e+06 3.19165e+06 3.19344e+06
3.15442e+06 3.16989e+06 3.20126e+06 3.20024e+06
3.19084e+06 3.13662e+06 3.18527e+06 3.24649e+06
3.15258e+06 3.14279e+06 3.23848e+06 3.18584e+06
3.15611e+06 3.16307e+06 3.20022e+06 3.20727e+06
3.284e+06 3.1657e+06 3.18466e+06 3.23179e+06
3.26925e+06 3.23084e+06 3.16464e+06 3.26956e+06
3.2511e+06 3.18533e+06 3.2471e+06 3.15024e+06
3.24628e+06 3.09433e+06 3.27324e+06 3.26583e+06
3.21018e+06 3.14817e+06 3.34016e+06 3.21938e+06
3.15446e+06 3.15643e+06 3.24964e+06 3.22258e+06
3.25989e+06 3.12749e+06 3.22678e+06 3.25066e+06
3.21724e+06 3.1192e+06 3.2541e+06 3.23001e+06
3.26197e+06 3.223e+06 3.22385e+06 3.15985e+06
3.16327e+06 3.1851e+06 3.2627e+06 3.22028e+06
3.28024e+06 3.2153e+06 3.17653e+06 3.22931e+06
3.2191e+06 3.17865e+06 3.20683e+06 3.18243e+06
3.23756e+06 3.20751e+06 3.19053e+06 3.20582e+06
3.21765e+06 3.19172e+06 3.23265e+06 3.17322e+06
3.19012e+06 3.18124e+06 3.19404e+06 3.2001e+06
3.20052e+06 3.13827e+06 3.2492e+06 3.22519e+06
3.18746e+06 3.19432e+06 3.21922e+06 3.18164e+06
3.21337e+06 3.17165e+06 3.20132e+06 3.24301e+06
3.19839e+06 3.14438e+06 3.24533e+06 3.24691e+06
3.20687e+06 3.22588e+06 3.23298e+06 3.17427e+06
3.26061e+06 3.19612e+06 3.20334e+06 3.18942e+06
3.19637e+06 3.17024e+06 3.24799e+06 3.21557e+06
3.17887e+06 3.14389e+06 3.25559e+06 3.22924e+06
3.20056e+06 3.20043e+06 3.21877e+06 3.18199e+06
3.23348e+06 3.22493e+06 3.17962e+06 3.19621e+06
3.21529e+06 3.17059e+06 3.22775e+06 3.2352e+06
3.22844e+06 3.16927e+06 3.17697e+06 3.20672e+06
3.16958e+06 3.17634e+06 3.20219e+06 3.21704e+06
3.1715e+06 3.17081e+06 3.23367e+06 3.19271e+06
3.20835e+06 3.15132e+06 3.25575e+06 3.20654e+06
3.22734e+06 3.16857e+06 3.22188e+06 3.26952e+06
3.25482e+06 3.16816e+06 3.18081e+06 3.19492e+06
3.19838e+06 3.2182e+06 3.18736e+06 3.2024e+06
3.17238e+06 3.20085e+06 3.22409e+06 3.20589e+06
3.17677e+06 3.17277e+06 3.22579e+06 3.20251e+06
3.24958e+06 3.22328e+06 3.19181e+06 3.19378e+06
3.21438e+06 3.173e+06 3.22258e+06 3.1949e+06
3.31182e+06 3.21618e+06 3.18113e+06 3.21538e+06
3.24648e+06 3.18219e+06 3.23288e+06 3.18409e+06
3.24644e+06 3.15936e+06 3.27605e+06 3.22167e+06
3.22077e+06 3.21988e+06 3.19062e+06 3.25744e+06
3.17724e+06 3.23727e+06 3.26742e+06 3.25346e+06
3.18944e+06 3.16844e+06 3.25925e+06 3.22772e+06
3.19067e+06 3.21006e+06 3.23941e+06 3.19128e+06
3.25185e+06 3.18272e+06 3.20517e+06 3.21505e+06
3.22051e+06 3.17527e+06 3.20622e+06 3.2512e+06
3.19737e+06 3.17664e+06 3.22754e+06 3.21775e+06
3.23978e+06 3.19866e+06 3.18421e+06 3.21166e+06
3.19267e+06 3.19655e+06 3.21767e+06 3.20247e+06
3.18824e+06 3.17535e+06 3.25302e+06 3.2225e+06
3.24002e+06 3.18915e+06 3.19674e+06 3.22412e+06
3.21894e+06 3.18365e+06 3.22256e+06 3.20331e+06
3.19076e+06 3.18385e+06 3.21321e+06 3.20663e+06
3.23348e+06 3.17397e+06 3.22603e+06 3.20277e+06
3.19252e+06 3.19245e+06 3.19483e+06 3.21087e+06
3.27229e+06 3.19281e+06 3.23303e+06 3.19587e+06
3.26599e+06 3.24208e+06 3.19086e+06 3.21259e+06
3.26258e+06 3.17986e+06 3.23561e+06 3.28163e+06
3.24171e+06 3.28194e+06 3.19815e+06 3.21439e+06
3.21399e+06 3.1778e+06 3.23852e+06 3.25699e+06
3.19733e+06 3.19656e+06 3.29809e+06 3.2292e+06
3.19139e+06 3.20569e+06 3.25105e+06 3.20733e+06
3.21376e+06 3.21741e+06 3.21783e+06 3.22085e+06
3.2241e+06 3.19032e+06 3.22479e+06 3.23197e+06
3.26798e+06 3.17868e+06 3.28069e+06 3.23088e+06
3.24138e+06 3.18702e+06 3.23325e+06 3.25134e+06
3.2181e+06 3.19852e+06 3.20733e+06 3.21501e+06
3.20419e+06 3.19421e+06 3.19985e+06 3.24422e+06
3.20238e+06 3.19845e+06 3.20185e+06 3.24649e+06
3.21042e+06 3.19259e+06 3.23279e+06 3.2098e+06
3.21061e+06 3.17914e+06 3.24946e+06 3.2178e+06
3.235e+06 3.21414e+06 3.21288e+06 3.23383e+06
3.30177e+06 3.18052e+06 3.11471e+06 3.08612e+06
3.27985e+06 3.20221e+06 3.04698e+06 3.17711e+06
3.24357e+06 3.22056e+06 3.15943e+06 3.04818e+06
3.22766e+06 3.04465e+06 3.09248e+06 3.19435e+06
3.1474e+06 3.17334e+06 3.07097e+06 3.23252e+06
3.09936e+06 3.30225e+06 3.22037e+06 3.17587e+06
3.09284e+06 3.20737e+06 3.26876e+06 3.22644e+06
3.09284e+06 3.20737e+06 3.26876e+06 3.22644e+06
3.1912e+06 3.27042e+06 3.05048e+06 3.12251e+06
3.09936e+06 3.30225e+06 3.22037e+06 3.17587e+06
3.13921e+06 3.06896e+06 3.10833e+06 3.2179e+06
3.10655e+06 3.1891e+06 3.2378e+06 3.13621e+06
3.29667e+06 3.14533e+06 3.19471e+06 3.0749e+06
3.14938e+06 3.06312e+06 3.12622e+06 3.16668e+06
3.23322e+06 3.23293e+06 3.10324e+06 3.09599e+06
3.13384e+06 3.26575e+06 3.05713e+06 3.21233e+06
3.25084e+06 3.24862e+06 3.09468e+06 3.08536e+06
3.19527e+06 3.101e+06 3.07379e+06 3.19794e+06
3.10655e+06 3.1891e+06 3.2378e+06 3.13621e+06
3.26096e+06 3.19901e+06 3.20587e+06 3.05226e+06
3.209e+06 3.07629e+06 3.11891e+06 3.1539e+06
3.27486e+06 3.10932e+06 3.20483e+06 3.07693e+06
3.21932e+06 3.20474e+06 3.05347e+06 3.18631e+06
3.18756e+06 3.22364e+06 3.1255e+06 3.08455e+06
3.22206e+06 3.23255e+06 3.12441e+06 3.07806e+06
3.18131e+06 3.05018e+06 3.13096e+06 3.19039e+06
3.2978e+06 3.177e+06 3.17067e+06 3.06052e+06
3.15714e+06 3.14233e+06 3.21913e+06 3.10791e+06
3.14742e+06 3.11292e+06 3.18924e+06 3.15746e+06
3.12199e+06 3.21406e+06 3.16039e+06 3.15097e+06
3.17438e+06 3.12308e+06 3.08115e+06 3.20182e+06
3.18174e+06 3.24311e+06 3.05881e+06 3.09885e+06
3.1744e+06 3.21933e+06 3.06075e+06 3.14469e+06
3.14164e+06 3.18862e+06 3.1392e+06 3.0858e+06
3.25308e+06 3.17026e+06 3.16008e+06 3.06702e+06
3.17498e+06 3.08383e+06 3.18237e+06 3.10736e+06
3.14666e+06 3.11036e+06 3.19652e+06 3.1898e+06
3.16918e+06 3.10273e+06 3.11201e+06 3.15308e+06
3.13174e+06 3.13739e+06 3.09892e+06 3.11913e+06
3.25635e+06 3.14509e+06 3.088e+06 3.09008e+06
3.17379e+06 3.16885e+06 3.17344e+06 3.06418e+06
3.13027e+06 3.14341e+06 3.21837e+06 3.0976e+06
3.12499e+06 3.13448e+06 3.1281e+06 3.16173e+06
3.21091e+06 3.10917e+06 3.16155e+06 3.12496e+06
3.10835e+06 3.16212e+06 3.1709e+06 3.14211e+06
3.25634e+06 3.16148e+06 3.20692e+06 3.07736e+06
3.23242e+06 3.20705e+06 3.1593e+06 3.07351e+06
3.19479e+06 3.12172e+06 3.13421e+06 3.08073e+06
3.16872e+06 3.14825e+06 3.1447e+06 3.10373e+06
3.17797e+06 3.24438e+06 3.09843e+06 3.11251e+06
3.19305e+06 3.13468e+06 3.16803e+06 3.10607e+06
3.21309e+06 3.09817e+06 3.15776e+06 3.11957e+06
3.1906e+06 3.09301e+06 3.14655e+06 3.14044e+06
3.1504e+06 3.09131e+06 3.18023e+06 3.13685e+06
3.17976e+06 3.12561e+06 3.18057e+06 3.11509e+06
3.1522e+06 3.10936e+06 3.08265e+06 3.12571e+06
3.16371e+06 3.15136e+06 3.05447e+06 3.16086e+06
3.11298e+06 3.17682e+06 3.14514e+06 3.17416e+06
3.17755e+06 3.11819e+06 3.07996e+06 3.1793e+06
3.13384e+06 3.26575e+06 3.05713e+06 3.21233e+06
3.22766e+06 3.04465e+06 3.09248e+06 3.19435e+06
3.16419e+06 3.06407e+06 3.08508e+06 3.15546e+06
3.20739e+06 3.14961e+06 3.07507e+06 3.17995e+06
3.24238e+06 3.13131e+06 3.13256e+06 3.12559e+06
3.11706e+06 3.19259e+06 3.18165e+06 3.09158e+06
3.24689e+06 3.20264e+06 3.07831e+06 3.09486e+06
3.11886e+06 3.19045e+06 3.20158e+06 3.12507e+06
3.12874e+06 3.18642e+06 3.12727e+06 3.12544e+06
3.15155e+06 3.15512e+06 3.1765e+06 3.09204e+06
3.1786e+06 3.16862e+06 3.06842e+06 3.10072e+06
3.25586e+06 3.08552e+06 3.13115e+06 3.13347e+06
3.25096e+06 3.0989e+06 3.0681e+06 3.21664e+06
3.20739e+06 3.14961e+06 3.07507e+06 3.17995e+06
3.1474e+06 3.17334e+06 3.07097e+06 3.23252e+06
3.20994e+06 3.15638e+06 3.05639e+06 3.14431e+06
3.24668e+06 3.12962e+06 3.10828e+06 3.10473e+06
3.26096e+06 3.19901e+06 3.20587e+06 3.05226e+06
3.21309e+06 3.09817e+06 3.15776e+06 3.11957e+06
3.10748e+06 3.19726e+06 3.13165e+06 3.17448e+06
3.1906e+06 3.09301e+06 3.14655e+06 3.14044e+06
3.22016e+06 3.13181e+06 3.12762e+06 3.09268e+06
3.19473e+06 3.19122e+06 3.06625e+06 3.15894e+06
3.16508e+06 3.1505e+06 3.14532e+06 3.09681e+06
3.30177e+06 3.18052e+06 3.11471e+06 3.08612e+06
3.25586e+06 3.08552e+06 3.13115e+06 3.13347e+06
3.12207e+06 3.19024e+06 3.11304e+06 3.10061e+06
3.19473e+06 3.19122e+06 3.06625e+06 3.15894e+06
3.11298e+06 3.17682e+06 3.14514e+06 3.17416e+06
3.24668e+06 3.12962e+06 3.10828e+06 3.10473e+06
3.1522e+06 3.10936e+06 3.08265e+06 3.12571e+06
3.31885e+06 3.16553e+06 3.11788e+06 3.09867e+06
3.25461e+06 3.19296e+06 3.05635e+06 3.17345e+06
3.24954e+06 3.17717e+06 3.19002e+06 3.07048e+06
3.21178e+06 3.29874e+06 3.22904e+06 3.08008e+06
3.16372e+06 3.13211e+06 3.10246e+06 3.22488e+06
3.16255e+06 3.07786e+06 3.17917e+06 3.21196e+06
3.12867e+06 3.20831e+06 3.13117e+06 3.20652e+06
3.24304e+06 3.24193e+06 3.06165e+06 3.17001e+06
3.28416e+06 3.1691e+06 3.15476e+06 3.08141e+06
3.16132e+06 3.0936e+06 3.22076e+06 3.13766e+06
3.20108e+06 3.15446e+06 3.20486e+06 3.09896e+06
3.24978e+06 3.12179e+06 3.10159e+06 3.19839e+06
3.21449e+06 3.15751e+06 3.1902e+06 3.08304e+06
3.2797e+06 3.17388e+06 3.07751e+06 3.12777e+06
3.22521e+06 3.1031e+06 3.1033e+06 3.16217e+06
3.26511e+06 3.08838e+06 3.13818e+06 3.15635e+06
3.17004e+06 3.1801e+06 3.0584e+06 3.18934e+06
3.22275e+06 3.15301e+06 3.09655e+06 3.17881e+06
3.15904e+06 3.21167e+06 3.13596e+06 3.11733e+06
3.17366e+06 3.14284e+06 3.10408e+06 3.22003e+06
3.19984e+06 3.19778e+06 3.11398e+06 3.1331e+06
3.15477e+06 3.22464e+06 3.14777e+06 3.17023e+06
3.19267e+06 3.1026e+06 3.15018e+06 3.1406e+06
3.15143e+06 3.23156e+06 3.12287e+06 3.16566e+06
3.13347e+06 3.27624e+06 3.11768e+06 3.20751e+06
3.14532e+06 3.26133e+06 3.11062e+06 3.16345e+06
3.15507e+06 3.26773e+06 3.12601e+06 3.12591e+06
3.21826e+06 3.14576e+06 3.16287e+06 3.10616e+06
3.21422e+06 3.16051e+06 3.16879e+06 3.12111e+06
3.1691e+06 3.15742e+06 3.08094e+06 3.20334e+06
3.26965e+06 3.18614e+06 3.08016e+06 3.1697e+06
3.16626e+06 3.20719e+06 3.12306e+06 3.15522e+06
3.25821e+06 3.17002e+06 3.18242e+06 3.09062e+06
3.21001e+06 3.12428e+06 3.17932e+06 3.12021e+06
3.19666e+06 3.12948e+06 3.14011e+06 3.14347e+06
3.13408e+06 3.16018e+06 3.1611e+06 3.19408e+06
3.2319e+06 3.141e+06 3.08778e+06 3.19428e+06
3.26159e+06 3.12592e+06 3.18729e+06 3.09032e+06
3.14532e+06 3.26133e+06 3.11062e+06 3.16345e+06
3.18068e+06 3.15847e+06 3.10777e+06 3.13896e+06
3.13347e+06 3.27624e+06 3.11768e+06 3.20751e+06
3.24593e+06 3.15527e+06 3.13714e+06 3.11336e+06
3.18658e+06 3.21041e+06 3.08827e+06 3.14872e+06
3.18262e+06 3.12292e+06 3.1886e+06 3.1475e+06
3.14245e+06 3.2358e+06 3.1223e+06 3.15548e+06
3.21673e+06 3.17491e+06 3.12624e+06 3.11254e+06
3.178e+06 3.14276e+06 3.14741e+06 3.13198e+06
3.1434e+06 3.13704e+06 3.14252e+06 3.21042e+06
3.26437e+06 3.14046e+06 3.16666e+06 3.09227e+06
3.18727e+06 3.20356e+06 3.10177e+06 3.17396e+06
3.23539e+06 3.12611e+06 3.13956e+06 3.09589e+06
3.19816e+06 3.14979e+06 3.10282e+06 3.17784e+06
3.23105e+06 3.13994e+06 3.14787e+06 3.12463e+06
3.2797e+06 3.17388e+06 3.07751e+06 3.12777e+06
3.13788e+06 3.1838e+06 3.15235e+06 3.14822e+06
3.1686e+06 3.16773e+06 3.16308e+06 3.16953e+06
3.18807e+06 3.16006e+06 3.09814e+06 3.17384e+06
3.13877e+06 3.18157e+06 3.14646e+06 3.17336e+06
3.28396e+06 3.14789e+06 3.09109e+06 3.17358e+06
3.25123e+06 3.18707e+06 3.09295e+06 3.14831e+06
3.17118e+06 3.14403e+06 3.12115e+06 3.12553e+06
3.25134e+06 3.1765e+06 3.10314e+06 3.10178e+06
3.22762e+06 3.18343e+06 3.12886e+06 3.09966e+06
3.22939e+06 3.14582e+06 3.14317e+06 3.10056e+06
3.22857e+06 3.13708e+06 3.1355e+06 3.12566e+06
3.22421e+06 3.16221e+06 3.14536e+06 3.12038e+06
3.23539e+06 3.12611e+06 3.13956e+06 3.09589e+06
3.25374e+06 3.16384e+06 3.14662e+06 3.09144e+06
3.19484e+06 3.17327e+06 3.12747e+06 3.12084e+06
3.19473e+06 3.17868e+06 3.08872e+06 3.17847e+06
3.26467e+06 3.17729e+06 3.09266e+06 3.16733e+06
3.26159e+06 3.12592e+06 3.18729e+06 3.09032e+06
3.33469e+06 3.13835e+06 3.14546e+06 3.14061e+06
3.26667e+06 3.19042e+06 3.05972e+06 3.21086e+06
3.26309e+06 3.14782e+06 3.2102e+06 3.11088e+06
3.22792e+06 3.21449e+06 3.16542e+06 3.10814e+06
3.19928e+06 3.10358e+06 3.20894e+06 3.14725e+06
3.18855e+06 3.2037e+06 3.0848e+06 3.2308e+06
3.17449e+06 3.24642e+06 3.1846e+06 3.15524e+06
3.14326e+06 3.22296e+06 3.19068e+06 3.17836e+06
3.28659e+06 3.21025e+06 3.12258e+06 3.11525e+06
3.28486e+06 3.10573e+06 3.11417e+06 3.22107e+06
3.1553e+06 3.23069e+06 3.14763e+06 3.19146e+06
3.27497e+06 3.22787e+06 3.09249e+06 3.19862e+06
3.24732e+06 3.10841e+06 3.10404e+06 3.19317e+06
3.21208e+06 3.18834e+06 3.20134e+06 3.12499e+06
3.27716e+06 3.18189e+06 3.09206e+06 3.17908e+06
3.20333e+06 3.16317e+06 3.17909e+06 3.13026e+06
3.16394e+06 3.21892e+06 3.14285e+06 3.18561e+06
3.18544e+06 3.14329e+06 3.15786e+06 3.13534e+06
3.23713e+06 3.18348e+06 3.08546e+06 3.21391e+06
3.24669e+06 3.11483e+06 3.13388e+06 3.19046e+06
3.265e+06 3.12069e+06 3.19146e+06 3.17453e+06
3.22653e+06 3.12442e+06 3.17439e+06 3.17113e+06
3.22902e+06 3.18498e+06 3.1091e+06 3.19986e+06
3.23998e+06 3.15252e+06 3.10553e+06 3.18323e+06
3.2208e+06 3.13016e+06 3.18011e+06 3.17376e+06
3.17652e+06 3.17743e+06 3.11946e+06 3.21124e+06
3.23371e+06 3.16961e+06 3.12368e+06 3.16536e+06
3.2204e+06 3.19933e+06 3.16226e+06 3.12283e+06
3.22889e+06 3.14475e+06 3.13555e+06 3.20588e+06
3.15172e+06 3.18916e+06 3.15299e+06 3.15795e+06
3.21148e+06 3.1339e+06 3.14946e+06 3.16086e+06
3.25752e+06 3.14592e+06 3.13862e+06 3.14313e+06
3.25558e+06 3.14117e+06 3.14658e+06 3.15457e+06
3.22527e+06 3.1252e+06 3.16117e+06 3.14287e+06
3.20119e+06 3.16928e+06 3.14026e+06 3.15758e+06
3.17281e+06 3.20605e+06 3.13563e+06 3.18336e+06
3.25253e+06 3.14044e+06 3.1427e+06 3.18615e+06
3.19487e+06 3.17927e+06 3.14452e+06 3.13359e+06
3.21003e+06 3.15971e+06 3.11547e+06 3.16901e+06
3.19085e+06 3.21086e+06 3.11682e+06 3.18508e+06
3.21562e+06 3.20621e+06 3.12538e+06 3.12895e+06
3.22374e+06 3.1887e+06 3.11161e+06 3.19644e+06
3.21929e+06 3.20546e+06 3.16286e+06 3.12723e+06
3.20749e+06 3.1754e+06 3.1152e+06 3.1398e+06
3.23804e+06 3.17827e+06 3.14976e+06 3.1209e+06
3.21407e+06 3.21344e+06 3.11466e+06 3.14698e+06
3.20574e+06 3.20824e+06 3.12835e+06 3.12152e+06
3.23796e+06 3.15084e+06 3.15553e+06 3.11346e+06
3.20663e+06 3.15703e+06 3.13062e+06 3.17268e+06
3.26548e+06 3.11448e+06 3.15188e+06 3.1556e+06
3.20581e+06 3.17272e+06 3.12246e+06 3.16766e+06
3.22814e+06 3.15651e+06 3.11094e+06 3.17673e+06
3.22428e+06 3.18616e+06 3.15116e+06 3.12303e+06
3.19352e+06 3.15496e+06 3.15666e+06 3.15636e+06
3.19869e+06 3.17246e+06 3.15512e+06 3.17466e+06
3.25029e+06 3.15394e+06 3.14686e+06 3.16993e+06
3.23777e+06 3.13498e+06 3.1468e+06 3.21247e+06
3.20754e+06 3.15539e+06 3.14138e+06 3.16627e+06
3.18904e+06 3.20869e+06 3.14378e+06 3.13386e+06
3.20662e+06 3.17244e+06 3.1416e+06 3.12824e+06
3.25734e+06 3.15363e+06 3.14644e+06 3.17229e+06
3.29217e+06 3.20331e+06 3.16429e+06 3.14774e+06
3.24673e+06 3.12219e+06 3.18184e+06 3.19976e+06
3.23816e+06 3.20539e+06 3.11268e+06 3.1888e+06
3.22823e+06 3.2227e+06 3.14563e+06 3.12488e+06
3.21514e+06 3.17686e+06 3.12131e+06 3.21719e+06
3.18962e+06 3.24924e+06 3.184e+06 3.15322e+06
3.17539e+06 3.20194e+06 3.21836e+06 3.17794e+06
3.18786e+06 3.14587e+06 3.19098e+06 3.16412e+06
3.25388e+06 3.18391e+06 3.12827e+06 3.15684e+06
3.22842e+06 3.151e+06 3.20574e+06 3.14254e+06
3.2361e+06 3.14046e+06 3.1515e+06 3.16263e+06
3.2283e+06 3.1617e+06 3.12485e+06 3.2038e+06
3.21069e+06 3.16408e+06 3.18077e+06 3.18009e+06
3.20239e+06 3.23514e+06 3.15008e+06 3.15935e+06
3.25125e+06 3.198e+06 3.16969e+06 3.1258e+06
3.22125e+06 3.22624e+06 3.13212e+06 3.19248e+06
3.23955e+06 3.19443e+06 3.21388e+06 3.13685e+06
3.25252e+06 3.21992e+06 3.1596e+06 3.13275e+06
3.22793e+06 3.17248e+06 3.17524e+06 3.13869e+06
3.20788e+06 3.23193e+06 3.14208e+06 3.17366e+06
3.21592e+06 3.22328e+06 3.13906e+06 3.14344e+06
3.22311e+06 3.16133e+06 3.1869e+06 3.17033e+06
3.23986e+06 3.15855e+06 3.17379e+06 3.16045e+06
3.21762e+06 3.15057e+06 3.16604e+06 3.17543e+06
3.19667e+06 3.17801e+06 3.17654e+06 3.16734e+06
3.23017e+06 3.21768e+06 3.1171e+06 3.14502e+06
3.21027e+06 3.23148e+06 3.14554e+06 3.13941e+06
3.24788e+06 3.1813e+06 3.1313e+06 3.15037e+06
3.20089e+06 3.19686e+06 3.15944e+06 3.16679e+06
3.19424e+06 3.16158e+06 3.18254e+06 3.19391e+06
3.23073e+06 3.1763e+06 3.12135e+06 3.17274e+06
3.19097e+06 3.21645e+06 3.15699e+06 3.14155e+06
3.2207e+06 3.21563e+06 3.17826e+06 3.13508e+06
3.21217e+06 3.16267e+06 3.15498e+06 3.17732e+06
3.23398e+06 3.21324e+06 3.18618e+06 3.1334e+06
3.21413e+06 3.21174e+06 3.1561e+06 3.14277e+06
3.22549e+06 3.19605e+06 3.12945e+06 3.16175e+06
3.20456e+06 3.18244e+06 3.16822e+06 3.19988e+06
3.24181e+06 3.17886e+06 3.13081e+06 3.16008e+06
3.19023e+06 3.19022e+06 3.16425e+06 3.15939e+06
3.23233e+06 3.18515e+06 3.11553e+06 3.19883e+06
3.21996e+06 3.21615e+06 3.14865e+06 3.20094e+06
3.23159e+06 3.18782e+06 3.14592e+06 3.16275e+06
3.24743e+06 3.18474e+06 3.1282e+06 3.15465e+06
3.233e+06 3.15945e+06 3.16679e+06 3.15263e+06
3.2288e+06 3.19333e+06 3.12033e+06 3.1596e+06
3.21116e+06 3.17868e+06 3.15571e+06 3.19788e+06
3.2288e+06 3.17663e+06 3.14796e+06 3.19345e+06
3.30034e+06 3.17687e+06 3.17903e+06 3.17576e+06
3.29667e+06 3.24421e+06 3.16786e+06 3.14124e+06
3.26505e+06 3.19546e+06 3.12764e+06 3.19063e+06
3.22538e+06 3.15003e+06 3.19682e+06 3.18171e+06
3.20519e+06 3.17872e+06 3.20008e+06 3.237e+06
3.18919e+06 3.19496e+06 3.22793e+06 3.17609e+06
3.21383e+06 3.15128e+06 3.20335e+06 3.19477e+06
3.23086e+06 3.17079e+06 3.16362e+06 3.22919e+06
3.24076e+06 3.21548e+06 3.15798e+06 3.1565e+06
3.2079e+06 3.18985e+06 3.1904e+06 3.17412e+06
3.23947e+06 3.23403e+06 3.15036e+06 3.14329e+06
3.19652e+06 3.2268e+06 3.16551e+06 3.16127e+06
3.25133e+06 3.17291e+06 3.13565e+06 3.21201e+06
3.24896e+06 3.17277e+06 3.17059e+06 3.21237e+06
3.23542e+06 3.20071e+06 3.1447e+06 3.20488e+06
3.26103e+06 3.20123e+06 3.1546e+06 3.19952e+06
3.20427e+06 3.2059e+06 3.16827e+06 3.16724e+06
3.21973e+06 3.19338e+06 3.17392e+06 3.20553e+06
3.23258e+06 3.1759e+06 3.18115e+06 3.16613e+06
3.23854e+06 3.22949e+06 3.12918e+06 3.19409e+06
3.21892e+06 3.20172e+06 3.16527e+06 3.17675e+06
3.239e+06 3.17813e+06 3.16028e+06 3.16972e+06
3.27464e+06 3.1799e+06 3.158e+06 3.23702e+06
3.25648e+06 3.23797e+06 3.16681e+06 3.16144e+06
3.25106e+06 3.18025e+06 3.23216e+06 3.17462e+06
3.24164e+06 3.24526e+06 3.19394e+06 3.1944e+06
3.24736e+06 3.21898e+06 3.19765e+06 3.21346e+06
3.26431e+06 3.2004e+06 3.17398e+06 3.2172e+06
3.25982e+06 3.18568e+06 3.18024e+06 3.17206e+06
3.29044e+06 3.20605e+06 3.11695e+06 3.07196e+06
3.25531e+06 3.22631e+06 3.15134e+06 3.03273e+06
3.25012e+06 3.16462e+06 3.08846e+06 3.25327e+06
3.23449e+06 3.08042e+06 3.18743e+06 3.15558e+06
3.23409e+06 3.23734e+06 3.07914e+06 3.1107e+06
3.1936e+06 3.18278e+06 3.24685e+06 3.0874e+06
3.18816e+06 3.27838e+06 3.17346e+06 3.06161e+06
3.09468e+06 3.26833e+06 3.23425e+06 3.22622e+06
3.10871e+06 3.23107e+06 3.22191e+06 3.19e+06
3.22072e+06 3.09224e+06 3.17236e+06 3.17678e+06
3.09468e+06 3.26833e+06 3.23425e+06 3.22622e+06
3.1418e+06 3.18216e+06 3.14066e+06 3.18031e+06
3.10996e+06 3.24124e+06 3.21417e+06 3.21288e+06
3.25012e+06 3.16462e+06 3.08846e+06 3.25327e+06
3.11794e+06 3.14166e+06 3.24526e+06 3.22252e+06
3.12201e+06 3.15238e+06 3.1935e+06 3.1367e+06
3.18968e+06 3.10475e+06 3.22568e+06 3.15032e+06
3.2424e+06 3.27083e+06 3.17435e+06 3.04731e+06
3.20222e+06 3.24829e+06 3.08932e+06 3.17571e+06
3.27326e+06 3.20858e+06 3.09226e+06 3.14319e+06
3.17692e+06 3.15944e+06 3.20262e+06 3.09258e+06
3.21002e+06 3.11611e+06 3.15907e+06 3.23638e+06
3.13328e+06 3.22248e+06 3.13108e+06 3.19993e+06
3.28056e+06 3.17146e+06 3.10319e+06 3.11601e+06
3.12624e+06 3.20049e+06 3.17744e+06 3.22758e+06
3.11227e+06 3.2313e+06 3.18642e+06 3.1799e+06
3.19592e+06 3.17792e+06 3.11045e+06 3.19902e+06
3.18963e+06 3.20993e+06 3.10232e+06 3.20966e+06
3.22644e+06 3.17319e+06 3.08138e+06 3.14864e+06
3.28949e+06 3.20384e+06 3.13197e+06 3.07462e+06
3.15226e+06 3.20372e+06 3.17587e+06 3.13963e+06
3.20677e+06 3.11543e+06 3.20166e+06 3.11547e+06
3.24697e+06 3.20646e+06 3.13392e+06 3.08093e+06
3.13717e+06 3.12005e+06 3.21681e+06 3.19982e+06
3.23195e+06 3.23072e+06 3.1515e+06 3.06746e+06
3.15974e+06 3.09733e+06 3.15915e+06 3.17426e+06
3.24466e+06 3.19583e+06 3.11881e+06 3.10506e+06
3.18841e+06 3.18057e+06 3.16598e+06 3.12006e+06
3.22906e+06 3.20146e+06 3.2235e+06 3.0749e+06
3.15492e+06 3.12717e+06 3.19601e+06 3.16366e+06
3.22301e+06 3.27415e+06 3.16358e+06 3.05788e+06
3.20615e+06 3.21122e+06 3.14703e+06 3.08704e+06
3.20222e+06 3.24829e+06 3.08932e+06 3.17571e+06
3.23449e+06 3.08042e+06 3.18743e+06 3.15558e+06
3.27665e+06 3.10013e+06 3.18454e+06 3.15432e+06
3.13815e+06 3.1286e+06 3.18834e+06 3.172e+06
3.2093e+06 3.13898e+06 3.11558e+06 3.1926e+06
3.16874e+06 3.1864e+06 3.17917e+06 3.10922e+06
3.17707e+06 3.22849e+06 3.09447e+06 3.14857e+06
3.19716e+06 3.17249e+06 3.18974e+06 3.09026e+06
3.2631e+06 3.21406e+06 3.10906e+06 3.1065e+06
3.24786e+06 3.16723e+06 3.11652e+06 3.13041e+06
3.16818e+06 3.19065e+06 3.14843e+06 3.0952e+06
3.13605e+06 3.21204e+06 3.14012e+06 3.09704e+06
3.2032e+06 3.13496e+06 3.18051e+06 3.08347e+06
3.20632e+06 3.19861e+06 3.0995e+06 3.16769e+06
3.21412e+06 3.21715e+06 3.11505e+06 3.09364e+06
3.22301e+06 3.27415e+06 3.16358e+06 3.05788e+06
3.20596e+06 3.12557e+06 3.2035e+06 3.15052e+06
3.18739e+06 3.13162e+06 3.20402e+06 3.11591e+06
3.2631e+06 3.21406e+06 3.10906e+06 3.1065e+06
3.23536e+06 3.11027e+06 3.21277e+06 3.13894e+06
3.23636e+06 3.14481e+06 3.15561e+06 3.08313e+06
3.1528e+06 3.22208e+06 3.10557e+06 3.09152e+06
3.1586e+06 3.18604e+06 3.15769e+06 3.1598e+06
3.20866e+06 3.10848e+06 3.2097e+06 3.14285e+06
3.27665e+06 3.10013e+06 3.18454e+06 3.15432e+06
3.1934e+06 3.20343e+06 3.10988e+06 3.14443e+06
3.21002e+06 3.11611e+06 3.15907e+06 3.23638e+06
3.21972e+06 3.17532e+06 3.12481e+06 3.12393e+06
3.16175e+06 3.14434e+06 3.12739e+06 3.12064e+06
3.13984e+06 3.19252e+06 3.10687e+06 3.15695e+06
3.23379e+06 3.1821e+06 3.15285e+06 3.05966e+06
3.18756e+06 3.14184e+06 3.19132e+06 3.13716e+06
3.18177e+06 3.18278e+06 3.11509e+06 3.11014e+06
3.17992e+06 3.1835e+06 3.18854e+06 3.10658e+06
3.24912e+06 3.23094e+06 3.16357e+06 3.04164e+06
3.16009e+06 3.18196e+06 3.17985e+06 3.1341e+06
3.11794e+06 3.14166e+06 3.24526e+06 3.22252e+06
3.12778e+06 3.17172e+06 3.16329e+06 3.14757e+06
3.19618e+06 3.21842e+06 3.21327e+06 3.08766e+06
3.20632e+06 3.19861e+06 3.0995e+06 3.16769e+06
3.15492e+06 3.12717e+06 3.19601e+06 3.16366e+06
3.25291e+06 3.19241e+06 3.12008e+06 3.10699e+06
3.18692e+06 3.14888e+06 3.11894e+06 3.12771e+06
3.20536e+06 3.17981e+06 3.12163e+06 3.12721e+06
3.21972e+06 3.17532e+06 3.12481e+06 3.12393e+06
3.23946e+06 3.18087e+06 3.12424e+06 3.12674e+06
3.21412e+06 3.21715e+06 3.11505e+06 3.09364e+06
3.17748e+06 3.22264e+06 3.11937e+06 3.07963e+06
3.29044e+06 3.20605e+06 3.11695e+06 3.07196e+06
3.24188e+06 3.2131e+06 3.12409e+06 3.10824e+06
3.25088e+06 3.13735e+06 3.15162e+06 3.13147e+06
3.2064e+06 3.16593e+06 3.12821e+06 3.10268e+06
3.20845e+06 3.1212e+06 3.1213e+06 3.16102e+06
3.13605e+06 3.21204e+06 3.14012e+06 3.09704e+06
3.12778e+06 3.17172e+06 3.16329e+06 3.14757e+06
3.2064e+06 3.16593e+06 3.12821e+06 3.10268e+06
3.18898e+06 3.14588e+06 3.21246e+06 3.11301e+06
3.18692e+06 3.14888e+06 3.11894e+06 3.12771e+06
3.16818e+06 3.19065e+06 3.14843e+06 3.0952e+06
3.23743e+06 3.17152e+06 3.1063e+06 3.19054e+06
3.24912e+06 3.23094e+06 3.16357e+06 3.04164e+06
3.23851e+06 3.14085e+06 3.16346e+06 3.09324e+06
3.20866e+06 3.10848e+06 3.2097e+06 3.14285e+06
3.15964e+06 3.1321e+06 3.12318e+06 3.14238e+06
3.24227e+06 3.21809e+06 3.12684e+06 3.09067e+06
3.20614e+06 3.17338e+06 3.17362e+06 3.11343e+06
3.20845e+06 3.1212e+06 3.1213e+06 3.16102e+06
3.16175e+06 3.14434e+06 3.12739e+06 3.12064e+06
3.17748e+06 3.22264e+06 3.11937e+06 3.07963e+06
3.2032e+06 3.13496e+06 3.18051e+06 3.08347e+06
3.15964e+06 3.1321e+06 3.12318e+06 3.14238e+06
3.27971e+06 3.21251e+06 3.12453e+06 3.09128e+06
3.18898e+06 3.14588e+06 3.21246e+06 3.11301e+06
3.25088e+06 3.13735e+06 3.15162e+06 3.13147e+06
3.1586e+06 3.18604e+06 3.15769e+06 3.1598e+06
3.22787e+06 3.19178e+06 3.10976e+06 3.14833e+06
3.2348e+06 3.21462e+06 3.14802e+06 3.08049e+06
3.16874e+06 3.1864e+06 3.17917e+06 3.10922e+06
3.13984e+06 3.19252e+06 3.10687e+06 3.15695e+06
3.1936e+06 3.18278e+06 3.24685e+06 3.0874e+06
3.2348e+06 3.21462e+06 3.14802e+06 3.08049e+06
3.22787e+06 3.19178e+06 3.10976e+06 3.14833e+06
3.27971e+06 3.21251e+06 3.12453e+06 3.09128e+06
3.27665e+06 3.10013e+06 3.18454e+06 3.15432e+06
3.22301e+06 3.27415e+06 3.16358e+06 3.05788e+06
3.20866e+06 3.10848e+06 3.2097e+06 3.14285e+06
3.20222e+06 3.24829e+06 3.08932e+06 3.17571e+06
3.15492e+06 3.12717e+06 3.19601e+06 3.16366e+06
3.31912e+06 3.2422e+06 3.1054e+06 3.12492e+06
3.2699e+06 3.24937e+06 3.1944e+06 3.08624e+06
3.2684e+06 3.18614e+06 3.21221e+06 3.07866e+06
3.25245e+06 3.14091e+06 3.12377e+06 3.2457e+06
3.22836e+06 3.12462e+06 3.1717e+06 3.18918e+06
3.17407e+06 3.18522e+06 3.29178e+06 3.15974e+06
3.14628e+06 3.17632e+06 3.20901e+06 3.21424e+06
3.18533e+06 3.14473e+06 3.21953e+06 3.17374e+06
3.17145e+06 3.20436e+06 3.20998e+06 3.1263e+06
3.28552e+06 3.18146e+06 3.1283e+06 3.11657e+06
3.21239e+06 3.21016e+06 3.11787e+06 3.16408e+06
3.19836e+06 3.13993e+06 3.18181e+06 3.18774e+06
3.23965e+06 3.19198e+06 3.15328e+06 3.08712e+06
3.21681e+06 3.15325e+06 3.17689e+06 3.19454e+06
3.18654e+06 3.22812e+06 3.13941e+06 3.10666e+06
3.20856e+06 3.21672e+06 3.19653e+06 3.11417e+06
3.28441e+06 3.185e+06 3.16041e+06 3.09782e+06
3.21669e+06 3.2187e+06 3.21169e+06 3.09526e+06
3.26321e+06 3.20853e+06 3.13294e+06 3.1392e+06
3.23352e+06 3.23567e+06 3.13646e+06 3.11237e+06
3.27103e+06 3.20496e+06 3.19444e+06 3.08363e+06
3.25341e+06 3.14656e+06 3.17626e+06 3.14961e+06
3.18595e+06 3.15845e+06 3.19059e+06 3.21338e+06
3.1765e+06 3.16312e+06 3.21889e+06 3.17937e+06
3.23199e+06 3.14626e+06 3.13929e+06 3.20537e+06
3.20237e+06 3.16489e+06 3.15534e+06 3.14648e+06
3.18164e+06 3.23723e+06 3.20906e+06 3.18181e+06
3.17943e+06 3.17897e+06 3.13917e+06 3.1877e+06
3.23676e+06 3.18886e+06 3.12193e+06 3.15217e+06
3.26047e+06 3.16846e+06 3.1679e+06 3.10134e+06
3.22615e+06 3.17084e+06 3.17122e+06 3.10776e+06
3.20476e+06 3.16405e+06 3.14467e+06 3.13705e+06
3.23597e+06 3.24809e+06 3.15253e+06 3.099e+06
3.20536e+06 3.24907e+06 3.21422e+06 3.08936e+06
3.21326e+06 3.17145e+06 3.17372e+06 3.11733e+06
3.19224e+06 3.16849e+06 3.13432e+06 3.12176e+06
3.24719e+06 3.18209e+06 3.18434e+06 3.09812e+06
3.22046e+06 3.14345e+06 3.18643e+06 3.09816e+06
3.20172e+06 3.16375e+06 3.14973e+06 3.15303e+06
3.18792e+06 3.1814e+06 3.18755e+06 3.15605e+06
3.20467e+06 3.16545e+06 3.14084e+06 3.18138e+06
3.23216e+06 3.15976e+06 3.13406e+06 3.12371e+06
3.18922e+06 3.18312e+06 3.19633e+06 3.13788e+06
3.18389e+06 3.16859e+06 3.14358e+06 3.16348e+06
3.22759e+06 3.15434e+06 3.1741e+06 3.18774e+06
3.26047e+06 3.16846e+06 3.1679e+06 3.10134e+06
3.2309e+06 3.14398e+06 3.14419e+06 3.16232e+06
3.21289e+06 3.14168e+06 3.1946e+06 3.15548e+06
3.20695e+06 3.20974e+06 3.1836e+06 3.11705e+06
3.20726e+06 3.20495e+06 3.18196e+06 3.11582e+06
3.26512e+06 3.22307e+06 3.17941e+06 3.1228e+06
3.24885e+06 3.21039e+06 3.11812e+06 3.19953e+06
3.24294e+06 3.21069e+06 3.23696e+06 3.09311e+06
3.23609e+06 3.14976e+06 3.19262e+06 3.19203e+06
3.23298e+06 3.17095e+06 3.24068e+06 3.13414e+06
3.20617e+06 3.18012e+06 3.19375e+06 3.22842e+06
3.19472e+06 3.2757e+06 3.16398e+06 3.13814e+06
3.15617e+06 3.20138e+06 3.21801e+06 3.21462e+06
3.17836e+06 3.20644e+06 3.21826e+06 3.12981e+06
3.21856e+06 3.16328e+06 3.23092e+06 3.18485e+06
3.23812e+06 3.15665e+06 3.15875e+06 3.22456e+06
3.19384e+06 3.25836e+06 3.16819e+06 3.15334e+06
3.18867e+06 3.24931e+06 3.20972e+06 3.16598e+06
3.22937e+06 3.22972e+06 3.14653e+06 3.12051e+06
3.25194e+06 3.24108e+06 3.19743e+06 3.10037e+06
3.25458e+06 3.15344e+06 3.18174e+06 3.14969e+06
3.20236e+06 3.21111e+06 3.15219e+06 3.15228e+06
3.20924e+06 3.24543e+06 3.1956e+06 3.11117e+06
3.20031e+06 3.19614e+06 3.21026e+06 3.14063e+06
3.21129e+06 3.17224e+06 3.14168e+06 3.1269e+06
3.25438e+06 3.19636e+06 3.1346e+06 3.15076e+06
3.21504e+06 3.19277e+06 3.13492e+06 3.13754e+06
3.196e+06 3.2173e+06 3.18649e+06 3.13429e+06
3.18227e+06 3.18631e+06 3.16342e+06 3.19468e+06
3.24701e+06 3.18316e+06 3.19353e+06 3.10097e+06
3.19193e+06 3.23099e+06 3.1776e+06 3.17523e+06
3.20822e+06 3.17777e+06 3.2215e+06 3.1652e+06
3.23166e+06 3.18774e+06 3.18897e+06 3.1165e+06
3.19637e+06 3.19725e+06 3.17225e+06 3.16034e+06
3.21776e+06 3.18464e+06 3.22457e+06 3.12557e+06
3.23345e+06 3.16754e+06 3.16446e+06 3.15937e+06
3.20956e+06 3.17829e+06 3.1625e+06 3.17187e+06
3.21179e+06 3.1714e+06 3.21526e+06 3.13702e+06
3.19242e+06 3.23522e+06 3.18137e+06 3.17398e+06
3.20879e+06 3.2392e+06 3.18296e+06 3.11919e+06
3.19385e+06 3.18695e+06 3.20611e+06 3.18216e+06
3.20926e+06 3.16928e+06 3.1692e+06 3.17972e+06
3.19728e+06 3.20905e+06 3.20716e+06 3.12496e+06
3.2375e+06 3.17076e+06 3.18959e+06 3.15562e+06
3.1944e+06 3.20931e+06 3.14774e+06 3.18319e+06
3.3194e+06 3.17105e+06 3.16802e+06 3.16566e+06
3.27498e+06 3.16937e+06 3.24942e+06 3.23762e+06
3.26996e+06 3.22275e+06 3.14044e+06 3.14238e+06
3.24641e+06 3.16035e+06 3.27955e+06 3.22513e+06
3.24212e+06 3.21702e+06 3.20722e+06 3.11859e+06
3.19206e+06 3.27017e+06 3.19224e+06 3.18021e+06
3.18908e+06 3.22637e+06 3.2236e+06 3.1551e+06
3.2187e+06 3.24542e+06 3.17356e+06 3.1304e+06
3.28246e+06 3.17142e+06 3.18589e+06 3.17043e+06
3.21622e+06 3.26976e+06 3.17852e+06 3.14587e+06
3.19799e+06 3.2059e+06 3.23208e+06 3.16802e+06
3.21055e+06 3.21126e+06 3.18388e+06 3.20968e+06
3.26896e+06 3.19619e+06 3.14727e+06 3.1301e+06
3.25094e+06 3.19302e+06 3.19199e+06 3.12604e+06
3.27416e+06 3.1783e+06 3.16269e+06 3.17542e+06
3.20474e+06 3.21735e+06 3.20016e+06 3.19485e+06
3.18947e+06 3.18922e+06 3.20122e+06 3.19713e+06
3.21899e+06 3.19347e+06 3.14918e+06 3.16077e+06
3.22415e+06 3.20012e+06 3.15889e+06 3.13569e+06
3.21759e+06 3.1733e+06 3.19026e+06 3.19154e+06
3.23096e+06 3.23626e+06 3.19206e+06 3.12553e+06
3.22243e+06 3.23227e+06 3.18845e+06 3.13839e+06
3.22894e+06 3.20271e+06 3.14811e+06 3.21038e+06
3.22913e+06 3.18314e+06 3.2156e+06 3.17288e+06
3.21683e+06 3.18655e+06 3.2252e+06 3.15168e+06
3.21569e+06 3.18874e+06 3.21267e+06 3.14801e+06
3.24605e+06 3.21052e+06 3.14133e+06 3.17047e+06
3.23228e+06 3.18473e+06 3.1716e+06 3.13561e+06
3.20181e+06 3.20178e+06 3.20612e+06 3.17265e+06
3.24015e+06 3.20425e+06 3.18919e+06 3.11863e+06
3.2378e+06 3.17271e+06 3.17091e+06 3.142e+06
3.21244e+06 3.19748e+06 3.16993e+06 3.14687e+06
3.24075e+06 3.20231e+06 3.14857e+06 3.15512e+06
3.29469e+06 3.26161e+06 3.15368e+06 3.15474e+06
3.26766e+06 3.17947e+06 3.21278e+06 3.14749e+06
3.24324e+06 3.22523e+06 3.24047e+06 3.13436e+06
3.24005e+06 3.2094e+06 3.15285e+06 3.22626e+06
3.22715e+06 3.27261e+06 3.16771e+06 3.15917e+06
3.19012e+06 3.23821e+06 3.2525e+06 3.21258e+06
3.19199e+06 3.23139e+06 3.21025e+06 3.21657e+06
3.20938e+06 3.23171e+06 3.21092e+06 3.20666e+06
3.23983e+06 3.2511e+06 3.1726e+06 3.16728e+06
3.2701e+06 3.21465e+06 3.2129e+06 3.14515e+06
3.2429e+06 3.17949e+06 3.1899e+06 3.19706e+06
3.25994e+06 3.2104e+06 3.15729e+06 3.15931e+06
3.22428e+06 3.20273e+06 3.18181e+06 3.19495e+06
3.27495e+06 3.18425e+06 3.21158e+06 3.15046e+06
3.22698e+06 3.18824e+06 3.23006e+06 3.15201e+06
3.25104e+06 3.21217e+06 3.16904e+06 3.18275e+06
3.24979e+06 3.19102e+06 3.17879e+06 3.17679e+06
3.24274e+06 3.18184e+06 3.23928e+06 3.16613e+06
3.26752e+06 3.23549e+06 3.15374e+06 3.1805e+06
3.22714e+06 3.20046e+06 3.16916e+06 3.18005e+06
3.23728e+06 3.20436e+06 3.18216e+06 3.15518e+06
3.22647e+06 3.21752e+06 3.18025e+06 3.19705e+06
3.24275e+06 3.1915e+06 3.17815e+06 3.14627e+06
3.22715e+06 3.22968e+06 3.18422e+06 3.15347e+06
3.2331e+06 3.2135e+06 3.18292e+06 3.15184e+06
3.24037e+06 3.2109e+06 3.17344e+06 3.14819e+06
3.29542e+06 3.19252e+06 3.21131e+06 3.19574e+06
3.28607e+06 3.18105e+06 3.23019e+06 3.17919e+06
3.27586e+06 3.30077e+06 3.15844e+06 3.16587e+06
3.26603e+06 3.18519e+06 3.20796e+06 3.23612e+06
3.24444e+06 3.21017e+06 3.23625e+06 3.1488e+06
3.23218e+06 3.21406e+06 3.25407e+06 3.20353e+06
3.24783e+06 3.24166e+06 3.20061e+06 3.15076e+06
3.2339e+06 3.23454e+06 3.24274e+06 3.15617e+06
3.27808e+06 3.20536e+06 3.17652e+06 3.19599e+06
3.25624e+06 3.19967e+06 3.1925e+06 3.15701e+06
3.25424e+06 3.20743e+06 3.2261e+06 3.15407e+06
3.24013e+06 3.2171e+06 3.20372e+06 3.15514e+06
3.23369e+06 3.20052e+06 3.18325e+06 3.19785e+06
3.24266e+06 3.2099e+06 3.23328e+06 3.15725e+06
3.28759e+06 3.22814e+06 3.22314e+06 3.17986e+06
3.26383e+06 3.21062e+06 3.25172e+06 3.15e+06
3.24796e+06 3.2443e+06 3.20204e+06 3.17025e+06
3.23804e+06 3.21668e+06 3.22587e+06 3.21221e+06
3.24405e+06 3.21671e+06 3.24596e+06 3.15795e+06
3.28563e+06 3.24556e+06 3.2114e+06 3.23837e+06
3.24708e+06 3.23538e+06 3.24256e+06 3.2231e+06
