108 27.071
3.09111e+06 3.02596e+06 2.92044e+06
3.05102e+06 2.95751e+06 3.07463e+06
2.9184e+06 3.12178e+06 2.9903e+06
2.91785e+06 3.02386e+06 3.07927e+06
2.85886e+06 3.10155e+06 3.01859e+06
2.95376e+06 2.99289e+06 2.98642e+06
2.88365e+06 3.08952e+06 3.05607e+06
2.90459e+06 3.03418e+06 3.04441e+06
2.97966e+06 3.09506e+06 2.96195e+06
2.93112e+06 3.00326e+06 2.96221e+06
2.94394e+06 2.99524e+06 3.01319e+06
2.85886e+06 3.10155e+06 3.01859e+06
2.91504e+06 3.10565e+06 2.99672e+06
2.8856e+06 3.07439e+06 3.06581e+06
2.9092e+06 3.05984e+06 3.01759e+06
3.00719e+06 3.023e+06 2.93571e+06
3.03713e+06 2.99094e+06 2.96622e+06
2.91602e+06 3.0595e+06 3.02407e+06
2.88963e+06 3.09106e+06 3.00644e+06
2.93015e+06 3.02e+06 2.99928e+06
2.98536e+06 2.9625e+06 3.03948e+06
2.9184e+06 3.12178e+06 2.9903e+06
3.0755e+06 3.08273e+06 2.92647e+06
3.0755e+06 3.08273e+06 2.92647e+06
2.96299e+06 2.98597e+06 3.03487e+06
3.02963e+06 2.98261e+06 2.9953e+06
3.04105e+06 2.97962e+06 2.99694e+06
3.00537e+06 2.98156e+06 3.03057e+06
2.90452e+06 3.04653e+06 3.03706e+06
2.98652e+06 2.99099e+06 2.94951e+06
3.01112e+06 2.98481e+06 3.0002e+06
2.95213e+06 2.99375e+06 3.07796e+06
3.06427e+06 3.0315e+06 2.93496e+06
3.00114e+06 2.98176e+06 3.0182e+06
2.90452e+06 3.04653e+06 3.03706e+06
3.0369e+06 2.97615e+06 3.00877e+06
2.98652e+06 2.99099e+06 2.94951e+06
3.05102e+06 2.95751e+06 3.07463e+06
2.88365e+06 3.08952e+06 3.05607e+06
3.05768e+06 3.08686e+06 2.93144e+06
2.92571e+06 3.04286e+06 3.00403e+06
3.05031e+06 2.98879e+06 2.9505e+06
2.92798e+06 3.09688e+06 3.00066e+06
2.96299e+06 2.98597e+06 3.03487e+06
3.06427e+06 3.0315e+06 2.93496e+06
3.05768e+06 3.08686e+06 2.93144e+06
2.92452e+06 3.07924e+06 3.01203e+06
2.8856e+06 3.07439e+06 3.06581e+06
3.05031e+06 2.98879e+06 2.9505e+06
3.03834e+06 2.97119e+06 3.02508e+06
2.93112e+06 3.00326e+06 2.96221e+06
3.03834e+06 2.97119e+06 3.02508e+06
3.02963e+06 2.98261e+06 2.9953e+06
2.98411e+06 2.98543e+06 3.06864e+06
2.98411e+06 2.98543e+06 3.06864e+06
3.03713e+06 2.99094e+06 2.96622e+06
2.92571e+06 3.04286e+06 3.00403e+06
2.92849e+06 3.09338e+06 2.98768e+06
2.98582e+06 2.98429e+06 3.01656e+06
3.01052e+06 2.97204e+06 3.00965e+06
3.00268e+06 2.9767e+06 3.03883e+06
2.92503e+06 3.04584e+06 3.03932e+06
2.92452e+06 3.07924e+06 3.01203e+06
2.91523e+06 3.08392e+06 3.01054e+06
3.03773e+06 2.98889e+06 2.99286e+06
2.91704e+06 3.08379e+06 3.00564e+06
2.93015e+06 3.02e+06 2.99928e+06
3.01052e+06 2.97204e+06 3.00965e+06
2.92849e+06 3.09338e+06 2.98768e+06
3.00268e+06 2.9767e+06 3.03883e+06
3.03773e+06 2.98889e+06 2.99286e+06
2.98582e+06 2.98429e+06 3.01656e+06
3.01112e+06 2.98481e+06 3.0002e+06
2.91523e+06 3.08392e+06 3.01054e+06
3.0755e+06 3.08273e+06 2.92647e+06
3.0755e+06 3.08273e+06 2.92647e+06
3.05768e+06 3.08686e+06 2.93144e+06
3.05102e+06 2.95751e+06 3.07463e+06
3.05102e+06 2.95751e+06 3.07463e+06
3.03834e+06 2.97119e+06 3.02508e+06
3.03773e+06 2.98889e+06 2.99286e+06
3.03773e+06 2.98889e+06 2.99286e+06
3.03713e+06 2.99094e+06 2.96622e+06
3.01112e+06 2.98481e+06 3.0002e+06
3.01112e+06 2.98481e+06 3.0002e+06
3.00268e+06 2.9767e+06 3.03883e+06
2.98582e+06 2.98429e+06 3.01656e+06
2.98582e+06 2.98429e+06 3.01656e+06
2.96299e+06 2.98597e+06 3.03487e+06
2.93112e+06 3.00326e+06 2.96221e+06
2.93015e+06 3.02e+06 2.99928e+06
2.93015e+06 3.02e+06 2.99928e+06
2.92849e+06 3.09338e+06 2.98768e+06
2.92452e+06 3.07924e+06 3.01203e+06
2.92452e+06 3.07924e+06 3.01203e+06
2.9184e+06 3.12178e+06 2.9903e+06
2.91523e+06 3.08392e+06 3.01054e+06
2.91523e+06 3.08392e+06 3.01054e+06
2.8856e+06 3.07439e+06 3.06581e+06
3.1161e+06 3.09741e+06 2.92584e+06
2.98809e+06 2.96284e+06 3.05348e+06
2.97118e+06 2.99415e+06 3.07335e+06
2.90756e+06 3.11478e+06 3.01376e+06
2.87308e+06 3.10852e+06 3.06144e+06
3.05227e+06 2.99998e+06 2.98588e+06
3.01511e+06 3.03397e+06 2.94057e+06
3.03357e+06 3.01709e+06 2.95497e+06
2.96137e+06 3.0385e+06 2.97696e+06
2.92471e+06 3.07227e+06 3.0254e+06
2.94847e+06 3.05668e+06 2.9922e+06
2.91238e+06 3.06981e+06 3.03373e+06
2.96015e+06 3.08536e+06 2.96429e+06
3.01133e+06 3.06255e+06 2.96629e+06
3.02681e+06 2.97699e+06 3.01724e+06
3.01998e+06 2.98222e+06 3.0431e+06
2.99832e+06 3.02412e+06 2.97312e+06
2.94225e+06 3.03014e+06 2.99439e+06
2.95267e+06 3.01867e+06 2.98796e+06
2.97857e+06 3.00663e+06 2.99497e+06
2.968e+06 3.00679e+06 3.03831e+06
2.94296e+06 3.08084e+06 2.99429e+06
2.90498e+06 3.10993e+06 3.02134e+06
3.01872e+06 2.99223e+06 3.02534e+06
2.9983e+06 3.00159e+06 3.0038e+06
2.90022e+06 3.09812e+06 3.03906e+06
2.99206e+06 3.0002e+06 3.00789e+06
3.03993e+06 3.00114e+06 2.97045e+06
2.98809e+06 2.96284e+06 3.05348e+06
2.90998e+06 3.09494e+06 3.01371e+06
3.03479e+06 2.96942e+06 3.04967e+06
2.90022e+06 3.09812e+06 3.03906e+06
2.96565e+06 2.99758e+06 3.03941e+06
2.9816e+06 3.00253e+06 3.03895e+06
3.0379e+06 2.97022e+06 3.04265e+06
3.03479e+06 2.96942e+06 3.04967e+06
2.90756e+06 3.11478e+06 3.01376e+06
3.0379e+06 2.97022e+06 3.04265e+06
2.90998e+06 3.09494e+06 3.01371e+06
3.0379e+06 2.97022e+06 3.04265e+06
3.0379e+06 2.97022e+06 3.04265e+06
3.03479e+06 2.96942e+06 3.04967e+06
2.90998e+06 3.09494e+06 3.01371e+06
2.90756e+06 3.11478e+06 3.01376e+06
2.90756e+06 3.11478e+06 3.01376e+06
3.10445e+06 3.06738e+06 2.9442e+06
3.04786e+06 3.12798e+06 2.94203e+06
3.0356e+06 2.97765e+06 3.02443e+06
2.97072e+06 3.00958e+06 3.08387e+06
2.93462e+06 3.17193e+06 3.02963e+06
2.94427e+06 3.11171e+06 3.02094e+06
2.94059e+06 3.08702e+06 3.03975e+06
2.99932e+06 3.06952e+06 2.97654e+06
3.02098e+06 3.04954e+06 2.95342e+06
3.04484e+06 3.03833e+06 2.95608e+06
2.99093e+06 2.98595e+06 3.06774e+06
2.9432e+06 3.0668e+06 3.06425e+06
3.0303e+06 3.03682e+06 2.97731e+06
2.97327e+06 3.02141e+06 3.00267e+06
2.96191e+06 3.03977e+06 2.98254e+06
3.00944e+06 3.01184e+06 3.00982e+06
3.02015e+06 3.00084e+06 3.05203e+06
2.95046e+06 3.07647e+06 3.02488e+06
2.98256e+06 3.00842e+06 3.04645e+06
2.9879e+06 3.00315e+06 3.07115e+06
3.01106e+06 3.02076e+06 2.9892e+06
2.95377e+06 3.04089e+06 3.00642e+06
3.01966e+06 3.01442e+06 2.99513e+06
3.01957e+06 3.00141e+06 3.05007e+06
2.98608e+06 3.01731e+06 3.00402e+06
3.11145e+06 3.03219e+06 3.00512e+06
3.0356e+06 2.98361e+06 3.07448e+06
3.02757e+06 3.10074e+06 2.96164e+06
2.97404e+06 3.03783e+06 3.10004e+06
2.9523e+06 3.07875e+06 3.08573e+06
3.07087e+06 2.9927e+06 3.07439e+06
2.969e+06 3.05739e+06 2.98964e+06
3.03837e+06 3.06717e+06 2.96256e+06
3.03493e+06 3.00232e+06 3.05025e+06
3.05359e+06 2.99626e+06 3.04989e+06
2.99879e+06 3.01969e+06 3.03588e+06
2.98444e+06 3.02427e+06 3.0431e+06
2.97824e+06 3.04802e+06 3.00802e+06
3.01257e+06 3.04025e+06 2.99118e+06
3.00682e+06 3.04694e+06 2.9982e+06
3.03097e+06 3.01406e+06 3.02083e+06
2.96394e+06 3.06088e+06 3.02061e+06
2.95619e+06 3.04283e+06 3.03465e+06
3.01052e+06 3.01548e+06 3.02234e+06
3.00319e+06 3.02065e+06 3.02738e+06
2.96038e+06 3.06676e+06 3.01682e+06
3.04352e+06 3.03502e+06 2.99328e+06
2.97873e+06 3.03547e+06 3.01467e+06
3.04063e+06 3.00066e+06 3.04677e+06
2.97416e+06 3.02652e+06 3.03125e+06
3.0471e+06 3.00117e+06 3.03184e+06
2.98305e+06 3.02629e+06 3.0063e+06
3.0371e+06 3.02437e+06 3.01708e+06
3.04016e+06 3.02117e+06 3.00532e+06
3.11065e+06 3.021e+06 3.05016e+06
3.05867e+06 3.0046e+06 3.0508e+06
3.03178e+06 3.10086e+06 2.96257e+06
3.00798e+06 3.02478e+06 3.08359e+06
2.9695e+06 3.127e+06 3.03415e+06
2.95985e+06 3.06431e+06 3.03845e+06
3.07094e+06 3.06733e+06 2.96495e+06
3.06971e+06 3.0796e+06 2.98259e+06
3.04743e+06 3.09258e+06 2.97487e+06
3.03775e+06 3.00933e+06 3.05171e+06
3.03574e+06 3.01883e+06 3.06636e+06
2.99134e+06 3.06172e+06 2.99055e+06
2.96163e+06 3.10767e+06 3.03702e+06
2.97847e+06 3.04165e+06 3.0457e+06
2.96344e+06 3.04721e+06 3.06263e+06
2.97688e+06 3.12362e+06 3.01999e+06
2.97449e+06 3.08916e+06 3.03064e+06
2.98703e+06 3.0334e+06 3.02245e+06
3e+06 3.02892e+06 3.01305e+06
3.03279e+06 3.05596e+06 2.99801e+06
3.03436e+06 3.05072e+06 3.00775e+06
2.98174e+06 3.06412e+06 2.99932e+06
3.00502e+06 3.02874e+06 3.02868e+06
2.98662e+06 3.05202e+06 3.0184e+06
3.05368e+06 3.02623e+06 3.02228e+06
2.98006e+06 3.09537e+06 3.01168e+06
3.03186e+06 3.04738e+06 3.01227e+06
3.07781e+06 3.07469e+06 2.97471e+06
3.07085e+06 3.02896e+06 3.06668e+06
3.01615e+06 3.07982e+06 2.99221e+06
2.97358e+06 3.06907e+06 3.09132e+06
3.03902e+06 3.03586e+06 3.01313e+06
3.05996e+06 3.07755e+06 2.99207e+06
2.97922e+06 3.05836e+06 3.05648e+06
3.02937e+06 3.0508e+06 3.02786e+06
2.9921e+06 3.07146e+06 2.99556e+06
3.01526e+06 3.06566e+06 3.00802e+06
3.03634e+06 3.04532e+06 3.034e+06
3.0033e+06 3.06348e+06 3.02207e+06
3.01187e+06 3.04006e+06 3.03963e+06
2.99736e+06 3.04161e+06 3.05305e+06
3.0196e+06 3.0493e+06 3.03479e+06
3.07119e+06 3.07835e+06 2.98973e+06
3.02292e+06 3.05968e+06 3.02648e+06
3.07594e+06 3.03478e+06 3.03428e+06
2.98546e+06 3.04235e+06 3.04743e+06
2.98938e+06 3.06196e+06 3.03027e+06
3.00748e+06 3.03547e+06 3.04796e+06
2.97744e+06 3.07827e+06 3.04038e+06
3.00467e+06 3.06218e+06 3.01246e+06
2.98334e+06 3.0791e+06 3.02704e+06
3.13871e+06 3.10527e+06 2.98493e+06
3.01582e+06 3.04027e+06 3.09519e+06
3.014e+06 3.04335e+06 3.09742e+06
2.98747e+06 3.05484e+06 3.07277e+06
3.09311e+06 3.09143e+06 2.98941e+06
3.05101e+06 3.04861e+06 3.01458e+06
2.99675e+06 3.0725e+06 3.02754e+06
3.00406e+06 3.09388e+06 2.99596e+06
2.99515e+06 3.087e+06 3.00521e+06
3.0328e+06 3.05748e+06 3.04508e+06
2.98982e+06 3.10014e+06 3.03091e+06
3.07436e+06 3.04672e+06 3.01661e+06
2.99067e+06 3.08274e+06 3.02923e+06
2.992e+06 3.04474e+06 3.07383e+06
3.06801e+06 3.04702e+06 3.0589e+06
3.02992e+06 3.06706e+06 3.02408e+06
3.00362e+06 3.06247e+06 3.0542e+06
3.02967e+06 3.06573e+06 3.03884e+06
3.02123e+06 3.05568e+06 3.05994e+06
2.99434e+06 3.06049e+06 3.07011e+06
3.01158e+06 3.04533e+06 3.06135e+06
3.01013e+06 3.06599e+06 3.03908e+06
2.99485e+06 3.06179e+06 3.06798e+06
2.98988e+06 3.06284e+06 3.044e+06
3.0863e+06 3.06101e+06 3.01493e+06
3.03012e+06 3.1215e+06 2.99645e+06
3.01969e+06 3.0408e+06 3.09754e+06
2.9963e+06 3.06591e+06 3.05347e+06
3.02612e+06 3.09468e+06 3.01096e+06
2.99737e+06 3.08014e+06 3.02873e+06
3.06516e+06 3.04625e+06 3.081e+06
3.00785e+06 3.064e+06 3.07214e+06
3.05055e+06 3.05767e+06 3.05885e+06
3.0129e+06 3.0564e+06 3.08131e+06
3.05075e+06 3.07052e+06 3.03773e+06
3.02035e+06 3.07369e+06 3.03801e+06
3.01338e+06 3.04666e+06 3.06377e+06
3.05836e+06 3.09398e+06 3.03771e+06
3.0357e+06 3.15556e+06 3.01772e+06
3.00806e+06 3.06653e+06 3.06703e+06
3.00249e+06 3.08426e+06 3.06336e+06
3.03662e+06 3.10416e+06 3.02737e+06
3.01791e+06 3.1282e+06 3.04853e+06
3.02221e+06 3.0685e+06 3.06014e+06
3.0295e+06 3.08446e+06 3.05452e+06
3.00427e+06 3.08678e+06 3.05014e+06
3.07438e+06 3.08438e+06 3.07448e+06
3.02474e+06 3.09831e+06 3.07199e+06
3.02432e+06 3.06954e+06 3.08046e+06
3.01885e+06 3.08118e+06 3.09504e+06
3.0081e+06 3.09682e+06 3.07517e+06
3.16557e+06 2.89495e+06 3.02637e+06
3.13688e+06 2.8816e+06 3.04012e+06
3.08143e+06 2.89465e+06 3.09426e+06
3.00064e+06 3.05499e+06 2.90995e+06
2.91827e+06 3.08778e+06 3.04929e+06
2.91626e+06 3.00601e+06 3.07182e+06
2.92556e+06 3.07806e+06 3.0101e+06
2.97485e+06 3.06735e+06 2.94807e+06
3.03171e+06 2.92785e+06 3.06155e+06
3.16557e+06 2.89495e+06 3.02637e+06
3.08143e+06 2.89465e+06 3.09426e+06
3.02962e+06 2.9964e+06 2.92088e+06
3.10115e+06 2.97621e+06 2.97312e+06
3.04584e+06 2.89941e+06 2.9993e+06
3.06337e+06 2.95377e+06 2.98319e+06
3.00064e+06 3.05499e+06 2.90995e+06
3.14523e+06 2.92252e+06 2.96085e+06
2.92574e+06 2.99213e+06 2.97974e+06
3.02962e+06 2.9964e+06 2.92088e+06
2.99548e+06 3.03023e+06 2.95716e+06
2.94962e+06 2.98453e+06 3.03412e+06
2.99548e+06 3.03023e+06 2.95716e+06
2.97485e+06 3.06735e+06 2.94807e+06
2.96773e+06 2.97013e+06 3.05294e+06
3.02058e+06 2.91686e+06 3.07348e+06
2.96822e+06 3.04733e+06 2.9706e+06
3.13688e+06 2.8816e+06 3.04012e+06
3.09282e+06 2.88539e+06 3.0516e+06
2.96794e+06 2.9699e+06 3.00303e+06
2.98112e+06 3.01934e+06 2.96921e+06
3.04584e+06 2.89941e+06 2.9993e+06
3.00314e+06 3.00737e+06 2.96318e+06
2.94962e+06 2.98453e+06 3.03412e+06
3.0213e+06 2.958e+06 2.98033e+06
2.98112e+06 3.01934e+06 2.96921e+06
2.96396e+06 2.97986e+06 3.07217e+06
2.98063e+06 2.95164e+06 2.99881e+06
2.99928e+06 2.94998e+06 3.06347e+06
2.9753e+06 2.97597e+06 2.98707e+06
2.96822e+06 3.04733e+06 2.9706e+06
3.09163e+06 2.94594e+06 2.97558e+06
3.01096e+06 2.9385e+06 3.04694e+06
2.99365e+06 2.94143e+06 3.07891e+06
3.05748e+06 2.97779e+06 2.97158e+06
3.14523e+06 2.92252e+06 2.96085e+06
3.01238e+06 2.99762e+06 2.95877e+06
2.91827e+06 3.08778e+06 3.04929e+06
2.97463e+06 2.95259e+06 3.08493e+06
3.02109e+06 2.98636e+06 2.96531e+06
3.01119e+06 2.93355e+06 3.0357e+06
3.0181e+06 2.96265e+06 2.9856e+06
3.01993e+06 2.91922e+06 3.06943e+06
3.01637e+06 2.93957e+06 2.99271e+06
3.01083e+06 2.93857e+06 3.03314e+06
3.00087e+06 2.95068e+06 3.02654e+06
2.99365e+06 2.94143e+06 3.07891e+06
3.01637e+06 2.93957e+06 2.99271e+06
2.98375e+06 2.98827e+06 2.97535e+06
3.10115e+06 2.97621e+06 2.97312e+06
3.05748e+06 2.97779e+06 2.97158e+06
2.97463e+06 2.95259e+06 3.08493e+06
3.09282e+06 2.88539e+06 3.0516e+06
3.00157e+06 2.96527e+06 2.97766e+06
2.98962e+06 2.98149e+06 2.98567e+06
3.00242e+06 2.94759e+06 2.98835e+06
2.98962e+06 2.98149e+06 2.98567e+06
2.97392e+06 2.9631e+06 3.03532e+06
3.01993e+06 2.91922e+06 3.06943e+06
3.01119e+06 2.93355e+06 3.0357e+06
2.96396e+06 2.97986e+06 3.07217e+06
2.99977e+06 2.94907e+06 3.07492e+06
2.9952e+06 2.98354e+06 2.9794e+06
3.00157e+06 2.96527e+06 2.97766e+06
3.0213e+06 2.958e+06 2.98033e+06
3.09163e+06 2.94594e+06 2.97558e+06
3.00771e+06 2.9881e+06 2.95906e+06
3.00771e+06 2.9881e+06 2.95906e+06
3.02058e+06 2.91686e+06 3.07348e+06
2.92574e+06 2.99213e+06 2.97974e+06
3.00314e+06 3.00737e+06 2.96318e+06
3.00444e+06 2.93866e+06 3.04874e+06
3.01238e+06 2.99762e+06 2.95877e+06
3.00242e+06 2.94759e+06 2.98835e+06
2.99977e+06 2.94907e+06 3.07492e+06
2.98375e+06 2.98827e+06 2.97535e+06
2.91626e+06 3.00601e+06 3.07182e+06
3.00272e+06 2.97003e+06 2.97431e+06
3.00444e+06 2.93866e+06 3.04874e+06
2.97392e+06 2.9631e+06 3.03532e+06
3.01096e+06 2.9385e+06 3.04694e+06
2.9952e+06 2.98354e+06 2.9794e+06
3.01083e+06 2.93857e+06 3.03314e+06
3.16557e+06 2.89495e+06 3.02637e+06
3.16557e+06 2.89495e+06 3.02637e+06
3.14523e+06 2.92252e+06 2.96085e+06
3.09163e+06 2.94594e+06 2.97558e+06
3.02962e+06 2.9964e+06 2.92088e+06
3.02962e+06 2.9964e+06 2.92088e+06
3.01993e+06 2.91922e+06 3.06943e+06
3.00771e+06 2.9881e+06 2.95906e+06
3.00771e+06 2.9881e+06 2.95906e+06
3.00314e+06 3.00737e+06 2.96318e+06
3.00064e+06 3.05499e+06 2.90995e+06
3.00064e+06 3.05499e+06 2.90995e+06
2.99977e+06 2.94907e+06 3.07492e+06
2.99977e+06 2.94907e+06 3.07492e+06
2.99548e+06 3.03023e+06 2.95716e+06
2.9952e+06 2.98354e+06 2.9794e+06
2.97463e+06 2.95259e+06 3.08493e+06
2.96822e+06 3.04733e+06 2.9706e+06
2.91827e+06 3.08778e+06 3.04929e+06
2.91626e+06 3.00601e+06 3.07182e+06
3.1231e+06 2.99743e+06 2.95723e+06
3.05106e+06 2.91168e+06 3.10022e+06
2.95227e+06 3.07741e+06 2.98911e+06
2.94932e+06 3.03551e+06 3.0242e+06
3.0927e+06 2.94579e+06 2.9942e+06
3.02555e+06 2.95046e+06 3.07709e+06
2.98708e+06 2.96689e+06 3.03972e+06
2.9557e+06 2.9866e+06 3.06249e+06
3.02374e+06 3.05723e+06 2.96606e+06
3.06839e+06 2.91524e+06 3.00728e+06
2.99193e+06 3.02113e+06 2.98608e+06
3.01419e+06 2.98924e+06 2.96968e+06
3.05245e+06 2.93381e+06 3.02688e+06
3.08458e+06 3.01297e+06 2.96962e+06
3.08022e+06 2.96173e+06 2.9979e+06
2.95907e+06 3.07331e+06 3.00385e+06
2.97192e+06 2.98662e+06 3.01848e+06
3.00342e+06 3.0479e+06 2.96922e+06
3.03959e+06 2.9369e+06 3.06532e+06
3.05763e+06 2.97285e+06 2.99084e+06
2.95032e+06 3.00502e+06 3.00729e+06
3.03741e+06 2.97397e+06 3.00097e+06
2.97973e+06 2.97384e+06 3.07319e+06
2.99902e+06 2.95963e+06 3.0172e+06
3.01165e+06 2.95414e+06 3.0343e+06
2.98461e+06 2.98134e+06 3.00286e+06
2.96276e+06 2.99706e+06 3.00382e+06
2.99623e+06 2.95429e+06 3.0277e+06
3.03995e+06 2.94618e+06 3.02476e+06
3.00959e+06 2.98985e+06 3.00049e+06
3.06666e+06 3.02904e+06 2.96291e+06
3.00105e+06 3.00258e+06 2.9864e+06
3.06647e+06 2.94999e+06 3.00432e+06
2.99663e+06 3.0511e+06 2.96671e+06
2.98096e+06 3.03121e+06 2.99945e+06
2.99161e+06 3.02624e+06 2.96946e+06
3.06746e+06 2.96779e+06 2.99914e+06
2.99003e+06 2.96023e+06 3.0047e+06
2.9967e+06 2.96023e+06 3.02647e+06
3.10612e+06 2.94833e+06 3.01769e+06
3.09168e+06 2.93408e+06 3.05122e+06
3.06864e+06 3.03272e+06 2.96622e+06
3.04261e+06 2.94197e+06 3.12511e+06
3.02146e+06 3.06604e+06 2.99526e+06
2.94969e+06 3.03784e+06 3.03904e+06
2.96513e+06 3.01215e+06 3.01402e+06
3.06693e+06 2.95594e+06 3.08737e+06
2.9563e+06 2.99603e+06 3.09482e+06
3.01285e+06 3.0423e+06 3.00428e+06
2.98702e+06 2.9985e+06 3.04744e+06
2.99047e+06 3.06302e+06 3.00184e+06
3.02422e+06 3.03348e+06 2.97396e+06
3.03606e+06 3.01748e+06 2.98522e+06
3.0863e+06 2.94819e+06 3.06322e+06
2.95112e+06 3.01219e+06 3.03817e+06
3.10304e+06 3.015e+06 2.98458e+06
3.04051e+06 2.9912e+06 2.99217e+06
3.07684e+06 2.97865e+06 3.01058e+06
2.95516e+06 3.02822e+06 3.01011e+06
3.0934e+06 2.93761e+06 3.04295e+06
2.95964e+06 2.99549e+06 3.07762e+06
2.98749e+06 2.97244e+06 3.0703e+06
2.99999e+06 2.96662e+06 3.01112e+06
2.98831e+06 2.98018e+06 3.05571e+06
2.99422e+06 2.986e+06 3.03994e+06
3.00561e+06 2.9562e+06 3.04775e+06
3.01448e+06 2.96132e+06 3.04301e+06
3.08996e+06 2.94372e+06 3.07495e+06
3.02103e+06 3.03575e+06 2.99778e+06
3.06748e+06 2.94623e+06 3.08344e+06
2.99645e+06 2.96096e+06 3.05369e+06
2.9929e+06 2.97489e+06 3.04621e+06
3.00218e+06 3.0151e+06 3.00795e+06
3.03737e+06 3.01682e+06 2.99664e+06
3.02226e+06 3.01252e+06 3.00967e+06
3.11053e+06 2.95205e+06 3.03094e+06
3.10752e+06 2.93862e+06 3.05811e+06
3.06077e+06 3.06009e+06 2.99282e+06
2.99895e+06 2.98767e+06 3.09401e+06
2.95662e+06 3.04935e+06 3.03141e+06
3.08281e+06 2.99163e+06 3.0107e+06
2.99042e+06 2.9901e+06 3.06952e+06
2.96452e+06 3.04914e+06 3.09034e+06
3.01172e+06 2.96741e+06 3.0145e+06
3.05644e+06 2.96522e+06 3.05386e+06
3.04729e+06 2.95825e+06 3.06277e+06
3.03354e+06 3.05447e+06 2.99671e+06
3.0004e+06 3.00794e+06 3.03667e+06
2.96681e+06 3.01409e+06 3.04414e+06
3.00139e+06 2.99342e+06 3.03646e+06
3.04834e+06 3.03252e+06 3.00592e+06
3.03026e+06 3.0509e+06 2.99932e+06
2.96761e+06 3.03424e+06 3.01998e+06
3.00382e+06 3.02159e+06 3.02758e+06
2.97909e+06 3.0126e+06 3.05573e+06
3.00644e+06 2.95712e+06 3.06842e+06
3.02311e+06 3.01813e+06 3.00934e+06
2.97603e+06 3.02405e+06 3.01711e+06
3.01878e+06 3.04658e+06 3.00714e+06
3.01812e+06 3.02544e+06 3.00852e+06
3.0478e+06 3.03884e+06 3.00789e+06
2.99791e+06 3.02384e+06 3.01952e+06
3.11011e+06 2.93878e+06 3.11029e+06
3.0214e+06 3.04612e+06 3.00901e+06
2.95715e+06 3.09753e+06 3.03382e+06
3.07786e+06 2.96817e+06 3.06102e+06
2.9983e+06 3.02887e+06 3.08302e+06
3.04136e+06 2.97267e+06 3.10805e+06
2.99498e+06 3.08482e+06 3.02671e+06
3.00362e+06 3.00996e+06 3.06972e+06
3.0549e+06 2.97116e+06 3.04987e+06
2.96849e+06 3.06204e+06 3.04134e+06
2.98713e+06 3.03122e+06 3.06318e+06
3.04784e+06 2.98286e+06 3.01628e+06
3.06835e+06 2.96903e+06 3.05339e+06
3.03035e+06 3.0389e+06 3.01017e+06
3.00644e+06 2.99854e+06 3.04261e+06
2.96622e+06 3.04956e+06 3.05853e+06
3.02114e+06 2.98616e+06 3.02125e+06
2.96063e+06 3.05859e+06 3.04313e+06
3.02444e+06 3.00992e+06 3.01979e+06
3.03322e+06 3.02632e+06 3.01358e+06
2.97517e+06 3.06068e+06 3.03787e+06
3.01623e+06 2.97491e+06 3.04507e+06
3.0149e+06 2.99584e+06 3.0299e+06
3.01388e+06 3.0201e+06 3.02887e+06
3.00127e+06 3.03489e+06 3.01851e+06
3.01353e+06 3.02629e+06 3.02058e+06
2.97959e+06 3.04624e+06 3.03996e+06
2.97805e+06 3.0331e+06 3.05295e+06
2.96762e+06 3.04703e+06 3.05606e+06
3.01813e+06 2.97402e+06 3.0282e+06
3.08557e+06 3.07319e+06 3.01545e+06
3.04283e+06 3.08916e+06 3.01217e+06
3.0342e+06 2.97716e+06 3.06413e+06
3.00328e+06 3.04019e+06 3.09731e+06
2.98422e+06 3.05979e+06 3.0866e+06
3.00728e+06 3.01232e+06 3.0543e+06
2.99242e+06 3.05084e+06 3.08509e+06
3.0591e+06 2.97754e+06 3.02977e+06
3.01971e+06 2.98568e+06 3.04242e+06
2.99082e+06 3.06821e+06 3.04861e+06
3.05105e+06 3.03012e+06 3.02385e+06
3.05342e+06 3.01988e+06 3.01968e+06
3.01185e+06 3.03742e+06 3.04188e+06
3.02808e+06 2.97732e+06 3.03265e+06
3.01983e+06 3.02689e+06 3.03918e+06
3.02017e+06 2.98363e+06 3.0326e+06
3.0624e+06 3.02477e+06 3.0299e+06
3.03591e+06 2.97881e+06 3.04997e+06
3.02643e+06 3.05322e+06 3.03477e+06
3.01226e+06 3.0171e+06 3.07474e+06
3.01623e+06 3.0399e+06 3.07061e+06
3.05124e+06 3.00518e+06 3.03876e+06
3.04499e+06 2.98023e+06 3.04802e+06
3.02476e+06 2.98886e+06 3.05668e+06
3.0208e+06 3.02632e+06 3.06626e+06
3.04518e+06 2.99072e+06 3.04346e+06
3.019e+06 3.0476e+06 3.0624e+06
3.03272e+06 3.00118e+06 3.04226e+06
3.05923e+06 2.99037e+06 3.0331e+06
3.03049e+06 3.012e+06 3.03328e+06
3.03203e+06 3.00553e+06 3.05384e+06
3.0208e+06 3.04666e+06 3.04896e+06
3.03242e+06 3.0083e+06 3.0406e+06
3.08969e+06 2.9878e+06 3.08165e+06
3.07866e+06 2.98273e+06 3.0915e+06
3.06642e+06 3.01031e+06 3.03329e+06
3.03859e+06 3.03431e+06 3.03798e+06
3.03164e+06 3.01406e+06 3.04942e+06
3.05948e+06 2.99702e+06 3.05152e+06
3.039e+06 3.0076e+06 3.07571e+06
3.05249e+06 3.00567e+06 3.04546e+06
3.06114e+06 3.00203e+06 3.03984e+06
3.06558e+06 2.98824e+06 3.0488e+06
3.08552e+06 3.02136e+06 3.04382e+06
3.07046e+06 2.99141e+06 3.05972e+06
3.04661e+06 3.01104e+06 3.10128e+06
3.03499e+06 3.03746e+06 3.05278e+06
3.06187e+06 3.01472e+06 3.06654e+06
3.0677e+06 3.00241e+06 3.05096e+06
3.0492e+06 3.02858e+06 3.05262e+06
3.10909e+06 3.04387e+06 3.05956e+06
3.0734e+06 2.99526e+06 3.08805e+06
3.05225e+06 3.05178e+06 3.06364e+06
3.0791e+06 3.01233e+06 3.07708e+06
3.06958e+06 3.01685e+06 3.06914e+06
3.08946e+06 3.05036e+06 3.10037e+06
3.11473e+06 2.94758e+06 2.89659e+06
3.10702e+06 2.97227e+06 2.88148e+06
2.98908e+06 3.03735e+06 2.89342e+06
2.98902e+06 2.86192e+06 2.9555e+06
2.93008e+06 2.93342e+06 3.01673e+06
2.93e+06 2.95442e+06 2.97191e+06
3.03113e+06 2.88773e+06 2.9504e+06
2.94349e+06 2.9058e+06 3.01233e+06
2.96919e+06 2.89088e+06 2.93702e+06
2.97451e+06 2.9384e+06 2.92408e+06
3.01994e+06 2.9836e+06 2.90715e+06
3.04656e+06 3.00101e+06 2.8891e+06
3.06199e+06 2.92411e+06 2.93675e+06
2.99137e+06 2.97825e+06 2.90758e+06
3.07957e+06 2.95175e+06 2.89966e+06
2.98809e+06 3.0372e+06 2.91252e+06
3.01211e+06 2.97452e+06 2.91568e+06
3.04218e+06 3.02506e+06 2.88453e+06
2.97234e+06 2.87334e+06 2.96124e+06
2.9491e+06 2.94274e+06 2.98653e+06
2.95682e+06 2.91398e+06 2.97438e+06
3.05656e+06 3.00326e+06 2.8823e+06
3.03785e+06 3.02251e+06 2.90133e+06
2.93122e+06 2.91919e+06 3.01168e+06
2.95568e+06 2.91839e+06 2.99769e+06
2.95538e+06 2.92555e+06 2.96667e+06
2.95568e+06 2.91839e+06 2.99769e+06
2.9491e+06 2.94274e+06 2.98653e+06
3.04175e+06 3.0053e+06 2.90375e+06
2.93122e+06 2.91919e+06 3.01168e+06
3.02568e+06 3.01041e+06 2.90676e+06
2.97234e+06 2.87334e+06 2.96124e+06
2.95998e+06 2.94532e+06 2.95582e+06
3.06767e+06 2.94796e+06 2.90809e+06
3.02568e+06 3.01041e+06 2.90676e+06
3.0483e+06 2.94425e+06 2.9235e+06
2.95172e+06 2.94835e+06 2.9167e+06
3.11473e+06 2.94758e+06 2.89659e+06
3.07187e+06 2.94061e+06 2.92234e+06
2.93008e+06 2.93342e+06 3.01673e+06
2.96422e+06 2.92591e+06 2.96044e+06
3.03e+06 2.97361e+06 2.91122e+06
3.01211e+06 2.97452e+06 2.91568e+06
2.9624e+06 2.91382e+06 2.97337e+06
3.07957e+06 2.95175e+06 2.89966e+06
3.07187e+06 2.94061e+06 2.92234e+06
3.04293e+06 2.95438e+06 2.89909e+06
3.03785e+06 3.02251e+06 2.90133e+06
2.96422e+06 2.92591e+06 2.96044e+06
2.98908e+06 3.03735e+06 2.89342e+06
2.98809e+06 3.0372e+06 2.91252e+06
2.95172e+06 2.94835e+06 2.9167e+06
2.9624e+06 2.91382e+06 2.97337e+06
2.95682e+06 2.91398e+06 2.97438e+06
3.07187e+06 2.94061e+06 2.92234e+06
3.02568e+06 3.01041e+06 2.90676e+06
2.97234e+06 2.87334e+06 2.96124e+06
2.95682e+06 2.91398e+06 2.97438e+06
2.95682e+06 2.91398e+06 2.97438e+06
2.93122e+06 2.91919e+06 3.01168e+06
3.12574e+06 2.98816e+06 2.89383e+06
3.06633e+06 2.88946e+06 2.97674e+06
3.05419e+06 3.02789e+06 2.88634e+06
2.95256e+06 2.96592e+06 3.02711e+06
2.93445e+06 3.05353e+06 3.00355e+06
2.93445e+06 3.05353e+06 3.00355e+06
3.10766e+06 2.99815e+06 2.88689e+06
2.96969e+06 2.91636e+06 2.95081e+06
2.96857e+06 2.96045e+06 2.95951e+06
3.09887e+06 2.97122e+06 2.89924e+06
3.04948e+06 3.04272e+06 2.90084e+06
2.95706e+06 2.92418e+06 3.00937e+06
2.95711e+06 2.95113e+06 2.98984e+06
2.9775e+06 2.89553e+06 3.00656e+06
3.06212e+06 2.94081e+06 2.93791e+06
3.00417e+06 2.90678e+06 2.9689e+06
3.02651e+06 2.99021e+06 2.91599e+06
2.939e+06 2.96965e+06 3.01338e+06
3.07571e+06 3.0146e+06 2.89381e+06
3.03731e+06 3.00025e+06 2.90872e+06
3.08145e+06 2.9499e+06 2.92917e+06
3.01216e+06 2.98521e+06 2.91944e+06
2.95256e+06 2.96592e+06 3.02711e+06
2.98541e+06 2.88955e+06 2.98282e+06
2.96424e+06 2.94815e+06 2.99833e+06
3.12574e+06 2.98816e+06 2.89383e+06
3.02311e+06 2.90328e+06 2.93898e+06
3.05419e+06 3.02789e+06 2.88634e+06
3.0434e+06 3.01883e+06 2.90316e+06
2.99376e+06 3.00482e+06 2.90847e+06
3.00545e+06 2.90519e+06 2.94237e+06
2.95428e+06 2.96281e+06 2.93355e+06
2.98683e+06 2.94436e+06 2.92923e+06
3.04628e+06 2.98152e+06 2.9056e+06
3.03398e+06 2.98314e+06 2.91646e+06
2.99462e+06 2.91084e+06 2.94072e+06
3.02444e+06 2.96534e+06 2.92906e+06
3.05716e+06 2.96712e+06 2.90136e+06
3.06312e+06 3.01959e+06 2.89215e+06
2.98389e+06 2.97841e+06 2.92214e+06
2.94757e+06 3.00438e+06 2.97733e+06
2.95266e+06 2.97524e+06 2.97967e+06
2.96424e+06 2.94815e+06 2.99833e+06
2.939e+06 2.96965e+06 3.01338e+06
3.07638e+06 2.96335e+06 2.91866e+06
2.99047e+06 2.98948e+06 2.92195e+06
3.06633e+06 2.88946e+06 2.97674e+06
3.06312e+06 3.01959e+06 2.89215e+06
2.94757e+06 3.00438e+06 2.97733e+06
2.98201e+06 2.91399e+06 2.98009e+06
3.00069e+06 3.00443e+06 2.9198e+06
3.00069e+06 3.00443e+06 2.9198e+06
2.98201e+06 2.91399e+06 2.98009e+06
3.02311e+06 2.90328e+06 2.93898e+06
2.98389e+06 2.97841e+06 2.92214e+06
3.00545e+06 2.90519e+06 2.94237e+06
2.98207e+06 2.91183e+06 2.93807e+06
2.98207e+06 2.91183e+06 2.93807e+06
3.12574e+06 2.98816e+06 2.89383e+06
2.93445e+06 3.05353e+06 3.00355e+06
3.11678e+06 3.00453e+06 2.89912e+06
3.02105e+06 2.89302e+06 3.01989e+06
3.02105e+06 2.89302e+06 3.01989e+06
2.98768e+06 3.04259e+06 2.93911e+06
2.95868e+06 2.98261e+06 2.97418e+06
3.09528e+06 2.97877e+06 2.90255e+06
3.00283e+06 2.96616e+06 2.92929e+06
2.96073e+06 3.04173e+06 2.96707e+06
2.96116e+06 2.9562e+06 3.00316e+06
3.06254e+06 3.01705e+06 2.90307e+06
3.06903e+06 2.89484e+06 3.00954e+06
2.998e+06 2.94466e+06 2.9347e+06
3.0227e+06 2.92117e+06 2.94816e+06
2.96961e+06 2.95925e+06 2.99347e+06
3.04699e+06 2.9973e+06 2.92045e+06
3.10988e+06 3.04241e+06 2.9021e+06
3.07852e+06 3.00166e+06 2.90391e+06
3.05666e+06 2.98357e+06 2.9193e+06
2.96492e+06 2.94373e+06 3.01851e+06
3.04596e+06 3.00258e+06 2.91279e+06
2.96767e+06 2.99406e+06 2.95725e+06
3.05946e+06 2.90955e+06 2.94894e+06
2.9913e+06 2.91422e+06 2.98938e+06
2.97365e+06 2.93029e+06 2.9555e+06
3.01501e+06 3.012e+06 2.9102e+06
2.99999e+06 2.92403e+06 2.98052e+06
3.01147e+06 2.93396e+06 2.94387e+06
3.02149e+06 2.91589e+06 2.95888e+06
2.99355e+06 3.01288e+06 2.94601e+06
3.00715e+06 2.9396e+06 2.9392e+06
2.97188e+06 2.95846e+06 2.97722e+06
2.97859e+06 2.9301e+06 2.96789e+06
3.05483e+06 3.00322e+06 2.91276e+06
3.07201e+06 3.01221e+06 2.90484e+06
2.99833e+06 2.8996e+06 2.98284e+06
3.07305e+06 2.91703e+06 2.9394e+06
3.00556e+06 2.90839e+06 2.97149e+06
3.0032e+06 2.92818e+06 2.97183e+06
3.06191e+06 2.90444e+06 2.94768e+06
3.00597e+06 2.90589e+06 2.96807e+06
2.9771e+06 2.91702e+06 2.98724e+06
3.04596e+06 3.00258e+06 2.91279e+06
3.05585e+06 3.00063e+06 2.91094e+06
3.01678e+06 2.93416e+06 2.94038e+06
3.00367e+06 2.93447e+06 2.9475e+06
3.01337e+06 2.92133e+06 2.94734e+06
2.99833e+06 2.8996e+06 2.98284e+06
2.9771e+06 2.91702e+06 2.98724e+06
3.01678e+06 2.93416e+06 2.94038e+06
3.13981e+06 2.98909e+06 2.90714e+06
3.04406e+06 2.90178e+06 2.99095e+06
3.019e+06 3.04495e+06 2.92047e+06
2.98092e+06 2.9533e+06 3.02078e+06
2.9624e+06 3.03024e+06 3.00023e+06
3.11113e+06 2.92165e+06 2.9404e+06
3.08644e+06 2.98462e+06 2.92873e+06
3.06694e+06 3.0157e+06 2.91054e+06
2.97424e+06 3.03641e+06 2.96137e+06
3.05559e+06 3.00221e+06 2.92086e+06
3.07026e+06 3.00481e+06 2.9114e+06
3.00957e+06 2.97078e+06 2.94536e+06
2.98462e+06 2.95246e+06 2.9753e+06
2.98747e+06 2.94349e+06 2.9723e+06
3.0055e+06 2.93501e+06 2.95136e+06
3.07111e+06 2.97464e+06 2.9314e+06
2.99842e+06 2.91322e+06 2.98812e+06
3.01706e+06 2.91176e+06 2.99205e+06
2.97756e+06 2.95936e+06 2.9794e+06
3.02538e+06 2.93966e+06 2.95013e+06
3.01486e+06 2.99957e+06 2.93408e+06
3.03687e+06 2.9199e+06 2.96981e+06
3.04245e+06 2.9086e+06 2.98684e+06
2.99181e+06 2.96153e+06 2.96374e+06
3.02576e+06 2.92911e+06 2.96598e+06
3.02188e+06 2.9772e+06 2.93291e+06
3.04548e+06 2.99515e+06 2.93143e+06
3.003e+06 2.92931e+06 2.98455e+06
3.03693e+06 2.97624e+06 2.93654e+06
2.98029e+06 2.96598e+06 2.97934e+06
3.02949e+06 3.03109e+06 2.91128e+06
3.04772e+06 2.976e+06 2.92934e+06
3.0331e+06 2.93449e+06 2.95096e+06
3.00054e+06 2.96151e+06 2.96775e+06
2.98949e+06 2.93168e+06 2.9866e+06
3.04297e+06 2.96689e+06 2.93221e+06
3.00671e+06 2.93036e+06 2.96222e+06
3.00671e+06 2.93036e+06 2.96222e+06
3.07775e+06 2.97185e+06 2.94415e+06
3.05698e+06 3.03285e+06 2.91347e+06
3.00984e+06 2.92921e+06 2.99713e+06
2.97999e+06 2.96407e+06 3.02728e+06
3.00714e+06 2.99698e+06 2.95282e+06
2.99029e+06 2.93284e+06 3.00532e+06
3.00312e+06 2.94359e+06 2.99311e+06
3.05594e+06 2.97864e+06 2.93305e+06
3.04365e+06 2.93179e+06 2.975e+06
3.02815e+06 2.97929e+06 2.93312e+06
3.03484e+06 2.97443e+06 2.94805e+06
2.98534e+06 2.97423e+06 2.97904e+06
3.01731e+06 2.93854e+06 2.95329e+06
3.01545e+06 2.9794e+06 2.96332e+06
3.01261e+06 2.95218e+06 2.96838e+06
3.01608e+06 2.9903e+06 2.95628e+06
2.98791e+06 2.9498e+06 2.97292e+06
3.00779e+06 2.99138e+06 2.96898e+06
3.08405e+06 2.99983e+06 2.9387e+06
3.05591e+06 2.93061e+06 2.9986e+06
3.05154e+06 3.01234e+06 2.93325e+06
2.98436e+06 3.06708e+06 3.04898e+06
2.99362e+06 2.95384e+06 3.03468e+06
3.02906e+06 3.03256e+06 2.93418e+06
2.99717e+06 2.96589e+06 3.01023e+06
3.0794e+06 2.98996e+06 2.94321e+06
2.99996e+06 2.99267e+06 3.00844e+06
3.01973e+06 2.94034e+06 2.99213e+06
3.00728e+06 2.95618e+06 2.98806e+06
3.01183e+06 2.97624e+06 2.98117e+06
3.04231e+06 2.9512e+06 2.96109e+06
3.03606e+06 3.01466e+06 2.9472e+06
3.02862e+06 2.93884e+06 2.97219e+06
3.04368e+06 2.96323e+06 2.95554e+06
3.03955e+06 3.0001e+06 2.93529e+06
3.00921e+06 3.02221e+06 2.9607e+06
3.03189e+06 3.0296e+06 2.94389e+06
3.03701e+06 2.98335e+06 2.95215e+06
3.02696e+06 2.94414e+06 2.99022e+06
3.04861e+06 3.00007e+06 2.93968e+06
3.02691e+06 2.97018e+06 2.97506e+06
3.02465e+06 2.99021e+06 2.97696e+06
3.0811e+06 2.96663e+06 2.95473e+06
3.0125e+06 2.99993e+06 2.97233e+06
3.02692e+06 2.98801e+06 2.97275e+06
3.02561e+06 2.99072e+06 2.97667e+06
3.01051e+06 2.95198e+06 2.98847e+06
3.00975e+06 2.95544e+06 2.98869e+06
3.02483e+06 2.99985e+06 2.95384e+06
3.08685e+06 2.95206e+06 2.96854e+06
3.04617e+06 2.94031e+06 2.98968e+06
3.04177e+06 3.01696e+06 2.94211e+06
3.01033e+06 3.04128e+06 2.96471e+06
2.99611e+06 2.96814e+06 3.0541e+06
3.00266e+06 3.02817e+06 3.03101e+06
3.07994e+06 2.95823e+06 2.96988e+06
3.05574e+06 2.94334e+06 2.98525e+06
3.06971e+06 3.00913e+06 2.94321e+06
3.02913e+06 2.99756e+06 2.98014e+06
3.01906e+06 2.95682e+06 2.99143e+06
3.00913e+06 2.98332e+06 3.01501e+06
3.03776e+06 3.02511e+06 2.94769e+06
3.01624e+06 2.97499e+06 3.00255e+06
3.00389e+06 2.97872e+06 3.02217e+06
3.06542e+06 2.98355e+06 2.96814e+06
3.04602e+06 3.00362e+06 2.94427e+06
3.05826e+06 2.97146e+06 2.9729e+06
3.05652e+06 2.98809e+06 2.95695e+06
3.03298e+06 2.98793e+06 2.9778e+06
3.01387e+06 2.97524e+06 3.02636e+06
3.01777e+06 2.96662e+06 3.03003e+06
3.03945e+06 2.98898e+06 2.96942e+06
3.03842e+06 2.99773e+06 2.97469e+06
3.0165e+06 2.97319e+06 3.02916e+06
3.08858e+06 3.0248e+06 2.9543e+06
3.05339e+06 3.07863e+06 2.94262e+06
3.04712e+06 2.95517e+06 3.0044e+06
3.02289e+06 3.0601e+06 2.96575e+06
3.03769e+06 3.0274e+06 2.97845e+06
3.06968e+06 2.99994e+06 2.96592e+06
3.05834e+06 2.96894e+06 2.99902e+06
3.03419e+06 2.99174e+06 2.99093e+06
3.04928e+06 3.02278e+06 2.96161e+06
3.06219e+06 2.99804e+06 2.96699e+06
3.02843e+06 2.99447e+06 2.99261e+06
3.08492e+06 3.00057e+06 2.97864e+06
3.06092e+06 3.02718e+06 2.96659e+06
3.04249e+06 2.9992e+06 3.00816e+06
3.0338e+06 2.99944e+06 3.00197e+06
3.07051e+06 3.00643e+06 2.985e+06
3.05199e+06 3.0005e+06 2.99767e+06
3.09524e+06 3.09537e+06 2.97358e+06
3.0436e+06 3.01893e+06 3.01532e+06
