376 7.9573
221269 144148
221269 144148
178661 186942
178661 186942
199040 166818
201869 158271
211915 148967
187312 173996
181037 183468
189430 173346
183009 179619
185066 174575
181556 180544
205903 156393
200269 164292
208796 152869
201066 161447
189481 171186
219823 145445
211915 148967
196205 168465
216929 146260
208796 152869
201066 161447
194084 168734
200269 164292
180138 184582
214476 148267
196205 168465
184815 176904
214476 148267
216672 147653
221175 144497
201869 158271
192051 170044
184095 178231
208057 155950
194084 168734
179945 185600
208306 155422
191198 170580
206221 155973
219823 145445
192051 170044
205903 156393
208681 153399
184095 178231
184815 176904
179945 185600
191198 170580
181556 180544
216915 147093
208681 153399
208306 155422
216672 147653
185066 174575
216929 146260
189481 171186
206173 156332
216915 147093
208057 155950
206173 156332
206221 155973
221269 144148
216929 146260
216929 146260
216929 146260
216929 146260
216929 146260
216929 146260
216929 146260
216929 146260
216929 146260
216929 146260
216929 146260
216915 147093
216915 147093
216672 147653
216672 147653
214476 148267
214476 148267
211915 148967
208796 152869
221281 144716
211101 153091
216099 148306
212095 150535
221261 144892
221261 144892
212079 151560
221261 144892
229096 146941
213818 155332
216127 149949
222376 147013
220217 149116
223315 147825
214457 172123
218047 151585
215577 161913
223609 151520
219615 153663
219830 151952
220968 151997
220426 162358
231138 152196
221192 155065
221587 152257
229209 152692
221671 178396
223950 156612
222813 165153
225768 156250
222003 170249
227793 155807
227832 152744
222489 169275
231331 153556
222927 166371
225209 157409
224239 166037
229240 156042
229305 153729
235206 154026
223472 174493
229606 154247
225499 158722
224693 166436
224052 167279
241508 154595
223790 183562
225666 161603
225210 181722
230190 157232
235850 156840
237181 156287
229207 159090
229541 158800
236457 156710
235451 157401
224774 187035
225846 163720
230934 158768
230322 159525
227745 161998
227279 162524
238681 157656
226203 172172
232200 159194
228326 164871
226405 168501
227090 166970
231944 161139
229764 162022
229611 163377
245284 159664
226341 175241
235937 161081
227665 169516
232548 162732
227339 175193
228341 165638
230281 164161
230040 164751
237065 162271
227776 173448
228548 166536
232612 162955
232413 164793
230484 165404
229597 166352
240173 163034
228594 169987
235159 163472
232298 166229
229965 166925
229625 169746
238527 163499
229452 170880
230206 169056
234909 166600
230778 167306
232985 167136
236314 164554
236080 165178
238911 163617
231347 168571
238454 166186
236089 167682
234222 168241
244815 163981
231397 177250
239255 167012
232910 168725
232262 169641
239256 163991
231651 176202
244175 165310
231893 191627
232378 174845
239647 167237
236005 169312
243622 166496
235476 171139
233457 172005
233490 171962
245959 166546
233702 183134
233981 179261
234831 173568
241048 169007
239258 172542
244232 168936
237055 172887
243630 170264
234478 180940
238667 173115
236679 176063
235541 178933
245672 172175
234586 196212
236887 178972
239923 174403
243617 173353
238515 178607
248260 172786
237853 188273
242797 178990
237966 187640
244499 173926
248938 172821
238148 197447
245291 175613
243807 183416
243038 197032
243193 192070
249990 172918
238321 200166
244366 191413
245431 179619
246477 178713
249338 178058
249503 177485
250794 174139
245126 207809
245640 204102
249698 179169
247704 181190
246148 187441
246250 183979
253020 175035
246877 208037
249183 187286
251216 183082
247976 190496
247617 202994
251565 175846
254317 176459
250433 193670
251112 192614
257394 179877
250666 194075
255610 181436
258738 187955
250696 208134
258099 193887
253179 197723
251901 200280
260934 193004
251293 208785
259383 198649
253798 205166
255113 200078
254711 200562
262915 193157
253574 218839
261235 201477
256820 206581
255102 212501
255566 210042
263445 195666
258281 210014
261216 209490
267469 208156
263241 244245
265745 214677
263739 222522
264163 218031
267863 214498
266780 247505
272145 215734
270325 238731
271976 231159
283072 228022
271089 238917
278589 231482
272672 236516
286793 229007
275613 241469
291770 247874
226549 146082
226549 146082
178661 186942
178661 186942
199040 166818
204296 159881
181037 183468
207045 155765
200269 164292
207176 151152
187312 173996
194964 167489
189430 173346
215062 147005
183009 179619
211387 148927
204296 159881
185066 174575
200269 164292
181556 180544
210640 150273
219248 146932
189481 171186
207658 150373
206459 158423
180138 184582
220023 146480
194084 168734
223211 146463
184815 176904
207045 155765
213759 148534
199541 165029
192051 170044
184095 178231
179945 185600
194084 168734
192051 170044
184095 178231
191198 170580
214882 147956
205738 158958
224978 146221
184815 176904
205738 158958
223211 146463
179945 185600
194964 167489
181556 180544
213759 148534
191198 170580
199541 165029
224978 146221
206459 158423
207176 151152
225972 146090
185066 174575
219288 146794
210640 150273
214882 147956
189481 171186
220023 146480
225972 146090
207658 150373
219288 146794
215062 147005
219248 146932
226549 146082
224978 146221
224978 146221
224978 146221
220023 146480
219288 146794
219288 146794
219288 146794
219288 146794
219288 146794
219288 146794
219288 146794
219248 146932
219248 146932
219248 146932
219248 146932
219248 146932
219248 146932
219248 146932
214882 147956
213759 148534
213759 148534
213759 148534
210640 150273
207658 150373
207658 150373
207658 150373
207658 150373
207176 151152
207176 151152
207176 151152
207176 151152
207176 151152
207176 151152
207176 151152
224517 146471
209064 153519
215399 147058
211427 149301
212439 149093
212439 149093
212439 149093
212439 149093
212439 149093
212439 149093
220211 147127
211492 150051
215709 148271
214197 149214
220168 147758
212011 149705
212011 149705
212011 149705
212011 149705
212011 149705
212011 149705
212011 149705
212011 149705
212011 149705
212011 149705
212011 149705
212011 149705
212011 149705
212011 149705
212011 149705
212011 149705
212011 149705
212011 149705
212011 149705
212011 149705
222061 147213
211987 150221
211987 150221
216825 149122
220639 148422
213490 149783
223789 147660
213107 156360
219150 149276
215129 152465
214741 155543
223046 148361
216921 150180
215375 150476
224629 148401
213469 157498
217666 156394
219056 151759
217514 156699
219859 149852
219110 151456
222773 149298
223222 148440
221669 149698
220587 149711
223439 148899
216669 164476
219198 156492
220763 152187
219687 153223
225923 151334
219016 168700
220389 158946
223276 153309
222058 158175
222033 158467
224854 152340
223304 152501
224533 152359
230901 151656
220281 172835
227906 152535
221087 163392
224833 153842
223229 159412
223289 155364
221216 161592
228900 153118
220890 177573
221377 169118
223388 157089
226837 154085
225147 155414
230467 153998
222347 173089
225915 155714
223725 164140
227848 154249
224500 160648
224253 162537
223824 163842
229892 154406
222426 178613
224543 165806
228730 154528
226494 156554
225640 161875
226063 158859
225874 161722
230760 154567
224593 181440
224977 167718
229211 156100
225992 167011
227237 157000
226681 162766
226961 162652
227103 159985
227185 159422
233416 154807
225253 170303
228976 157455
227364 161060
226756 166813
231852 155799
234125 156542
225481 185517
226560 176255
231874 156817
229097 159718
226777 168211
227513 167020
228535 161798
227866 165464
227868 161911
232078 156909
227679 179176
229672 162156
228235 164965
237760 158271
228522 167847
236239 162056
232024 164134
230356 165343
230469 164564
244501 161828
229174 179567
241595 162680
229199 170840
235495 164354
232337 164774
230626 168394
231232 166474
244500 163356
230275 171344
232998 166942
239704 164665
234132 166540
234209 165152
237302 165013
235309 165020
238483 164733
237116 166297
230810 186085
233994 169170
233780 175867
231224 177759
231359 177374
244718 167995
231699 177624
236414 172906
236976 170767
242267 170267
243207 170225
238438 172856
232257 180194
250526 174199
232547 181203
239359 175109
233176 180947
245470 174555
243899 175432
233925 182876
239890 180320
234599 182045
240183 175913
242687 175451
248488 176959
235146 207636
239821 185701
239716 204650
251186 181611
237817 211598
243306 198609
244127 188981
243970 191694
255314 186392
249737 193146
254573 190408
253943 203362
260111 206908
264694 224533
262056 225703
224942 149522
224942 149522
178661 186942
178661 186942
200269 164292
192954 168087
206032 163054
206201 159273
181037 183468
185066 174575
205117 163256
197163 166591
199746 165931
197163 166591
179945 185600
207719 156389
207267 158639
183009 179619
184815 176904
181220 181039
187288 174471
188941 171785
192490 169956
213559 153117
219633 151268
217390 151690
215817 152339
184095 178231
188338 173617
192954 168087
205117 163256
180138 184582
181556 180544
223188 149644
213559 153117
208855 155922
184815 176904
200269 164292
191198 170580
210182 155486
189629 171046
208855 155922
184095 178231
221778 149841
180138 184582
183332 178968
223188 149644
187312 173996
181556 180544
215817 152339
211536 153807
210447 154853
210447 154853
220519 150341
188941 171785
211536 153807
199746 165931
207267 158639
183332 178968
211718 153601
188207 173851
212551 153455
207719 156389
191198 170580
206201 159273
221243 150017
221243 150017
188338 173617
189481 171186
212410 153553
220326 150898
181220 181039
221778 149841
216332 152187
189629 171046
219633 151268
189481 171186
216365 151998
219829 151012
191587 170409
210182 155486
217284 151864
191587 170409
217390 151690
220519 150341
192051 170044
192014 170169
192490 169956
210325 155123
216834 151905
212551 153455
216834 151905
210325 155123
220211 150945
185066 174575
192014 170169
188207 173851
219829 151012
220326 150898
216332 152187
187312 173996
212410 153553
220211 150945
217284 151864
187288 174471
216365 151998
192051 170044
224942 149522
224942 149522
224942 149522
224942 149522
224942 149522
223188 149644
221243 150017
221243 150017
221243 150017
221243 150017
221243 150017
221243 150017
221243 150017
221243 150017
221243 150017
221243 150017
221243 150017
221243 150017
221243 150017
221243 150017
220519 150341
220519 150341
220519 150341
220519 150341
220519 150341
220519 150341
220519 150341
220519 150341
220519 150341
220519 150341
220519 150341
220519 150341
220519 150341
220519 150341
220519 150341
220519 150341
220519 150341
220519 150341
220519 150341
220519 150341
220519 150341
220519 150341
220519 150341
220519 150341
220519 150341
220519 150341
220519 150341
220211 150945
225959 152281
214668 174613
216455 163174
220231 158521
222772 153533
227933 153352
220947 183937
222839 161114
222318 173645
226771 157373
227223 155488
228222 153650
226356 164105
229429 154885
228085 174016
229022 168681
229157 157226
228126 172908
239177 154953
229779 161097
234863 161659
229987 163883
237642 163342
229987 164578
232597 164689
230451 170631
232057 169641
237354 167013
230734 178041
232212 171603
232966 168363
239454 167457
233030 184849
237315 170401
234127 178452
234475 171839
245236 170841
233364 185933
234216 180278
237489 175615
240609 173109
246320 171565
236950 193180
239203 179376
237614 182783
243824 178105
244530 177325
237893 180655
250597 174098
238178 183231
241798 179515
249274 176453
252469 176372
238318 199731
250499 177164
244668 179889
238363 192741
240314 185814
243640 180534
240072 188139
256941 177215
240738 187213
247995 182572
245804 183402
242851 187180
245808 184139
240845 190717
241090 187458
247470 185174
241543 210908
241846 203702
243516 194407
246938 192191
244015 193352
246977 189031
249172 186049
243458 227542
245310 214768
243971 215686
246467 200621
247358 189417
246633 199302
248178 186050
258116 186844
244026 224339
250752 190844
246577 216225
250969 188737
246498 217135
251337 191374
248605 216981
255300 192144
251995 193400
254454 192527
267462 192783
253684 216361
254567 195461
253820 206629
253991 197844
254753 197890
253938 208183
266273 200591
254027 221068
256254 205079
258430 202674
264092 203456
256758 209644
258580 204595
257696 206393
270964 205464
257625 233987
258502 207477
258073 220444
257765 225653
259301 207677
258979 213942
268061 208191
259234 230554
260911 212625
260371 217059
276798 211084
259311 234800
261934 215646
261138 225959
261896 215874
260962 232428
271350 218690
260153 238664
264074 223487
275439 222902
266019 227969
267458 224764
272506 225573
268350 225687
273052 234516
270253 241794
290471 234624
275395 250526
284026 242440
290729 240644
290772 243718
308769 246001
294814 249959
308270 250310
303320 251288
