25313 194.98
797157 712743
727864 788212
727864 788212
728711 749774
727864 788212
739425 727179
766415 720939
785671 720174
766415 720939
739425 727179
734679 740153
785671 720174
795656 713792
733690 747941
734679 740153
795656 713792
766415 720939
733690 747941
734679 740153
733690 747941
728711 749774
795656 713792
734679 740153
795656 713792
727864 788212
728711 749774
766415 720939
734679 740153
795656 713792
727864 788212
734679 740153
727864 788212
727864 788212
795656 713792
795656 713792
727864 788212
795656 713792
795656 713792
734679 740153
795656 713792
727864 788212
734679 740153
727864 788212
795656 713792
727864 788212
795656 713792
795656 713792
734679 740153
734679 740153
733690 747941
795656 713792
795656 713792
795656 713792
734679 740153
734679 740153
795656 713792
795656 713792
766415 720939
734679 740153
795656 713792
795656 713792
795656 713792
795656 713792
734679 740153
727864 788212
795656 713792
795656 713792
733690 747941
795656 713792
795656 713792
795656 713792
795656 713792
785671 720174
795656 713792
734679 740153
795656 713792
785671 720174
734679 740153
795656 713792
795656 713792
795656 713792
733690 747941
766415 720939
785671 720174
785671 720174
727864 788212
795656 713792
727864 788212
734679 740153
734679 740153
727864 788212
727864 788212
795656 713792
795656 713792
734679 740153
734679 740153
727864 788212
734679 740153
795656 713792
795656 713792
727864 788212
734679 740153
727864 788212
727864 788212
727864 788212
727864 788212
727864 788212
727864 788212
727864 788212
795656 713792
727864 788212
734679 740153
734679 740153
734679 740153
727864 788212
795656 713792
727864 788212
795656 713792
727864 788212
734679 740153
727864 788212
795656 713792
795656 713792
795656 713792
734679 740153
734679 740153
795656 713792
795656 713792
766415 720939
734679 740153
795656 713792
795656 713792
795656 713792
795656 713792
734679 740153
727864 788212
795656 713792
795656 713792
795656 713792
795656 713792
727864 788212
727864 788212
795656 713792
795656 713792
795656 713792
785671 720174
785671 720174
766415 720939
733690 747941
795656 713792
795656 713792
734679 740153
795656 713792
734679 740153
795656 713792
785671 720174
795656 713792
795656 713792
734679 740153
795656 713792
795656 713792
795656 713792
733690 747941
734679 740153
734679 740153
795656 713792
795656 713792
727864 788212
795656 713792
727864 788212
734679 740153
727864 788212
795656 713792
734679 740153
795656 713792
795656 713792
785671 720174
795656 713792
734679 740153
785671 720174
795656 713792
795656 713792
795656 713792
733690 747941
795656 713792
727864 788212
734679 740153
795656 713792
795656 713792
795656 713792
795656 713792
734679 740153
766415 720939
739425 727179
733690 747941
766415 720939
795656 713792
734679 740153
733690 747941
795656 713792
785671 720174
734679 740153
734679 740153
766415 720939
785671 720174
766415 720939
739425 727179
727864 788212
728711 749774
727864 788212
727864 788212
734679 740153
727864 788212
795656 713792
795656 713792
727864 788212
727864 788212
734679 740153
727864 788212
795656 713792
734679 740153
766415 720939
728711 749774
727864 788212
795656 713792
734679 740153
795656 713792
728711 749774
733690 747941
795656 713792
734679 740153
795656 713792
795656 713792
795656 713792
734679 740153
795656 713792
734679 740153
734679 740153
727864 788212
795656 713792
795656 713792
727864 788212
734679 740153
727864 788212
795656 713792
727864 788212
795656 713792
795656 713792
795656 713792
734679 740153
797157 712743
795656 713792
733690 747941
766415 720939
785671 720174
785671 720174
727864 788212
795656 713792
795656 713792
727864 788212
727864 788212
795656 713792
795656 713792
795656 713792
795656 713792
795656 713792
734679 740153
795656 713792
795656 713792
727864 788212
727864 788212
734679 740153
734679 740153
727864 788212
734679 740153
727864 788212
785671 720174
785671 720174
766415 720939
733690 747941
795656 713792
795656 713792
795656 713792
727864 788212
734679 740153
734679 740153
727864 788212
795656 713792
727864 788212
727864 788212
727864 788212
727864 788212
785671 720174
727864 788212
727864 788212
734679 740153
727864 788212
795656 713792
795656 713792
734679 740153
