175 3.35127
208266 199453
187127 209263
182521 222701
214438 196477
186082 213287
182521 222701
185199 217175
212504 196567
189754 204822
200396 199986
204867 199961
225220 192562
197741 201835
207710 199461
205656 199867
195103 204238
208266 199453
181240 225925
210691 197427
186133 213126
209146 197578
207041 199744
222417 195295
182738 221986
224796 194766
188301 209550
219498 196497
185310 221830
185783 221828
213230 197159
213230 197159
213282 197001
214011 196856
189887 208939
190265 207797
193472 206597
190350 206713
201079 200798
204027 200285
202964 200622
199121 202310
199074 203096
198936 203922
197416 204753
196598 205585
195718 205636
198837 204516
208425 199456
181887 231454
182290 231075
181757 242422
188168 214181
186418 216486
186178 221055
186222 218434
187183 214454
211985 197602
211985 197602
209330 198449
207931 200240
184908 224457
183939 224694
183939 224694
183587 229412
232396 195549
188414 211521
189853 210618
188796 211321
185394 222122
214530 197000
190026 209633
194349 206657
192108 207660
193308 207273
190375 208595
201901 201497
201162 202154
204173 200482
204136 200529
207755 200302
204173 200482
203242 201019
204044 200823
204044 200823
200666 202354
200537 203539
200306 203981
199123 204385
199337 204212
200486 203957
200486 203957
197694 204926
196600 206299
197262 205761
196600 206299
199002 204883
208702 200022
209263 199675
208449 200191
182602 232702
187079 217629
186348 219261
186264 222004
186348 219261
186292 220918
187965 215200
187206 216210
187929 216011
212578 197981
210537 198929
211730 198712
185392 224520
185109 225625
184184 228369
184497 226570
185330 225011
183636 230449
188627 214063
188671 211848
189686 211335
185411 222172
221959 197056
221776 197691
216790 197955
217540 197778
190256 209862
195402 206876
192334 208110
193289 207813
192636 208031
193851 207360
195146 207343
191191 209278
201922 201720
205121 200752
207654 200578
203788 201342
201479 203062
200313 204021
199999 204253
201249 204011
198198 205530
198564 205253
198767 204976
197298 205976
209031 200131
187173 218349
187025 221704
188427 215462
187261 218170
188257 216789
213205 198224
210908 199654
212087 199322
184365 229084
185388 228641
185391 227048
184059 239202
184299 231374
189507 212521
189607 212438
189507 212521
189126 213460
188718 214383
189908 212240
185868 223701
186709 223098
222506 197375
216816 198134
220794 197788
218984 197836
190406 210982
195404 207328
192413 208137
193314 207815
195047 207763
191387 209439
192335 209398
191281 209865
202327 201915
206002 200767
209028 200635
204118 201374
201969 203980
200323 204238
201637 204068
198817 205897
198933 205660
199228 205038
199228 205038
197331 207251
197349 206707
197900 206232
197746 206242
187197 221395
187308 218216
213442 198257
213442 198257
213336 198618
213442 198257
211576 200130
212402 199660
212402 199660
213174 199392
212402 199660
184469 230264
184391 230566
185719 229284
189552 212740
188982 215136
188783 215615
186021 226113
186021 226113
186564 225558
186894 224415
187051 223147
223533 197750
221883 197952
221883 197952
220883 198125
220827 198252
220827 198252
190415 212488
190417 212181
196130 207491
193237 208952
192818 209080
194127 208315
191322 210503
202659 202619
204024 201972
208985 201025
208660 201051
206661 201085
209252 200720
211446 200719
209252 200720
204159 201397
202224 203982
200716 204369
201334 204286
200368 204548
199430 205233
197714 206822
198498 206522
198498 206522
198232 206688
198998 206432
187230 223139
187579 220475
187515 222194
216622 198596
217974 198478
213458 198766
216622 198596
211936 200697
212464 200138
213224 200046
184850 230466
184789 231029
184493 232963
184493 232963
184473 233527
184728 235583
184728 235583
232154 198078
221783 198752
189306 215878
214343 198887
223323 198402
229669 198335
187472 226209
188785 219346
187601 221013
184942 232534
185778 230487
186776 227114
189608 212911
191707 211134
202329 204337
202929 202726
190658 212392
209421 201090
197648 207753
200472 204643
193500 209789
199017 206605
193490 210762
204679 202640
185152 230815
194714 208741
188638 220917
200168 205699
211145 200887
207282 201153
213583 200703
230967 198128
212055 200708
205934 202351
199473 206323
