11 0.103381
149286 145585
145202 165113
144628 174186
149267 159533
166589 132712
135537 175137
152825 146299
150418 155687
146196 167804
145362 173223
162753 145965
167281 138751
144772 178675
157871 146307
153143 149776
145528 175165
146288 170119
150640 159824
147746 168900
151301 157932
170972 145085
171201 144769
152282 157916
171838 140224
145466 191695
153157 152924
149410 171056
161753 146307
150705 160449
159261 147331
172010 145989
175754 145440
156965 152168
160043 146851
158155 151716
151218 160204
149225 179640
146329 180430
177809 142896
163032 146360
156085 153814
149449 176091
150881 162802
154613 156195
160433 147245
159704 148841
152100 160866
150320 173362
148353 184031
154262 159863
151783 161928
150865 169203
179078 145326
148079 185204
151460 163620
157210 153951
160314 151563
161970 149102
162676 147542
155215 158517
155844 156996
156583 155549
153745 161720
177800 163139
165096 160950
171637 173181
163438 171386
180314 165257
172639 164195
177073 160860
169693 157236
193572 168077
167074 149829
176360 162471
165318 153171
182914 174411
173743 172476
175002 171549
161219 175195
176526 160517
173037 171235
157240 173312
166522 167624
178398 171066
156507 166153
165130 161106
174695 172911
181098 170122
145744 159039
178970 151170
186000 169740
166822 168084
159573 172657
172028 169356
173383 168733
175275 168228
157839 180542
170362 173305
156758 173324
179560 168305
178793 163630
159888 174755
176041 174720
174303 168725
177104 163339
166181 158680
163837 178222
164958 164835
157765 168324
158131 163033
178256 161746
178731 174633
179705 169773
171862 173594
173302 165242
167530 173252
161295 163251
176931 156708
169284 161826
161024 174243
160082 162373
173352 173837
163698 176457
160180 168717
168180 175085
162659 160859
156512 166576
171001 151597
180278 174903
178045 166169
160605 163133
174096 167114
176404 164910
165108 170277
157612 177784
165287 175011
168824 147915
163932 177908
171423 167475
160547 163371
169299 170390
187833 172551
181584 169488
163369 169244
158182 160157
167848 178664
170207 165845
179607 175650
175204 169400
164899 160748
185643 162617
179511 173794
182816 168957
170925 157369
163987 158294
174539 177870
153415 173078
174184 177349
167553 173780
172086 149200
159937 175971
168221 169031
170111 166956
173477 188746
176025 163446
168243 190717
154645 162979
164841 167059
156068 169942
148354 177229
174016 157918
158040 175199
166262 158579
159304 147427
163316 179319
168895 168704
177644 160712
163706 180730
160145 158223
178881 172113
166273 166900
177261 167615
169436 159586
180352 169112
170614 179078
170810 168678
171467 189138
178272 170659
174594 158204
181732 170179
171933 172655
163971 164294
181610 166897
174046 162671
169572 165913
158129 177780
185346 173521
179570 169282
165852 175248
161590 180630
188281 174942
167369 158980
157964 159047
163299 170214
170122 170677
165672 178297
166233 161599
172428 176089
176292 165769
174298 167577
173771 164585
171517 171162
155917 184158
158354 165637
177889 166595
175474 173666
174380 168042
173542 166948
178808 173622
177195 163240
163066 164355
175924 178177
171043 177061
169187 161141
173450 161724
169950 182646
174002 166148
174398 157193
174341 175055
181481 171904
173217 179718
156680 167314
163659 174255
161195 169522
189548 167837
170556 164878
161939 171413
187508 153690
170308 178158
171202 172580
173430 178510
164042 175531
171676 166648
174774 178500
160294 174259
162391 173498
171986 172384
170200 176737
174951 165850
172889 165499
172478 162100
168032 174590
173031 171827
151198 169619
155622 172035
162546 175280
176123 167434
148576 166138
172573 168254
157674 157312
176382 158246
166655 168700
157400 163679
175495 173319
161925 165744
183830 155620
174951 156939
161025 153768
176635 160278
172830 172652
166256 170016
176297 175780
162219 176950
167937 167116
162281 175360
185480 175618
173637 164665
166973 171022
176975 165324
175104 159156
172553 178893
155868 178091
167852 152638
170707 163120
181924 180277
178487 156698
168225 159660
168404 171319
173555 168460
171199 159753
161766 178901
167599 161158
178690 167842
171802 163426
165885 168343
173752 178697
177990 171836
173615 182653
167739 174677
164523 177137
