9018 2767.39
109736 56839
53790 117319
53891 115651
53901 113064
107382 56853
109666 56851
53792 116923
54202 110537
54209 109762
106781 56899
107312 56865
97751 58834
105957 57071
54052 111217
55303 102751
98241 58793
55854 100171
54991 104200
57229 94945
87188 62971
79903 66194
106403 57029
59349 89801
59375 89441
86808 62979
54276 109013
79522 66223
100643 58205
90517 61491
88077 62468
54774 105558
54023 111651
54187 110907
54305 108579
54411 107214
54440 106780
53901 113064
55438 102441
53930 112630
54575 106470
54209 109762
55236 103500
54985 104632
54373 107529
54238 109328
55825 100605
54289 108627
53985 111966
55274 103185
57079 95625
76338 67980
78414 66775
76697 67965
54780 105126
55643 101097
55637 101529
90201 61497
102406 57804
105625 57145
98837 58600
100573 58217
104142 57421
102144 57866
105887 57083
57039 95919
58014 93212
59525 88761
58204 92238
58178 92598
56361 98107
56966 96073
56511 97427
56374 98026
56564 97052
59499 89121
57176 95320
59901 88142
55219 103849
59927 87782
101763 57967
87704 62492
60575 86351
54318 108193
54590 106100
86648 63277
56298 98659
58938 90751
58545 91740
54841 104880
55977 99968
68976 73979
55114 103997
77877 67247
80777 65721
77518 67262
80418 65736
78773 66760
94431 59929
56913 96448
53790 117319
53792 116923
93210 60379
56224 98706
98575 58662
81207 65405
55453 102071
54202 110537
100939 58139
101467 58033
94046 60089
97403 59026
93803 60165
58054 92918
106711 56911
103880 57483
104966 57249
84705 64057
88493 62161
82344 64933
54126 111170
54924 104878
55493 101777
92421 60710
54356 107878
53968 112315
77234 67493
77417 67324
55998 99923
58128 92871
95735 59577
75866 68486
98907 58588
99731 58416
69454 73751
89638 61711
81555 65264
53997 111881
55248 103415
53956 112400
76194 68228
82247 64960
88396 62188
92038 60743
81196 65522
87500 62675
57631 93966
57613 94298
104447 57403
104212 57409
105036 57237
105271 57231
103783 57510
100311 58279
61639 84330
56171 99081
56170 99422
92944 60508
86664 63038
103300 57620
102476 57792
96099 59378
96342 59302
57153 95578
73734 69949
56321 98401
54630 105806
55453 102071
56414 97732
101860 57940
103596 57557
105341 57219
57696 93909
104658 57367
82529 64888
85188 63845
90990 61166
60407 86861
55424 102505
54173 110971
54561 106534
58151 92613
59472 89136
66407 76412
70012 73226
56216 99018
75984 68295
67217 75981
94219 60053
72802 70762
89924 61705
92135 60716
94717 59923
95240 59721
67021 75996
58606 91259
81757 65213
55704 100851
54780 105126
55643 101097
54590 106100
64235 79834
89541 61738
82132 65057
90778 61290
83389 64581
87315 62784
89426 61835
88281 62285
96867 59157
79203 66444
81784 65198
75327 68962
102946 57706
99661 58428
103230 57632
72399 71120
56066 99698
66624 76349
103499 57584
101223 58065
106497 56973
103056 57655
105528 57172
104752 57311
102047 57893
99153 58582
60173 87330
58698 91187
59792 88310
58471 91787
60698 86148
93642 60260
64792 78599
89070 61954
91752 60914
88678 62116
91175 61121
86071 63519
66021 76933
60551 86613
80129 65982
80311 65892
70649 72642
71882 71509
54962 104634
56321 98401
57176 95320
59449 89394
56488 97685
56511 97427
88973 61981
91346 61047
62263 83161
61906 83879
61471 84840
60989 85673
65285 77730
68268 74754
71234 72114
74308 69723
95008 59722
58550 91468
58952 90489
55614 101531
67381 75709
54751 105560
65570 77403
69905 73387
61762 84127
57754 93763
57840 93661
60522 86726
84976 63900
60389 87044
65919 77028
99977 58410
58550 91468
59243 90014
80995 65529
74597 69571
71502 71953
73718 70098
92712 60509
91923 60840
90893 61193
83787 64433
104517 57391
92545 60649
97174 59041
93439 60364
95506 59592
72728 70809
56170 99422
56140 99651
68749 74430
70412 72746
82599 64876
73835 69887
59198 90037
66095 76886
57898 93515
61322 84979
62849 82303
79380 66377
81961 65131
54385 107444
55274 103185
53930 112630
54238 109328
54411 107214
54264 109098
54023 111651
63086 81766
79132 66531
60163 87462
59161 90184
74045 69798
101320 58038
80055 66029
102675 57756
74494 69583
72014 71492
55778 100804
55825 100605
55567 101730
54514 106733
55377 102704
54704 105759
101036 58112
85553 63693
61971 83822
67976 75168
68015 75007
64787 78757
61037 85613
62101 83592
62119 83409
96937 59145
97514 58938
86233 63493
85373 63800
91567 60959
89255 61909
54318 108193
62958 82118
63005 81970
54344 107963
77974 67194
56889 96599
67548 75479
70268 72994
67482 75647
82824 64753
91470 60986
62779 82388
62677 82483
83619 64474
56638 97005
68198 74914
78060 67090
83277 64607
55854 100171
96676 59171
74167 69766
69213 73875
72534 70923
71098 72156
71436 71983
70517 72659
73450 70259
58001 93293
57026 96000
56831 96601
68933 74165
66204 76701
67338 75895
66768 76101
69497 73565
66725 76287
58327 92035
65613 77217
59648 88558
76237 68042
66247 76515
60050 87579
58842 90939
85956 63581
70351 72896
63911 80322
73191 70467
100074 58383
96439 59275
97069 59130
98470 58751
97646 58923
96579 59198
69804 73449
64274 79693
96029 59390
75506 68756
75753 68575
80894 65591
93690 60199
90601 61458
64915 78396
93496 60281
94073 60074
83689 64462
75225 69080
68675 74477
95862 59482
70744 72471
85765 63638
82921 64726
70849 72384
83831 64350
61629 84537
73551 70197
67264 75942
94361 59941
72180 71238
84576 64102
71339 72010
81485 65276
73055 70509
88779 62054
91779 60899
83207 64619
87607 62519
91896 60855
91276 61059
64643 79005
60842 85900
60934 85828
63915 80224
64312 79520
64301 79678
74420 69630
69240 73860
69353 73813
102772 57729
99487 58451
77090 67741
67817 75363
60296 87127
64756 78807
64339 79505
63160 81719
72954 70571
54991 104200
57303 94898
63671 80758
65270 77868
59770 88451
65133 78101
64870 78527
57481 94646
63312 81348
63191 81669
58449 91928
58305 92176
57352 94742
56687 96849
62346 83070
61731 84258
59017 90432
59075 90286
60667 86279
60019 87710
61147 85358
61291 85110
56913 96448
97444 58950
66951 76008
81384 65338
86260 63478
83462 64498
61414 84907
65946 77013
62751 82436
63963 80164
65387 77635
64133 79929
64161 79881
65359 77683
62053 83652
62931 82133
85424 63738
63353 81315
62184 83352
68637 74531
63689 80642
70039 73211
93113 60406
99417 58463
97077 59068
61055 85430
94878 59828
80027 66123
78870 66707
71777 71596
71808 71556
67949 75183
62386 82958
65141 77978
64530 79225
65014 78279
64021 80104
62664 82580
59254 89828
61490 84707
55135 103952
68295 74739
95358 59648
93105 60468
78023 67162
84302 64203
84187 64231
85091 63872
85668 63665
83969 64303
57922 93491
57539 94345
57496 94494
82700 64814
88849 62042
84829 63996
59140 90229
63710 80597
59669 88513
65162 77933
63304 81471
64682 78854
57426 94695
63209 81563
83489 64483
64661 78899
64435 79317
60259 87274
61517 84692
63566 80845
84478 64131
76820 67889
74806 69376
73314 70301
73125 70497
69077 73917
72938 70720
68536 74593
72670 70881
73652 70128
73905 69875
70985 72342
69668 73491
74630 69462
92588 60627
70277 72943
60286 87259
86001 63531
65796 77124
85494 63726
75253 69009
72298 71182
72207 71223
100214 58306
65236 77886
94781 59855
62328 83104
62635 82636
79421 66285
64989 78349
63792 80427
65018 78181
70211 73111
75607 68694
100214 58306
75086 69108
73582 70140
74914 69231
74867 69358
68789 74340
65469 77465
84066 64276
84160 64246
83015 64696
84329 64188
84926 63969
75425 68895
73213 70363
72146 71373
72433 70985
59992 87725
60115 87522
58794 90999
60866 85876
60640 86294
60763 86091
61704 84273
61373 84940
62413 82943
58633 91244
87214 62846
69077 73917
77417 67324
76981 67746
72325 71167
80968 65544
66698 76302
65687 77170
69380 73798
66842 76054
89329 61862
76793 67904
59743 88466
76311 67995
75015 69169
87315 62784
72981 70556
77518 67262
70775 72431
82035 65084
67408 75694
78897 66692
88705 62101
82700 64814
91202 61106
77160 67540
75580 68709
76058 68248
73240 70348
69808 73414
76880 67808
78387 66790
81411 65323
66177 76716
63640 80798
73477 70244
78243 67038
72507 70938
80344 65783
68579 74577
74985 69170
72072 71420
62514 82798
103016 57694
64059 79976
80874 65668
57496 94494
56816 96753
86533 63307
76085 68233
75792 68533
67871 75255
64606 79054
64417 79423
72938 70720
71518 71804
70997 72218
62541 82783
59626 88699
76719 67951
58873 90808
61178 85227
60811 86031
58729 91056
65796 77124
101467 58033
74145 69780
66869 76039
65714 77155
79176 66459
63561 81003
86333 63395
86406 63311
86333 63395
62861 82218
63032 81955
67790 75378
68832 74227
68816 74325
70137 73158
59874 88157
98478 58689
80847 65709
77877 67247
78773 66760
98338 58766
99353 58546
106403 57029
106497 56973
104752 57311
67871 75255
66321 76468
68042 74992
63837 80369
70486 72699
64866 78552
63784 80550
93776 60180
61866 83991
62570 82693
62223 83273
87214 62846
68369 74666
83133 64666
99382 58540
78971 66645
79101 66634
63509 81098
63561 81003
74731 69400
61564 84594
89997 61680
70723 72595
76880 67808
57941 93366
88104 62453
77133 67555
77127 67649
90024 61665
87533 62566
88110 62359
78307 66931
90030 61571
80317 65798
90607 61364
87527 62660
95765 59509
60551 86613
75711 68672
71071 72171
86406 63311
92421 60710
95978 59474
57941 93366
56966 96073
75086 69108
74914 69231
62010 83743
94717 59923
94283 59985
95310 59709
70985 72342
61810 84067
61866 83991
79101 66634
79380 66377
84561 64116
85859 63608
72045 71435
71265 72057
72670 70881
68093 74935
68198 74914
75711 68672
95978 59474
60472 86804
78270 67023
77100 67664
71592 71757
87704 62492
103526 57569
69905 73387
69668 73491
89356 61847
95792 59494
84829 63996
91497 60971
99250 58555
85695 63650
90920 61178
71689 71730
102772 57729
85118 63857
98338 58766
90131 61509
101036 58112
94911 59749
96579 59198
105555 57157
97681 58846
102675 57756
92685 60524
100939 58139
99977 58410
100074 58383
97174 59041
102074 57878
88137 62344
94808 59840
98548 58677
86738 62991
82062 65069
89611 61726
96412 59290
98241 58793
83042 64681
103858 57495
84039 64291
95436 59604
69571 73518
101790 57952
92135 60716
100311 58279
101250 58050
82851 64738
89043 61969
63304 81471
63427 81268
63788 80525
64538 79102
63435 81145
66103 76763
65461 77588
74382 69676
63075 81885
84408 64143
59254 89828
55205 103898
85859 63608
94283 59985
95409 59619
86533 63307
71755 71700
61629 84537
61243 85170
60071 87534
59017 90432
58952 90489
62581 82671
59075 90286
61199 85182
58729 91056
62146 83394
61055 85430
62478 82886
57775 93718
58873 90808
57819 93706
60472 86804
57631 93966
61120 85373
61564 84594
65059 78148
63435 81145
65496 77450
67622 75432
58278 92191
88207 62332
90057 61556
73314 70301
80129 65982
71001 72193
64942 78381
56140 99651
56488 97685
79495 66238
90634 61349
74657 69447
58422 91943
54440 106780
70439 72731
67338 75895
87560 62551
59552 88746
57539 94345
59449 89394
58081 92903
65092 78134
72146 71373
59866 88263
77234 67493
54514 106733
66624 76349
55377 102704
68859 74212
67548 75479
76237 68042
58375 91975
63570 80820
64456 79272
66768 76101
75499 68848
75839 68501
65543 77418
90104 61524
71292 72042
58231 92223
66247 76515
56066 99698
78313 66837
65613 77217
55778 100804
67482 75647
68933 74165
55567 101730
79973 66182
68369 74666
54630 105806
55704 100851
63509 81098
74704 69415
72433 70985
75425 68895
56564 97052
66103 76763
70723 72595
63427 81268
74355 69691
70211 73111
79448 66270
64509 79270
57352 94742
56687 96849
71592 71757
69497 73565
69571 73518
81961 65131
56761 96802
78169 67085
89255 61909
56414 97732
57613 94298
68443 74619
71518 71804
80418 65736
70137 73158
86711 63006
57303 94898
70845 72409
59626 88699
65461 77588
64059 79976
73971 69845
75984 68295
54704 105759
78971 66645
62478 82886
68443 74619
93014 60496
63209 81563
64417 79423
76981 67746
78169 67085
64017 80129
60934 85828
64565 79087
62223 83273
62010 83743
99250 58555
92615 60536
67704 75401
66325 76443
66403 76437
67622 75432
96676 59171
79977 66147
85373 63800
63075 81885
67704 75401
60344 87067
97654 58861
94911 59749
59866 88263
83112 64669
54344 107963
70351 72896
68093 74935
61264 85125
58348 91990
58821 90984
60317 87082
60790 86076
61010 85628
61810 84067
56216 99018
56171 99081
99153 58582
83901 64338
56761 96802
57447 94650
56816 96753
63833 80394
95008 59722
89924 61705
71689 71730
71755 71700
73971 69845
75252 69065
78313 66837
80311 65892
93469 60296
93466 60349
56638 97005
75499 68848
54356 107878
54264 109098
62861 82218
54385 107444
53968 112315
