17985 600.029
531827 624219
603591 537060
541751 552677
551378 554005
542437 543806
547705 554130
542418 551474
539511 546339
581248 552839
540017 545033
541505 545275
539477 545285
552618 556599
547439 546290
551172 554078
542257 552069
542605 547380
543940 546496
539477 545285
550080 552967
542466 547762
538873 544443
544626 550921
548647 553847
540494 548398
546038 549642
539509 546371
539774 550547
553711 549902
539999 547467
543139 551363
551378 554005
538873 544443
547398 557188
547510 548311
538514 550220
537924 546787
545257 548646
546005 548629
547453 553753
560771 558691
543099 546599
540126 545393
542895 543444
548633 564638
548994 555218
538873 544443
545540 550761
544549 541759
539509 546371
538873 544443
548202 543186
543267 549410
541339 545873
541670 543050
548004 554443
543979 546619
535695 546285
546539 546013
550012 551224
551922 571184
550259 551270
550259 551270
540265 544869
541627 548446
539443 548028
543075 547927
548618 546305
539999 547467
542362 549546
548994 555218
539653 546465
540494 548398
545425 551932
548965 553255
543648 545034
541340 545555
549345 548791
541048 547402
542653 545642
549627 550255
541416 548737
544847 550441
543364 545358
556679 546517
545105 548832
543870 552120
550012 551224
541356 544055
542475 546203
540205 542095
543892 550365
539511 546339
552754 572560
539999 547467
544694 549775
557062 556230
543089 546370
581248 552839
547540 559547
550080 552967
582887 553947
562277 551445
534806 546884
552558 550614
535728 546759
541146 542274
539784 541416
543928 548935
543651 543901
548265 556539
537821 546406
540150 546702
548983 560758
544769 553138
547638 554571
542608 548422
543170 546049
540333 542647
540118 549462
543301 551395
537924 546787
545150 557860
546208 550439
547252 546729
540022 545767
544549 541759
535403 550197
552032 560970
531954 545536
548323 552521
547746 558730
535927 549787
555309 548330
543870 552120
539780 543462
548190 552019
540688 544878
539766 541411
544212 549353
538873 544443
548903 546487
542202 541698
539999 547467
548219 552596
548219 552596
549627 550255
539343 544048
549026 547137
537677 547959
543139 551363
545150 557860
541525 545558
541339 545873
547310 551336
540808 543095
542605 547380
543171 548275
549213 559671
542362 549546
539525 543330
543089 546370
543374 551427
547398 557188
535403 550197
538873 544443
541969 543907
545960 552929
542976 551587
540611 543209
550765 568176
555029 551168
542608 548422
539999 547467
540126 545393
574527 558937
541627 548446
542466 547762
540437 543874
536587 551552
540126 545393
536140 548443
539303 544324
540982 541694
541670 543050
545666 551344
548512 547118
539525 543330
543099 546599
541911 547797
536587 551552
541416 548737
544549 541759
542976 551587
540962 545607
553094 549239
549169 562297
548100 552218
541830 543520
542734 550152
540688 544878
545092 557328
542927 545430
543353 549842
539784 541416
544549 541759
550116 569652
542049 549831
540962 545607
554065 552122
542785 547084
539303 544324
542894 549039
540678 546416
544549 541759
540205 542095
548903 546487
542437 543806
548362 553840
560468 556782
546175 554833
542623 545778
543075 547927
545951 548317
543085 554501
548190 552019
550765 568176
551417 555571
549026 547137
541505 545275
540126 545393
560468 556782
544613 546817
541820 546543
544741 554787
540982 541694
543928 548935
550765 566438
550544 552246
543648 554346
549916 555054
548512 547118
540808 543095
538514 550220
545960 552929
551264 555841
545306 544979
540678 546416
541110 551812
546234 547811
539343 544048
542041 542057
541969 543907
546732 543435
557587 559646
543032 543676
552768 556763
553711 549902
545137 548070
548425 560636
546186 553091
542734 550152
543805 551818
536130 548129
544549 541759
543003 547777
534806 546884
543139 551363
537813 548520
546329 551595
544433 548304
546142 548067
538730 543518
539769 545405
543871 544301
548965 553255
546295 555361
543021 550332
552344 557794
545119 548065
542578 546840
542964 555327
542653 545642
548362 553840
537841 545404
553094 549239
538873 544443
546034 544860
543648 554346
542475 546203
553757 544657
561009 552648
545364 545949
544741 554787
545532 547383
538873 544443
541193 546334
539468 547451
543353 549842
541380 550293
