121 8.51046
1.6376e+06 1.58155e+06
1.63393e+06 1.59457e+06
1.63744e+06 1.61485e+06
1.6544e+06 1.60588e+06
1.601e+06 1.59636e+06
1.62425e+06 1.61871e+06
1.65493e+06 1.58529e+06
1.62383e+06 1.60738e+06
1.60315e+06 1.64672e+06
1.6326e+06 1.5713e+06
1.63377e+06 1.60508e+06
1.638e+06 1.56752e+06
1.62546e+06 1.58428e+06
1.62622e+06 1.6616e+06
1.57755e+06 1.60826e+06
1.66918e+06 1.65384e+06
1.62415e+06 1.60331e+06
1.66108e+06 1.60062e+06
1.631e+06 1.61775e+06
1.62748e+06 1.62602e+06
1.64588e+06 1.62137e+06
1.63621e+06 1.61948e+06
1.59158e+06 1.63312e+06
1.63938e+06 1.56756e+06
1.61903e+06 1.55744e+06
1.65389e+06 1.60173e+06
1.60448e+06 1.62465e+06
1.65752e+06 1.57896e+06
1.62929e+06 1.62279e+06
1.6235e+06 1.58117e+06
1.61948e+06 1.6235e+06
1.59272e+06 1.56953e+06
1.64364e+06 1.59679e+06
1.62943e+06 1.63435e+06
1.63086e+06 1.58719e+06
1.63286e+06 1.64272e+06
1.58928e+06 1.57478e+06
1.61084e+06 1.58481e+06
1.64101e+06 1.60767e+06
1.62408e+06 1.60858e+06
1.65638e+06 1.6212e+06
1.61928e+06 1.6067e+06
1.61541e+06 1.58566e+06
1.64192e+06 1.59805e+06
1.63712e+06 1.62556e+06
1.6292e+06 1.61524e+06
1.64418e+06 1.62423e+06
1.63466e+06 1.57652e+06
1.6278e+06 1.61637e+06
1.59721e+06 1.58142e+06
1.60946e+06 1.62697e+06
1.61414e+06 1.61044e+06
1.58578e+06 1.57307e+06
1.65823e+06 1.64698e+06
1.60417e+06 1.63083e+06
1.58006e+06 1.61336e+06
1.676e+06 1.61214e+06
1.67343e+06 1.5858e+06
1.65473e+06 1.61682e+06
1.6044e+06 1.59157e+06
1.64396e+06 1.57509e+06
1.58618e+06 1.57382e+06
1.65561e+06 1.60222e+06
1.62458e+06 1.57796e+06
1.62209e+06 1.58085e+06
1.62762e+06 1.57062e+06
1.63262e+06 1.59324e+06
1.69862e+06 1.61652e+06
1.60753e+06 1.59773e+06
1.64326e+06 1.56393e+06
1.57986e+06 1.58551e+06
1.61467e+06 1.60276e+06
1.63619e+06 1.63387e+06
1.62969e+06 1.60178e+06
1.62041e+06 1.6376e+06
1.59392e+06 1.56316e+06
1.63311e+06 1.58398e+06
1.63362e+06 1.61354e+06
1.648e+06 1.61868e+06
1.60166e+06 1.58381e+06
1.64415e+06 1.56076e+06
1.68201e+06 1.60003e+06
1.6218e+06 1.55266e+06
1.65425e+06 1.59656e+06
1.62391e+06 1.59849e+06
1.64617e+06 1.56245e+06
1.6203e+06 1.60561e+06
1.62938e+06 1.60922e+06
1.64619e+06 1.63536e+06
1.65973e+06 1.61851e+06
1.60124e+06 1.5984e+06
1.6153e+06 1.57533e+06
1.59916e+06 1.62236e+06
1.61368e+06 1.5803e+06
1.61214e+06 1.63061e+06
1.63648e+06 1.6015e+06
1.64038e+06 1.58526e+06
1.58465e+06 1.59777e+06
1.64839e+06 1.59332e+06
1.62689e+06 1.60042e+06
1.6345e+06 1.6039e+06
1.59996e+06 1.59964e+06
1.62359e+06 1.60211e+06
1.66045e+06 1.59677e+06
1.63394e+06 1.59108e+06
1.57255e+06 1.5748e+06
1.65397e+06 1.58994e+06
1.61033e+06 1.61074e+06
1.6331e+06 1.58819e+06
1.64051e+06 1.63062e+06
1.6221e+06 1.63788e+06
1.61967e+06 1.59912e+06
1.63093e+06 1.61859e+06
1.63321e+06 1.61114e+06
1.57906e+06 1.60165e+06
1.65628e+06 1.62172e+06
1.64874e+06 1.61243e+06
1.63759e+06 1.63903e+06
1.6395e+06 1.58505e+06
1.64209e+06 1.64747e+06
1.60946e+06 1.58747e+06
1.57861e+06 1.5451e+06
1.65222e+06 1.61915e+06
1.60817e+06 1.60068e+06
1.61997e+06 1.59701e+06
1.61774e+06 1.59371e+06
1.59002e+06 1.54588e+06
1.66178e+06 1.5421e+06
1.5775e+06 1.59635e+06
1.61711e+06 1.59546e+06
1.63924e+06 1.58371e+06
1.60535e+06 1.58036e+06
1.62959e+06 1.61874e+06
1.60664e+06 1.58035e+06
1.60523e+06 1.5931e+06
1.64456e+06 1.6371e+06
1.64208e+06 1.61049e+06
1.6412e+06 1.59871e+06
1.60298e+06 1.59195e+06
1.63834e+06 1.60726e+06
1.63966e+06 1.55896e+06
1.64384e+06 1.58683e+06
1.62962e+06 1.57872e+06
1.62393e+06 1.63829e+06
1.62924e+06 1.55004e+06
1.58474e+06 1.60934e+06
1.5941e+06 1.59044e+06
1.62887e+06 1.59465e+06
1.64891e+06 1.56221e+06
1.66658e+06 1.62398e+06
1.59649e+06 1.63919e+06
1.6282e+06 1.59159e+06
1.60938e+06 1.63045e+06
1.61646e+06 1.60078e+06
1.64681e+06 1.61356e+06
1.63663e+06 1.61175e+06
1.61565e+06 1.56457e+06
1.61214e+06 1.6016e+06
1.62501e+06 1.58496e+06
1.63044e+06 1.63585e+06
1.64299e+06 1.63869e+06
1.60813e+06 1.58564e+06
1.60814e+06 1.56355e+06
1.60213e+06 1.63412e+06
1.64992e+06 1.6094e+06
1.64823e+06 1.62887e+06
1.606e+06 1.5917e+06
1.62239e+06 1.56882e+06
1.62918e+06 1.60428e+06
1.63333e+06 1.59614e+06
1.57396e+06 1.57309e+06
1.64936e+06 1.59957e+06
1.64771e+06 1.60116e+06
1.63208e+06 1.60158e+06
1.64655e+06 1.60365e+06
1.58924e+06 1.59998e+06
1.64612e+06 1.56991e+06
1.68124e+06 1.59193e+06
1.65211e+06 1.63766e+06
1.61769e+06 1.60571e+06
1.65444e+06 1.59623e+06
1.6308e+06 1.5929e+06
1.64947e+06 1.57358e+06
1.65149e+06 1.58446e+06
1.61872e+06 1.62812e+06
1.62523e+06 1.5818e+06
1.638e+06 1.59214e+06
1.62899e+06 1.58711e+06
1.64106e+06 1.60886e+06
1.64742e+06 1.62883e+06
1.62408e+06 1.58507e+06
1.63012e+06 1.60256e+06
1.64831e+06 1.57145e+06
1.63498e+06 1.59828e+06
1.6569e+06 1.63163e+06
1.67296e+06 1.65384e+06
1.61852e+06 1.62346e+06
1.65915e+06 1.6412e+06
1.61677e+06 1.57647e+06
1.59521e+06 1.65092e+06
1.61683e+06 1.59845e+06
1.60486e+06 1.59867e+06
1.59563e+06 1.61163e+06
1.61209e+06 1.55349e+06
1.68892e+06 1.60462e+06
1.62438e+06 1.60876e+06
1.6049e+06 1.66453e+06
1.64928e+06 1.61482e+06
1.6141e+06 1.63359e+06
1.6451e+06 1.61039e+06
1.58165e+06 1.54598e+06
1.6531e+06 1.58785e+06
1.64814e+06 1.5986e+06
1.61912e+06 1.59305e+06
1.64096e+06 1.56762e+06
1.64991e+06 1.59084e+06
1.62906e+06 1.61006e+06
1.63406e+06 1.6161e+06
1.61712e+06 1.58997e+06
1.63763e+06 1.62028e+06
1.61699e+06 1.61289e+06
1.59076e+06 1.62717e+06
1.62845e+06 1.61634e+06
1.6654e+06 1.607e+06
1.5985e+06 1.57396e+06
1.66481e+06 1.62281e+06
1.68034e+06 1.59634e+06
1.60796e+06 1.66359e+06
1.65907e+06 1.593e+06
1.65275e+06 1.56993e+06
1.63672e+06 1.59498e+06
1.62497e+06 1.55396e+06
1.63188e+06 1.59472e+06
1.6321e+06 1.60524e+06
1.65121e+06 1.61583e+06
1.60278e+06 1.63799e+06
1.63238e+06 1.55583e+06
1.61341e+06 1.58625e+06
1.6551e+06 1.59097e+06
1.6602e+06 1.59339e+06
1.66412e+06 1.63504e+06
1.64858e+06 1.58524e+06
1.65256e+06 1.58224e+06
1.62224e+06 1.60315e+06
1.64588e+06 1.60763e+06
1.60763e+06 1.59753e+06
1.62408e+06 1.60662e+06
1.64972e+06 1.56146e+06
1.61724e+06 1.54338e+06
1.58099e+06 1.57776e+06
1.58668e+06 1.58182e+06
1.6272e+06 1.60254e+06
1.64737e+06 1.58708e+06
1.66961e+06 1.57735e+06
1.64934e+06 1.60926e+06
1.66296e+06 1.62029e+06
1.60308e+06 1.61558e+06
1.6356e+06 1.56623e+06
1.63474e+06 1.59417e+06
1.6193e+06 1.61613e+06
1.61005e+06 1.63024e+06
1.66423e+06 1.58035e+06
1.60592e+06 1.64209e+06
1.6393e+06 1.58974e+06
1.61083e+06 1.64146e+06
1.65326e+06 1.61354e+06
1.57903e+06 1.63986e+06
1.61568e+06 1.56658e+06
1.5908e+06 1.60139e+06
1.61447e+06 1.59623e+06
1.5746e+06 1.61565e+06
1.62102e+06 1.59586e+06
1.60034e+06 1.60334e+06
1.66484e+06 1.60491e+06
1.6273e+06 1.60926e+06
1.64312e+06 1.58063e+06
1.62588e+06 1.6155e+06
1.63995e+06 1.60561e+06
1.64933e+06 1.62298e+06
1.66482e+06 1.58286e+06
1.63086e+06 1.59984e+06
1.65159e+06 1.5563e+06
1.58104e+06 1.61042e+06
1.61203e+06 1.59691e+06
1.64134e+06 1.59392e+06
1.6303e+06 1.56316e+06
1.64632e+06 1.59747e+06
1.59748e+06 1.59757e+06
1.59881e+06 1.58294e+06
1.60304e+06 1.58362e+06
1.62767e+06 1.58442e+06
1.64046e+06 1.61126e+06
1.61071e+06 1.60896e+06
1.62161e+06 1.60433e+06
1.64015e+06 1.56896e+06
1.64091e+06 1.62182e+06
1.63244e+06 1.62652e+06
1.63612e+06 1.55523e+06
1.59774e+06 1.58715e+06
1.58655e+06 1.6097e+06
