12146 449.304
777755 781719 766688 794780
783662 794356 796563 775719
791271 784606 771287 815146
720702 758765 793155 794447
799384 733357 787601 817610
810519 761644 751086 815263
783715 764320 764374 745168
831737 798215 786080 780489
805381 778004 760537 790753
799867 764368 757331 768707
770062 777368 797878 793886
800350 760738 804993 782821
765382 779818 791952 793553
752399 750582 784343 790464
768400 809424 796825 831281
802642 779133 754793 793073
784440 803919 779655 791100
786749 776378 795006 799380
770033 767856 796493 829557
786926 786801 792671 794110
781732 751998 808159 784957
803808 761717 808730 772583
790992 786159 811708 829530
820862 797275 767689 812537
771849 792307 773606 801220
763592 791161 771554 844850
783636 780036 788298 795404
776093 797459 776269 802066
792340 774114 797141 826685
826999 809059 752259 786300
743728 798168 754973 789168
804511 798921 790644 780290
766766 763513 787534 796082
778326 766874 783989 801059
800298 796651 780623 814229
793708 801874 767109 787516
787873 744992 784300 783586
772167 786527 833831 834177
774973 782448 796497 799159
743041 794164 790007 814169
800617 777193 790606 810539
756364 788564 801269 807354
775652 756485 794148 800047
803126 775464 773093 820043
792206 773872 766999 813430
824926 769819 771144 805032
809689 793434 761890 830186
778131 831755 771246 813850
815972 768134 789363 793292
781615 755801 786424 788285
798550 806110 763192 829413
784165 796424 789977 818337
778365 803192 803080 797766
775589 771653 797266 758474
770978 727999 819959 804833
786069 755180 794387 788762
747622 739117 785323 809416
795215 792861 762542 827613
780461 768162 797843 773843
757006 759626 774258 801390
786626 770466 796119 768594
786723 748321 768117 825102
782555 765440 794712 808504
739878 758553 791935 765040
772673 789777 745253 832898
766057 751789 813910 770942
792378 767819 767801 816981
778432 761270 769795 807298
789531 795193 780454 821534
782551 754533 825666 819486
818367 811909 754596 821925
736458 735822 812555 807146
774850 803146 769706 824687
783195 798889 783976 804927
810724 783358 752246 780348
804366 807309 764915 796833
792763 784061 817839 821306
766258 784414 777584 790430
804967 783855 805221 793206
781572 743458 799859 796976
764261 785278 776173 796427
763337 769128 793530 796766
747545 776755 785558 783239
785831 749560 796830 782167
777341 738878 769185 793783
795659 791968 827467 773098
828934 771667 740046 803734
795471 782388 786158 810226
796803 783599 787273 820042
780100 735991 773987 790078
793474 780379 772951 790217
757385 745162 813118 822747
779877 779332 775612 811917
797011 796644 771211 773906
792812 792099 800802 806864
794419 753019 775929 767994
770000 775703 797309 806603
773220 797189 781967 780403
765817 774025 788639 796444
805565 743796 765382 828919
789875 769406 766813 807482
749796 777270 781049 801827
804153 761384 792675 809068
767205 794186 803626 809597
804177 793785 805248 785172
784438 739981 804857 793570
773588 802526 818028 828977
769440 788680 770253 805726
755749 794050 785874 816626
785662 780017 754788 807046
762286 783593 767526 790312
792832 812255 776810 794692
801587 747475 765034 795826
793717 779912 787162 787244
786089 777593 783997 796841
807415 734768 775876 813737
770592 760404 755871 796201
812789 772225 768613 784446
815836 791819 769109 802175
766128 785594 815682 791745
779981 787763 796577 816845
768172 807377 811236 797243
753583 799112 760982 780780
809452 790076 770373 768593
767225 788296 775659 794604
750270 756652 793800 794265
760572 759701 783265 823740
778190 795562 773285 811802
778589 749053 809456 817123
804722 785424 798684 807859
782659 767597 771938 755102
764508 788121 768262 784920
798914 792261 793968 829767
791283 797502 787050 807615
767682 759715 776086 801545
801305 784713 771804 810292
761903 751775 779919 769726
782387 810800 764695 752178
777653 770038 786104 802881
760144 780330 795628 784881
789085 758424 789205 831557
766863 733809 758683 813970
780819 769142 787769 803920
760248 765235 798905 778983
812909 800408 783688 803104
779630 756730 763640 781247
772696 780653 798682 789196
814910 788081 792990 813846
751001 768076 767899 805921
786126 776112 765880 792719
750691 773437 792968 814332
746149 712595 780157 801737
768891 769375 792368 780628
762974 769505 784168 796980
812385 777693 796493 813837
788865 773090 782300 810330
761897 759097 777431 822418
772470 748515 800821 785804
769905 786515 787803 788857
791492 765783 769137 814280
809935 784387 805608 801140
764099 773342 787156 815104
789882 758793 787158 785153
769464 751435 785510 797747
791374 784857 800530 809641
789232 792870 780441 815544
808258 733505 771065 787099
790582 784612 786847 805355
768571 766200 770806 792733
794187 780197 802367 785883
765174 782022 765196 806483
792081 789642 796176 814723
769393 738929 812589 791206
799729 813955 774288 777407
771060 767502 794061 781058
783955 781438 785861 790604
822179 795674 759603 770934
789140 770993 789487 789352
801504 752393 778003 763882
812738 787704 815364 821958
784614 783810 774259 805850
761123 757652 784576 775954
780980 799897 765800 825969
802584 755078 806077 807328
781062 744341 799898 775954
786708 771824 781438 781872
759121 741371 775778 765242
792529 760551 810670 820971
772662 809904 772890 820289
770051 801967 776298 798679
774906 810365 757126 827287
754322 792435 773747 805312
761417 735570 806804 755299
766090 769620 779643 820369
748152 772462 795549 802302
768072 794471 790767 775528
780447 782076 779759 816445
809489 796685 795213 786246
791506 777263 774492 807189
815535 780312 783052 823692
782377 779936 801262 792220
764813 777914 787070 802177
752851 779166 784542 753442
799226 799883 811641 821679
788314 773971 766989 801143
784115 775643 796595 827816
795870 778131 815314 782306
756433 760226 789682 822601
770743 760022 806319 776434
774185 784212 784235 801665
782261 759469 772146 765263
761503 762851 775257 787659
799472 753926 778475 800545
797585 773313 804427 774155
804951 783294 773149 815158
797815 770433 810637 821741
753715 776213 803586 824028
812721 772323 765433 825804
796071 793225 767804 821033
764716 752433 790906 800982
823223 781822 755095 785433
755964 745963 800357 794005
796105 771538 780122 807432
777020 772148 758399 812998
745239 778884 782700 799752
798069 795756 757372 811454
779354 779712 773469 822429
789562 749822 758507 797863
812428 780120 764788 802089
788678 784688 760919 786697
833582 763895 776527 791096
784733 775397 763160 788533
766518 760716 843250 796264
833776 780623 822496 820194
758539 742237 769227 795277
773267 807546 759602 801600
760217 778126 779989 796150
782411 746797 782060 784493
789804 771372 780364 814636
742225 802262 779253 834453
792938 766050 816473 774937
778648 759447 777496 804301
791901 745099 828656 811410
786867 786793 796763 810045
761652 763167 786419 804153
783082 760118 780188 774472
771893 797167 796027 774083
799300 750756 787108 814552
762741 757554 802091 794404
808381 824465 813924 807817
801525 764703 771937 803903
763533 770234 774095 783677
782510 760504 800544 779452
757114 787975 762349 784947
769854 776870 755524 819278
806119 778447 783828 772280
770076 789830 797919 774646
772936 789912 812261 804063
803800 769536 751509 764673
788998 797098 780905 808751
793659 796483 791605 796424
823103 794879 775939 805119
781004 805087 811855 765807
753481 753998 761283 789813
780194 775575 778252 795160
776920 803427 789011 810207
753564 776506 792413 777378
775547 780384 757721 769109
779274 769229 768631 815560
809244 768502 784641 785877
744742 770182 810898 826110
792601 790139 779700 780811
795006 736724 771999 785555
805620 786964 793099 797186
807322 784536 795756 798670
749655 770704 772888 795508
744281 754356 774780 786890
763314 767455 776344 778553
779597 770567 744188 819744
805802 764980 807878 803229
787497 768262 815623 811281
765772 784775 786970 796930
764064 770104 755006 768782
777696 787678 808354 796004
785295 736218 759087 783333
765282 775732 781478 816831
786938 759176 767107 795347
839550 782879 773755 805789
810128 792841 814104 785794
767525 781522 785910 790516
772875 759219 776325 793638
809379 761533 784798 754751
746761 746433 819112 782392
796411 809332 778541 802273
801522 778506 794875 802280
794546 776233 796690 792841
749000 749118 803235 809065
777768 765576 791553 818632
775448 762221 795531 834544
798975 774447 768914 789325
