6244 287.03
742493 609937 611646 596908
708034 580980 638778 631974
696488 638679 630539 570603
676567 679058 539047 661067
647170 717147 588966 646852
632021 650151 621072 703974
620892 612032 693330 654385
587000 678602 646574 634534
613897 646079 675396 619653
620892 612032 693330 654385
741647 628468 577522 629321
653862 715331 604982 592426
603982 693188 650697 615746
657827 706503 589760 614990
615181 700635 634900 612735
703718 674141 548047 680118
643684 708403 593754 620692
658919 640031 661690 581788
695302 683214 544464 656559
692075 600351 648851 638331
610738 689219 641562 607764
664018 641672 640718 572435
619018 666377 638197 605127
711199 591730 666578 631553
597503 662624 654125 608029
650922 617535 644361 676221
724164 631291 598915 595314
659728 667362 639701 578867
593269 711395 624059 645643
674553 595099 673094 627525
622559 656185 657433 608421
699607 597837 596744 670837
593269 711395 624059 645643
665271 639695 629947 576167
607469 686973 639392 640150
671488 587684 628725 659937
724472 619449 631295 599961
644656 638269 612071 695999
723037 632707 570069 619474
734999 602238 608489 623443
673402 696090 571614 638468
689048 625044 600250 589843
627017 700209 615028 610083
648955 625393 665657 593740
688309 679387 552706 630039
691874 589819 608828 666081
620141 634161 668952 631129
664769 645370 579845 667791
716054 603704 602307 628191
661289 659483 580835 626793
651349 673582 586980 680606
713083 605644 591161 616914
655566 623879 577900 698849
669567 671057 596234 590327
606201 649503 660542 624337
706689 635596 555646 633995
684274 616819 568276 637237
616901 643916 627250 639152
627547 684238 619053 598070
671285 655260 549020 662328
694036 604530 626589 658413
720408 613749 587491 625168
685682 665403 565073 635534
623290 620246 664141 629996
681420 663647 562780 650950
705213 632191 542844 654447
637971 609141 645156 689515
635917 677488 667385 586182
621575 657920 621115 677576
708034 580980 638778 631974
650435 685849 609642 593004
728780 621007 582631 634896
670921 611810 550802 654469
646813 664386 591943 603766
639440 667538 583315 692129
686722 682727 554837 652015
647817 645868 617877 672132
729809 618019 585318 619970
640277 610609 647031 614357
734999 602238 608489 623443
667917 585186 655281 683261
664837 693730 561803 658783
637382 690888 597534 611846
620265 669103 662868 602440
714685 648798 626416 584692
647874 670044 642755 585434
630031 650676 636637 596360
652279 626525 641099 686040
700208 633642 558814 645404
691215 612271 610654 607206
612930 661026 607613 618269
652298 634457 635036 694600
656126 668284 619787 584079
683184 660338 595604 600826
704191 619413 559942 647261
587000 678602 646574 634534
672085 664720 564459 648237
641300 642623 622613 692639
666534 623104 629711 650058
642002 621534 659762 603193
632021 650151 621072 703974
656157 647832 616830 661557
719825 621617 584523 598536
640176 633814 626531 699927
655507 595447 653194 687922
654893 652486 624911 633099
629104 681535 623485 617170
673834 607750 575466 636277
631314 687415 603676 637429
731158 584002 599806 653931
718615 606930 588182 655814
680108 662985 621167 610777
665517 651524 574685 642425
678173 615707 599643 635675
633593 680842 600737 682253
717706 593819 606768 664567
663726 627795 634568 646676
677792 662077 572852 636298
691049 606827 656362 650819
687090 633982 557549 599642
635917 677488 667385 586182
717008 596916 605595 627209
703569 592901 617942 621194
634700 654507 622568 681899
657908 621254 606459 669754
683347 653564 568760 626059
697665 594223 607695 629859
633763 691285 590643 636778
656570 643466 601383 641901
664885 653887 613683 622262
644964 635310 625032 651937
731158 584002 599806 653931
660535 614284 617446 660584
669842 619597 603567 643146
638479 636782 651650 687705
668895 632181 595045 666923
656669 626847 627623 687086
702527 624438 614142 596896
663566 609269 635916 687667
626588 697334 621725 612029
626588 697334 621725 612029
666132 637240 614897 649191
696488 638679 630539 570603
600572 682932 627473 644525
667917 585186 655281 683261
676782 658179 614155 617951
669004 628082 582212 664587
676567 679058 539047 661067
600572 682932 627473 644525
675440 637085 645224 635253
736798 652155 640895 627025
729105 662789 609164 673516
714682 628468 648013 661221
712174 704552 623726 655128
697057 654007 661338 642460
693863 652084 632842 690753
679014 680406 654798 661372
720881 642598 625136 650456
717388 691602 615770 672821
718452 651254 644899 632171
681155 664557 618763 681262
689387 682775 648226 640061
684849 656205 638444 688822
705495 700794 621162 678319
680953 695759 657499 655648
735312 658059 629529 648482
728113 659675 625070 672907
702870 674260 634863 665371
696174 649381 659371 672927
680258 687446 643318 664364
693051 665955 649397 654615
698763 644864 638320 659954
699613 652530 634092 666221
709841 683966 628563 666070
707111 662297 634050 653759
700452 655757 634893 650944
690667 691648 632631 664914
713662 669428 658227 643693
711522 658053 634776 644296
680748 682135 653237 690404
691777 681652 645885 658877
694405 660844 653333 648270
692579 651825 636023 661386
681021 688098 641951 675621
710663 668408 627729 674577
692303 653527 631292 678139
710159 642767 642967 657728
684218 668316 635565 660301
698630 670735 645688 655335
695258 667266 627928 680091
703820 689281 633305 672888
694830 660994 630175 673646
704101 662245 630171 655633
757012 675005 648218 640579
720046 642993 652159 706382
717456 668786 619174 686941
681238 705078 680098 666789
741354 667290 622456 690955
693330 676794 665489 658035
701147 654726 637829 705474
750478 695442 625799 659156
696229 697440 661085 648431
735388 689989 632716 651853
689594 701200 655532 667237
694528 682390 645161 663183
688834 670153 652646 676852
711494 678476 629305 675916
698416 659413 644313 685646
721329 664590 650360 644743
744383 647737 637441 687152
701559 690008 626625 681526
714701 656924 658280 656146
708948 661153 637453 659511
722717 674757 647003 645296
739482 649657 644880 660816
714309 685899 626287 687311
725989 672408 636460 672832
716853 671452 641609 646532
703663 672070 640924 669197
709130 684128 630580 683240
730819 672451 631678 654267
702471 671854 663029 666523
690786 687946 635613 671652
748029 653925 626158 672183
700932 652325 649374 671307
700532 668324 627736 683884
719281 655510 658269 668125
701915 669822 632107 677983
710535 672960 635792 669817
702979 666399 650865 654350
695143 687997 651568 660232
732261 667958 644960 654281
719971 672814 636928 674497
700992 650060 641078 668474
694763 656493 632495 686507
748807 687415 626944 693294
732459 681600 648486 647638
703765 710324 627617 698774
703299 657957 672807 679354
695941 657027 658023 702825
694729 689401 652970 682159
744451 670483 664549 666205
715592 698500 638109 677811
738379 657580 656012 669826
733618 675239 636195 673715
720113 691515 667129 655801
733508 660532 660125 689036
710150 672266 640216 661681
696672 665046 632652 692726
728951 664352 646058 674021
717895 667947 639062 667719
715325 669680 653169 671713
725719 679130 631520 697047
697868 693020 655715 662278
723355 677455 650947 658107
724212 688353 646785 654201
707787 662614 654957 687404
721929 661631 666342 658368
726530 672139 642714 657309
716411 683972 629905 682220
726498 671100 631446 685740
700984 684199 647664 682172
706988 672428 643650 688692
723546 694827 638279 661833
705043 663742 647617 682331
721100 681552 647740 654340
705561 672648 646722 673813
746095 671461 645210 676435
739491 730043 655633 662377
728043 669589 655571 677354
723300 692922 641185 672719
709202 685225 658468 695673
704600 684857 668910 683715
700354 692296 664840 688327
710398 697689 649215 693914
707003 715610 668802 684128
729601 674893 653734 669583
716238 676342 645150 664972
721287 678410 643083 670394
713182 686553 641366 681709
724909 672768 655495 685353
708130 691879 665801 676414
712555 691272 642024 673111
710539 679779 642128 662454
714472 673686 653115 670089
715261 673286 641507 672290
736524 677475 651094 673997
720930 677376 651151 696329
714752 681990 642153 675421
711415 687752 652681 664358
710610 709766 684661 677154
710951 694409 675644 690880
723934 677798 671115 695742
722587 686337 649477 667677
720968 678359 647973 674789
738373 682203 654384 674526
728298 680467 650554 679053
724162 686585 646224 682090
717248 693573 665175 671492
750416 699309 655062 681575
742493 609937 611646 596908
708034 580980 638778 631974
696488 638679 630539 570603
676567 679058 539047 661067
647170 717147 588966 646852
632021 650151 621072 703974
620892 612032 693330 654385
587000 678602 646574 634534
613897 646079 675396 619653
620892 612032 693330 654385
734999 602238 608489 623443
660024 641805 650100 574399
620141 634161 668952 631129
698675 623022 565285 696255
674553 595099 673094 627525
593269 711395 624059 645643
653862 715331 604982 592426
609029 672637 654358 600707
658077 705086 604065 597117
639440 667538 583315 692129
593269 711395 624059 645643
640277 610609 647031 614357
723037 632707 570069 619474
720408 613749 587491 625168
679415 626005 640475 589570
706689 635596 555646 633995
682339 674577 575391 629630
615181 700635 634900 612735
627547 684238 619053 598070
662990 629235 574058 681339
681420 663647 562780 650950
704191 619413 559942 647261
691874 589819 608828 666081
667917 585186 655281 683261
691091 647458 584222 643175
616901 643916 627250 639152
612930 661026 607613 618269
712445 624594 613769 610523
626588 697334 621725 612029
635917 677488 667385 586182
637971 609141 645156 689515
633763 691285 590643 636778
673402 696090 571614 638468
597503 662624 654125 608029
716830 614632 579125 682720
644378 701746 604661 602456
664769 645370 579845 667791
688309 679387 552706 630039
655507 595447 653194 687922
665271 639695 629947 576167
728780 621007 582631 634896
632021 650151 621072 703974
630031 650676 636637 596360
738929 614016 586042 676826
703569 592901 617942 621194
659728 667362 639701 578867
623290 620246 664141 629996
607469 686973 639392 640150
711199 591730 666578 631553
684948 631068 567294 678119
600572 682932 627473 644525
703718 674141 548047 680118
666522 642667 572670 679621
716054 603704 602307 628191
649556 665118 614820 607063
628621 652759 628998 587799
686722 682727 554837 652015
700167 630127 596301 658420
648955 625393 665657 593740
660917 658127 625579 633920
647874 670044 642755 585434
639085 636730 641712 685087
724472 619449 631295 599961
625803 653925 637621 609505
669180 674461 558689 643153
622559 656185 657433 608421
718866 628084 588300 605796
644656 638269 612071 695999
631314 687415 603676 637429
637423 646809 623230 671891
714550 605581 611554 626333
656906 601439 652387 650121
606986 678795 643718 616976
708739 615859 609065 628972
654581 670640 581203 608534
620950 659494 633638 592653
645265 652136 612029 655702
739925 599405 606998 634542
603982 693188 650697 615746
695302 683214 544464 656559
688358 668280 551043 653901
696488 638679 630539 570603
668675 662302 564274 673204
684194 587229 607949 670187
664837 693730 561803 658783
719738 598806 609923 641981
671285 655260 549020 662328
650922 617535 644361 676221
670920 592403 591905 669049
700020 637652 631003 580064
643684 708403 593754 620692
695302 683214 544464 656559
643684 708403 593754 620692
671488 587684 628725 659937
627017 700209 615028 610083
708034 580980 638778 631974
685818 632140 554158 652928
724164 631291 598915 595314
657151 608866 632475 599456
677467 615685 616013 665601
587000 678602 646574 634534
667156 655811 592668 649191
662248 653886 566239 677426
656126 668284 619787 584079
729809 618019 585318 619970
676567 679058 539047 661067
652678 597859 626432 659249
707260 607594 588348 661159
651729 676317 597033 639579
642002 621534 659762 603193
603982 693188 650697 615746
731158 584002 599806 653931
698101 629998 617087 644461
720068 605952 589665 662716
673311 633109 584810 591002
717706 593819 606768 664567
717314 627127 597918 630845
658919 640031 661690 581788
686903 604450 600822 649787
657550 596292 654030 673652
626256 656947 643885 604443
660683 659079 581982 658108
647170 717147 588966 646852
640176 633814 626531 699927
640176 633814 626531 699927
667594 640195 610223 635788
678302 617648 591460 684903
731158 584002 599806 653931
610738 689219 641562 607764
674619 631597 601109 653592
650199 668571 606559 636135
642002 621534 659762 603193
652216 638406 590555 674450
672604 656682 605719 626258
683564 624630 619990 660448
694713 610221 597305 664150
635060 656726 617928 671219
693797 617573 629333 645134
658919 640031 661690 581788
610738 689219 641562 607764
745687 642696 625312 666790
732529 659325 608111 676101
714369 668592 659962 635784
707495 636738 650039 656578
671081 688938 673213 667087
665811 679224 658390 692663
726167 687003 611547 672242
686204 651009 638992 690391
733206 668114 612423 660820
721068 665426 615751 665233
740772 674498 628730 639955
692388 646726 643863 638192
700209 653032 672657 637812
697058 639608 636450 677311
705735 658451 628822 680080
700097 655941 619961 687095
688365 684478 629923 664948
677065 668706 659082 644345
716451 677473 632129 646156
688407 673735 642012 663290
716867 658530 622227 648200
678796 678699 645605 678554
742434 655738 628678 662891
701520 666188 633792 657006
692306 637164 649650 654250
682755 663393 647111 663704
690259 667014 618811 651499
732295 658854 618870 649359
685007 662606 647669 644219
709365 662336 626358 664112
710429 656367 648091 637355
702650 640341 633185 663230
692079 652945 633435 688960
709270 656634 632652 651337
690820 658897 643118 645033
735484 658650 627944 660610
734589 694453 615510 697509
710472 638635 659402 658164
706439 702596 638675 660655
698310 685895 646899 638914
692395 681587 632518 698642
680425 680406 685237 672978
713244 659303 666252 654341
705316 664940 635056 679494
694159 643098 652685 662390
687772 671123 661011 656202
701206 677385 625217 674003
733756 655757 663362 653392
701244 663806 630881 690263
728773 674593 631127 649794
713902 673521 650009 643562
703392 650910 647607 689559
685265 669655 647132 672719
723715 673985 621335 667961
713537 664548 636709 687114
698712 673004 626807 677253
706767 650416 645066 670759
718597 682394 639165 652082
725559 642678 645207 663635
696927 685792 619428 669667
706341 657125 658308 657644
704641 667301 643719 668620
707870 668807 651380 644889
731575 661571 646508 650497
721749 662906 639402 650483
694164 672592 644429 647617
718682 684550 644462 644993
695363 668401 648500 662598
692696 668027 636694 666216
731594 656778 637562 670013
719574 664005 644901 656969
697880 669271 636976 665644
718645 659754 640396 668520
706469 642442 645074 673739
694392 660444 650092 672904
747764 683852 629965 673566
726905 645172 676778 664288
714791 690907 625218 671136
713694 701363 650399 646165
699056 656176 658924 725731
696043 670477 683379 705375
694849 676006 647326 660324
706559 686112 625910 705600
742204 682559 648286 653683
724995 651316 667125 676572
706770 675206 628720 693393
732695 645378 652303 664552
729104 676648 658435 655615
715104 661746 668197 674416
699840 660555 657857 677522
700189 655319 653256 675566
740018 674176 640383 668060
740028 696624 650222 653924
716896 687495 637385 684862
705678 685225 665200 649169
708031 670047 680000 658278
734030 672483 658866 654598
717012 675685 665159 662071
714616 664510 656068 672449
707048 669658 643430 673073
697476 671776 639002 689160
716650 688927 636891 689575
740524 662612 632166 674090
721091 684911 639098 668410
710657 674655 665710 658643
712020 663559 645710 677430
725936 688431 641584 657142
706422 684670 653491 652016
719317 674488 652061 660043
740282 684909 635239 689421
718137 690266 653386 655253
714162 671744 655576 668931
714007 670683 646541 669290
726586 662507 644772 673945
706215 674808 642684 671186
707413 675355 658353 669151
742403 662082 663257 683209
737692 688806 669377 652163
730859 703474 659127 656543
727976 658358 673793 680688
722360 663590 656089 704257
717030 671595 680163 665191
713988 676729 644438 691498
695675 684607 659194 690447
718546 670913 652760 677093
711904 686876 670897 654873
725715 702495 658305 657079
701740 694098 648552 673494
733336 680803 655856 662715
704522 697756 647609 664152
706872 679625 647661 679270
731736 672039 660886 669535
698332 681582 660631 671874
705161 678036 650063 668037
696258 681953 662298 664452
714957 677793 658010 670532
718873 678455 649551 664625
716433 686659 648589 663082
716942 677071 659188 673593
752658 690481 656483 672684
741049 683108 654350 681285
721985 678363 658398 702765
708807 679630 663940 677986
718655 681119 655924 674200
745997 690403 657866 700185
744328 691942 661266 679115
728856 684454 674985 680867
715381 695906 672911 692589
728459 695283 668063 687776
719110 687195 674506 697040
742493 609937 611646 596908
708034 580980 638778 631974
696488 638679 630539 570603
676567 679058 539047 661067
647170 717147 588966 646852
632021 650151 621072 703974
620892 612032 693330 654385
587000 678602 646574 634534
613897 646079 675396 619653
620892 612032 693330 654385
731158 584002 599806 653931
615181 700635 634900 612735
653862 715331 604982 592426
593269 711395 624059 645643
734999 602238 608489 623443
620141 634161 668952 631129
741647 628468 577522 629321
673402 696090 571614 638468
597503 662624 654125 608029
600572 682932 627473 644525
640176 633814 626531 699927
695302 683214 544464 656559
593269 711395 624059 645643
628621 652759 628998 587799
636857 646040 588267 692605
612930 661026 607613 618269
626588 697334 621725 612029
689048 625044 600250 589843
652216 638406 590555 674450
698675 623022 565285 696255
686722 682727 554837 652015
701898 615553 568743 668734
716054 603704 602307 628191
606986 678795 643718 616976
642002 621534 659762 603193
684194 587229 607949 670187
643470 657738 616083 604046
625803 653925 637621 609505
664018 641672 640718 572435
658919 640031 661690 581788
627017 700209 615028 610083
720408 613749 587491 625168
712059 602223 589734 678364
665271 639695 629947 576167
656730 655236 640871 583632
667917 585186 655281 683261
609029 672637 654358 600707
727062 623115 630681 595094
716830 614632 579125 682720
627547 684238 619053 598070
706386 617692 559672 653353
587000 678602 646574 634534
631314 687415 603676 637429
659728 667362 639701 578867
705213 632191 542844 654447
610738 689219 641562 607764
635917 677488 667385 586182
708737 612621 582583 660260
643684 708403 593754 620692
724472 619449 631295 599961
679184 691538 605470 595991
674553 595099 673094 627525
616901 643916 627250 639152
687877 622615 613096 649040
655507 595447 653194 687922
678358 674377 558715 680039
647874 670044 642755 585434
656009 635880 592427 690151
623571 649508 662378 606665
688309 679387 552706 630039
681627 598636 584726 688966
635963 676739 617923 614197
645426 666269 594643 647920
692075 600351 648851 638331
693120 632490 586890 669865
603982 693188 650697 615746
682767 664555 573627 642006
650044 681499 588666 684344
711199 591730 666578 631553
705067 658757 589014 625855
606201 649503 660542 624337
648955 625393 665657 593740
660024 641805 650100 574399
707260 600858 590806 658310
666522 642667 572670 679621
719738 598806 609923 641981
657827 706503 589760 614990
691874 589819 608828 666081
695701 608241 597201 632925
672411 702637 588158 621124
638420 649961 616603 640713
691467 645539 550222 646394
688226 605548 598875 666497
690919 630932 576403 688505
642289 625851 597783 686250
724164 631291 598915 595314
646493 671993 620378 599811
681420 663647 562780 650950
667537 652176 612035 611346
644552 602912 618123 601698
702360 620786 564508 635402
694800 624518 566980 665391
717706 593819 606768 664567
700020 637652 631003 580064
650435 685849 609642 593004
633763 691285 590643 636778
669577 629664 593497 650887
701016 623350 574866 671831
676567 679058 539047 661067
672098 619418 596230 673249
639085 636730 641712 685087
620293 667624 603735 697064
675890 645473 566638 643453
685930 617045 601380 663277
639950 648602 625380 597118
603982 693188 650697 615746
685495 647281 609210 619365
660335 669814 581879 647371
710233 644077 591684 630132
704303 597550 595782 664556
661644 646366 581503 637551
669444 635650 593962 655187
713064 623783 611255 623435
671230 629221 612445 662032
662447 627963 595168 667304
623290 620246 664141 629996
655566 623879 577900 698849
624397 629263 651859 634941
658077 705086 604065 597117
668319 671337 562646 659430
682339 674577 575391 629630
622559 656185 657433 608421
703718 674141 548047 680118
654630 678176 606629 639496
695487 633052 561594 632737
631964 653548 628831 622135
708034 580980 638778 631974
666104 689771 598282 597709
686539 626909 589555 633337
664769 645370 579845 667791
651509 664216 602673 652496
697224 616180 595084 659198
632021 650151 621072 703974
703718 674141 548047 680118
699607 597837 596744 670837
622559 656185 657433 608421
687318 645067 601182 623280
671422 661764 604204 636433
703569 592901 617942 621194
674553 595099 673094 627525
764377 632499 637332 675534
737430 660615 665844 629585
727265 689431 619334 666968
692706 662741 626247 616055
691927 659189 611739 675166
668492 659308 644422 678520
667911 685285 622758 666897
695319 633427 631515 641893
748844 671579 621601 651518
672920 657660 661280 654013
668031 677373 649367 644759
678078 644948 638776 659877
704257 667898 622160 673248
719092 646731 620831 656664
686255 686118 635395 659965
672814 682832 636834 667821
673315 650927 624047 667713
711843 673988 621968 674869
681201 678689 638252 658700
674460 665132 638741 662735
688595 645515 623652 646510
690002 663937 662955 645130
717538 663777 621897 673592
739938 665055 635907 649431
734739 663732 664753 632548
728014 703910 621461 677177
717788 637141 642194 657936
707447 661646 672128 649497
689491 709819 639437 660971
683430 649030 667060 709465
680996 703624 659920 646103
722522 691978 622224 687210
723599 645179 634394 699928
727168 659085 623809 688193
717477 673431 655960 639003
699240 643249 669293 661037
695419 689112 660855 650624
723733 678883 629270 652761
720031 648097 648229 644165
713363 668134 626163 675027
702479 684363 628545 665810
701397 696550 638109 634293
718578 686715 631985 638087
698612 698511 637806 674274
730569 658256 626081 652578
710836 655073 651132 645042
702866 672153 643537 668626
709161 649592 634331 652228
706794 688630 631161 646315
701978 666126 646783 661092
710972 647254 631565 655483
726540 675950 626967 662983
695376 665016 649729 652680
707215 676603 644463 662012
707931 662529 654238 657434
699977 645076 636793 672186
705469 664043 653214 654094
715984 657298 636271 646236
723237 656125 627890 663538
688638 664649 635927 674555
682849 649337 643799 670397
705001 664096 634227 674080
703171 674517 649591 657847
708239 664919 651739 668887
688715 664199 638573 672732
748546 667416 631734 660778
732585 660662 627451 716793
725561 644524 646737 673815
704442 661409 676995 676987
703110 704547 638590 644368
685860 679858 667938 674917
691471 663118 660897 698635
709001 691430 632729 713044
697049 650385 675024 679245
724987 664045 663989 644855
739137 658333 640247 685333
731184 647483 646696 658553
705927 696682 651753 666921
717853 688520 630094 684809
733086 657385 640081 694964
686342 666103 648990 674658
705410 677436 668219 666435
700970 695252 643012 689438
720051 672729 636882 673769
725242 684497 640584 650509
694535 673193 661867 672177
707352 673190 656679 667726
713778 655468 644689 669231
726180 682572 633889 659971
710053 675020 655260 671334
710482 654505 654286 676840
726516 678955 641129 653023
696207 669646 647365 683555
728044 681188 631756 662620
719678 645374 643124 688200
702382 656370 651554 679604
708731 678127 638242 696118
718352 661180 641327 691452
716479 667435 675412 663164
714542 670396 641298 681472
711979 681884 632901 663228
715207 653055 643695 679928
726127 658853 633350 662240
717954 677079 640747 698125
719218 677527 641750 652133
717735 652919 643117 672997
696119 669839 655312 667791
716910 678691 631844 688978
725869 655157 642592 682281
712134 677124 643548 668844
718215 656744 654383 651091
725272 666369 637316 666603
706987 678844 646823 682600
733964 658071 657638 676187
729039 670512 634319 673446
726998 681425 636553 703066
719219 692945 650151 653031
714477 656060 654422 698842
705718 699244 683815 673252
703593 700309 654661 683983
689231 685653 653951 685026
721684 666870 664881 663641
731363 673299 676149 657301
722735 698945 639588 679899
707027 656885 662819 687154
711306 679697 657432 690661
713649 661777 652305 682502
714373 686742 645583 696648
718780 683301 673303 653493
720199 690761 648395 668227
724452 674773 647731 676965
716232 683470 674691 675656
726372 677542 646207 674721
720903 682462 646628 693378
727138 659538 638782 670322
727205 673061 637916 669576
746888 677242 648265 678339
736016 719227 636378 700321
731440 660872 647518 683888
724072 702103 664811 670792
718141 699160 675731 677260
690693 687660 656904 687624
691399 696509 655383 687688
713761 693423 660404 685814
738496 682505 651436 683536
715734 680929 659478 683205
737415 676519 670083 686534
736333 666896 669575 686732
732397 668034 653763 687276
742033 691017 661633 690104
