1146 54.514
554116 425025
554116 425025
521112 544935
521112 544935
531380 452047
531306 521515
548748 427950
540489 430328
527125 528189
524512 544664
551853 426740
525197 537793
532908 447742
535807 437497
529694 527610
532908 447742
525197 537793
551853 426740
530236 521844
535118 442963
539589 434594
527125 528189
525037 543386
538583 436292
530112 526494
535287 442765
537266 436740
540489 430328
537266 436740
535118 442963
539589 434594
531380 452047
538583 436292
535807 437497
524512 544664
529694 527610
535287 442765
525037 543386
530112 526494
530236 521844
531306 521515
554116 425025
554116 425025
554116 425025
551853 426740
551853 426740
540489 430328
539589 434594
539589 434594
539589 434594
539589 434594
539589 434594
539589 434594
537266 436740
535287 442765
535287 442765
535287 442765
535118 442963
535118 442963
535118 442963
535118 442963
535118 442963
535118 442963
535118 442963
535118 442963
535118 442963
535118 442963
535118 442963
535118 442963
535118 442963
535118 442963
535118 442963
535118 442963
535118 442963
531380 452047
531380 452047
531380 452047
559138 425267
559138 425267
531909 458254
540975 435610
550280 431428
555643 430068
539524 441260
536894 444967
550299 430322
536677 449005
534470 449533
534453 452571
534453 452571
550299 430322
550299 430322
550299 430322
550299 430322
550299 430322
550299 430322
550299 430322
550299 430322
550299 430322
550299 430322
550299 430322
550299 430322
560967 431538
533238 465454
557244 434810
541728 435986
538133 450256
541357 440397
539872 446056
560006 432948
538565 448118
575580 432931
540542 454568
564495 433137
547591 436396
540712 450091
542306 440014
547039 438859
565674 435426
541069 457882
541387 451771
543632 442755
558612 436958
550681 437736
547507 440089
558925 437174
541283 459550
542852 452361
546115 444228
544781 451013
551091 441781
547826 442230
556050 438103
552679 438440
553988 438364
565317 437933
541841 466563
544824 457929
546570 445754
549464 442254
556852 438816
561044 438030
563549 438645
546660 453227
546997 447558
549813 443171
557222 439933
554229 442347
555962 442299
566191 439426
547921 459526
555698 442385
565152 440605
550485 444423
548398 449816
549759 449093
567291 439948
548495 457767
550629 445319
559669 443085
570827 440565
550722 461284
551073 449188
560255 445254
554372 446439
565951 444433
568530 442134
563180 444535
551634 446573
570404 441890
567207 444858
551136 449617
560355 445312
556752 446458
555157 447560
552690 448997
567881 445520
551290 453604
554273 449486
551456 452016
563599 446084
559481 446977
557173 449038
558193 447426
578217 445608
551543 459436
555192 450361
570159 445616
563962 446956
559335 448628
555066 455478
553370 457285
551955 457912
593317 445950
553057 458961
577498 447647
555272 453627
562283 449418
567729 448662
557102 452966
560563 451508
570100 447760
560858 451066
569716 447936
575495 448329
555579 457591
565349 450160
571721 448368
562219 451574
559855 453207
556757 453659
555633 455793
575950 448839
556217 461651
567001 452119
556671 457195
561493 453284
558949 455039
566694 452709
571022 452273
556679 458754
559503 456338
562808 453400
567315 452840
567868 452666
582507 453045
557195 475123
558244 466484
566856 453481
561431 462800
561852 456781
564567 454531
566098 453654
567166 453613
559366 472214
563777 457260
560532 470009
562643 463911
566610 455942
562674 463033
573215 453996
560842 481967
563285 467822
564355 460174
567381 456328
566078 459069
570725 455073
571029 454561
574813 454219
564535 472636
565019 462392
569321 461005
571685 456738
574743 456590
570532 458815
570018 460398
580188 455280
565638 465073
569961 462974
572961 457977
575225 456191
576812 456092
576306 456969
566867 472025
567647 466002
573150 461571
575448 461067
576768 457430
569723 473457
573350 469930
573404 463171
575872 461131
570128 470570
579129 459965
570632 470979
573412 466599
577182 460472
579198 460586
573574 472044
576300 467205
578240 460808
581198 462570
573753 475655
578211 473729
578983 465986
579317 462684
585642 463578
578730 482185
581360 472571
581586 464685
582260 466277
581699 471027
585583 467980
583426 481239
589019 470972
585650 483528
588113 477641
607584 476236
589000 484253
596293 476466
584453 424468
584453 424468
521112 544935
521112 544935
536688 470042
535181 517484
551312 438909
527125 528189
557719 436508
569413 426207
542990 454521
545872 452621
574659 426062
549262 446174
525197 537793
536688 470042
525197 537793
575712 424704
579911 424504
539475 461702
542990 454521
538609 463302
539475 461702
579911 424504
524512 544664
547861 447715
530236 521844
525037 543386
551312 438909
561038 429072
529694 527610
545872 452621
567511 426529
530112 526494
549262 446174
547861 447715
567511 426529
538609 463302
564893 428546
560622 431980
532307 520981
531306 521515
534442 518033
532307 520981
564893 428546
558389 434254
534442 518033
527125 528189
557719 436508
559536 432711
535181 517484
562682 428860
575582 425894
559536 432711
558389 434254
563545 428819
563545 428819
574659 426062
562682 428860
525037 543386
560622 431980
529694 527610
530112 526494
524512 544664
561038 429072
530236 521844
575712 424704
575582 425894
584453 424468
584453 424468
584453 424468
584453 424468
579911 424504
579911 424504
579911 424504
579911 424504
579911 424504
579911 424504
575712 424704
575712 424704
575712 424704
575712 424704
575712 424704
575712 424704
575712 424704
575712 424704
575712 424704
575712 424704
575712 424704
575712 424704
575582 425894
575582 425894
575582 425894
575582 425894
575582 425894
575582 425894
575582 425894
575582 425894
575582 425894
575582 425894
575582 425894
575582 425894
574659 426062
574659 426062
574659 426062
574659 426062
574659 426062
574659 426062
574659 426062
574659 426062
574659 426062
574659 426062
574659 426062
574659 426062
574659 426062
574659 426062
574659 426062
574659 426062
574659 426062
574659 426062
574659 426062
574659 426062
574659 426062
574659 426062
574659 426062
574659 426062
567511 426529
567511 426529
567511 426529
567511 426529
567511 426529
567511 426529
567511 426529
567511 426529
567511 426529
567511 426529
567511 426529
567511 426529
567511 426529
567511 426529
567511 426529
567511 426529
567511 426529
567511 426529
567511 426529
567511 426529
564893 428546
564893 428546
564893 428546
564893 428546
564893 428546
563545 428819
561038 429072
561038 429072
585407 426254
561907 443302
571201 433675
568835 440047
577203 427745
575020 431961
568798 443282
581522 426301
583199 428039
564360 461443
569721 454703
570932 442519
578205 430718
574738 436119
574441 440741
581814 430550
585046 428938
566253 461812
571688 457716
578324 431178
573222 447512
575151 437346
574029 444985
578202 436545
590895 430862
567479 464542
573642 449952
578701 431887
575472 438035
590126 431610
586629 432017
570858 481103
574730 453819
576021 439572
580449 432307
580091 438667
585361 432323
575409 468153
576908 447833
581871 436257
577218 440846
584156 434671
586077 436535
577014 457758
578372 441183
581881 439507
577606 450730
585752 437451
585885 436610
593348 437220
577465 486792
578030 468904
578514 441694
587170 438497
580931 441611
590485 438201
592111 438379
578514 443906
587887 441177
583199 442054
580618 442855
579579 443676
582981 442316
596497 440831
578551 460743
588502 441780
578875 454610
580053 451914
580416 446639
584579 442119
581379 444470
583850 443698
587511 442286
579201 469795
579570 458623
581243 450090
582762 445025
584823 443178
581668 448423
585268 442748
593052 443085
579870 463850
586345 443159
581328 451421
582863 446859
582094 448758
591607 443332
581683 470811
581728 460758
586531 446755
582472 450198
588309 444834
582114 451016
586965 445494
594016 444091
582334 451558
587463 445546
582904 450952
592186 444781
589395 445023
600517 445743
583163 461204
584706 452995
593538 446163
589962 448022
590637 447662
604043 447597
584440 473170
588013 455003
593323 448054
591112 451324
592136 448621
614054 450196
585278 474660
592444 451619
588028 469246
588803 456205
591256 454761
592405 454047
595745 452736
591081 468288
592157 455269
591252 463739
591875 455835
596871 454127
593166 456208
599693 454952
593907 463945
597310 460000
595373 463156
602792 456166
593994 497166
593996 469627
598898 461970
610339 457754
596729 481625
603870 458364
598715 471725
602298 465228
599202 465745
607917 462486
599274 475555
601877 471384
613088 463365
610478 473929
612003 469462
566801 425970
566801 425970
521112 544935
521112 544935
536688 470042
535181 517484
544722 442568
542990 454521
527125 528189
549380 442490
542990 454521
539475 461702
536688 470042
525197 537793
556202 433117
524512 544664
565213 428471
525197 537793
539475 461702
538609 463302
562307 429779
529694 527610
558971 432555
530236 521844
525037 543386
552749 437260
538609 463302
555098 436852
531306 521515
561952 431033
534442 518033
532307 520981
530112 526494
527125 528189
532307 520981
565213 428471
555995 436380
560075 432145
549992 439730
534442 518033
544722 442568
535181 517484
551312 438909
560075 432145
551312 438909
552393 438044
558971 432555
549416 441420
555171 436650
549992 439730
562307 429779
561952 431033
552393 438044
549416 441420
525037 543386
529694 527610
524512 544664
530112 526494
552749 437260
556202 433117
555995 436380
530236 521844
555098 436852
555171 436650
549380 442490
566801 425970
566801 425970
566801 425970
566801 425970
566801 425970
566801 425970
566801 425970
566801 425970
566801 425970
566801 425970
566801 425970
566801 425970
566801 425970
566801 425970
566801 425970
566801 425970
566801 425970
566801 425970
565213 428471
565213 428471
565213 428471
565213 428471
565213 428471
558971 432555
558971 432555
558971 432555
558971 432555
558971 432555
558971 432555
558971 432555
558971 432555
558971 432555
558971 432555
558971 432555
558971 432555
558971 432555
558971 432555
558971 432555
558971 432555
558971 432555
558971 432555
558971 432555
569650 430553
556346 450493
561257 439267
563367 435092
579637 430711
562332 454693
564896 437021
571404 431833
563580 450066
572740 432876
562964 464125
565436 455622
565699 441248
568129 437133
572717 436429
566685 437187
588443 433286
565769 445914
567310 438751
566003 441556
572813 436039
583889 434115
577560 434494
574448 434970
580600 435669
565852 462777
567694 442270
567457 455173
577161 436825
573177 437775
570930 438800
567125 457178
568386 440385
581171 436075
568659 441878
577443 440982
573286 441082
587858 437939
568686 453991
568913 441982
582963 440854
575764 441565
592574 438725
568869 458079
587116 441661
574788 442877
569064 449497
569034 453977
571413 445469
580325 441671
569819 445714
580108 441932
586045 442586
569278 469886
570594 446054
578457 443047
576572 443543
569693 453414
569560 457736
569496 465928
581200 443246
569805 453759
570988 448217
573131 448197
578078 447101
578784 446399
582070 443472
570285 460838
578283 447253
574075 449593
579455 447070
570714 457362
571572 449909
570891 453860
571320 453212
572827 449612
586235 443720
570721 465201
582237 446134
571567 459064
573398 449667
578770 448387
572199 452477
571535 463158
579078 447948
573035 451910
589149 443980
572235 453839
575231 449704
584425 447982
584815 446936
584670 447801
589306 445988
573130 461245
585157 450039
574484 454112
579293 450550
575802 451069
591146 446102
573985 479216
574551 454940
586501 450574
580479 450821
577965 453747
578850 451462
579863 451014
600127 446820
574700 464031
593040 449295
582447 452087
575381 456849
574844 460370
597859 447291
578446 454722
579424 452798
579753 452458
595172 451156
575146 461740
586669 453321
595065 451529
579862 457936
579308 460658
581025 455180
581942 453358
581349 454188
586879 453404
575574 465157
583070 463943
584045 455857
583909 459873
584674 454364
583393 460772
587595 453683
576501 479713
577528 465178
584304 459388
585478 456926
586920 454912
596934 454794
577765 474149
583616 467390
592244 458966
595675 455699
584373 461099
580448 470863
581653 469694
586706 460609
589690 459630
589176 459916
585960 460962
603838 455767
578973 478148
584830 461368
597839 456050
588816 460985
595282 461131
582680 481868
585384 461842
587609 461591
588339 461593
586120 476212
586360 462540
586966 462304
594214 462069
587288 466055
593900 463013
589634 465707
590520 463838
590292 464293
594795 462263
589202 467355
592879 466362
591383 467031
600790 463354
589372 493424
589842 474869
591475 468884
597741 465655
598377 463519
599169 465552
594389 474699
596562 473199
598198 468095
603590 465785
599544 466000
616039 467919
599858 484101
601648 470197
605331 477218
603531 480371
604060 478038
610626 479560
605483 491280
