21305 1500.89
143693 132662
133006 149521
141328 137848
152416 128511
139935 142431
148042 132044
131648 152875
136910 147088
157287 127456
151954 129951
156639 127782
139865 145483
136906 147725
123247 154646
162615 123119
157462 129402
140723 143132
145505 137321
161242 128165
132104 154502
148144 133507
155481 130850
134796 150752
137885 147249
129065 160705
147516 134460
131617 156931
137166 148955
153476 132370
129512 160220
143413 139719
142165 142311
152350 132944
143175 140348
140092 146498
133790 154026
136584 150566
144976 139530
134746 152360
134436 153896
139526 147236
145450 139509
128986 166448
164620 124436
125808 166458
134938 156982
134087 166559
143447 140563
139883 149749
148447 135281
140223 147162
142310 144415
148999 133882
148647 134280
140620 146658
144578 140501
141474 145517
141129 145958
141316 145758
143012 143961
142994 144002
133036 171886
150148 133652
175150 180501
171861 179286
175454 170837
179632 169670
189977 170951
168410 180444
172193 168307
167455 170652
159931 165937
161197 170765
174795 180628
165483 186108
168183 167696
169328 173442
155113 169057
173503 164372
169835 168391
173929 173404
158624 172212
162973 169608
147283 181619
159655 172119
165799 161301
187959 161606
161504 175469
167139 175861
165832 168268
172846 163233
172477 170434
173738 168158
174880 155617
180888 163831
157477 166229
170889 163999
173049 174422
160050 159802
176696 161293
159185 170514
168331 168888
186409 161518
178041 178016
171492 162588
172742 159658
191824 175746
152886 178453
177874 175703
157764 159765
164802 169231
170520 160066
178843 169645
172177 184206
164012 162191
173142 167837
154262 179909
150884 171246
168198 167562
172311 185676
170842 175969
172332 168302
165279 172629
162839 172521
166536 173508
190617 177648
164587 162571
168228 178648
160149 168213
164530 169032
171714 184808
158331 161076
170572 168092
168538 155091
173617 171880
176496 175193
175253 182749
179448 170927
161144 180226
174314 171229
170765 177632
177534 168560
171007 185258
177868 176365
168520 171643
165816 171435
170781 163879
178372 165112
170895 163149
177545 168613
159315 151950
161605 163389
170777 158001
166830 181167
176155 165626
182405 179537
183218 180653
177276 169424
177736 168740
166759 166457
159843 170331
177976 164513
183050 175210
160298 180835
166958 173640
152860 173790
184142 185367
166332 156595
183097 170518
165072 170504
162793 169794
168982 178054
182823 169333
166381 158689
171471 174229
169778 165011
179431 169060
167715 180055
183534 164589
166087 171810
183433 177252
173987 179788
160669 161637
173225 170626
167336 167945
168857 166208
159219 161167
171745 163159
165412 180790
175222 177086
172721 173608
151458 164357
177095 179751
174771 179148
174564 170324
167236 181675
180661 162656
171756 183723
168615 169517
174491 153922
173140 177568
171419 179112
174607 171429
167301 172517
163480 180356
172595 165037
178743 163776
189997 176335
160686 182439
177937 177767
169917 169270
182382 166039
175067 165107
176109 173710
171167 165195
164541 166192
167340 159884
173080 172718
170058 178694
173326 181459
156942 176089
154583 186254
171262 169172
168446 168452
169047 176374
178243 172693
162113 172257
153991 177496
160666 176802
180998 173947
168966 181026
184367 171816
176299 151939
164254 167399
153886 179630
186873 178202
165680 161617
174352 167686
177301 173148
197412 165474
171592 169373
161389 173690
147831 194128
156434 168894
186685 175553
184155 169471
175298 161857
173204 160737
164754 179687
175521 187179
156919 173686
166263 165892
170774 171280
176029 163142
171673 157445
191166 179022
168773 167398
157525 179569
161828 165977
181423 175149
170807 180762
167624 165698
168967 166531
160914 162616
185837 172386
170107 183203
160989 182950
165377 176105
161936 162019
169004 160829
160392 176251
182038 165287
183813 157156
163979 158997
177276 177128
170307 181385
172117 174712
165445 174033
163866 162783
167239 152775
156274 172410
181526 174343
152994 169713
166482 173805
162552 178611
161716 162879
169747 171600
177391 171898
176352 160067
184045 176873
173412 169741
168696 157072
177076 166475
162721 181723
159335 154690
188293 171717
179439 179881
185401 171178
168781 182948
174605 172844
163783 155892
159976 173333
157750 176840
177465 182990
159121 175464
183471 176841
186850 163058
167932 170239
178221 168857
155161 168455
166396 157622
181594 158608
162054 167563
165689 179349
173490 176122
154626 174534
167080 164098
178596 171471
171559 152307
170716 162839
169704 176703
173132 169660
172284 155708
174013 163252
184978 168986
189998 150573
163568 178704
160752 174455
173515 160114
180433 154959
177411 172750
177866 160715
184729 162801
158703 173638
166191 155765
187109 169900
179711 159884
177908 167271
182585 171944
177171 179044
173801 172810
168125 179586
179314 168603
184522 166071
176381 174866
165862 185615
173324 161020
176175 166762
181376 163638
167502 171177
172672 165153
173323 165748
162810 172412
155959 160195
161210 171113
160372 171284
177518 163996
160850 188793
156383 168573
159163 165972
176566 179220
170045 171316
192163 170161
180048 171143
170024 166941
177484 170258
182775 162208
166930 162165
173973 182216
165338 172355
165876 160153
171838 160971
172235 182348
155727 177404
164028 162344
169691 158808
173896 193993
164407 172770
183674 166219
169548 171371
170420 182161
169594 171405
163936 171765
170331 165501
184657 172140
162348 168393
176905 169517
160950 171523
154608 159386
173553 167323
181819 172255
168735 163693
167921 172399
161851 150373
164225 178602
164686 181738
181050 180204
167392 164364
186442 161213
175263 185336
193610 161681
176123 175843
174944 177888
161714 160843
174589 168595
167824 166272
163843 156991
162635 169258
169688 172143
162726 169446
169524 149499
186483 182279
172959 165506
168258 181331
168546 161823
175849 166070
160515 175275
181665 169860
172421 164976
175891 162153
172440 165197
179828 156411
160704 183906
185804 160530
161419 171386
172497 172025
159106 164119
167034 169333
168445 162732
166501 176512
177602 178830
172588 171267
183588 170277
160241 166063
177965 168105
171954 157564
166597 155991
163102 174274
188565 159718
173577 159480
169358 174897
156176 158137
171079 160816
175415 186184
185718 169605
180404 160662
177109 168590
158239 165449
173472 169114
181191 157952
175854 174221
168741 158231
176365 173266
152365 174308
170584 161304
171610 168472
171107 163696
177713 171471
161770 169809
183062 170703
164595 161521
166182 176002
170536 159238
175012 155295
157288 183617
162568 169682
162805 176424
166238 168107
160057 174596
161514 170544
170879 166146
179133 167094
181484 182009
182947 165104
160718 162118
172084 173307
182856 155093
166565 170684
179332 175407
158308 169815
167043 178214
177921 178494
162354 163771
178369 178866
165196 174810
172102 162923
161903 177569
165732 169317
163000 162779
179165 169587
167994 176030
182329 173579
177437 178787
164355 178589
174342 181338
167219 167815
166469 178395
170462 169655
181034 179965
170379 166053
162987 167186
172382 167177
160977 178316
175996 167655
170053 178778
163133 171840
165722 183512
156879 175512
182943 160301
173364 167063
175094 162926
180774 178003
180742 173077
173892 168652
165987 178982
172490 158653
161023 170486
176616 167045
166169 166929
173324 153656
168545 177543
166454 168089
161660 175640
150877 172139
172360 163897
179478 175336
174044 170374
169405 164155
167608 168497
163107 160097
172616 169974
173206 166094
173394 176542
169746 164931
173794 184843
168532 177251
159518 178834
159216 177700
170901 179706
164655 172926
169434 176142
156892 168701
160161 182123
170492 167233
177125 182377
180728 162201
176104 153786
162629 172874
148628 165900
167798 168504
164553 180137
172669 158452
178246 168592
164628 164387
151112 169298
182149 183129
174395 157613
160126 161612
180647 174822
153029 177952
169111 157464
181958 163810
165900 156105
184057 169334
167960 162435
176207 183759
169973 165312
171880 155779
157044 162034
162209 166549
157409 163444
160230 164765
172400 166678
161310 156209
170642 186529
169877 156972
156257 189599
169801 159813
171703 183817
171315 171108
154975 165888
158890 169272
171216 183208
177096 175127
156048 182359
168205 160390
164392 173459
174888 163577
175383 167264
160296 154616
174950 168270
169351 159380
175244 176834
176799 157869
158665 178896
173752 177249
170016 179118
169000 164500
175203 166064
178017 175695
176311 172063
174691 156774
168114 144753
169305 170700
171849 174279
179520 175901
173216 160769
183551 169029
179775 170754
181867 173051
176530 164101
163980 171789
164833 159142
173563 176029
166158 157308
179267 153953
165417 164149
167842 173685
170289 172065
156168 190106
168163 174363
163072 174195
168681 181518
169978 161973
184852 168121
181188 170578
156352 161988
182863 173153
169582 179694
162371 175308
157171 155868
180657 170170
174200 168593
173387 176360
177121 172512
182253 178190
172090 163676
168396 172281
165136 171393
171999 153008
162489 171773
165580 162858
166163 172318
180997 181148
176721 175877
161291 166324
163204 165116
170923 165613
166880 168644
185122 176846
170808 165672
169684 156178
170014 173018
172448 163347
180918 158659
172314 155908
172603 158785
176500 161535
184474 160800
169532 178891
175842 157860
178553 167099
171435 165669
154196 172733
183132 180829
170791 166077
172719 166235
160490 166189
180435 171810
158762 168497
170700 179445
154246 172653
171905 159783
163579 163375
174505 164796
178468 185913
170173 176718
164397 165230
163863 168698
167922 164860
164145 174782
172243 175950
170931 159174
149954 156116
168620 179503
171879 171411
175292 167294
155761 149935
173943 166458
159322 172572
164495 174129
158334 167357
159293 172492
176304 169043
162149 167015
181028 177297
169870 173275
177088 166543
162364 176427
183018 163039
177825 170824
159641 182586
178237 160305
173429 176008
170420 163567
195650 181846
155492 157740
164033 189302
176314 161124
166786 166352
173156 177317
158834 166768
168405 189891
165396 174174
174924 177934
154728 168799
164717 184027
178669 174714
163364 158191
174089 177651
174476 159925
166447 172798
155710 160822
166791 173843
165939 181834
164178 180006
183025 176846
175851 154405
166911 166775
166329 167522
168271 176874
167010 157330
170408 158823
180532 177342
188578 165016
165786 161751
164649 162223
168466 184469
178456 168715
176466 167492
169834 173174
186333 172130
165752 163829
174154 160802
179506 170132
181002 167441
167466 172171
170943 164635
170189 182197
176119 170954
162911 179496
167882 166546
179349 168138
174725 161746
184371 173680
167843 182921
169707 176730
175379 173460
162383 162289
166727 165444
177343 168088
169620 185287
156851 161944
157679 160329
169960 176227
171954 157177
158333 181364
172159 183024
164854 174033
167627 173966
160012 153380
175632 175767
176961 175642
187467 177309
176670 171915
160182 168684
171443 166953
164821 166565
181036 168620
181588 184148
183488 164843
182907 162358
164473 158020
169984 162696
166603 151352
168227 154731
170004 170042
169365 162184
178429 168518
173051 173373
170406 158797
175723 162335
170609 176362
170333 171130
196570 170743
154559 164777
182158 165949
177743 168585
154467 167536
180079 173308
174426 163851
160766 158865
167101 184514
176396 179527
172581 168818
180070 166988
161531 173066
166689 187654
173049 165530
169245 149378
169419 168262
181429 152724
168964 179508
167505 181450
181072 156899
172346 156666
172089 173157
179619 164672
162231 167135
157209 176223
183346 172421
163706 176193
154270 149006
177762 181273
178498 175259
172967 169084
169662 175135
169019 182113
172237 164921
161137 167954
182920 181297
192243 188895
158257 157802
180996 150279
165515 163248
171242 164524
181630 184778
173883 184535
171110 170151
167828 172545
174244 192085
177290 178554
171243 178481
172210 168574
168194 168645
177252 166870
170916 174043
181614 158292
176054 172784
153064 166818
173399 173294
183444 161953
166448 181890
175546 180627
176203 172584
170498 162493
178747 174561
177143 168718
170724 173656
171316 161137
172830 160400
174448 157924
159530 175996
163920 174105
169757 162794
171585 173925
179872 170947
163494 167800
166748 170172
173397 163282
165991 166227
165625 166626
166395 172047
161688 159642
186926 170274
165767 164920
169947 160109
154654 154491
176575 162820
171180 155464
169917 177610
173582 167712
159854 184399
188273 163191
174645 161843
168827 165939
184597 163793
175394 173429
179732 179420
168524 162407
170873 184894
160225 151105
173241 173333
170170 168176
178560 162354
152399 177547
177427 188560
163770 177057
154802 155205
173787 184910
165357 169433
174545 172708
171051 165932
177777 168589
182503 178289
189680 178650
176324 166730
166443 158498
174590 164010
183852 167341
173521 161694
179338 171983
153656 167523
173165 160354
174611 166185
171573 171082
165278 168043
173223 155806
179083 177238
174688 160351
180302 167605
164464 173971
182126 179480
175329 164772
187495 159619
170829 163889
182673 167318
161319 163949
170465 187057
171037 179885
172352 167492
188510 168746
182436 180577
164800 183080
170616 170484
174342 174255
174143 156049
175445 152585
180479 179041
175978 169039
178357 176232
180984 170784
182817 173301
159968 161108
170987 154202
173659 178270
168419 161867
170077 166776
157933 169159
183390 170345
178698 168305
186703 161106
164514 158056
172492 185437
177456 174097
162905 157533
155006 164915
169166 170110
174374 174705
162812 181483
173466 167175
185872 176873
174968 166838
178770 161699
174366 176356
190688 174241
173741 169535
176823 183183
168120 163129
169052 172257
174196 165425
172946 171052
164347 169285
159225 161747
160691 171731
175855 165943
170035 164627
177066 162860
177708 171155
169495 158004
183630 166199
173157 160286
179463 183294
173803 166473
162308 156752
179732 184533
175513 160058
178152 163750
171171 196637
169261 163033
192136 175307
174640 185823
173544 170026
159015 161620
173056 177321
161530 188786
170814 177690
172739 159044
175221 156454
179108 168585
