1 0.0267228
312378 329698 319615
330295 332499 329529
328946 331547 309952
327855 329242 319499
332585 325808 300667
347674 337266 325782
347930 336251 315400
343171 337495 305000
355408 321792 322068
321992 336074 308634
331178 314869 328651
336253 322989 307843
338323 332877 310867
349061 343147 297990
359578 313369 315760
330234 348219 296782
318930 333378 323344
357939 324919 305141
331874 313627 316563
346803 333888 318667
330580 354147 320094
329133 330063 316151
329352 329824 328040
304485 331917 301934
334124 330153 320549
330420 324556 324060
365302 334319 322303
322635 326060 326920
328652 349829 292806
339039 324949 313651
355796 350897 319889
350191 313598 302061
340051 332908 310195
325480 323759 307051
332935 330788 304195
321937 330519 312358
345756 327926 323037
334677 342423 324176
341677 347674 313890
339714 307809 318478
344431 333515 310328
364678 345291 306733
337445 335305 308158
319719 337464 319482
350267 340646 316420
344868 318178 320143
344010 334642 319080
356366 320661 305968
357093 323779 312599
351789 324668 313663
336573 317333 324988
340576 312289 300839
342867 347614 318152
350721 361013 304406
338867 344672 334094
349356 343878 319192
335149 325209 314390
343392 330350 333766
333064 340429 318121
358640 330386 306712
362362 338307 326177
323207 325848 332484
337000 325198 319051
321874 329174 330406
312949 339839 308267
334096 334415 315169
324004 333547 315254
326488 321685 319786
329821 345876 334709
359287 337172 318967
336719 326223 315183
351323 333383 321504
323167 342108 316046
330399 363629 314298
327790 338558 315260
326283 337310 305509
333045 321660 326716
337343 311568 322329
331181 340680 335056
325157 343984 323079
331536 328439 328039
334079 323096 310618
345529 335360 315676
326854 330087 316096
334474 330886 308720
353963 330260 321268
316046 328979 310511
338748 325903 313290
341517 336106 328223
326960 329659 323305
349666 327529 315222
339919 347382 322111
360482 335553 324638
345477 323926 326893
347436 346156 331239
347216 328414 332086
352713 339010 333518
351137 338959 318965
357692 319157 312000
355310 347471 323315
311612 333048 337924
340221 319934 313400
330066 348841 327958
351430 334260 332242
331089 312657 306292
355692 339712 305377
333482 332136 326368
361570 338415 327937
349987 329533 321424
346281 344646 310590
347012 335886 325751
333254 344994 322224
349184 329048 314629
329735 333123 331747
347025 341910 302836
334377 340650 310540
352243 329174 322982
351447 329713 331506
359734 327976 317866
342542 344078 320127
343761 318272 313706
331824 340807 344087
347796 337888 298207
324752 298181 326935
331885 336752 333834
338097 325384 316233
320108 316231 303672
339425 333247 302395
335107 326138 314846
360006 324049 316730
328988 316027 323239
353476 329030 318180
372241 343882 319521
329905 332469 329941
345852 329306 296590
335562 326232 313492
338756 315055 321346
353743 320516 318418
341389 344658 295051
318130 339098 307102
357006 332849 327729
336906 335232 306340
343101 333609 347518
371926 340108 297266
335429 332210 316436
341921 329722 329438
342981 333644 309539
334479 334615 323768
331643 323673 330576
346096 327804 301395
340170 327450 313383
359833 327348 346086
342629 329076 326273
348809 326871 313463
345438 341610 331923
333464 326105 332634
343021 343195 321612
337738 320384 340153
342214 321352 327523
367571 332086 312952
341553 331191 312992
324777 327245 314893
328051 325247 327824
348771 323053 323026
350546 368207 320020
344167 335436 301906
343611 328571 322733
356110 346750 318297
325415 340755 332407
347177 348301 329367
328902 346171 322644
344468 324191 308978
337512 338926 328853
354459 349173 302517
347538 328964 319763
315775 314025 322630
371135 330914 303931
363449 356628 351484
337800 339084 302875
336788 333294 319918
325847 327160 331729
335051 312153 332557
317954 330686 330760
319916 336316 302911
344778 329913 311852
340544 333362 318658
360830 343579 306400
339832 335168 331389
349748 324932 309893
339026 337657 318034
330150 334502 312293
328112 343627 313908
339565 313017 330601
354595 327417 331807
360167 341386 314052
340398 334711 295045
343009 334082 310271
352321 330097 329044
331003 318528 317064
333705 342779 304362
349272 310413 323589
337928 337638 306294
324773 335336 320448
341104 329561 313495
349967 344074 307686
332531 318836 312874
314169 328557 325031
352281 335879 312956
343712 338520 319137
365556 348585 321319
340258 311364 310900
330308 344881 327104
339846 338499 316286
340526 330059 323368
364779 328262 334997
331421 343927 307650
352317 333765 320709
361984 330355 331470
341727 322041 297259
341476 339844 306902
329818 327260 306584
319065 323971 323083
336161 324124 285813
355963 336165 311886
352557 347600 325405
368790 340379 312545
345102 320996 321183
357704 342390 304576
333838 330300 324906
335423 333772 305824
345066 344258 323850
343772 331017 320814
335209 330592 325096
341607 334993 310615
333938 330862 327392
339073 332432 317207
329660 313688 303762
336143 323497 327583
339442 321715 312827
324938 323652 318000
323075 352312 301084
339461 378635 335002
347917 336899 312752
327948 338392 338476
327620 341575 325140
346289 338606 313374
336159 332133 306646
330327 350084 336374
348132 326486 317831
341173 321394 326781
335157 330385 303351
336097 343748 329876
342974 314611 320483
333618 320848 322159
332443 334558 320086
340705 351333 318855
346631 328763 325037
330536 315495 330370
345980 350767 315568
332272 334005 308712
339588 350832 291149
328959 320687 309137
334339 346209 311651
333798 337808 315195
330707 368730 314385
329423 336646 318201
347482 320012 307961
360994 313164 343396
319981 328147 308822
343369 321005 320089
337392 339732 309958
360065 324967 313994
327816 329638 322025
358498 351808 308209
334836 346885 321792
356262 328464 320309
327828 336662 337228
350549 334909 323127
343952 329787 315982
362233 324757 315373
349782 330352 324707
350805 334367 306316
349299 317935 326788
369998 329262 331399
343144 345205 328247
340821 339970 337685
324593 338943 338332
334188 340341 318079
339803 320362 310347
342859 333788 327258
348781 344697 307188
350806 313880 314299
344564 331107 334507
354170 331336 291911
343523 326683 323612
322714 296430 338162
352190 348592 315413
338550 330016 331760
335963 348887 337214
344544 323451 318460
