1348 65.0789
740985 805056 765923 815809
803463 721586 806531 806225
805387 785766 736180 797812
811470 762776 789224 745880
794657 767068 794871 816190
784914 818092 787541 832523
808316 798276 787675 814130
794235 790427 778632 798863
819033 785939 796664 853392
815186 783223 810720 819553
783086 777415 770844 793201
829757 794586 818386 803231
778855 782897 794727 819906
788008 774132 768134 785108
782495 780093 792551 759397
775263 775156 811516 779206
816985 784417 805311 798734
806782 775684 789049 818360
804696 775236 780908 817081
791441 755078 795585 792351
786791 781592 807768 779814
793826 817572 809787 811422
790028 798240 789119 811188
798676 814143 819007 796389
782495 780093 792551 759397
807276 787945 794122 825290
803289 788465 771635 811701
846313 765037 826496 804376
780387 777110 793262 798741
831319 789094 763764 775092
795745 785644 771340 826438
778059 784764 809320 772395
802178 784406 790478 811090
817251 791251 775241 799597
779045 809830 782169 801628
785347 784849 816155 807784
786408 781996 770307 768563
793495 797187 775901 793433
799004 789155 788252 802089
804954 772867 775498 798554
795969 776574 768977 793970
782742 797074 778361 815885
815590 791737 803344 779723
808763 782195 794874 816895
769679 790345 790827 802269
796232 792831 781598 808227
810737 811435 765132 780430
791675 784994 787479 779344
809467 800143 797318 784906
798409 760506 770991 789387
835635 788676 788006 799722
805871 783216 778899 790611
748868 770265 753993 784471
786396 757036 771106 779512
790252 791338 787656 801620
764248 791290 762612 787822
788912 773383 808447 769398
804696 775236 780908 817081
796990 776320 810522 823577
789113 781908 809808 794281
827403 799880 769557 845302
790249 811328 788641 783793
798288 798394 783267 804727
802635 784822 780791 783235
790874 811746 802703 826138
821446 797438 791559 800973
787854 733453 781386 822072
796432 774837 784736 790669
842346 790645 810196 793033
819739 789812 772896 788751
782022 753808 791865 794909
816985 784417 805311 798734
792191 742777 789992 786649
781516 757388 774782 775270
796432 774837 784736 790669
825997 784113 772567 797077
794810 797013 820126 828020
781026 781095 777099 816966
817251 791251 775241 799597
798996 781840 796038 786145
797547 775739 782888 800415
772585 808871 783646 783199
821895 753433 789259 775014
811524 780178 780933 813336
798229 797724 794933 829301
842571 784132 776110 774574
798996 781840 796038 786145
781493 777375 806267 790890
779018 791078 799869 824070
769345 796098 784268 791088
799748 773392 788576 828895
823533 806361 808424 777459
797410 785460 794036 818838
795765 771768 787487 802684
797398 785163 830801 822199
795107 781619 804875 793085
769588 822082 806161 824076
812219 764441 793856 809693
806782 775684 789049 818360
790874 811746 802703 826138
781026 781095 777099 816966
793495 797187 775901 793433
807833 764748 820552 815503
798288 798394 783267 804727
831208 804747 788452 779706
800687 793477 789222 803940
821076 771362 839754 823536
815201 761244 789507 808603
806364 787690 775031 773890
822650 809341 765780 793805
787219 770801 820209 799172
823533 806361 808424 777459
797467 783924 781939 816622
798676 814143 819007 796389
827507 806571 809771 790180
793327 829286 786765 802468
776444 775438 766598 784291
809716 790029 790503 815230
797836 800985 775698 815369
817866 808086 766817 818163
804419 771147 747635 787235
814307 779145 806713 793399
775263 775156 811516 779206
808316 798276 787675 814130
801140 776960 772625 789493
790055 823186 798060 827028
846313 765037 826496 804376
801241 795203 781855 799658
821581 786863 771486 788455
821076 771362 839754 823536
816730 782454 803307 778044
791487 788108 764286 784883
773966 782794 783760 808468
798840 777487 782289 832337
778550 761846 774308 807823
825464 824201 779252 814458
798840 777487 782289 832337
790418 784299 774722 785063
797467 783924 781939 816622
810737 811435 765132 780430
801700 763253 794882 804326
802258 817911 837521 824378
787219 770801 820209 799172
833944 780804 806076 814151
791441 755078 795585 792351
835288 779908 810048 807993
790028 798240 789119 811188
800417 793966 804473 772950
807598 836067 778282 782568
778911 773694 808091 783533
811524 780178 780933 813336
801189 814402 821695 781639
815601 787196 805027 774445
798524 773479 819479 778838
780387 777110 793262 798741
806710 759997 779853 797194
784810 776957 793640 813555
787969 779055 774795 815616
809467 800143 797318 784906
792454 766933 814699 843679
779018 791078 799869 824070
801273 767748 764677 770453
786946 782070 789146 807808
814794 797799 789314 810816
778059 784764 809320 772395
838157 785846 781782 818445
815201 761244 789507 808603
793327 829286 786765 802468
815025 784719 833408 819695
795536 776401 776452 777527
784144 791468 791934 813621
801992 792212 800390 797481
784059 768536 783084 805021
819571 792568 783959 788698
789580 764414 795622 775285
788912 773383 808447 769398
796360 766985 769527 778057
814701 813327 787329 787845
779045 809830 782169 801628
810612 824129 777066 801103
813652 816641 776924 813179
778911 773694 808091 783533
780000 762610 788797 807138
787056 767434 805827 807553
819571 792568 783959 788698
789614 795576 789160 814571
825464 824201 779252 814458
832673 774991 793000 798827
801273 767748 764677 770453
807833 764748 820552 815503
791745 802250 793123 787823
796763 799729 793260 797673
776488 793943 750777 803679
785403 779950 796906 799970
786228 794303 811825 818282
792862 819149 762135 819621
783290 783422 811569 787393
796332 802378 815649 791789
805660 759976 799101 799543
760851 813807 795986 795958
784914 818092 787541 832523
792862 819149 762135 819621
793299 786869 776439 807208
842571 784132 776110 774574
805947 780103 754950 794219
810336 803146 790918 790749
808922 819523 821294 805578
759881 779204 783076 778731
798504 771053 779185 812867
808428 768721 773670 774800
800395 793197 803033 780826
788008 774132 768134 785108
817866 808086 766817 818163
803543 790101 780197 786899
791441 755078 795585 792351
816730 782454 803307 778044
819177 797102 789586 787972
808793 782101 800608 820372
787969 779055 774795 815616
819718 791655 793581 776503
795745 785644 771340 826438
819033 785939 796664 853392
794342 776361 769498 817794
793610 789949 808388 824777
827403 799880 769557 845302
789458 790258 802685 808272
829862 780130 794953 813647
789614 795576 789160 814571
813097 796014 804393 793105
795107 781619 804875 793085
785310 786936 778998 798343
795949 765636 770307 774573
779863 768166 792909 817041
796332 802378 815649 791789
786349 802718 785832 821427
811805 769280 752297 805764
825997 784113 772567 797077
821895 753433 789259 775014
795851 817754 786650 802939
826914 808636 787600 794769
773966 782794 783760 808468
792218 791299 795683 778365
822650 809341 765780 793805
805660 759976 799101 799543
795150 797022 787686 806097
792191 742777 789992 786649
808633 796288 770295 775696
779863 768166 792909 817041
745656 792769 770926 786589
826624 787772 812692 797987
835288 779908 810048 807993
819934 787145 777565 787021
795096 802463 813966 786675
786355 793516 787762 763349
767064 780887 810630 808113
808428 768721 773670 774800
789113 781908 809808 794281
790027 797854 789566 797696
805047 788839 784935 796500
784144 791468 791934 813621
828504 801373 787218 780815
769345 796098 784268 791088
792454 766933 814699 843679
819302 780997 778837 806293
812863 807942 807101 794838
823801 793142 806566 803990
804340 789112 803317 813280
814114 777728 831270 777888
807598 836067 778282 782568
779072 820983 806645 802115
745656 792769 770926 786589
813097 796014 804393 793105
791441 755078 795585 792351
814114 777728 831270 777888
789458 790258 802685 808272
787753 817550 770903 790361
819302 780997 778837 806293
831208 804747 788452 779706
832673 774991 793000 798827
766664 787314 816732 817561
797263 785699 784862 816968
797503 802656 776549 832283
816934 779096 832215 773759
819739 789812 772896 788751
805947 780103 754950 794219
791473 790077 800709 802752
808696 785444 805338 805533
822995 791279 795961 795770
780215 770314 792809 800479
792419 773536 785029 808847
829862 780130 794953 813647
791487 788108 764286 784883
822590 826632 810553 789667
838157 785846 781782 818445
786402 791364 803257 790275
833944 780804 806076 814151
795765 771768 787487 802684
830057 778076 766865 826444
789580 764414 795622 775285
806710 759997 779853 797194
