10744 3126.53
84927 83241
118397 88822
96466 91989
103788 84134
73692 75441
98201 111316
101442 85107
129703 114280
110877 96155
83192 83680
83884 85146
74936 68035
108526 121992
92908 87239
137205 95056
98703 108890
94458 77109
103321 68819
119809 120682
90302 81329
83018 81725
88998 102529
123349 115701
86743 87707
87928 94689
109317 110639
114983 106860
105055 105862
117945 99724
85471 82531
80790 91628
106301 77336
91832 76837
123144 94281
101665 97590
99079 90606
122831 112263
106171 81558
88540 85766
89178 102581
93725 138502
90003 112425
87757 97490
101352 91819
92656 101317
121769 78355
97383 91037
85983 76940
129423 100765
81229 71167
103033 90770
95457 106270
94300 132230
97338 73780
103309 99022
112061 124141
150277 110566
100776 68292
85147 62023
83983 83331
126611 87752
109895 87130
93006 88817
85054 100792
119216 67137
150040 110874
120999 74867
97056 123177
75447 77713
127454 99064
120615 81458
119386 120707
91254 91117
101838 67922
148653 107592
90143 84320
102841 81061
87085 89496
96533 81297
91829 122895
89838 93217
158968 138257
105585 96641
121392 96405
142815 121408
106517 118102
79342 92340
100038 96580
103874 131737
95938 105601
87024 85604
83488 85228
90621 107789
101443 88513
103616 101837
88464 82437
112743 76860
105501 98656
86236 86732
103684 77248
88383 79448
85940 75778
101988 108387
134376 75126
110923 81116
81347 87489
90330 141713
130132 117123
107191 95018
117097 108150
120817 88971
115758 79672
111441 111782
90623 83195
87695 100211
108612 156769
95841 100801
107919 92812
112918 101318
107272 112819
116630 89551
99124 94178
112870 86838
82812 76383
84563 93573
89631 104599
95280 84189
118608 85988
82209 73928
101787 92600
113624 111883
73121 70047
84606 73413
80037 72916
104251 71926
105735 73948
102316 132029
111797 121575
108657 122788
94223 73484
103827 82175
110800 91374
104701 104889
142687 136678
132688 100127
140502 79223
119251 75889
116410 102315
156668 133255
91191 86448
137617 86959
120876 130495
132960 111016
139067 125254
95696 69547
92970 70088
75686 95298
134838 125919
115734 88696
107645 74096
94682 80656
104436 87220
84704 88254
154802 131052
101762 93134
91380 110395
91199 82259
142764 106131
115228 101397
96015 114242
84301 91349
125690 110976
84598 70168
108154 90349
116269 85348
115360 89765
111066 71924
98719 69603
92385 85052
80796 80074
139971 114540
96614 89717
152073 103818
91796 101684
131692 93111
98284 123004
110987 80127
131029 80714
89543 85979
107022 88009
90488 90535
92262 110177
82344 83529
85358 67248
108862 94241
86824 103658
125825 113372
102858 85346
99235 113540
91951 139565
76970 71571
120154 103364
92563 91032
134423 125166
137207 129100
140174 117533
104601 110386
92776 72933
82852 81914
96588 94612
116150 81744
99690 76505
83828 66453
86365 88747
160586 131823
89941 65729
110347 77958
93703 113397
85851 91473
109831 87226
141633 99545
92020 82337
125387 129685
87996 98159
98771 81461
134123 125058
87119 68501
90305 87971
103163 83877
139965 131170
143400 94516
85354 87152
116670 101419
110404 72770
119793 84383
91856 93803
116051 83037
75617 69585
106492 75412
114483 100827
77253 74403
127455 84757
91517 70936
97665 73484
87582 87753
98483 109777
116392 115885
143572 132034
136103 124380
127872 103527
98855 92039
119146 114103
94143 97757
89506 70138
126580 109292
119390 83238
88810 95151
84882 87669
151606 102336
82040 78791
133946 127138
94204 95581
91751 86219
98080 109802
96575 102445
103686 98192
93073 71667
86305 81307
139076 128323
99538 98028
92607 88802
101097 69257
102883 134821
90592 110499
76885 76166
97956 153231
124501 92946
110198 69853
107893 105891
114533 94685
97692 73362
143462 120603
90637 82705
99027 105459
99341 72600
117252 80660
86997 83759
140944 121812
90978 116196
82374 80675
123283 117557
102317 96969
115697 109761
120284 68209
100997 107479
127997 82879
83790 73498
95448 93646
98178 84864
95069 102825
137130 123562
112848 128269
72169 69056
151834 112987
114172 85352
77484 78139
106910 91545
116474 96090
90511 99909
85374 88425
99080 90828
89504 125443
104355 69141
108942 84999
122546 93886
102790 96741
115701 81796
95512 104050
91754 116823
119745 85692
158423 133709
94341 97491
86645 90266
93797 75185
107308 74664
115048 87005
120841 96603
140330 117043
144106 106329
100448 73730
146269 97485
96794 74031
98976 109991
143207 95075
111799 79944
120859 93892
150999 124194
95001 109786
95899 99729
102091 91396
116839 83782
86350 65023
91278 123817
98102 98558
92445 90151
78931 77512
103802 116224
89619 112476
93645 79892
105145 129384
102268 108183
108249 98601
87816 105909
100688 92917
107812 70905
104647 75189
88468 95719
94473 105296
94594 111581
99468 122534
147962 110584
111877 147227
109103 66889
94864 88255
114233 81082
99276 93239
82534 92519
135696 92093
102087 88520
89719 98028
113661 78496
87957 86463
95440 75921
91012 92812
91137 81703
149378 79703
115052 78702
101753 99480
105062 81476
101141 83962
98522 71532
86672 92984
119458 103014
86859 91662
94674 66535
126107 119979
84387 96474
111563 71904
140570 121512
88498 119594
94340 71816
88703 74084
109993 142167
116667 75811
82735 101997
96156 74209
91649 88362
80933 68272
110523 116367
87728 99730
103006 92261
89020 74403
115588 81552
101308 96245
102564 109989
90556 94665
88102 112341
98375 119904
122300 85379
91890 77990
89473 89369
94257 97706
109973 92717
99908 94549
109632 116891
84289 90798
98029 78199
95391 100983
90230 97431
135367 134997
93659 102532
93988 100299
119096 90529
120120 111404
81987 77727
89922 111416
92178 109427
113436 107857
94410 88008
93628 85125
78846 87407
95565 108147
100874 110707
100156 81508
83026 103338
105950 71847
92795 64682
98354 90820
81334 72692
81710 95554
87969 89767
87685 89664
93553 93290
146993 72052
112215 79661
103351 89101
123440 82694
110538 84259
98905 80487
88476 71402
100878 121603
117858 102966
102775 80125
94760 85540
84207 79736
81574 89182
95344 83031
94312 101677
91450 91230
95740 95247
91426 138808
139230 80914
95424 95906
90938 109923
100091 105282
82727 79191
98494 89994
92923 70792
99333 80778
105841 97676
85002 98696
77681 74312
107422 109248
73873 72667
102452 102205
127168 83140
94981 102312
92829 71188
121808 78893
86211 102258
103127 108050
80689 74901
102438 98436
107437 101955
130478 86658
88629 95333
93115 100958
128882 77944
76650 70781
139376 125353
85234 96698
101417 78244
96116 98659
113595 83070
105466 78975
86772 94318
131957 101170
80892 88976
79737 86725
106764 120314
109684 91299
96956 115945
132504 121306
125113 101273
82530 73698
93811 94434
74952 74964
121599 104908
84976 82573
93407 78687
136471 95568
126844 97364
149975 80924
90517 96895
90359 96317
106309 94208
129564 97134
98347 115947
106177 81732
97059 105356
123703 78050
92311 98149
141377 119021
100393 112908
142118 89100
108928 127634
124069 123038
111845 125473
79949 95136
96214 129138
88421 65892
99171 102140
78248 83842
121470 88832
113800 111699
92984 107508
93768 127093
91319 109037
113264 108805
81281 74989
96609 116813
87228 98883
86552 87694
102065 100163
96600 94148
91750 110646
97050 83922
118144 73198
104199 80550
144819 96989
123384 93860
106919 97474
88236 105835
77972 79907
97005 112674
109140 88917
120809 116599
105685 104383
97003 90050
90466 91379
138675 116749
97562 97809
142888 97340
116090 77503
99721 97797
95059 79567
91173 80592
98848 108054
84818 78866
81608 73423
104467 89090
90443 96854
88372 78154
90049 81812
82382 76836
156950 117794
96639 97853
127102 97686
91839 96614
127023 111027
85430 94042
140218 126615
114257 85726
114827 96145
162886 93059
83745 92622
112724 87271
160205 98291
117875 92451
83763 69365
154106 90739
105822 97945
91679 95658
121350 86246
77761 77354
82493 70828
95341 102549
116454 120051
95504 99000
115818 99642
99763 68056
121158 99441
108529 94824
132984 110696
98419 85797
104574 119604
87909 91221
106756 90961
90836 97469
104925 73392
99545 96817
106848 80837
106231 85924
94177 84072
95811 82247
141465 126042
109537 70852
83238 82185
99534 83315
105933 92535
103272 90165
105762 109776
95651 99117
148935 124440
85747 96100
97478 126841
87914 101233
110101 91399
86796 93041
97179 106115
87578 113545
82469 83972
92376 77364
116149 86620
79389 74595
78663 75683
98753 87105
140468 126296
124526 120169
94580 93280
89310 91946
91066 131098
83352 83536
104967 101284
84552 85141
83344 80922
88297 105739
118680 93387
94511 101737
82446 71331
77122 83918
95936 99214
111014 86822
99922 104780
127137 82605
114598 73835
96402 114236
81116 83004
83254 98402
91965 89916
105967 87155
136661 113730
83853 87567
110452 89670
86189 110664
107517 85857
138320 108360
111198 70577
114990 102756
148496 108596
112432 118348
100272 91597
83201 84862
109947 81989
97043 114859
85947 100913
83558 76364
134496 77666
119868 86826
145681 121337
91248 114979
95520 92147
102929 112086
92222 96140
100855 89596
93546 84511
94602 94118
105660 69161
101454 101444
125155 111862
90321 110585
139321 122230
83007 77561
90006 134093
84744 85349
131829 128598
118642 104332
91689 81262
84138 91500
94553 85065
80005 88461
91100 95431
98440 73692
82215 85168
91474 104971
91743 98561
103916 86240
121133 116333
99963 88719
89361 106077
78299 88578
126219 77400
131044 90355
103430 128369
102858 73076
84921 69005
102480 104443
87852 67572
109538 85711
104144 76041
109212 76561
96773 96488
95331 125109
114378 93965
111649 92264
165330 129268
100982 133560
78765 88464
152449 135357
87093 75927
95280 93972
94780 121918
107882 122977
90056 69028
112559 83588
97769 114307
109988 94055
101605 135445
102155 111055
84468 76327
113354 72919
105441 108036
109120 95389
87805 100281
81057 79320
99324 100123
87067 93244
81581 83492
86052 76092
89534 146285
99165 96700
111086 75611
92315 109654
140167 128210
100230 121463
88352 78700
96180 91937
99332 98876
94798 94775
84369 98145
87717 110050
87834 117896
83026 97052
140938 99974
104138 71195
127599 94885
102469 116333
91671 76934
119501 100527
80674 80378
128399 99876
85549 88300
81228 75629
100293 64462
104776 84483
105628 95765
100731 101785
133611 73312
90287 77822
80477 75925
98488 100341
103897 79414
94578 138804
95721 97569
92408 73391
102931 79234
96998 82592
129254 88057
145069 119608
89187 135424
97736 89455
108099 89923
120080 74279
93297 98944
97247 88450
126903 89271
157796 101257
93026 69514
95455 110251
90261 74581
85127 79225
106588 99967
139392 125787
83444 92463
100888 100776
96015 91865
141415 103539
86361 87606
96093 91164
82247 71392
94650 85248
121178 118419
113084 88588
101585 102339
153132 136453
79900 94080
95990 114993
151420 134612
101134 71481
80907 78370
96552 66744
85611 72463
81054 82626
89969 104124
119648 91345
149058 94931
81539 87081
114846 98644
92188 100686
103220 114304
94985 89269
117197 81582
118207 95735
103052 95017
95968 122554
95507 83687
86706 87736
98723 99856
128398 83086
99768 97234
123589 91678
90344 89480
156325 109763
82352 100570
89689 93990
93297 85076
125733 126753
83710 88280
99659 87481
98590 90660
90823 107283
102693 122584
103430 78037
93315 130036
94343 76032
155719 107765
91769 76446
91447 96212
101049 102959
92030 77078
98676 114049
97688 121916
93980 78641
126207 105148
149135 126270
124862 107844
102405 94059
111694 97174
94726 71492
81393 77523
87610 126192
103612 106720
102615 111245
100420 84188
143086 119542
91467 98118
97696 113076
98952 104516
107087 88503
104771 72959
78196 79749
86415 83195
92014 90442
103842 123957
118852 83584
117012 82284
100261 157964
84526 79380
93849 92640
120843 76475
97811 91677
125365 104271
128021 86608
129600 120187
104430 88415
124039 95061
116923 79079
89062 104943
109392 69696
81665 74218
84623 89563
79121 86984
99672 104545
85859 103013
102017 110543
97661 109900
102248 87662
87934 102850
120768 98419
138673 83368
157013 132594
122001 88877
87090 99355
86868 74684
101728 86421
78701 79713
108547 74904
88330 80560
81688 93773
104151 122266
136007 88836
93362 90773
104463 83197
102401 93203
101097 116633
138935 127642
170136 82628
95111 79296
114904 149998
122336 90848
92894 68216
117259 94077
106514 94510
81817 85460
84677 85732
134893 123332
111286 124757
113156 88062
120055 78441
105078 92332
91801 121715
106933 98305
81578 90811
138180 85819
106422 106983
100778 97768
77615 72050
133537 108419
98305 96629
91154 88265
112922 90125
77477 79164
91602 100361
88798 91481
111745 136733
112898 150468
103005 111837
112419 84177
113182 148442
133173 91177
111023 93490
76928 80013
104715 82578
90373 84202
104389 95483
106881 87900
112509 103142
160434 99194
107055 117393
144135 126628
100099 95786
119404 77101
84047 85173
77514 65554
91801 90693
87602 106796
160430 107503
100103 85933
94559 105027
112199 73234
95509 107776
83203 96402
103879 86782
82664 79468
113124 90072
91241 102955
108348 106751
77372 74781
83316 79064
91227 87707
139279 98313
110357 99631
106361 89935
89624 72734
86970 124033
94776 95823
86576 99484
96498 93935
100481 111631
96299 102898
