9481 3068.87
108061 234735
212215 124102
180765 124940
202615 124930
108143 225441
109187 211508
109169 220293
108122 230982
109909 207500
108335 221389
114632 182007
108071 231211
108061 234735
114568 185208
109855 210363
115301 178731
178167 124966
180765 124940
175296 125555
114340 189210
114345 186569
172923 125751
115274 181295
209270 124141
211608 124140
177407 125279
109936 205423
110087 204630
110301 203478
109726 210574
164753 128006
114402 185328
109187 211508
162890 128721
176090 125342
130233 156654
115127 181843
128992 156674
114345 186569
165928 127968
110718 200529
111284 199845
169282 126784
111879 196721
114325 190412
114340 189210
110647 201458
170279 126708
127568 157102
209270 124141
208371 124231
162044 128796
109019 221081
108335 221389
127002 157531
110367 202948
110715 201102
110517 202094
143506 143292
143888 142708
172856 125827
172046 125955
111876 197648
117665 172709
113332 191964
114325 190412
114126 191046
114087 191220
113637 191577
158940 130798
204092 124873
203341 124890
159742 130141
203278 124895
204365 124814
110517 202094
127622 157094
112602 194188
111307 199406
159321 130430
167450 127253
168129 127208
138358 147223
122649 162411
202615 124930
166573 127574
128221 157010
115274 181295
121470 164433
158378 131144
206129 124561
212215 124102
211608 124140
207528 124324
208135 124286
205522 124599
177902 125126
125847 158515
115824 178615
109987 205194
124937 159621
123000 162143
123072 161671
117250 173613
164260 128211
113197 192398
144993 141835
144582 142032
135517 149782
126947 157581
117766 172208
110367 202948
206689 124559
206129 124561
125418 159133
122561 162897
110718 200529
112552 194711
158752 131136
142895 143689
143266 143515
121983 163473
124636 159859
160552 129550
160384 129696
131471 154559
122539 163052
124395 160124
117118 174020
111851 197885
157736 131589
145264 141295
128635 156742
126508 158278
126033 158300
124450 160074
163339 128687
126824 157960
121354 164608
121145 164886
158072 131565
125552 158788
167024 127382
120120 166984
113392 191746
143506 143292
143888 142708
143266 143515
144128 142485
171369 126375
175677 125546
130669 155811
111284 199845
116318 176578
145034 141514
160120 130081
138672 147195
204782 124803
163596 128603
138295 147538
119093 169582
115962 178151
115991 177734
135780 149761
121573 164153
124315 160481
121107 165286
121145 164886
164458 128127
160186 129780
113637 191577
117520 172867
168967 127007
170991 126389
168589 127021
135473 150134
175296 125555
125363 159183
126033 158300
124636 159859
161216 129275
130374 156029
131846 153920
131804 154280
113146 192405
112798 193819
128992 156674
130698 155506
131449 154867
161678 129026
123835 160907
157723 131734
116706 175187
116227 176770
122034 163244
115875 178386
109069 220791
126694 158080
124196 160618
123861 160651
161131 129279
159321 130430
159681 130426
116848 174766
120449 166438
166445 127585
112760 194157
117419 173311
146285 140489
146045 140609
118139 171628
122215 163080
160120 130081
122826 162330
158336 131381
168327 127049
168129 127208
132901 152630
130241 156571
144993 141835
145034 141514
141957 144556
116952 174528
160766 129397
153186 134695
163339 128687
120730 165790
132304 153331
142702 144093
122089 163194
136052 149594
121843 163853
119653 168099
136549 149050
142832 143936
120630 166274
132123 153495
134310 151289
112417 194923
112552 194711
137584 148267
159681 130426
205249 124658
204092 124873
205522 124599
116369 176349
116933 174755
111622 199146
164005 128297
134069 151348
112216 195940
112910 193369
111837 198149
113096 192695
112316 195442
111721 198587
112860 193659
112366 195152
135008 150496
120684 165795
139708 146348
151237 136274
120218 166928
116564 175919
170628 126539
170397 126625
167024 127382
118788 169997
119885 167627
118913 169799
149887 137295
115930 178336
128546 156846
161846 128880
154341 133943
125728 158652
118009 171994
125552 158788
124992 159571
118667 170458
134897 150578
137993 147788
136670 148964
109169 220293
109120 220562
112267 195711
112316 195442
112166 196230
120059 167240
158885 131048
153828 134250
161315 129064
156048 132794
118217 171395
156610 132574
142883 143929
135883 149727
154823 133598
123617 161096
120269 166699
120414 166541
117766 172208
117911 172050
111571 199375
158934 130843
169109 126931
131846 153920
131937 153710
118730 170435
168589 127021
168327 127049
208135 124286
208371 124231
112961 193140
113045 192924
125232 159348
150026 137272
119999 167445
154390 133904
141362 144988
121674 164098
120865 165631
141476 144950
207028 124471
163672 128587
112086 196642
121354 164608
114568 185208
145674 140928
118937 169712
130485 155947
170826 126455
163938 128373
170628 126539
164458 128127
177902 125126
157576 131811
171979 126031
171486 126236
166247 127669
161993 128803
171684 126152
160933 129363
158272 131401
147076 139688
152747 135040
152602 135119
153964 134239
149303 137719
156182 132705
148954 138075
152253 135475
147559 139282
146897 139728
128221 157010
128451 156963
156446 132610
154705 133681
142548 144134
116042 177505
116761 175137
167252 127337
171684 126152
175972 125425
175795 125463
132805 152758
141776 144649
119585 168420
119183 169053
119170 169324
119598 168149
147212 139505
149715 137493
116133 177313
123861 160651
109936 205423
113096 192695
112137 196413
116176 176999
108122 230982
116615 175690
117094 174107
117496 172954
118084 171678
112267 195711
112086 196642
116797 174995
115824 178615
116042 177505
112910 193369
113045 192924
109120 220562
111571 199375
112366 195152
109987 205194
120633 166024
117043 174336
120269 166699
115991 177734
116655 175416
112961 193140
112417 194923
111757 198561
204972 124776
112216 195940
121969 163739
153382 134609
119813 167899
111707 198851
111801 198175
134838 150637
133045 152535
161446 129056
130269 156325
146487 140095
152175 135497
155232 133359
147617 139156
150609 136723
155045 133420
149133 137863
130337 156195
150810 136652
121051 165469
122785 162393
137303 148410
158138 131465
172923 125751
147093 139642
117364 173361
117305 173563
111876 197648
151300 136151
138853 147031
132123 153495
155547 133136
147738 139070
145325 141284
151855 135705
139827 146211
147440 139402
134001 151478
140018 146043
146846 139735
149824 137388
139590 146538
126508 158278
140931 145336
144582 142032
152866 134903
145383 141158
135301 150274
133839 151567
124196 160618
148173 138658
148488 138435
149448 137640
152483 135256
152311 135349
141259 145022
125177 159398
141243 145125
123498 161233
144463 142169
139066 146959
150886 136579
145555 141065
154590 133804
138837 147134
151472 136058
156773 132388
151787 135835
148241 138528
123127 161621
146778 139865
131701 154340
133192 152372
148556 138305
152551 135126
130749 155499
151540 135928
149567 137503
157525 131818
148001 138751
122945 162193
147161 139512
146548 140084
134652 150852
132004 153632
146606 139958
133769 151649
144233 142388
140232 145927
124315 160481
163740 128457
130817 155369
154070 134112
152798 135033
149012 137949
153479 134550
139137 146833
125728 158652
119416 168665
145805 140832
145938 140712
157362 131961
119520 168623
118373 170901
118475 170861
207226 124465
134404 151143
136163 149512
126824 157960
131047 155150
144247 142348
152081 135568
153755 134335
153125 134811
120633 166024
120630 166274
142895 143689
136354 149344
171848 126039
139298 146784
149249 137853
147943 138877
133599 151790
136368 149214
119779 167985
121969 163739
122215 163080
147481 139304
134353 151150
141019 145245
154663 133719
156019 132848
165975 127834
117469 173096
131685 154417
121104 165465
137944 147843
156883 132263
155933 132917
205123 124695
170826 126455
170991 126389
108071 231211
154024 134164
155501 133188
166026 127827
153706 134374
155818 132967
136489 149128
120910 165529
138956 146997
130553 155817
140129 145961
138734 147168
140351 145790
112166 196230
109019 221081
109067 220896
145805 140832
207399 124415
206978 124501
155687 132975
154194 134020
153014 134893
148704 138295
151998 135692
156249 132629
161846 128880
160699 129473
163807 128381
151671 135914
155441 133263
148377 138517
149448 137640
113392 191746
116133 177313
118582 170600
118052 171876
133260 152242
121788 163903
123780 160957
132880 152729
133299 152091
133105 152457
158834 131055
204782 124803
156380 132621
141673 144754
207399 124415
207528 124324
116171 177126
119117 169451
139425 146599
137730 148107
169093 127001
112860 193659
139360 146757
155620 133051
154143 134027
155305 133274
147362 139441
150757 136713
206855 124521
149768 137432
123367 161398
137355 148399
132459 153116
131618 154495
132312 153180
139188 146826
169219 126828
115962 178151
111772 198358
142410 144327
137468 148365
128451 156963
142015 144539
145938 140712
146045 140609
118737 170226
166247 127669
166123 127753
114087 191220
114126 191046
148876 138097
138114 147702
133720 151704
133480 151927
148062 138740
150929 136515
151356 136137
131114 155072
133648 151735
141140 145159
149073 137938
123246 161484
146667 139947
147652 139107
145444 141147
125113 159485
152372 135338
141741 144740
140532 145626
206792 124526
112137 196413
111772 198358
118217 171395
118279 171248
139948 146125
152053 135621
150529 136850
156950 132187
156711 132461
154544 133856
160933 129363
119352 168808
118551 170712
178100 125042
148754 138221
151065 136367
150054 137169
144128 142485
161678 129026
176023 125418
170279 126708
170397 126625
126627 158141
142469 144197
136951 148738
136719 148909
133353 152083
132552 152957
134538 150938
136282 149375
146285 140489
146308 140307
140481 145720
142185 144379
142651 144100
142288 144361
116655 175416
116639 175603
150294 136946
150260 137051
137012 148656
146308 140307
137235 148540
130504 155872
130998 155205
130291 156212
157457 131948
140730 145542
145623 140935
146376 140177
151421 136065
151736 135842
171486 126236
171420 126368
112798 193819
148437 138442
140067 145988
136838 148772
148122 138665
146727 139872
130928 155287
151156 136333
133888 151512
130868 155362
145504 141072
134711 150793
153064 134819
152432 135263
136064 149563
135181 150380
146376 140177
137019 148608
112760 194157
128601 156796
134471 151016
131227 155030
133413 152005
142134 144402
147771 138970
111673 199011
111707 198851
117469 173096
157088 132165
121754 163989
137639 148195
142418 144204
133268 152222
132493 153016
119874 167643
149252 137726
123661 161094
150460 136912
207226 124465
140765 145451
111658 199120
135359 150148
151037 136470
126627 158141
204972 124776
131233 154935
165928 127968
119146 169411
171848 126039
121107 165286
140816 145444
116282 176720
116797 174995
131305 154927
122561 162897
137911 147943
137844 148050
137844 148050
116422 176340
133141 152379
166123 127753
135240 150285
153329 134670
132679 152801
116521 175922
117043 174336
157295 132037
157208 132119
157208 132119
144358 142266
155867 132928
134172 151314
148833 138161
205249 124658
205123 124695
119328 168895
119301 169037
118330 171019
116470 176151
158087 131472
131804 154280
153508 134458
157081 132179
152917 134896
149567 137503
150660 136716
148607 138298
139641 146426
151906 135698
136182 149429
118279 171248
119831 167761
118788 169997
118322 171130
118349 170988
118052 171876
118499 170774
118745 170115
142351 144351
160237 129773
154926 133557
136789 148827
121619 164148
131168 155064
136233 149422
117911 172050
151007 136493
119561 168507
132304 153331
132312 153180
140584 145615
139889 146184
116976 174441
135078 150414
135189 150332
137468 148365
164005 128297
119831 167761
130979 155280
135068 150418
136782 148875
120023 167358
120059 167240
116473 176111
155356 133267
150345 136939
148292 138521
178100 125042
123431 161311
125113 159485
123191 161534
139018 146970
137122 148574
136900 148745
137235 148540
133950 151485
140646 145588
141122 145211
138277 147590
151591 135921
119435 168634
131393 154925
140889 145402
140413 145763
154905 133581
120899 165545
134538 150938
132004 153632
131937 153710
123431 161311
131618 154495
133418 151954
132679 152801
123498 161233
139683 146393
134471 151016
123312 161448
132612 152879
150430 136935
134768 150719
175728 125539
156233 132698
163791 128450
175744 125470
156941 132242
153575 134382
176090 125342
154985 133482
172856 125827
155671 133044
167319 127261
160699 129473
172046 125955
157295 132037
155176 133412
167450 127253
167319 127261
161446 129056
153575 134382
161315 129064
167155 127374
166522 127581
141595 144813
150175 137083
118582 170600
148782 138168
138225 147617
140248 145824
137122 148574
134172 151314
141070 145238
135883 149727
142117 144509
134768 150719
206689 124559
138174 147624
133056 152518
132612 152879
141536 144872
138114 147702
133539 151868
119183 169053
119301 169037
123721 161016
120438 166454
167155 127374
168967 127007
139522 146563
139425 146599
156764 132400
150145 137135
147857 138933
154978 133496
130269 156325
132459 153116
137671 148166
150529 136850
140697 145581
135464 150141
137911 147943
116171 177126
116176 176999
160237 129773
150115 137158
151126 136356
116976 174441
147822 138963
141776 144649
116446 176253
116497 176024
156619 132479
142118 144505
111673 199011
153501 134472
123721 161016
150209 137058
121754 163989
120865 165631
119779 167985
144358 142266
147362 139441
141594 144817
139943 146176
133539 151868
134657 150801
137717 148142
132498 152965
140248 145824
118737 170226
118322 171130
118745 170115
135359 150148
136463 149211
131398 154874
153329 134670
118518 170743
141536 144872
156626 132465
140446 145740
144463 142169
144443 142262
157457 131948
118913 169799
119585 168420
116639 175603
120414 166541
119170 169324
120023 167358
116615 175690
119999 167445
119352 168808
119328 168895
116446 176253
116497 176024
117094 174107
118937 169712
119561 168507
117118 174020
155176 133412
169219 126828
136473 149207
140900 145382
120218 166928
117364 173361
116282 176720
125232 159348
122945 162193
119598 168149
118103 171647
127002 157531
123313 161406
123191 161534
117305 173563
109067 220896
154544 133856
139522 146563
139360 146757
144443 142262
