507 78.9611
1.7077e+06 1.55585e+06 1.54958e+06 1.57822e+06
1.65564e+06 1.48191e+06 1.56888e+06 1.57987e+06
1.64974e+06 1.61895e+06 1.47171e+06 1.59526e+06
1.64176e+06 1.60934e+06 1.65824e+06 1.48547e+06
1.60911e+06 1.51054e+06 1.55855e+06 1.68768e+06
1.5825e+06 1.51646e+06 1.6706e+06 1.59953e+06
1.54198e+06 1.65098e+06 1.59884e+06 1.58228e+06
1.49538e+06 1.59774e+06 1.63449e+06 1.59776e+06
1.64974e+06 1.61895e+06 1.47171e+06 1.59526e+06
1.68534e+06 1.56469e+06 1.55506e+06 1.5549e+06
1.62794e+06 1.62563e+06 1.49448e+06 1.61746e+06
1.51693e+06 1.61131e+06 1.61489e+06 1.65948e+06
1.5553e+06 1.64141e+06 1.6036e+06 1.54394e+06
1.54198e+06 1.65098e+06 1.59884e+06 1.58228e+06
1.58517e+06 1.59707e+06 1.51594e+06 1.66865e+06
1.63127e+06 1.50455e+06 1.55762e+06 1.68347e+06
1.58866e+06 1.61283e+06 1.64184e+06 1.4969e+06
1.67085e+06 1.56604e+06 1.54816e+06 1.55573e+06
1.611e+06 1.5341e+06 1.62691e+06 1.5563e+06
1.69807e+06 1.55691e+06 1.57144e+06 1.5743e+06
1.49538e+06 1.59774e+06 1.63449e+06 1.59776e+06
1.5511e+06 1.62324e+06 1.58578e+06 1.56728e+06
1.60405e+06 1.49173e+06 1.63631e+06 1.62415e+06
1.5975e+06 1.4874e+06 1.62111e+06 1.62666e+06
1.51787e+06 1.54782e+06 1.61165e+06 1.60565e+06
1.66243e+06 1.49672e+06 1.61093e+06 1.57282e+06
1.53676e+06 1.61692e+06 1.63713e+06 1.5591e+06
1.69807e+06 1.55691e+06 1.57144e+06 1.5743e+06
1.57261e+06 1.62846e+06 1.54004e+06 1.63365e+06
1.5523e+06 1.61378e+06 1.63242e+06 1.5739e+06
1.58484e+06 1.63894e+06 1.5555e+06 1.58198e+06
1.5864e+06 1.51078e+06 1.65203e+06 1.64032e+06
1.50648e+06 1.59289e+06 1.61899e+06 1.59913e+06
1.54694e+06 1.59671e+06 1.54178e+06 1.59719e+06
1.62373e+06 1.56226e+06 1.5179e+06 1.65396e+06
1.7077e+06 1.55585e+06 1.54958e+06 1.57822e+06
1.60915e+06 1.48482e+06 1.60503e+06 1.61961e+06
1.56144e+06 1.52261e+06 1.59554e+06 1.61027e+06
1.59772e+06 1.54592e+06 1.53481e+06 1.65018e+06
1.60834e+06 1.55051e+06 1.65525e+06 1.51942e+06
1.63083e+06 1.62504e+06 1.50808e+06 1.55298e+06
1.52238e+06 1.62536e+06 1.58212e+06 1.60824e+06
1.62084e+06 1.52586e+06 1.59198e+06 1.5493e+06
1.56618e+06 1.58023e+06 1.55582e+06 1.6223e+06
1.63923e+06 1.57518e+06 1.51297e+06 1.65997e+06
1.59166e+06 1.5515e+06 1.61311e+06 1.53338e+06
1.52685e+06 1.62685e+06 1.60547e+06 1.5705e+06
1.58827e+06 1.51808e+06 1.63922e+06 1.62496e+06
1.57719e+06 1.55876e+06 1.55083e+06 1.58522e+06
1.59291e+06 1.59225e+06 1.58129e+06 1.49543e+06
1.59599e+06 1.49952e+06 1.62572e+06 1.62866e+06
1.56253e+06 1.63262e+06 1.52482e+06 1.63323e+06
1.50648e+06 1.59289e+06 1.61899e+06 1.59913e+06
1.6012e+06 1.50749e+06 1.65437e+06 1.59927e+06
1.66112e+06 1.49479e+06 1.55342e+06 1.63688e+06
1.60378e+06 1.61272e+06 1.66548e+06 1.48933e+06
1.62703e+06 1.5999e+06 1.49904e+06 1.59488e+06
1.58033e+06 1.54006e+06 1.6622e+06 1.56545e+06
1.5875e+06 1.53248e+06 1.56668e+06 1.64549e+06
1.589e+06 1.49853e+06 1.65255e+06 1.6576e+06
1.56253e+06 1.63262e+06 1.52482e+06 1.63323e+06
1.65835e+06 1.60771e+06 1.56208e+06 1.55211e+06
1.64237e+06 1.52012e+06 1.57952e+06 1.54514e+06
1.58371e+06 1.55446e+06 1.5729e+06 1.56541e+06
1.58119e+06 1.57824e+06 1.53109e+06 1.60273e+06
1.61838e+06 1.57081e+06 1.5875e+06 1.56393e+06
1.56266e+06 1.59497e+06 1.61046e+06 1.52615e+06
1.60547e+06 1.50478e+06 1.62369e+06 1.55983e+06
1.57182e+06 1.58302e+06 1.58984e+06 1.57879e+06
1.55665e+06 1.56504e+06 1.60246e+06 1.54895e+06
1.62673e+06 1.56578e+06 1.61384e+06 1.52915e+06
1.53339e+06 1.58087e+06 1.55354e+06 1.62128e+06
1.64176e+06 1.60934e+06 1.65824e+06 1.48547e+06
1.6371e+06 1.57471e+06 1.58393e+06 1.53652e+06
1.61292e+06 1.5808e+06 1.63265e+06 1.51056e+06
1.59033e+06 1.60256e+06 1.50717e+06 1.57604e+06
1.55391e+06 1.61916e+06 1.61947e+06 1.56993e+06
1.58989e+06 1.58525e+06 1.57987e+06 1.52236e+06
1.58611e+06 1.55175e+06 1.52945e+06 1.59072e+06
1.64208e+06 1.55588e+06 1.62246e+06 1.50537e+06
1.58517e+06 1.59707e+06 1.51594e+06 1.66865e+06
1.60042e+06 1.60223e+06 1.50448e+06 1.59544e+06
1.53103e+06 1.59962e+06 1.56243e+06 1.58754e+06
1.58729e+06 1.57344e+06 1.539e+06 1.58721e+06
1.62794e+06 1.62563e+06 1.49448e+06 1.61746e+06
1.60378e+06 1.61272e+06 1.66548e+06 1.48933e+06
1.65963e+06 1.56102e+06 1.56713e+06 1.55402e+06
1.67085e+06 1.56604e+06 1.54816e+06 1.55573e+06
1.65564e+06 1.48191e+06 1.56888e+06 1.57987e+06
1.63356e+06 1.59949e+06 1.51472e+06 1.59317e+06
1.59293e+06 1.58564e+06 1.53621e+06 1.5842e+06
1.63644e+06 1.56891e+06 1.53409e+06 1.58899e+06
1.54322e+06 1.60615e+06 1.55276e+06 1.6135e+06
1.57285e+06 1.54469e+06 1.56063e+06 1.58294e+06
1.56953e+06 1.60049e+06 1.59021e+06 1.52344e+06
1.60855e+06 1.58159e+06 1.52074e+06 1.56014e+06
1.66046e+06 1.53947e+06 1.58705e+06 1.5398e+06
1.59684e+06 1.56661e+06 1.51982e+06 1.6469e+06
1.61472e+06 1.4999e+06 1.60946e+06 1.58089e+06
1.58355e+06 1.58808e+06 1.52782e+06 1.59974e+06
1.64681e+06 1.53777e+06 1.53755e+06 1.59268e+06
1.63537e+06 1.51387e+06 1.54759e+06 1.59177e+06
1.54245e+06 1.62062e+06 1.59674e+06 1.54963e+06
1.56519e+06 1.5939e+06 1.57657e+06 1.56191e+06
1.60698e+06 1.61861e+06 1.57881e+06 1.51471e+06
1.61648e+06 1.527e+06 1.51858e+06 1.61487e+06
1.55834e+06 1.59096e+06 1.55519e+06 1.61092e+06
1.64157e+06 1.53681e+06 1.54356e+06 1.59214e+06
1.55532e+06 1.60462e+06 1.61699e+06 1.56139e+06
1.59669e+06 1.51277e+06 1.61572e+06 1.61634e+06
1.57735e+06 1.5294e+06 1.57532e+06 1.63016e+06
1.63812e+06 1.57416e+06 1.64784e+06 1.52358e+06
1.62237e+06 1.5017e+06 1.58131e+06 1.57737e+06
1.60282e+06 1.62378e+06 1.52027e+06 1.54683e+06
1.59694e+06 1.57653e+06 1.56834e+06 1.51636e+06
1.62663e+06 1.49578e+06 1.65538e+06 1.57345e+06
1.5765e+06 1.55621e+06 1.59605e+06 1.54198e+06
1.57335e+06 1.53193e+06 1.5778e+06 1.6008e+06
1.52778e+06 1.53769e+06 1.56557e+06 1.58256e+06
1.64734e+06 1.59596e+06 1.50163e+06 1.589e+06
1.66062e+06 1.54165e+06 1.61296e+06 1.5144e+06
1.61498e+06 1.57782e+06 1.54617e+06 1.57188e+06
1.54463e+06 1.60502e+06 1.59272e+06 1.58081e+06
1.57403e+06 1.58965e+06 1.59628e+06 1.56447e+06
1.62243e+06 1.60536e+06 1.50311e+06 1.63961e+06
1.57739e+06 1.56393e+06 1.58461e+06 1.57639e+06
1.63584e+06 1.52838e+06 1.51398e+06 1.63804e+06
1.64422e+06 1.5041e+06 1.56436e+06 1.65511e+06
1.58539e+06 1.58674e+06 1.64888e+06 1.51143e+06
1.56381e+06 1.58873e+06 1.55484e+06 1.6102e+06
1.63127e+06 1.50455e+06 1.55762e+06 1.68347e+06
1.62477e+06 1.58652e+06 1.61832e+06 1.51248e+06
1.64826e+06 1.54019e+06 1.63436e+06 1.51292e+06
1.58508e+06 1.58706e+06 1.59465e+06 1.55856e+06
1.59915e+06 1.51554e+06 1.64129e+06 1.58943e+06
1.61795e+06 1.53204e+06 1.60661e+06 1.54429e+06
1.58189e+06 1.56423e+06 1.5444e+06 1.61187e+06
1.54354e+06 1.61677e+06 1.6269e+06 1.57199e+06
1.61342e+06 1.54548e+06 1.64662e+06 1.55131e+06
1.64208e+06 1.55588e+06 1.62246e+06 1.50537e+06
1.63923e+06 1.57518e+06 1.51297e+06 1.65997e+06
1.59973e+06 1.56926e+06 1.51944e+06 1.63159e+06
1.57972e+06 1.54536e+06 1.55898e+06 1.61848e+06
1.64422e+06 1.5041e+06 1.56436e+06 1.65511e+06
1.64199e+06 1.5298e+06 1.58214e+06 1.54378e+06
1.61183e+06 1.57599e+06 1.51521e+06 1.60843e+06
1.57335e+06 1.59152e+06 1.55944e+06 1.60426e+06
1.60896e+06 1.57004e+06 1.59711e+06 1.54051e+06
1.57065e+06 1.54132e+06 1.60274e+06 1.56334e+06
1.60221e+06 1.52752e+06 1.53471e+06 1.60235e+06
1.56957e+06 1.57703e+06 1.64104e+06 1.54039e+06
1.64086e+06 1.53228e+06 1.58351e+06 1.56304e+06
1.61342e+06 1.54548e+06 1.64662e+06 1.55131e+06
1.5966e+06 1.52722e+06 1.58136e+06 1.60564e+06
1.64086e+06 1.53228e+06 1.58351e+06 1.56304e+06
1.66965e+06 1.53912e+06 1.58466e+06 1.60748e+06
1.65903e+06 1.6073e+06 1.54734e+06 1.64562e+06
1.6243e+06 1.59962e+06 1.65512e+06 1.55147e+06
1.60774e+06 1.53415e+06 1.66527e+06 1.61881e+06
1.59451e+06 1.5742e+06 1.58202e+06 1.66393e+06
1.54542e+06 1.6292e+06 1.61887e+06 1.60343e+06
1.60054e+06 1.60288e+06 1.63324e+06 1.55803e+06
1.57341e+06 1.60222e+06 1.56383e+06 1.65711e+06
1.61821e+06 1.56106e+06 1.55937e+06 1.64746e+06
1.63449e+06 1.58945e+06 1.5768e+06 1.63249e+06
1.66828e+06 1.56643e+06 1.57227e+06 1.59442e+06
1.58836e+06 1.57549e+06 1.5835e+06 1.579e+06
1.55093e+06 1.57795e+06 1.60348e+06 1.61572e+06
1.57016e+06 1.5762e+06 1.62678e+06 1.59626e+06
1.54882e+06 1.58601e+06 1.592e+06 1.62773e+06
1.62597e+06 1.54814e+06 1.60732e+06 1.60535e+06
1.65442e+06 1.5698e+06 1.55641e+06 1.63119e+06
1.59925e+06 1.57848e+06 1.61519e+06 1.57067e+06
1.62491e+06 1.59348e+06 1.577e+06 1.59695e+06
1.63012e+06 1.56458e+06 1.63219e+06 1.56459e+06
1.57705e+06 1.56169e+06 1.60261e+06 1.57216e+06
1.63272e+06 1.57499e+06 1.60136e+06 1.5852e+06
1.64377e+06 1.55579e+06 1.565e+06 1.6107e+06
1.66121e+06 1.54354e+06 1.59734e+06 1.6219e+06
1.64189e+06 1.5592e+06 1.58695e+06 1.60334e+06
1.64576e+06 1.58369e+06 1.57784e+06 1.60361e+06
1.63156e+06 1.57974e+06 1.59599e+06 1.57321e+06
1.63908e+06 1.57788e+06 1.56888e+06 1.61916e+06
1.62281e+06 1.54436e+06 1.6286e+06 1.61152e+06
1.65234e+06 1.56034e+06 1.62006e+06 1.56799e+06
1.65488e+06 1.54491e+06 1.58872e+06 1.56737e+06
1.63573e+06 1.57898e+06 1.60179e+06 1.57604e+06
1.64662e+06 1.54456e+06 1.62106e+06 1.60939e+06
1.62601e+06 1.54666e+06 1.62401e+06 1.62988e+06
1.62672e+06 1.56049e+06 1.60644e+06 1.61482e+06
1.64186e+06 1.5686e+06 1.59928e+06 1.59528e+06
1.63101e+06 1.57485e+06 1.59994e+06 1.62202e+06
1.61945e+06 1.56061e+06 1.58984e+06 1.63153e+06
1.57168e+06 1.56363e+06 1.61963e+06 1.61105e+06
1.64598e+06 1.54693e+06 1.56664e+06 1.60973e+06
1.66609e+06 1.61375e+06 1.55819e+06 1.64323e+06
1.64679e+06 1.55443e+06 1.60096e+06 1.62569e+06
1.63712e+06 1.59875e+06 1.6282e+06 1.57166e+06
1.61163e+06 1.60896e+06 1.5955e+06 1.66199e+06
1.59914e+06 1.59793e+06 1.65939e+06 1.57698e+06
1.57992e+06 1.65068e+06 1.64336e+06 1.59092e+06
1.62868e+06 1.6187e+06 1.57725e+06 1.64191e+06
1.63961e+06 1.62995e+06 1.60273e+06 1.59757e+06
1.59501e+06 1.58026e+06 1.61098e+06 1.65176e+06
1.65734e+06 1.58485e+06 1.62849e+06 1.5725e+06
1.58242e+06 1.5807e+06 1.62348e+06 1.61065e+06
1.6153e+06 1.5779e+06 1.61504e+06 1.5803e+06
1.59028e+06 1.59324e+06 1.65195e+06 1.60148e+06
1.60492e+06 1.57433e+06 1.64629e+06 1.59448e+06
1.60107e+06 1.58376e+06 1.61843e+06 1.64513e+06
1.62298e+06 1.57176e+06 1.65201e+06 1.58936e+06
1.66204e+06 1.56222e+06 1.60817e+06 1.58522e+06
1.61225e+06 1.57758e+06 1.58641e+06 1.6274e+06
1.65559e+06 1.56752e+06 1.58519e+06 1.61349e+06
1.59727e+06 1.60739e+06 1.61586e+06 1.614e+06
1.60278e+06 1.57751e+06 1.59701e+06 1.60673e+06
1.62394e+06 1.56855e+06 1.65085e+06 1.62013e+06
1.65209e+06 1.60021e+06 1.58738e+06 1.58936e+06
1.63296e+06 1.61079e+06 1.58835e+06 1.6169e+06
1.64255e+06 1.57477e+06 1.60142e+06 1.61059e+06
1.62919e+06 1.59557e+06 1.60696e+06 1.59682e+06
1.65034e+06 1.57104e+06 1.59374e+06 1.62251e+06
1.63694e+06 1.56237e+06 1.60916e+06 1.58459e+06
1.62365e+06 1.55454e+06 1.6434e+06 1.62566e+06
1.64704e+06 1.59594e+06 1.58848e+06 1.59975e+06
1.63589e+06 1.56826e+06 1.60308e+06 1.59165e+06
1.65628e+06 1.58942e+06 1.59208e+06 1.59785e+06
1.59914e+06 1.61755e+06 1.5973e+06 1.64277e+06
1.59873e+06 1.59179e+06 1.60829e+06 1.61822e+06
1.62884e+06 1.5872e+06 1.59258e+06 1.62354e+06
1.68547e+06 1.57934e+06 1.64822e+06 1.59318e+06
1.65858e+06 1.60809e+06 1.588e+06 1.65212e+06
1.656e+06 1.56144e+06 1.62373e+06 1.64738e+06
1.65239e+06 1.59936e+06 1.61846e+06 1.58429e+06
1.63989e+06 1.58358e+06 1.59926e+06 1.67732e+06
1.61328e+06 1.58015e+06 1.66583e+06 1.61943e+06
1.59694e+06 1.65176e+06 1.63198e+06 1.64102e+06
1.58709e+06 1.60691e+06 1.62397e+06 1.64198e+06
1.60581e+06 1.58819e+06 1.66563e+06 1.65855e+06
1.6267e+06 1.62848e+06 1.63814e+06 1.59586e+06
1.60426e+06 1.59965e+06 1.65348e+06 1.62032e+06
1.6416e+06 1.6238e+06 1.63165e+06 1.58701e+06
1.66027e+06 1.61e+06 1.6043e+06 1.59883e+06
1.67084e+06 1.59898e+06 1.59904e+06 1.60538e+06
1.62318e+06 1.60292e+06 1.60348e+06 1.60772e+06
1.64769e+06 1.5715e+06 1.63172e+06 1.6302e+06
1.65905e+06 1.56343e+06 1.64094e+06 1.6204e+06
1.67354e+06 1.5909e+06 1.6227e+06 1.59407e+06
1.64382e+06 1.57997e+06 1.59704e+06 1.61749e+06
1.63024e+06 1.58368e+06 1.64403e+06 1.59583e+06
1.68194e+06 1.56165e+06 1.64293e+06 1.63432e+06
1.62884e+06 1.59924e+06 1.61565e+06 1.61225e+06
1.63618e+06 1.62652e+06 1.62526e+06 1.58973e+06
1.60792e+06 1.59908e+06 1.62581e+06 1.61537e+06
1.65361e+06 1.56863e+06 1.62168e+06 1.63314e+06
1.67826e+06 1.57881e+06 1.61173e+06 1.59888e+06
1.63625e+06 1.57179e+06 1.61262e+06 1.61286e+06
1.61734e+06 1.58869e+06 1.6193e+06 1.60181e+06
1.60766e+06 1.59948e+06 1.60687e+06 1.60775e+06
1.6431e+06 1.56342e+06 1.64894e+06 1.63183e+06
1.61841e+06 1.57792e+06 1.6041e+06 1.6135e+06
1.61595e+06 1.58896e+06 1.64258e+06 1.58996e+06
1.60564e+06 1.58952e+06 1.61038e+06 1.6173e+06
1.60756e+06 1.5819e+06 1.64396e+06 1.61532e+06
1.64245e+06 1.57608e+06 1.62393e+06 1.59866e+06
1.6536e+06 1.58956e+06 1.62102e+06 1.59851e+06
1.68542e+06 1.58912e+06 1.60035e+06 1.61979e+06
1.66963e+06 1.64987e+06 1.67088e+06 1.58495e+06
1.62272e+06 1.5988e+06 1.60434e+06 1.66523e+06
1.62254e+06 1.58178e+06 1.63505e+06 1.62244e+06
1.59527e+06 1.6118e+06 1.63002e+06 1.65433e+06
1.62597e+06 1.61108e+06 1.65927e+06 1.59312e+06
1.62509e+06 1.61394e+06 1.60409e+06 1.60955e+06
1.61239e+06 1.64006e+06 1.61885e+06 1.65009e+06
1.65477e+06 1.58534e+06 1.62677e+06 1.60698e+06
1.64272e+06 1.59586e+06 1.63879e+06 1.61652e+06
1.61299e+06 1.59085e+06 1.65122e+06 1.61958e+06
1.60824e+06 1.59023e+06 1.62814e+06 1.65648e+06
1.63277e+06 1.60401e+06 1.60633e+06 1.64069e+06
1.65931e+06 1.5955e+06 1.6232e+06 1.60728e+06
1.63373e+06 1.59232e+06 1.61259e+06 1.62302e+06
1.61021e+06 1.60427e+06 1.64537e+06 1.62163e+06
1.63801e+06 1.6006e+06 1.6068e+06 1.62513e+06
1.6393e+06 1.58464e+06 1.64487e+06 1.6171e+06
1.66955e+06 1.59134e+06 1.62368e+06 1.62823e+06
1.62314e+06 1.59205e+06 1.61894e+06 1.63064e+06
1.62664e+06 1.6013e+06 1.62816e+06 1.62714e+06
1.61252e+06 1.59694e+06 1.61871e+06 1.63623e+06
1.63294e+06 1.58483e+06 1.61788e+06 1.65408e+06
1.6121e+06 1.59052e+06 1.64533e+06 1.64994e+06
1.68749e+06 1.58333e+06 1.64935e+06 1.65883e+06
1.66242e+06 1.58528e+06 1.62985e+06 1.66307e+06
1.63802e+06 1.61663e+06 1.66293e+06 1.62997e+06
1.63267e+06 1.59694e+06 1.62192e+06 1.6561e+06
1.62531e+06 1.65107e+06 1.63818e+06 1.62115e+06
1.62057e+06 1.61904e+06 1.64607e+06 1.62345e+06
1.64473e+06 1.60723e+06 1.63048e+06 1.64766e+06
1.65525e+06 1.58681e+06 1.64779e+06 1.63124e+06
1.64142e+06 1.59858e+06 1.65049e+06 1.63054e+06
1.64846e+06 1.59414e+06 1.64184e+06 1.63043e+06
1.67824e+06 1.53933e+06 1.58882e+06 1.55316e+06
1.67136e+06 1.5058e+06 1.55618e+06 1.70009e+06
1.65564e+06 1.48191e+06 1.56888e+06 1.57987e+06
1.64974e+06 1.61895e+06 1.47171e+06 1.59526e+06
1.64176e+06 1.60934e+06 1.65824e+06 1.48547e+06
1.56622e+06 1.57267e+06 1.67107e+06 1.55478e+06
1.5553e+06 1.64141e+06 1.6036e+06 1.54394e+06
1.49538e+06 1.59774e+06 1.63449e+06 1.59776e+06
1.64974e+06 1.61895e+06 1.47171e+06 1.59526e+06
1.5181e+06 1.54111e+06 1.65279e+06 1.6621e+06
1.62794e+06 1.62563e+06 1.49448e+06 1.61746e+06
1.63127e+06 1.50455e+06 1.55762e+06 1.68347e+06
1.6031e+06 1.4905e+06 1.59609e+06 1.60679e+06
1.62373e+06 1.56226e+06 1.5179e+06 1.65396e+06
1.62794e+06 1.62563e+06 1.49448e+06 1.61746e+06
1.5588e+06 1.62055e+06 1.66821e+06 1.52432e+06
1.50566e+06 1.61228e+06 1.58596e+06 1.60926e+06
1.67136e+06 1.5058e+06 1.55618e+06 1.70009e+06
1.52778e+06 1.53769e+06 1.56557e+06 1.58256e+06
1.53519e+06 1.62084e+06 1.55907e+06 1.60404e+06
1.56652e+06 1.5997e+06 1.57368e+06 1.53597e+06
1.59033e+06 1.60256e+06 1.50717e+06 1.57604e+06
1.50868e+06 1.59302e+06 1.58738e+06 1.59706e+06
1.6204e+06 1.50939e+06 1.58144e+06 1.6393e+06
1.64176e+06 1.60934e+06 1.65824e+06 1.48547e+06
1.56806e+06 1.5308e+06 1.51963e+06 1.59101e+06
1.59575e+06 1.51377e+06 1.6212e+06 1.61117e+06
1.58989e+06 1.58525e+06 1.57987e+06 1.52236e+06
1.63257e+06 1.53601e+06 1.54027e+06 1.56466e+06
1.63584e+06 1.52838e+06 1.51398e+06 1.63804e+06
1.59694e+06 1.57653e+06 1.56834e+06 1.51636e+06
1.49538e+06 1.59774e+06 1.63449e+06 1.59776e+06
1.59212e+06 1.50351e+06 1.64203e+06 1.63279e+06
1.53656e+06 1.63014e+06 1.60834e+06 1.57441e+06
1.54106e+06 1.5967e+06 1.54295e+06 1.58348e+06
1.56208e+06 1.63514e+06 1.56823e+06 1.58008e+06
1.60911e+06 1.51054e+06 1.55855e+06 1.68768e+06
1.5446e+06 1.56502e+06 1.60632e+06 1.56902e+06
1.64826e+06 1.54019e+06 1.63436e+06 1.51292e+06
1.52696e+06 1.57218e+06 1.56914e+06 1.64527e+06
1.65676e+06 1.6116e+06 1.62774e+06 1.49363e+06
1.64422e+06 1.5041e+06 1.56436e+06 1.65511e+06
1.64208e+06 1.55588e+06 1.62246e+06 1.50537e+06
1.56286e+06 1.55734e+06 1.53644e+06 1.60936e+06
1.5789e+06 1.56455e+06 1.57167e+06 1.57044e+06
1.63168e+06 1.60042e+06 1.65138e+06 1.48985e+06
1.5728e+06 1.55931e+06 1.55323e+06 1.58632e+06
1.61108e+06 1.53242e+06 1.59245e+06 1.54146e+06
1.58866e+06 1.61283e+06 1.64184e+06 1.4969e+06
1.55174e+06 1.53318e+06 1.57783e+06 1.60485e+06
1.63904e+06 1.4964e+06 1.58266e+06 1.60384e+06
1.61328e+06 1.49978e+06 1.60735e+06 1.60324e+06
1.61292e+06 1.5808e+06 1.63265e+06 1.51056e+06
1.56388e+06 1.60067e+06 1.60141e+06 1.5404e+06
1.5162e+06 1.59162e+06 1.612e+06 1.60911e+06
1.57378e+06 1.52681e+06 1.63205e+06 1.5962e+06
1.52001e+06 1.56944e+06 1.58842e+06 1.58876e+06
1.61194e+06 1.63887e+06 1.5592e+06 1.54434e+06
1.58364e+06 1.57924e+06 1.54831e+06 1.57698e+06
1.63923e+06 1.57518e+06 1.51297e+06 1.65997e+06
1.61454e+06 1.57985e+06 1.53342e+06 1.57614e+06
1.52238e+06 1.62536e+06 1.58212e+06 1.60824e+06
1.63754e+06 1.61573e+06 1.55817e+06 1.53148e+06
1.589e+06 1.49853e+06 1.65255e+06 1.6576e+06
1.56253e+06 1.63262e+06 1.52482e+06 1.63323e+06
1.66764e+06 1.56282e+06 1.51864e+06 1.62874e+06
1.60915e+06 1.48482e+06 1.60503e+06 1.61961e+06
1.57193e+06 1.58672e+06 1.54262e+06 1.56221e+06
1.58706e+06 1.52526e+06 1.55558e+06 1.61381e+06
1.59166e+06 1.5515e+06 1.61311e+06 1.53338e+06
1.5695e+06 1.61047e+06 1.52804e+06 1.5486e+06
1.67824e+06 1.53933e+06 1.58882e+06 1.55316e+06
1.60445e+06 1.50877e+06 1.6481e+06 1.59418e+06
1.56554e+06 1.5504e+06 1.63669e+06 1.57104e+06
1.54337e+06 1.64103e+06 1.62598e+06 1.52967e+06
1.5508e+06 1.61434e+06 1.59546e+06 1.55123e+06
1.57612e+06 1.53616e+06 1.61801e+06 1.55898e+06
1.51707e+06 1.57563e+06 1.6156e+06 1.5659e+06
1.55374e+06 1.52339e+06 1.59783e+06 1.6402e+06
1.60401e+06 1.58119e+06 1.60912e+06 1.50287e+06
1.54751e+06 1.58408e+06 1.55921e+06 1.59415e+06
1.66243e+06 1.49672e+06 1.61093e+06 1.57282e+06
1.56973e+06 1.52205e+06 1.64465e+06 1.61826e+06
1.52264e+06 1.60376e+06 1.59562e+06 1.58066e+06
1.58395e+06 1.56669e+06 1.5548e+06 1.58474e+06
1.614e+06 1.58838e+06 1.53081e+06 1.58101e+06
1.5882e+06 1.51872e+06 1.54753e+06 1.55972e+06
1.56253e+06 1.63262e+06 1.52482e+06 1.63323e+06
1.6287e+06 1.59444e+06 1.56249e+06 1.51385e+06
1.54778e+06 1.52957e+06 1.60729e+06 1.61648e+06
1.60698e+06 1.61861e+06 1.57881e+06 1.51471e+06
1.55905e+06 1.6062e+06 1.60861e+06 1.56252e+06
1.58134e+06 1.55367e+06 1.5957e+06 1.52808e+06
1.58636e+06 1.53463e+06 1.65008e+06 1.58172e+06
1.63076e+06 1.58038e+06 1.61636e+06 1.50342e+06
1.59291e+06 1.59225e+06 1.58129e+06 1.49543e+06
1.63473e+06 1.5311e+06 1.59004e+06 1.54949e+06
1.53852e+06 1.60151e+06 1.56382e+06 1.64968e+06
1.59055e+06 1.56809e+06 1.53375e+06 1.58662e+06
1.60047e+06 1.51836e+06 1.60509e+06 1.60324e+06
1.66764e+06 1.56282e+06 1.51864e+06 1.62874e+06
1.53852e+06 1.60151e+06 1.56382e+06 1.64968e+06
1.56838e+06 1.54538e+06 1.63512e+06 1.54074e+06
1.56999e+06 1.59382e+06 1.56403e+06 1.55668e+06
1.52696e+06 1.57218e+06 1.56914e+06 1.64527e+06
1.58233e+06 1.56898e+06 1.55235e+06 1.57216e+06
1.54968e+06 1.6116e+06 1.63804e+06 1.55452e+06
1.55802e+06 1.5915e+06 1.55468e+06 1.62753e+06
1.55742e+06 1.52023e+06 1.64914e+06 1.59877e+06
1.57646e+06 1.58784e+06 1.61254e+06 1.55002e+06
1.53676e+06 1.61692e+06 1.63713e+06 1.5591e+06
1.60911e+06 1.51054e+06 1.55855e+06 1.68768e+06
1.56858e+06 1.55186e+06 1.60385e+06 1.56038e+06
1.59033e+06 1.60256e+06 1.50717e+06 1.57604e+06
1.57545e+06 1.5164e+06 1.57834e+06 1.66181e+06
1.66243e+06 1.49672e+06 1.61093e+06 1.57282e+06
1.57482e+06 1.55616e+06 1.56082e+06 1.58741e+06
1.51787e+06 1.54782e+06 1.61165e+06 1.60565e+06
1.58322e+06 1.5478e+06 1.62636e+06 1.54804e+06
1.58015e+06 1.52014e+06 1.59147e+06 1.61093e+06
1.58241e+06 1.58127e+06 1.58395e+06 1.55188e+06
1.55357e+06 1.60558e+06 1.58681e+06 1.57232e+06
1.57469e+06 1.52364e+06 1.59997e+06 1.59953e+06
1.56266e+06 1.59497e+06 1.61046e+06 1.52615e+06
1.55628e+06 1.5431e+06 1.62185e+06 1.58108e+06
1.57969e+06 1.55531e+06 1.5987e+06 1.55238e+06
1.61183e+06 1.57599e+06 1.51521e+06 1.60843e+06
1.55417e+06 1.59562e+06 1.62475e+06 1.5539e+06
1.5879e+06 1.59852e+06 1.58978e+06 1.54696e+06
1.60486e+06 1.55405e+06 1.59186e+06 1.54733e+06
1.5633e+06 1.51865e+06 1.60005e+06 1.62142e+06
1.63127e+06 1.50455e+06 1.55762e+06 1.68347e+06
1.54242e+06 1.60989e+06 1.60702e+06 1.57392e+06
1.55618e+06 1.58953e+06 1.58967e+06 1.58255e+06
1.60727e+06 1.51161e+06 1.55236e+06 1.5552e+06
1.5553e+06 1.64141e+06 1.6036e+06 1.54394e+06
1.60915e+06 1.48482e+06 1.60503e+06 1.61961e+06
1.65676e+06 1.6116e+06 1.62774e+06 1.49363e+06
1.56009e+06 1.5424e+06 1.60519e+06 1.57652e+06
1.63923e+06 1.57518e+06 1.51297e+06 1.65997e+06
1.54747e+06 1.59289e+06 1.58365e+06 1.58063e+06
1.59639e+06 1.51713e+06 1.63531e+06 1.58455e+06
1.57495e+06 1.51164e+06 1.64044e+06 1.62623e+06
1.5501e+06 1.57972e+06 1.64497e+06 1.54714e+06
1.55541e+06 1.53461e+06 1.58606e+06 1.58912e+06
1.56054e+06 1.52451e+06 1.62441e+06 1.62345e+06
1.57394e+06 1.57753e+06 1.59789e+06 1.56243e+06
1.56054e+06 1.52451e+06 1.62441e+06 1.62345e+06
1.5825e+06 1.51646e+06 1.6706e+06 1.59953e+06
1.57495e+06 1.51164e+06 1.64044e+06 1.62623e+06
1.5944e+06 1.51796e+06 1.58909e+06 1.6073e+06
1.5944e+06 1.51796e+06 1.58909e+06 1.6073e+06
1.64677e+06 1.59666e+06 1.56191e+06 1.62506e+06
1.63135e+06 1.63053e+06 1.6651e+06 1.54815e+06
1.62475e+06 1.52007e+06 1.61093e+06 1.63182e+06
1.60297e+06 1.55636e+06 1.55936e+06 1.64364e+06
1.59175e+06 1.56251e+06 1.58975e+06 1.65992e+06
1.58429e+06 1.55827e+06 1.69089e+06 1.63e+06
1.55939e+06 1.62696e+06 1.63345e+06 1.63668e+06
1.64182e+06 1.55646e+06 1.56819e+06 1.63207e+06
1.57588e+06 1.61056e+06 1.67061e+06 1.62713e+06
1.57086e+06 1.58214e+06 1.63109e+06 1.63158e+06
1.56591e+06 1.55343e+06 1.61583e+06 1.64695e+06
1.61283e+06 1.52632e+06 1.63801e+06 1.60838e+06
1.57758e+06 1.59948e+06 1.69009e+06 1.61704e+06
1.58281e+06 1.59516e+06 1.61788e+06 1.57722e+06
1.59871e+06 1.54487e+06 1.60244e+06 1.56166e+06
1.62062e+06 1.59358e+06 1.58385e+06 1.58703e+06
1.5623e+06 1.56375e+06 1.65279e+06 1.64096e+06
1.59234e+06 1.56914e+06 1.6511e+06 1.59878e+06
1.59728e+06 1.53882e+06 1.65178e+06 1.59797e+06
1.62763e+06 1.56336e+06 1.57845e+06 1.57304e+06
1.63022e+06 1.59714e+06 1.59801e+06 1.5603e+06
1.59401e+06 1.57138e+06 1.63786e+06 1.6205e+06
1.5894e+06 1.5312e+06 1.6021e+06 1.64374e+06
1.61462e+06 1.56528e+06 1.5734e+06 1.60252e+06
1.6283e+06 1.60944e+06 1.57717e+06 1.59097e+06
1.59639e+06 1.55279e+06 1.58107e+06 1.63556e+06
1.60661e+06 1.6186e+06 1.56473e+06 1.63962e+06
1.59479e+06 1.58027e+06 1.615e+06 1.61508e+06
1.57976e+06 1.62032e+06 1.60473e+06 1.58768e+06
1.56489e+06 1.58721e+06 1.60408e+06 1.62754e+06
1.5739e+06 1.61437e+06 1.59402e+06 1.61429e+06
1.61042e+06 1.6035e+06 1.58311e+06 1.6025e+06
1.62551e+06 1.59306e+06 1.57632e+06 1.5945e+06
1.61295e+06 1.61636e+06 1.56285e+06 1.57919e+06
1.60446e+06 1.60201e+06 1.5943e+06 1.61381e+06
1.61262e+06 1.59043e+06 1.5972e+06 1.60196e+06
1.58613e+06 1.56631e+06 1.63209e+06 1.63573e+06
1.6038e+06 1.54478e+06 1.60162e+06 1.63871e+06
1.57671e+06 1.62036e+06 1.60026e+06 1.60492e+06
1.60308e+06 1.62353e+06 1.59974e+06 1.57898e+06
1.60051e+06 1.59397e+06 1.59785e+06 1.60714e+06
1.61192e+06 1.56258e+06 1.58708e+06 1.61628e+06
1.5901e+06 1.59977e+06 1.61217e+06 1.61494e+06
1.58962e+06 1.56522e+06 1.57926e+06 1.6206e+06
1.7052e+06 1.56849e+06 1.60003e+06 1.6039e+06
1.68519e+06 1.62511e+06 1.57888e+06 1.65612e+06
1.65432e+06 1.54596e+06 1.61873e+06 1.62977e+06
1.61406e+06 1.56326e+06 1.60061e+06 1.66598e+06
1.60362e+06 1.57299e+06 1.61013e+06 1.57157e+06
1.60037e+06 1.62694e+06 1.59582e+06 1.63986e+06
1.5963e+06 1.58412e+06 1.66579e+06 1.61071e+06
1.56479e+06 1.57676e+06 1.6552e+06 1.64315e+06
1.6686e+06 1.60838e+06 1.5866e+06 1.62534e+06
1.59937e+06 1.56789e+06 1.64392e+06 1.57981e+06
1.64685e+06 1.55686e+06 1.60925e+06 1.62177e+06
1.59442e+06 1.58058e+06 1.64276e+06 1.64791e+06
1.56548e+06 1.61652e+06 1.61177e+06 1.6314e+06
1.63886e+06 1.55564e+06 1.61445e+06 1.59043e+06
1.62944e+06 1.61018e+06 1.58913e+06 1.61561e+06
1.6281e+06 1.59746e+06 1.59076e+06 1.60914e+06
1.58078e+06 1.5927e+06 1.61946e+06 1.63584e+06
1.63482e+06 1.604e+06 1.60579e+06 1.60707e+06
1.64244e+06 1.56928e+06 1.63708e+06 1.5761e+06
1.59692e+06 1.58215e+06 1.66002e+06 1.62561e+06
1.57504e+06 1.60998e+06 1.62353e+06 1.62848e+06
1.60627e+06 1.55388e+06 1.63966e+06 1.62946e+06
1.62712e+06 1.57382e+06 1.5959e+06 1.63917e+06
1.60015e+06 1.61969e+06 1.60422e+06 1.59688e+06
1.61784e+06 1.61866e+06 1.60201e+06 1.61525e+06
1.59136e+06 1.57563e+06 1.64321e+06 1.62918e+06
1.60318e+06 1.59373e+06 1.61426e+06 1.66393e+06
1.65354e+06 1.59123e+06 1.6009e+06 1.61061e+06
1.5947e+06 1.60724e+06 1.62553e+06 1.6004e+06
1.60205e+06 1.58735e+06 1.62897e+06 1.60588e+06
1.61147e+06 1.56901e+06 1.61064e+06 1.59522e+06
1.64365e+06 1.56682e+06 1.60577e+06 1.60436e+06
1.60142e+06 1.57306e+06 1.63534e+06 1.6282e+06
1.5953e+06 1.59495e+06 1.62634e+06 1.63461e+06
1.60497e+06 1.56874e+06 1.61299e+06 1.61457e+06
1.59774e+06 1.60846e+06 1.61586e+06 1.63583e+06
1.60794e+06 1.56847e+06 1.63123e+06 1.61071e+06
1.60205e+06 1.58493e+06 1.63111e+06 1.62313e+06
1.60717e+06 1.55626e+06 1.60312e+06 1.62352e+06
1.60256e+06 1.55505e+06 1.62669e+06 1.62194e+06
1.63538e+06 1.56847e+06 1.62497e+06 1.60585e+06
1.6591e+06 1.61999e+06 1.59914e+06 1.61077e+06
1.63981e+06 1.59232e+06 1.63891e+06 1.58212e+06
1.6353e+06 1.63722e+06 1.65003e+06 1.58217e+06
1.62418e+06 1.57768e+06 1.6166e+06 1.66527e+06
1.61038e+06 1.55656e+06 1.63532e+06 1.63285e+06
1.60334e+06 1.60961e+06 1.66516e+06 1.62875e+06
1.59534e+06 1.59823e+06 1.6541e+06 1.64302e+06
1.62535e+06 1.57248e+06 1.60817e+06 1.64832e+06
1.64437e+06 1.61956e+06 1.61496e+06 1.58855e+06
1.60321e+06 1.62037e+06 1.63588e+06 1.64687e+06
1.62659e+06 1.63579e+06 1.63367e+06 1.59367e+06
1.61345e+06 1.5842e+06 1.62512e+06 1.66324e+06
1.61622e+06 1.58725e+06 1.64846e+06 1.58339e+06
1.60493e+06 1.56877e+06 1.63733e+06 1.62427e+06
1.61084e+06 1.58083e+06 1.65757e+06 1.62263e+06
1.64401e+06 1.61346e+06 1.62799e+06 1.59003e+06
1.61233e+06 1.59017e+06 1.62474e+06 1.64018e+06
1.62284e+06 1.56076e+06 1.63709e+06 1.63176e+06
1.63458e+06 1.57293e+06 1.61917e+06 1.60087e+06
1.61881e+06 1.58114e+06 1.63094e+06 1.61427e+06
1.62899e+06 1.57678e+06 1.63457e+06 1.60567e+06
1.63429e+06 1.59434e+06 1.62774e+06 1.60622e+06
1.6212e+06 1.59665e+06 1.61124e+06 1.60553e+06
1.62087e+06 1.60291e+06 1.6148e+06 1.59698e+06
1.62616e+06 1.57881e+06 1.62196e+06 1.63137e+06
1.62755e+06 1.59569e+06 1.62596e+06 1.61782e+06
1.60696e+06 1.60036e+06 1.6355e+06 1.6003e+06
1.62431e+06 1.58872e+06 1.64458e+06 1.59813e+06
1.62269e+06 1.59908e+06 1.64522e+06 1.59587e+06
1.604e+06 1.60234e+06 1.65097e+06 1.61214e+06
1.63569e+06 1.58076e+06 1.62856e+06 1.59609e+06
1.62434e+06 1.59541e+06 1.64051e+06 1.61372e+06
1.62475e+06 1.58024e+06 1.62628e+06 1.60925e+06
1.62072e+06 1.58946e+06 1.61036e+06 1.62346e+06
1.6137e+06 1.58128e+06 1.6503e+06 1.6129e+06
1.67698e+06 1.59652e+06 1.61687e+06 1.64266e+06
1.65248e+06 1.60306e+06 1.64109e+06 1.58332e+06
1.65135e+06 1.6061e+06 1.61173e+06 1.62203e+06
1.64129e+06 1.56716e+06 1.64759e+06 1.64819e+06
1.63219e+06 1.61294e+06 1.62009e+06 1.6586e+06
1.6268e+06 1.63174e+06 1.62346e+06 1.63305e+06
1.61226e+06 1.60685e+06 1.6645e+06 1.60161e+06
1.62727e+06 1.62011e+06 1.63148e+06 1.64051e+06
1.62734e+06 1.62866e+06 1.63449e+06 1.6114e+06
1.63517e+06 1.59258e+06 1.64907e+06 1.59756e+06
1.64837e+06 1.58252e+06 1.65472e+06 1.5995e+06
1.64637e+06 1.57344e+06 1.64698e+06 1.65181e+06
1.63358e+06 1.59594e+06 1.65834e+06 1.58999e+06
1.64271e+06 1.58341e+06 1.6399e+06 1.62622e+06
1.61784e+06 1.59924e+06 1.64045e+06 1.64415e+06
1.61438e+06 1.57458e+06 1.6432e+06 1.64198e+06
1.6279e+06 1.58692e+06 1.64418e+06 1.61725e+06
1.6246e+06 1.59844e+06 1.66287e+06 1.59958e+06
1.64179e+06 1.60393e+06 1.6139e+06 1.63325e+06
1.63891e+06 1.60859e+06 1.63247e+06 1.61884e+06
1.62646e+06 1.5898e+06 1.66019e+06 1.6261e+06
1.642e+06 1.58753e+06 1.63297e+06 1.60602e+06
1.63954e+06 1.59464e+06 1.62008e+06 1.62322e+06
1.66412e+06 1.61302e+06 1.63435e+06 1.62062e+06
1.65722e+06 1.59173e+06 1.65419e+06 1.67822e+06
1.65277e+06 1.62389e+06 1.62046e+06 1.66729e+06
1.63474e+06 1.60227e+06 1.67724e+06 1.61076e+06
1.65023e+06 1.59738e+06 1.6539e+06 1.66116e+06
1.68529e+06 1.59928e+06 1.52268e+06 1.58209e+06
1.67136e+06 1.5058e+06 1.55618e+06 1.70009e+06
1.65564e+06 1.48191e+06 1.56888e+06 1.57987e+06
1.64974e+06 1.61895e+06 1.47171e+06 1.59526e+06
1.64176e+06 1.60934e+06 1.65824e+06 1.48547e+06
1.54252e+06 1.58488e+06 1.68817e+06 1.57837e+06
1.54198e+06 1.65098e+06 1.59884e+06 1.58228e+06
1.49538e+06 1.59774e+06 1.63449e+06 1.59776e+06
1.64974e+06 1.61895e+06 1.47171e+06 1.59526e+06
1.63127e+06 1.50455e+06 1.55762e+06 1.68347e+06
1.62794e+06 1.62563e+06 1.49448e+06 1.61746e+06
1.57643e+06 1.57809e+06 1.6596e+06 1.55315e+06
1.59166e+06 1.5515e+06 1.61311e+06 1.53338e+06
1.54252e+06 1.58488e+06 1.68817e+06 1.57837e+06
1.59291e+06 1.59225e+06 1.58129e+06 1.49543e+06
1.62794e+06 1.62563e+06 1.49448e+06 1.61746e+06
1.5822e+06 1.58265e+06 1.67198e+06 1.55232e+06
1.5553e+06 1.64141e+06 1.6036e+06 1.54394e+06
1.5488e+06 1.62377e+06 1.61933e+06 1.56649e+06
1.5825e+06 1.51646e+06 1.6706e+06 1.59953e+06
1.61292e+06 1.5808e+06 1.63265e+06 1.51056e+06
1.52238e+06 1.62536e+06 1.58212e+06 1.60824e+06
1.57363e+06 1.56349e+06 1.54687e+06 1.67055e+06
1.589e+06 1.49853e+06 1.65255e+06 1.6576e+06
1.55169e+06 1.62882e+06 1.54032e+06 1.65229e+06
1.61194e+06 1.63887e+06 1.5592e+06 1.54434e+06
1.53103e+06 1.59962e+06 1.56243e+06 1.58754e+06
1.49538e+06 1.59774e+06 1.63449e+06 1.59776e+06
1.67136e+06 1.5058e+06 1.55618e+06 1.70009e+06
1.50721e+06 1.57284e+06 1.60652e+06 1.64341e+06
1.59599e+06 1.49952e+06 1.62572e+06 1.62866e+06
1.61572e+06 1.52257e+06 1.53977e+06 1.57684e+06
1.53676e+06 1.61692e+06 1.63713e+06 1.5591e+06
1.57735e+06 1.5294e+06 1.57532e+06 1.63016e+06
1.54198e+06 1.65098e+06 1.59884e+06 1.58228e+06
1.59893e+06 1.55384e+06 1.59046e+06 1.5277e+06
1.63798e+06 1.48687e+06 1.57323e+06 1.62247e+06
1.51741e+06 1.58727e+06 1.61885e+06 1.61579e+06
1.66764e+06 1.56282e+06 1.51864e+06 1.62874e+06
1.50721e+06 1.57284e+06 1.60652e+06 1.64341e+06
1.58758e+06 1.59887e+06 1.6009e+06 1.54185e+06
1.59033e+06 1.60256e+06 1.50717e+06 1.57604e+06
1.62591e+06 1.55056e+06 1.64562e+06 1.54896e+06
1.60033e+06 1.51534e+06 1.63978e+06 1.59468e+06
1.60911e+06 1.51054e+06 1.55855e+06 1.68768e+06
1.51794e+06 1.60808e+06 1.59441e+06 1.59166e+06
1.56401e+06 1.53252e+06 1.60208e+06 1.64304e+06
1.64494e+06 1.49277e+06 1.59124e+06 1.60181e+06
1.54646e+06 1.61068e+06 1.6052e+06 1.57246e+06
1.58049e+06 1.52771e+06 1.58084e+06 1.59344e+06
1.63923e+06 1.57518e+06 1.51297e+06 1.65997e+06
1.63511e+06 1.54786e+06 1.61365e+06 1.54861e+06
1.64176e+06 1.60934e+06 1.65824e+06 1.48547e+06
1.56501e+06 1.60541e+06 1.56364e+06 1.57117e+06
1.5882e+06 1.51872e+06 1.54753e+06 1.55972e+06
1.58989e+06 1.58525e+06 1.57987e+06 1.52236e+06
1.62373e+06 1.56226e+06 1.5179e+06 1.65396e+06
1.58866e+06 1.61283e+06 1.64184e+06 1.4969e+06
1.60405e+06 1.49173e+06 1.63631e+06 1.62415e+06
1.56266e+06 1.59497e+06 1.61046e+06 1.52615e+06
1.64208e+06 1.55588e+06 1.62246e+06 1.50537e+06
1.55772e+06 1.53504e+06 1.62914e+06 1.62234e+06
1.56084e+06 1.50763e+06 1.65657e+06 1.61049e+06
1.58791e+06 1.51669e+06 1.59427e+06 1.66407e+06
1.55691e+06 1.53675e+06 1.5677e+06 1.63479e+06
1.55375e+06 1.56664e+06 1.6262e+06 1.55421e+06
1.64006e+06 1.55845e+06 1.53797e+06 1.55641e+06
1.59694e+06 1.57653e+06 1.56834e+06 1.51636e+06
1.58499e+06 1.54234e+06 1.64458e+06 1.58213e+06
1.6709e+06 1.57423e+06 1.5884e+06 1.54781e+06
1.62036e+06 1.55009e+06 1.51827e+06 1.63863e+06
1.61843e+06 1.57209e+06 1.5226e+06 1.60646e+06
1.59728e+06 1.50401e+06 1.58658e+06 1.64548e+06
1.63584e+06 1.52838e+06 1.51398e+06 1.63804e+06
1.56253e+06 1.63262e+06 1.52482e+06 1.63323e+06
1.53892e+06 1.6291e+06 1.60454e+06 1.58142e+06
1.52778e+06 1.53769e+06 1.56557e+06 1.58256e+06
1.56038e+06 1.61353e+06 1.56568e+06 1.57386e+06
1.60958e+06 1.58842e+06 1.53698e+06 1.60054e+06
1.58812e+06 1.56913e+06 1.54145e+06 1.61632e+06
1.67824e+06 1.53933e+06 1.58882e+06 1.55316e+06
1.56878e+06 1.56743e+06 1.55354e+06 1.57992e+06
1.65907e+06 1.55263e+06 1.60428e+06 1.54632e+06
1.60727e+06 1.51161e+06 1.55236e+06 1.5552e+06
1.64508e+06 1.54556e+06 1.56011e+06 1.5529e+06
1.56349e+06 1.52379e+06 1.6031e+06 1.6152e+06
1.66243e+06 1.49672e+06 1.61093e+06 1.57282e+06
1.557e+06 1.55641e+06 1.5963e+06 1.56526e+06
1.64826e+06 1.54019e+06 1.63436e+06 1.51292e+06
1.65827e+06 1.50247e+06 1.56237e+06 1.64695e+06
1.58527e+06 1.60386e+06 1.55153e+06 1.54933e+06
1.66243e+06 1.49672e+06 1.61093e+06 1.57282e+06
1.61054e+06 1.50542e+06 1.64073e+06 1.61362e+06
1.57286e+06 1.59806e+06 1.58507e+06 1.54381e+06
1.6287e+06 1.59444e+06 1.56249e+06 1.51385e+06
1.64281e+06 1.56459e+06 1.56156e+06 1.55513e+06
1.55948e+06 1.60802e+06 1.5462e+06 1.59838e+06
1.60133e+06 1.50678e+06 1.57175e+06 1.60713e+06
1.64208e+06 1.55588e+06 1.62246e+06 1.50537e+06
1.58056e+06 1.56103e+06 1.55299e+06 1.64759e+06
1.62092e+06 1.50159e+06 1.60819e+06 1.61518e+06
1.60911e+06 1.51054e+06 1.55855e+06 1.68768e+06
1.57032e+06 1.60272e+06 1.5401e+06 1.64857e+06
1.59622e+06 1.56946e+06 1.59426e+06 1.55592e+06
1.57134e+06 1.53536e+06 1.59946e+06 1.65786e+06
1.55906e+06 1.58794e+06 1.5338e+06 1.66232e+06
1.65893e+06 1.60683e+06 1.54912e+06 1.5564e+06
1.60915e+06 1.48482e+06 1.60503e+06 1.61961e+06
1.64422e+06 1.5041e+06 1.56436e+06 1.65511e+06
1.61911e+06 1.50912e+06 1.60117e+06 1.6029e+06
1.62477e+06 1.58652e+06 1.61832e+06 1.51248e+06
1.56733e+06 1.6047e+06 1.55304e+06 1.62101e+06
1.53656e+06 1.63014e+06 1.60834e+06 1.57441e+06
1.64187e+06 1.485e+06 1.59876e+06 1.60394e+06
1.5823e+06 1.53721e+06 1.60816e+06 1.58715e+06
1.52778e+06 1.53769e+06 1.56557e+06 1.58256e+06
1.60405e+06 1.49173e+06 1.63631e+06 1.62415e+06
1.61382e+06 1.54037e+06 1.52575e+06 1.59235e+06
1.58652e+06 1.58165e+06 1.62179e+06 1.56151e+06
1.61183e+06 1.57599e+06 1.51521e+06 1.60843e+06
1.57363e+06 1.56349e+06 1.54687e+06 1.67055e+06
1.60698e+06 1.61861e+06 1.57881e+06 1.51471e+06
1.51787e+06 1.54782e+06 1.61165e+06 1.60565e+06
1.56253e+06 1.63262e+06 1.52482e+06 1.63323e+06
1.55717e+06 1.57647e+06 1.57536e+06 1.56758e+06
1.56953e+06 1.60049e+06 1.59021e+06 1.52344e+06
1.59035e+06 1.58147e+06 1.65492e+06 1.55386e+06
1.5822e+06 1.58265e+06 1.67198e+06 1.55232e+06
1.63937e+06 1.57558e+06 1.52116e+06 1.61388e+06
1.68086e+06 1.57516e+06 1.53156e+06 1.59231e+06
1.57362e+06 1.5334e+06 1.57786e+06 1.6216e+06
1.57223e+06 1.5524e+06 1.56022e+06 1.56344e+06
1.60661e+06 1.54056e+06 1.53472e+06 1.63814e+06
1.53656e+06 1.63014e+06 1.60834e+06 1.57441e+06
1.60102e+06 1.60071e+06 1.52953e+06 1.60957e+06
1.58618e+06 1.59172e+06 1.54632e+06 1.61565e+06
1.5695e+06 1.61047e+06 1.52804e+06 1.5486e+06
1.59033e+06 1.60256e+06 1.50717e+06 1.57604e+06
1.60168e+06 1.59185e+06 1.52993e+06 1.64376e+06
1.61897e+06 1.55756e+06 1.57688e+06 1.54811e+06
1.63774e+06 1.60249e+06 1.53041e+06 1.56262e+06
1.60525e+06 1.54221e+06 1.5399e+06 1.61042e+06
1.68529e+06 1.59928e+06 1.52268e+06 1.58209e+06
1.64214e+06 1.511e+06 1.53792e+06 1.63263e+06
1.67824e+06 1.53933e+06 1.58882e+06 1.55316e+06
1.68086e+06 1.57516e+06 1.53156e+06 1.59231e+06
1.58656e+06 1.54585e+06 1.56292e+06 1.59824e+06
1.58866e+06 1.61283e+06 1.64184e+06 1.4969e+06
1.59671e+06 1.60215e+06 1.53615e+06 1.66197e+06
1.55472e+06 1.60414e+06 1.61768e+06 1.58232e+06
1.55472e+06 1.60414e+06 1.61768e+06 1.58232e+06
1.59671e+06 1.60215e+06 1.53615e+06 1.66197e+06
1.67027e+06 1.57214e+06 1.55025e+06 1.60205e+06
1.62314e+06 1.60699e+06 1.63001e+06 1.55528e+06
1.61344e+06 1.5292e+06 1.60573e+06 1.58953e+06
1.59649e+06 1.56581e+06 1.66822e+06 1.63924e+06
1.5958e+06 1.5676e+06 1.62554e+06 1.64859e+06
1.57413e+06 1.6436e+06 1.5949e+06 1.59482e+06
1.57788e+06 1.62254e+06 1.63268e+06 1.57629e+06
1.65084e+06 1.56625e+06 1.63725e+06 1.58388e+06
1.58368e+06 1.60795e+06 1.65523e+06 1.5871e+06
1.66533e+06 1.55309e+06 1.60537e+06 1.60653e+06
1.64485e+06 1.61165e+06 1.62952e+06 1.56754e+06
1.66188e+06 1.55488e+06 1.5988e+06 1.60855e+06
1.57955e+06 1.58806e+06 1.6149e+06 1.61877e+06
1.63803e+06 1.56408e+06 1.5999e+06 1.6123e+06
1.60661e+06 1.60185e+06 1.56711e+06 1.63605e+06
1.6341e+06 1.58053e+06 1.63007e+06 1.58471e+06
1.5785e+06 1.61078e+06 1.60413e+06 1.63393e+06
1.58828e+06 1.56789e+06 1.63444e+06 1.62345e+06
1.64618e+06 1.61672e+06 1.56192e+06 1.63446e+06
1.58634e+06 1.61304e+06 1.59638e+06 1.64037e+06
1.62339e+06 1.58557e+06 1.58313e+06 1.59351e+06
1.60446e+06 1.61967e+06 1.62385e+06 1.59427e+06
1.59763e+06 1.59268e+06 1.58024e+06 1.60751e+06
1.61577e+06 1.56267e+06 1.59638e+06 1.6354e+06
1.60149e+06 1.57013e+06 1.57651e+06 1.63506e+06
1.63016e+06 1.61669e+06 1.62546e+06 1.57962e+06
1.59072e+06 1.58175e+06 1.58767e+06 1.62138e+06
1.62866e+06 1.59743e+06 1.57064e+06 1.60817e+06
1.59163e+06 1.5946e+06 1.57344e+06 1.59442e+06
1.62118e+06 1.58222e+06 1.59338e+06 1.6113e+06
1.60501e+06 1.56674e+06 1.61179e+06 1.6167e+06
1.58866e+06 1.57095e+06 1.62508e+06 1.64675e+06
1.62997e+06 1.59823e+06 1.60906e+06 1.58643e+06
1.62217e+06 1.58484e+06 1.59027e+06 1.61804e+06
1.61142e+06 1.5643e+06 1.59786e+06 1.60768e+06
1.62872e+06 1.56848e+06 1.56248e+06 1.63624e+06
1.61424e+06 1.5863e+06 1.59411e+06 1.61051e+06
1.67133e+06 1.60737e+06 1.58054e+06 1.62174e+06
1.64931e+06 1.54941e+06 1.63126e+06 1.59544e+06
1.63722e+06 1.64996e+06 1.63891e+06 1.56155e+06
1.63718e+06 1.57767e+06 1.59673e+06 1.70358e+06
1.63009e+06 1.61314e+06 1.57451e+06 1.63061e+06
1.60312e+06 1.62502e+06 1.65143e+06 1.59849e+06
1.59747e+06 1.65724e+06 1.6318e+06 1.61816e+06
1.58237e+06 1.6149e+06 1.63061e+06 1.64267e+06
1.61784e+06 1.62662e+06 1.58669e+06 1.65222e+06
1.6581e+06 1.62202e+06 1.59029e+06 1.6145e+06
1.65945e+06 1.62288e+06 1.62867e+06 1.58445e+06
1.6028e+06 1.5821e+06 1.62336e+06 1.67799e+06
1.58688e+06 1.6252e+06 1.60662e+06 1.67274e+06
1.61027e+06 1.59716e+06 1.59974e+06 1.60188e+06
1.66606e+06 1.57741e+06 1.58449e+06 1.64969e+06
1.60677e+06 1.6019e+06 1.61168e+06 1.62559e+06
1.60025e+06 1.59078e+06 1.61581e+06 1.66348e+06
1.64212e+06 1.58559e+06 1.59628e+06 1.63933e+06
1.61879e+06 1.56231e+06 1.6407e+06 1.61974e+06
1.61233e+06 1.56453e+06 1.61938e+06 1.6201e+06
1.62645e+06 1.59366e+06 1.63662e+06 1.61544e+06
1.63279e+06 1.57293e+06 1.61096e+06 1.59039e+06
1.62203e+06 1.56201e+06 1.60969e+06 1.62356e+06
1.62809e+06 1.56666e+06 1.60459e+06 1.64389e+06
1.59262e+06 1.5861e+06 1.62676e+06 1.63549e+06
1.59519e+06 1.60869e+06 1.61439e+06 1.6186e+06
1.63377e+06 1.58781e+06 1.59842e+06 1.63758e+06
1.612e+06 1.59205e+06 1.60318e+06 1.63584e+06
1.59681e+06 1.59464e+06 1.59394e+06 1.6311e+06
1.60956e+06 1.57695e+06 1.62825e+06 1.62691e+06
1.6003e+06 1.58925e+06 1.6094e+06 1.63355e+06
1.62232e+06 1.58106e+06 1.61715e+06 1.61745e+06
1.62809e+06 1.57276e+06 1.62674e+06 1.61694e+06
1.59569e+06 1.58382e+06 1.62447e+06 1.6356e+06
1.6282e+06 1.5631e+06 1.60603e+06 1.62712e+06
1.61898e+06 1.58109e+06 1.60519e+06 1.64959e+06
1.62759e+06 1.58866e+06 1.58678e+06 1.62499e+06
1.62698e+06 1.58012e+06 1.59554e+06 1.6409e+06
1.62038e+06 1.59043e+06 1.61606e+06 1.63163e+06
1.62177e+06 1.62618e+06 1.59492e+06 1.61898e+06
1.68384e+06 1.57003e+06 1.63529e+06 1.62946e+06
1.66809e+06 1.59773e+06 1.63445e+06 1.59898e+06
1.63342e+06 1.60576e+06 1.58914e+06 1.67075e+06
1.63304e+06 1.56992e+06 1.68285e+06 1.62689e+06
1.62983e+06 1.63618e+06 1.59334e+06 1.62912e+06
1.62329e+06 1.56571e+06 1.64088e+06 1.64208e+06
1.60428e+06 1.60872e+06 1.64987e+06 1.69082e+06
1.59382e+06 1.61474e+06 1.62684e+06 1.64475e+06
1.63867e+06 1.60995e+06 1.66247e+06 1.60146e+06
1.63888e+06 1.59673e+06 1.60097e+06 1.67883e+06
1.61875e+06 1.60146e+06 1.61954e+06 1.69068e+06
1.65065e+06 1.62958e+06 1.59797e+06 1.66388e+06
1.67056e+06 1.59247e+06 1.64134e+06 1.60951e+06
1.67988e+06 1.59682e+06 1.59654e+06 1.65971e+06
1.6119e+06 1.61727e+06 1.63301e+06 1.62097e+06
1.63226e+06 1.63176e+06 1.61339e+06 1.60359e+06
1.65636e+06 1.58046e+06 1.61424e+06 1.62274e+06
1.61371e+06 1.61993e+06 1.61099e+06 1.62586e+06
1.65696e+06 1.61015e+06 1.59078e+06 1.64857e+06
1.62031e+06 1.624e+06 1.60579e+06 1.65503e+06
1.64458e+06 1.57448e+06 1.61598e+06 1.64374e+06
1.62737e+06 1.63394e+06 1.60243e+06 1.66825e+06
1.66606e+06 1.59891e+06 1.60625e+06 1.61372e+06
1.62599e+06 1.58783e+06 1.62327e+06 1.63796e+06
1.61589e+06 1.58482e+06 1.64263e+06 1.63142e+06
1.61982e+06 1.58256e+06 1.64595e+06 1.63425e+06
1.64246e+06 1.57415e+06 1.62254e+06 1.61668e+06
1.60708e+06 1.59307e+06 1.6278e+06 1.64396e+06
1.6124e+06 1.56672e+06 1.62507e+06 1.66768e+06
1.63503e+06 1.59011e+06 1.61921e+06 1.65313e+06
1.64592e+06 1.58678e+06 1.62603e+06 1.61532e+06
1.63388e+06 1.60018e+06 1.60645e+06 1.62702e+06
1.63626e+06 1.58425e+06 1.6337e+06 1.64768e+06
1.66117e+06 1.60968e+06 1.59438e+06 1.63316e+06
1.62029e+06 1.62643e+06 1.60598e+06 1.62334e+06
1.65294e+06 1.59066e+06 1.61103e+06 1.63402e+06
1.64079e+06 1.58971e+06 1.59989e+06 1.63486e+06
1.68022e+06 1.599e+06 1.59446e+06 1.63564e+06
1.65996e+06 1.58467e+06 1.60484e+06 1.66969e+06
1.62525e+06 1.60879e+06 1.62848e+06 1.61538e+06
1.6439e+06 1.59007e+06 1.6215e+06 1.61899e+06
1.61233e+06 1.59159e+06 1.62611e+06 1.64425e+06
1.61504e+06 1.59271e+06 1.62772e+06 1.62927e+06
1.68578e+06 1.5978e+06 1.6056e+06 1.64776e+06
1.66386e+06 1.62727e+06 1.62483e+06 1.61743e+06
1.64868e+06 1.57753e+06 1.62351e+06 1.61792e+06
1.6402e+06 1.60026e+06 1.61338e+06 1.6602e+06
1.63832e+06 1.63779e+06 1.59566e+06 1.65346e+06
1.61412e+06 1.61356e+06 1.65222e+06 1.6592e+06
1.64942e+06 1.62724e+06 1.62098e+06 1.62832e+06
1.62921e+06 1.58759e+06 1.64805e+06 1.63405e+06
1.65717e+06 1.61456e+06 1.60969e+06 1.65904e+06
1.62148e+06 1.5932e+06 1.64238e+06 1.64256e+06
1.62967e+06 1.58816e+06 1.63483e+06 1.6484e+06
1.6271e+06 1.60563e+06 1.63784e+06 1.64144e+06
1.6216e+06 1.62292e+06 1.6129e+06 1.637e+06
1.64112e+06 1.60186e+06 1.6315e+06 1.62892e+06
1.6186e+06 1.61168e+06 1.62819e+06 1.64198e+06
1.62442e+06 1.60434e+06 1.62964e+06 1.65701e+06
1.62057e+06 1.62317e+06 1.62151e+06 1.6535e+06
1.68339e+06 1.59532e+06 1.62669e+06 1.64686e+06
1.66245e+06 1.58594e+06 1.63632e+06 1.63844e+06
1.65618e+06 1.62902e+06 1.68226e+06 1.62057e+06
1.6501e+06 1.63867e+06 1.61868e+06 1.64777e+06
1.65004e+06 1.59683e+06 1.63454e+06 1.66349e+06
1.6416e+06 1.6616e+06 1.63578e+06 1.64546e+06
1.62436e+06 1.61861e+06 1.67197e+06 1.65598e+06
1.66126e+06 1.6013e+06 1.64237e+06 1.62151e+06
1.6352e+06 1.61533e+06 1.62889e+06 1.65911e+06
1.66832e+06 1.62018e+06 1.62539e+06 1.62653e+06
1.67153e+06 1.63074e+06 1.61992e+06 1.64927e+06
