587 188.085
3.12684e+06 3.28063e+06 3.22984e+06 3.18344e+06
3.27947e+06 3.13988e+06 3.22412e+06 3.19268e+06
3.23267e+06 3.25839e+06 3.11769e+06 3.21672e+06
3.2914e+06 3.30444e+06 3.27157e+06 3.08436e+06
3.20325e+06 3.1952e+06 3.2104e+06 3.1977e+06
3.1869e+06 3.21501e+06 3.22052e+06 3.18879e+06
3.23243e+06 3.31478e+06 3.17333e+06 3.17854e+06
3.29558e+06 3.25964e+06 3.13721e+06 3.13992e+06
3.18927e+06 3.18632e+06 3.26893e+06 3.14626e+06
3.19533e+06 3.21444e+06 3.19352e+06 3.18628e+06
3.20932e+06 3.26517e+06 3.21663e+06 3.22925e+06
3.22411e+06 3.26901e+06 3.25477e+06 3.20412e+06
3.25614e+06 3.26717e+06 3.2769e+06 3.18274e+06
3.22256e+06 3.26534e+06 3.27288e+06 3.20148e+06
3.26759e+06 3.23956e+06 3.17113e+06 3.22176e+06
3.20495e+06 3.23115e+06 3.19696e+06 3.23066e+06
3.30377e+06 3.20525e+06 3.15241e+06 3.2289e+06
3.274e+06 3.27157e+06 3.24453e+06 3.15792e+06
3.24043e+06 3.25654e+06 3.27155e+06 3.16037e+06
3.15947e+06 3.2651e+06 3.22205e+06 3.23558e+06
3.20025e+06 3.24377e+06 3.21727e+06 3.22678e+06
3.16019e+06 3.17788e+06 3.23508e+06 3.18492e+06
3.2936e+06 3.20226e+06 3.22221e+06 3.19244e+06
3.25512e+06 3.18225e+06 3.14386e+06 3.18697e+06
3.28221e+06 3.20786e+06 3.2059e+06 3.18354e+06
3.25732e+06 3.26944e+06 3.20505e+06 3.22407e+06
3.19031e+06 3.2342e+06 3.17443e+06 3.20868e+06
3.23245e+06 3.22384e+06 3.1982e+06 3.16148e+06
3.27331e+06 3.20076e+06 3.19441e+06 3.23535e+06
3.18667e+06 3.27647e+06 3.25753e+06 3.17864e+06
3.2804e+06 3.247e+06 3.19491e+06 3.15482e+06
3.24043e+06 3.25654e+06 3.27155e+06 3.16037e+06
3.20273e+06 3.21229e+06 3.2422e+06 3.28512e+06
3.26826e+06 3.28685e+06 3.14699e+06 3.22889e+06
3.21916e+06 3.30099e+06 3.25611e+06 3.19025e+06
3.21848e+06 3.1874e+06 3.23226e+06 3.19152e+06
3.20273e+06 3.21229e+06 3.2422e+06 3.28512e+06
3.24552e+06 3.20972e+06 3.18777e+06 3.21211e+06
3.23413e+06 3.23148e+06 3.23909e+06 3.20017e+06
3.20138e+06 3.23622e+06 3.21681e+06 3.1511e+06
3.24705e+06 3.2321e+06 3.21986e+06 3.20751e+06
3.20538e+06 3.26523e+06 3.25025e+06 3.25391e+06
3.19732e+06 3.28161e+06 3.18729e+06 3.19589e+06
3.26759e+06 3.23956e+06 3.17113e+06 3.22176e+06
3.20538e+06 3.26523e+06 3.25025e+06 3.25391e+06
3.215e+06 3.21192e+06 3.2635e+06 3.20334e+06
3.27343e+06 3.19025e+06 3.20351e+06 3.19311e+06
3.16902e+06 3.22127e+06 3.2799e+06 3.21319e+06
3.27212e+06 3.21327e+06 3.24598e+06 3.16746e+06
3.21068e+06 3.31023e+06 3.21138e+06 3.18758e+06
3.15405e+06 3.26063e+06 3.27986e+06 3.17404e+06
3.25543e+06 3.16309e+06 3.26205e+06 3.17025e+06
3.18312e+06 3.23816e+06 3.20059e+06 3.21919e+06
3.24222e+06 3.2327e+06 3.25288e+06 3.22147e+06
3.24043e+06 3.19257e+06 3.17345e+06 3.22793e+06
3.21435e+06 3.28806e+06 3.15816e+06 3.17752e+06
3.25891e+06 3.2153e+06 3.20424e+06 3.18737e+06
3.19689e+06 3.18847e+06 3.22386e+06 3.1951e+06
3.20662e+06 3.23782e+06 3.25203e+06 3.15914e+06
3.21296e+06 3.1608e+06 3.258e+06 3.19982e+06
3.19737e+06 3.27916e+06 3.16126e+06 3.22534e+06
3.25361e+06 3.17618e+06 3.23772e+06 3.2138e+06
3.20272e+06 3.2346e+06 3.20539e+06 3.23892e+06
3.23432e+06 3.28218e+06 3.20905e+06 3.175e+06
3.21483e+06 3.23312e+06 3.27816e+06 3.1848e+06
3.16713e+06 3.22722e+06 3.17858e+06 3.14748e+06
3.20465e+06 3.27324e+06 3.23143e+06 3.22471e+06
3.25291e+06 3.24537e+06 3.18841e+06 3.19002e+06
3.26251e+06 3.3239e+06 3.26631e+06 3.17737e+06
3.19852e+06 3.19321e+06 3.2476e+06 3.18962e+06
3.23683e+06 3.18897e+06 3.18228e+06 3.18831e+06
3.20256e+06 3.1829e+06 3.25997e+06 3.2213e+06
3.21916e+06 3.30099e+06 3.25611e+06 3.19025e+06
3.27921e+06 3.23552e+06 3.22484e+06 3.16996e+06
3.20561e+06 3.18678e+06 3.17736e+06 3.20716e+06
3.20833e+06 3.27353e+06 3.20488e+06 3.21488e+06
3.25891e+06 3.2153e+06 3.20424e+06 3.18737e+06
3.23874e+06 3.32215e+06 3.2513e+06 3.2006e+06
3.25648e+06 3.27244e+06 3.21479e+06 3.1852e+06
3.1579e+06 3.25854e+06 3.19605e+06 3.22298e+06
3.19819e+06 3.29079e+06 3.23039e+06 3.17623e+06
3.17226e+06 3.19325e+06 3.19118e+06 3.15458e+06
3.21372e+06 3.26359e+06 3.18227e+06 3.17988e+06
3.22162e+06 3.32836e+06 3.20732e+06 3.29406e+06
3.19497e+06 3.2462e+06 3.18991e+06 3.26358e+06
3.22159e+06 3.2171e+06 3.26337e+06 3.19151e+06
3.25426e+06 3.22876e+06 3.2373e+06 3.24678e+06
3.26214e+06 3.21735e+06 3.22512e+06 3.17059e+06
3.27513e+06 3.20957e+06 3.2547e+06 3.1485e+06
3.19689e+06 3.18847e+06 3.22386e+06 3.1951e+06
3.15668e+06 3.2774e+06 3.22023e+06 3.1458e+06
3.18354e+06 3.23228e+06 3.16529e+06 3.17368e+06
3.27798e+06 3.18515e+06 3.21968e+06 3.15716e+06
3.21196e+06 3.25141e+06 3.20984e+06 3.13757e+06
3.19819e+06 3.29079e+06 3.23039e+06 3.17623e+06
3.23488e+06 3.19204e+06 3.18356e+06 3.22235e+06
3.19031e+06 3.2342e+06 3.17443e+06 3.20868e+06
3.22412e+06 3.23015e+06 3.20098e+06 3.21043e+06
3.27118e+06 3.26723e+06 3.19353e+06 3.13892e+06
3.23245e+06 3.22384e+06 3.1982e+06 3.16148e+06
3.19959e+06 3.31663e+06 3.19583e+06 3.23078e+06
3.2354e+06 3.15328e+06 3.1673e+06 3.17032e+06
3.22538e+06 3.21323e+06 3.23874e+06 3.18712e+06
3.25888e+06 3.28039e+06 3.18129e+06 3.2522e+06
3.27666e+06 3.28704e+06 3.19638e+06 3.16627e+06
3.23507e+06 3.28402e+06 3.22654e+06 3.1426e+06
3.21605e+06 3.27334e+06 3.22907e+06 3.22094e+06
3.21431e+06 3.25904e+06 3.17711e+06 3.18149e+06
3.24449e+06 3.17889e+06 3.2053e+06 3.17218e+06
3.1675e+06 3.21729e+06 3.20307e+06 3.19522e+06
3.20653e+06 3.22893e+06 3.18976e+06 3.20794e+06
3.27921e+06 3.23552e+06 3.22484e+06 3.16996e+06
3.20256e+06 3.1829e+06 3.25997e+06 3.2213e+06
3.23617e+06 3.23829e+06 3.17554e+06 3.16487e+06
3.23507e+06 3.28402e+06 3.22654e+06 3.1426e+06
3.25006e+06 3.28326e+06 3.19163e+06 3.22568e+06
3.27331e+06 3.20076e+06 3.19441e+06 3.23535e+06
3.16702e+06 3.23274e+06 3.21164e+06 3.2231e+06
3.21616e+06 3.23348e+06 3.17414e+06 3.17514e+06
3.18354e+06 3.23228e+06 3.16529e+06 3.17368e+06
3.18325e+06 3.26298e+06 3.19878e+06 3.19944e+06
3.19877e+06 3.18012e+06 3.31092e+06 3.21448e+06
3.28221e+06 3.20786e+06 3.2059e+06 3.18354e+06
3.27666e+06 3.19477e+06 3.18481e+06 3.19219e+06
3.26119e+06 3.20544e+06 3.22479e+06 3.19096e+06
3.17352e+06 3.223e+06 3.20037e+06 3.16794e+06
3.21983e+06 3.18995e+06 3.27027e+06 3.24751e+06
3.26516e+06 3.25742e+06 3.22074e+06 3.25766e+06
3.20582e+06 3.28576e+06 3.19179e+06 3.22971e+06
3.20596e+06 3.25214e+06 3.19319e+06 3.21638e+06
3.25374e+06 3.30227e+06 3.27988e+06 3.16529e+06
3.23413e+06 3.23148e+06 3.23909e+06 3.20017e+06
3.1904e+06 3.24518e+06 3.28604e+06 3.19741e+06
3.24586e+06 3.18744e+06 3.21062e+06 3.16584e+06
3.23479e+06 3.26952e+06 3.21587e+06 3.19444e+06
3.25855e+06 3.21935e+06 3.18372e+06 3.19997e+06
3.17706e+06 3.19867e+06 3.18503e+06 3.2154e+06
3.27798e+06 3.18515e+06 3.21968e+06 3.15716e+06
3.195e+06 3.18606e+06 3.18966e+06 3.17492e+06
3.23135e+06 3.18109e+06 3.17062e+06 3.23998e+06
3.21191e+06 3.25316e+06 3.22901e+06 3.19079e+06
3.26233e+06 3.20422e+06 3.16162e+06 3.2131e+06
3.16658e+06 3.21171e+06 3.22556e+06 3.23598e+06
3.21431e+06 3.25904e+06 3.17711e+06 3.18149e+06
3.21877e+06 3.21863e+06 3.19978e+06 3.14527e+06
3.24539e+06 3.24893e+06 3.19921e+06 3.22945e+06
3.18667e+06 3.27647e+06 3.25753e+06 3.17864e+06
3.26314e+06 3.20842e+06 3.18166e+06 3.1908e+06
3.19877e+06 3.18012e+06 3.31092e+06 3.21448e+06
3.24706e+06 3.21918e+06 3.25763e+06 3.18826e+06
3.21068e+06 3.31023e+06 3.21138e+06 3.18758e+06
3.2186e+06 3.2363e+06 3.15671e+06 3.21708e+06
3.23736e+06 3.2468e+06 3.20483e+06 3.18928e+06
3.19406e+06 3.2081e+06 3.24225e+06 3.21742e+06
3.22802e+06 3.20508e+06 3.20642e+06 3.21067e+06
3.27366e+06 3.25382e+06 3.26602e+06 3.14405e+06
3.2821e+06 3.27428e+06 3.27816e+06 3.17272e+06
3.19406e+06 3.2081e+06 3.24225e+06 3.21742e+06
3.18853e+06 3.17854e+06 3.21277e+06 3.17017e+06
3.15623e+06 3.27568e+06 3.18857e+06 3.21893e+06
3.25614e+06 3.26717e+06 3.2769e+06 3.18274e+06
3.24586e+06 3.18744e+06 3.21062e+06 3.16584e+06
3.23073e+06 3.24693e+06 3.19029e+06 3.21804e+06
3.20833e+06 3.27353e+06 3.20488e+06 3.21488e+06
3.21367e+06 3.22961e+06 3.27373e+06 3.26521e+06
3.21673e+06 3.2637e+06 3.15547e+06 3.1712e+06
3.26233e+06 3.20422e+06 3.16162e+06 3.2131e+06
3.25002e+06 3.25405e+06 3.18562e+06 3.22902e+06
3.25742e+06 3.20508e+06 3.17729e+06 3.1758e+06
3.25006e+06 3.28326e+06 3.19163e+06 3.22568e+06
3.17152e+06 3.22735e+06 3.18699e+06 3.25258e+06
3.25291e+06 3.24537e+06 3.18841e+06 3.19002e+06
3.3482e+06 3.2402e+06 3.17785e+06 3.19825e+06
3.25349e+06 3.29835e+06 3.26942e+06 3.18263e+06
3.18884e+06 3.25692e+06 3.2552e+06 3.17192e+06
3.25345e+06 3.22208e+06 3.21222e+06 3.19466e+06
3.1716e+06 3.24621e+06 3.24113e+06 3.20494e+06
3.19533e+06 3.21444e+06 3.19352e+06 3.18628e+06
3.26251e+06 3.3239e+06 3.26631e+06 3.17737e+06
3.22412e+06 3.23015e+06 3.20098e+06 3.21043e+06
3.21907e+06 3.27537e+06 3.24229e+06 3.20104e+06
3.19993e+06 3.22721e+06 3.19944e+06 3.21981e+06
3.24737e+06 3.24334e+06 3.20861e+06 3.16404e+06
3.18288e+06 3.32107e+06 3.22521e+06 3.17636e+06
3.27366e+06 3.25382e+06 3.26602e+06 3.14405e+06
3.19993e+06 3.22721e+06 3.19944e+06 3.21981e+06
3.22473e+06 3.19038e+06 3.2528e+06 3.20869e+06
3.24057e+06 3.25449e+06 3.20003e+06 3.24439e+06
3.24204e+06 3.23239e+06 3.17937e+06 3.20202e+06
3.20156e+06 3.23935e+06 3.22434e+06 3.24695e+06
3.18137e+06 3.19799e+06 3.17338e+06 3.1145e+06
3.26094e+06 3.21642e+06 3.13236e+06 3.19399e+06
3.24932e+06 3.22488e+06 3.22673e+06 3.17004e+06
3.25569e+06 3.21464e+06 3.2347e+06 3.18362e+06
3.21134e+06 3.18149e+06 3.17902e+06 3.1718e+06
3.19143e+06 3.18345e+06 3.19973e+06 3.17579e+06
3.20932e+06 3.26517e+06 3.21663e+06 3.22925e+06
3.27097e+06 3.32082e+06 3.22539e+06 3.14298e+06
3.20629e+06 3.29276e+06 3.2708e+06 3.26345e+06
3.26119e+06 3.20544e+06 3.22479e+06 3.19096e+06
3.28172e+06 3.16892e+06 3.25373e+06 3.27698e+06
3.17645e+06 3.19008e+06 3.16804e+06 3.1582e+06
3.24661e+06 3.24295e+06 3.23561e+06 3.21549e+06
3.25349e+06 3.29835e+06 3.26942e+06 3.18263e+06
3.1904e+06 3.24518e+06 3.28604e+06 3.19741e+06
3.16641e+06 3.27283e+06 3.2083e+06 3.24642e+06
3.20138e+06 3.23622e+06 3.21681e+06 3.1511e+06
3.19045e+06 3.19459e+06 3.15779e+06 3.14559e+06
3.24204e+06 3.23239e+06 3.17937e+06 3.20202e+06
3.18452e+06 3.20327e+06 3.2254e+06 3.25437e+06
3.19413e+06 3.27348e+06 3.21957e+06 3.20291e+06
3.25002e+06 3.25405e+06 3.18562e+06 3.22902e+06
3.20596e+06 3.25214e+06 3.19319e+06 3.21638e+06
3.22013e+06 3.28313e+06 3.20248e+06 3.18533e+06
3.26964e+06 3.23752e+06 3.24935e+06 3.11579e+06
3.22946e+06 3.22822e+06 3.2251e+06 3.17757e+06
3.21848e+06 3.1874e+06 3.23226e+06 3.19152e+06
3.30377e+06 3.20525e+06 3.15241e+06 3.2289e+06
3.17128e+06 3.22486e+06 3.24312e+06 3.12904e+06
3.31075e+06 3.19041e+06 3.19267e+06 3.16125e+06
3.23745e+06 3.27818e+06 3.2644e+06 3.19477e+06
3.29056e+06 3.26748e+06 3.22766e+06 3.17159e+06
3.20725e+06 3.19278e+06 3.2111e+06 3.25469e+06
3.25888e+06 3.28039e+06 3.18129e+06 3.2522e+06
3.2725e+06 3.21284e+06 3.18854e+06 3.24481e+06
3.19544e+06 3.18982e+06 3.20483e+06 3.18499e+06
3.2663e+06 3.21038e+06 3.13157e+06 3.14624e+06
3.22013e+06 3.28313e+06 3.20248e+06 3.18533e+06
3.19221e+06 3.20846e+06 3.146e+06 3.18883e+06
3.21616e+06 3.23348e+06 3.17414e+06 3.17514e+06
3.20653e+06 3.22893e+06 3.18976e+06 3.20794e+06
3.22368e+06 3.1925e+06 3.18506e+06 3.1954e+06
3.20429e+06 3.14479e+06 3.21233e+06 3.1585e+06
3.27212e+06 3.21327e+06 3.24598e+06 3.16746e+06
3.22813e+06 3.23544e+06 3.20814e+06 3.1781e+06
3.19933e+06 3.31417e+06 3.16451e+06 3.22238e+06
3.31401e+06 3.26193e+06 3.20046e+06 3.20455e+06
3.17586e+06 3.23722e+06 3.19505e+06 3.17553e+06
3.26076e+06 3.24604e+06 3.18879e+06 3.18748e+06
3.27045e+06 3.17671e+06 3.26332e+06 3.19282e+06
3.26175e+06 3.22208e+06 3.23978e+06 3.20337e+06
3.19045e+06 3.19459e+06 3.15779e+06 3.14559e+06
3.17586e+06 3.23722e+06 3.19505e+06 3.17553e+06
3.24948e+06 3.23299e+06 3.22273e+06 3.2e+06
3.25221e+06 3.2606e+06 3.21404e+06 3.16425e+06
3.215e+06 3.21192e+06 3.2635e+06 3.20334e+06
3.22325e+06 3.22125e+06 3.27114e+06 3.20532e+06
3.18247e+06 3.20771e+06 3.22412e+06 3.259e+06
3.17152e+06 3.22735e+06 3.18699e+06 3.25258e+06
3.1869e+06 3.21501e+06 3.22052e+06 3.18879e+06
3.22226e+06 3.2237e+06 3.1831e+06 3.21444e+06
3.22144e+06 3.23077e+06 3.20841e+06 3.19641e+06
3.19847e+06 3.22966e+06 3.19912e+06 3.22042e+06
3.274e+06 3.27157e+06 3.24453e+06 3.15792e+06
3.1675e+06 3.21729e+06 3.20307e+06 3.19522e+06
3.21296e+06 3.1608e+06 3.258e+06 3.19982e+06
3.22796e+06 3.20601e+06 3.2008e+06 3.20983e+06
3.24117e+06 3.21734e+06 3.25501e+06 3.18638e+06
3.2354e+06 3.15328e+06 3.1673e+06 3.17032e+06
3.21668e+06 3.17832e+06 3.17315e+06 3.15203e+06
3.25361e+06 3.17618e+06 3.23772e+06 3.2138e+06
3.20495e+06 3.23115e+06 3.19696e+06 3.23066e+06
3.18853e+06 3.17854e+06 3.21277e+06 3.17017e+06
3.25479e+06 3.22197e+06 3.26304e+06 3.20466e+06
3.22594e+06 3.2352e+06 3.29469e+06 3.22676e+06
3.16713e+06 3.22722e+06 3.17858e+06 3.14748e+06
3.18247e+06 3.20771e+06 3.22412e+06 3.259e+06
3.22226e+06 3.2237e+06 3.1831e+06 3.21444e+06
3.26152e+06 3.25849e+06 3.18976e+06 3.19513e+06
3.23243e+06 3.31478e+06 3.17333e+06 3.17854e+06
3.24706e+06 3.21918e+06 3.25763e+06 3.18826e+06
3.22325e+06 3.22125e+06 3.27114e+06 3.20532e+06
3.21907e+06 3.27537e+06 3.24229e+06 3.20104e+06
3.25569e+06 3.21464e+06 3.2347e+06 3.18362e+06
3.26152e+06 3.25849e+06 3.18976e+06 3.19513e+06
3.22817e+06 3.20694e+06 3.26374e+06 3.29139e+06
3.22234e+06 3.23023e+06 3.23156e+06 3.16636e+06
3.20535e+06 3.26344e+06 3.23001e+06 3.18742e+06
3.21479e+06 3.26858e+06 3.2162e+06 3.23437e+06
3.24449e+06 3.17889e+06 3.2053e+06 3.17218e+06
3.28172e+06 3.16892e+06 3.25373e+06 3.27698e+06
3.23617e+06 3.23829e+06 3.17554e+06 3.16487e+06
3.29056e+06 3.26748e+06 3.22766e+06 3.17159e+06
3.21818e+06 3.21811e+06 3.28139e+06 3.23893e+06
3.26094e+06 3.21642e+06 3.13236e+06 3.19399e+06
3.18312e+06 3.23816e+06 3.20059e+06 3.21919e+06
3.23913e+06 3.22798e+06 3.18736e+06 3.18086e+06
3.21435e+06 3.28806e+06 3.15816e+06 3.17752e+06
3.20725e+06 3.19278e+06 3.2111e+06 3.25469e+06
3.1579e+06 3.25854e+06 3.19605e+06 3.22298e+06
3.25101e+06 3.24097e+06 3.14883e+06 3.19818e+06
3.27118e+06 3.26723e+06 3.19353e+06 3.13892e+06
3.20325e+06 3.1952e+06 3.2104e+06 3.1977e+06
3.20535e+06 3.26344e+06 3.23001e+06 3.18742e+06
3.20864e+06 3.26051e+06 3.17656e+06 3.24306e+06
3.22368e+06 3.1925e+06 3.18506e+06 3.1954e+06
3.21622e+06 3.28525e+06 3.20835e+06 3.2488e+06
3.24057e+06 3.25449e+06 3.20003e+06 3.24439e+06
3.19852e+06 3.19321e+06 3.2476e+06 3.18962e+06
3.2481e+06 3.21734e+06 3.23571e+06 3.21008e+06
