120 1.19266
161166 142995 144183 160052
144146 161681 145114 166536
153896 173432 134043 163661
164326 153555 141036 158975
158263 164073 158093 138363
163657 155824 144377 151981
151297 144086 165539 153058
157986 151813 144408 160045
165641 136303 165511 166763
158666 152441 158373 145123
145991 145778 165424 165624
153078 151136 169346 137975
159436 159878 151120 148197
163424 144004 166064 146142
143692 157369 161749 163839
150083 159238 156871 151019
155770 147115 156044 164442
157607 161234 147031 153977
150115 152278 158984 162385
145982 166036 161917 146961
155824 153696 152955 157695
156562 150929 162122 148379
138890 176706 154375 158767
158461 171290 152645 144979
161136 144893 161726 155755
146212 164614 155267 159281
142758 163558 167103 160895
149030 155830 159993 158616
146659 161203 166038 147089
161589 156057 142344 169993
147042 173853 152460 154271
153445 170414 148567 156260
165570 169152 140108 163508
164163 169599 148272 149305
162420 166312 156316 143422
167881 153729 155085 149946
155128 167037 151443 150359
158889 156518 168317 140226
152179 159263 159684 149038
150137 167974 152514 157209
156757 146496 161865 160368
148607 164249 153233 161566
153719 166444 159372 146595
162663 158307 156994 146560
146594 162554 161190 155481
150332 160892 155164 160282
163953 153327 166241 144030
156760 158543 149935 162159
145787 163354 164702 152883
151788 170818 162366 145586
151636 164301 162494 146449
154585 148914 163983 157665
154014 151377 160731 160755
161635 152037 158750 151455
149007 146204 170115 157186
156166 165059 152353 151142
166072 156412 163890 144673
158167 153305 158550 153747
168583 158265 154377 151424
163087 164981 164220 131643
173260 177559 131731 166631
163649 135862 171017 175148
138890 176706 154375 158767
165964 173547 164093 154717
168645 168946 161078 160217
175738 178808 171333 157080
174458 185508 168954 154222
163468 169557 178913 170566
179172 161344 169363 166844
182535 175204 170295 163254
179813 166754 162366 161295
166445 171280 171576 172573
164078 180578 170071 156284
165031 161797 172886 167320
177601 177482 166699 161149
168487 172090 164693 166243
169635 148463 164831 169839
166336 167006 174861 157836
162906 173797 165127 170428
161965 168309 166913 160427
172987 163784 191095 166474
162588 173129 168833 157343
180234 178622 168668 154472
151584 153008 172050 169076
164522 166976 166290 148958
183530 164378 161352 167994
179633 165835 171351 163792
171494 172462 176816 166486
184723 160081 161924 158002
165127 178853 180191 174235
163636 180472 172895 150541
180633 161721 164033 171991
162062 175772 168899 174439
168973 175367 161345 167394
166491 164574 161950 165593
164142 176738 170155 166919
155906 161462 185005 169236
164194 169430 173890 152659
159246 157734 175156 151712
169943 161783 182767 164113
165374 163271 181371 150671
168180 170113 166289 162077
179948 158352 174239 150013
173491 167452 180385 164559
167520 186831 162867 157077
165357 182409 185792 171667
185875 178850 169040 157313
180304 164790 181216 158592
178668 186486 160557 162675
174972 157905 160148 171063
159474 170393 165550 158789
154765 166362 174178 151945
159707 176689 171570 160239
151964 168099 161414 157992
179119 165666 165787 155809
181158 150330 169640 160842
172222 164844 158870 155955
173421 156765 153101 160994
168257 180525 156497 158264
165591 167313 164581 162065
168213 164680 158067 167613
162640 164355 174638 172341
184371 175925 183079 163045
167278 171314 162537 175630
160799 149381 180342 149978
166912 154238 165102 168848
187386 184342 175927 159769
171741 164818 154870 161515
171761 168515 189639 174269
180269 163097 160528 160356
167394 174402 163775 145578
158464 179475 160019 158249
170513 167222 166635 162327
179937 162123 168332 172479
173639 167769 171038 146927
175678 176290 146776 159905
158479 149353 175615 151107
171217 155417 155698 168722
167068 164869 145737 170342
162445 159888 179925 172009
159416 174396 163766 161957
178337 179458 178278 155683
169728 170375 154789 174686
179277 165093 163236 156775
181927 189599 176530 162240
167221 172958 172466 174967
184654 164812 166748 177387
164898 158345 171787 160858
169028 170415 161080 161234
162924 173151 167753 163912
176467 171631 168053 174565
178541 168106 162138 165175
173992 164103 171175 167920
159454 175967 174074 160033
160997 171142 160286 154853
168329 175071 169983 156843
158557 166861 167253 168685
173318 172557 173265 155285
168723 165538 172374 149398
179881 170843 163651 160451
170633 168374 175003 165921
153749 159979 171492 164273
171311 170883 165806 149521
154360 161962 175116 160057
172837 176358 173579 169889
181251 183782 181057 171200
179703 168691 178399 167046
167048 167683 179090 161818
170024 177466 184988 163824
168369 181196 178097 166168
184496 169505 178406 162225
174623 174090 172339 156359
165383 163707 166705 160865
172754 172531 171375 164579
185052 163623 169055 160736
171944 176204 188056 156332
147866 176283 167975 157973
174464 174813 171927 174336
174890 155728 164883 159680
181703 168832 176445 165005
175552 150415 179372 152671
168191 162192 174860 177374
157186 168439 165070 158433
181441 173276 180431 174681
178479 161988 167714 161428
180193 177920 156717 158430
159975 176948 158690 163938
146538 164950 171200 155933
168892 168524 175823 175991
161292 172865 184147 163728
182718 168353 165577 163511
164197 166820 172581 164205
169114 163666 165191 158195
171700 156458 164619 155956
167195 170757 157973 153209
166644 164292 162253 153801
164761 161209 166895 161204
164966 173511 163886 165779
176521 164747 181976 158225
159640 169783 173888 163243
174887 163696 173458 172622
170692 179369 177994 154709
192340 150901 159544 167910
165548 167965 178134 167651
177738 163030 166712 171422
158611 165425 175663 172102
179225 171585 172035 157485
174139 159050 171941 167874
156411 162796 163774 162875
166535 163467 174873 155920
179276 168032 167553 174394
166172 166763 173380 157348
170881 168109 167896 170586
166852 168123 178712 162096
162115 167521 164951 162352
176796 159403 180641 168568
179397 179044 185110 162996
175090 173739 173903 150714
173674 170729 161488 164014
167620 176489 168974 171394
156353 162521 174447 169786
173618 162975 166933 158254
181690 170041 166177 157906
168825 172886 179350 170354
178527 164448 160333 179894
166972 175592 185055 170177
172477 171696 173155 172767
150039 167183 163146 159486
158025 165672 169406 165780
170606 170969 167676 168749
171119 179169 169908 156045
156334 169714 167807 154955
164392 176922 162664 156113
168087 168468 172338 172931
167952 171717 172081 174573
180239 173776 173205 159888
162487 158638 168450 157783
168833 175561 164146 165136
171014 185970 171702 155509
173500 184480 185480 159276
174042 150118 163391 164524
173460 162075 155909 154610
172387 179384 175510 178197
162914 177314 165725 159363
181953 166114 172187 157582
182821 180552 158246 168194
165594 177939 183380 164463
164098 177879 180774 169564
173151 165800 164765 156245
174540 158874 175934 159613
179978 173997 154836 165990
174315 166546 177656 172017
176203 161070 157113 158499
172029 170667 175120 168700
161656 165215 165698 174208
157931 166097 164078 172714
174311 185967 176784 160565
163485 167453 173030 153740
175273 167417 180114 167430
186933 155409 176062 157651
167419 177870 171529 159211
168449 169427 174692 157252
169307 175160 158110 154590
160736 171667 162410 148298
149698 159442 152861 164135
172919 169994 174575 173685
164111 184252 169455 165497
162961 173195 169396 157808
160587 156394 166792 153478
169522 171226 178488 158051
159580 187145 170632 167463
143056 162823 169053 164573
169381 163330 164227 152209
175971 176032 184887 159914
168631 177280 157571 167124
181471 165009 169919 165219
175800 188568 157907 155410
171296 160569 179768 155577
174807 184691 179974 167121
170079 174708 170560 152603
160402 181936 164778 176074
164326 171299 172215 165750
185385 164980 166635 174530
167003 163223 173087 163895
153074 171590 179332 156531
169545 180940 164772 163976
171142 172885 169397 161612
169180 172071 169928 165287
167300 168386 172210 152611
169431 169191 165812 160720
176870 174429 169287 154715
165025 163738 154010 169149
179909 181042 174179 148281
177468 156322 173031 149256
155705 168555 171718 144579
160794 174121 178483 165029
164889 159603 157475 158332
174021 180776 170336 178111
179190 180964 159069 157579
170419 159079 151555 165879
