47369 358.388
277574 330920 304057
307169 333792 263720
317804 282064 295524
346407 325166 263719
350165 287688 290514
300372 290272 318647
318964 295611 288082
331103 302545 279492
323329 301684 282185
307078 320462 288673
291475 310977 306927
300372 290272 318647
324646 296731 285877
304647 332900 276602
284011 333564 302070
341647 288218 294648
346407 325166 263719
323208 291037 292452
277574 330920 304057
299096 333172 285487
316010 306939 276275
335965 295844 284044
307433 302131 280452
310235 283794 314179
302115 328369 288010
331103 302545 279492
331103 302545 279492
304093 298523 296381
302728 298393 313714
307169 333792 263720
343901 325503 267875
319166 327337 275281
350165 287688 290514
346407 325166 263719
319166 327337 275281
294801 316233 289298
317804 282064 295524
316445 284536 310526
304626 311169 293547
307078 320462 288673
320909 327827 273827
294320 318634 303348
294629 319978 300212
316445 284536 310526
284011 333564 302070
311979 287703 300835
304626 311169 293547
300372 290272 318647
308754 290936 297975
327513 288969 292850
349350 297906 283894
286676 327003 307801
301189 314184 291081
334691 308509 271140
331103 302545 279492
332285 326157 270473
319166 327337 275281
346407 325166 263719
284011 333564 302070
306537 312934 293319
277574 330920 304057
346407 325166 263719
292003 331997 294334
335965 295844 284044
295162 315953 306702
327513 288969 292850
311979 287703 300835
286676 327003 307801
323329 301684 282185
343901 325503 267875
294320 318634 303348
330241 329178 269303
304647 332900 276602
320909 327827 273827
334691 308509 271140
320909 327827 273827
343901 325503 267875
323329 301684 282185
316010 306939 276275
334691 308509 271140
334691 308509 271140
311601 297758 293269
327513 288969 292850
329781 328776 271871
329781 328776 271871
331103 302545 279492
306537 312934 293319
346407 325166 263719
311601 297758 293269
293826 319240 305766
308672 296163 302392
300085 309017 305190
331103 302545 279492
301189 314184 291081
293826 319240 305766
332285 326157 270473
295162 315953 306702
299586 313674 292621
293826 319240 305766
292003 331997 294334
288063 320182 296814
330241 329178 269303
284011 333564 302070
325242 313687 273335
301121 311151 297747
303193 313154 291842
308672 296163 302392
350165 287688 290514
330241 329178 269303
335965 295844 284044
292003 331997 294334
294320 318634 303348
308672 296163 302392
302728 298393 313714
295162 315953 306702
335965 295844 284044
330241 329178 269303
287493 301830 307688
325914 309286 275483
332285 326157 270473
287493 301830 307688
308891 289584 302076
346407 325166 263719
277574 330920 304057
304093 298523 296381
306537 312934 293319
299096 333172 285487
294320 318634 303348
311979 287703 300835
292003 331997 294334
303193 313154 291842
301189 314184 291081
299096 333172 285487
295162 315953 306702
301189 314184 291081
317804 282064 295524
294629 319978 300212
311601 297758 293269
329781 328776 271871
300085 309017 305190
294320 318634 303348
304093 298523 296381
334691 308509 271140
299586 313674 292621
303193 313154 291842
294320 318634 303348
343901 325503 267875
332285 326157 270473
334691 308509 271140
316010 306939 276275
316445 284536 310526
311601 297758 293269
284011 333564 302070
287493 301830 307688
308891 289584 302076
302728 298393 313714
277574 330920 304057
304626 311169 293547
319166 327337 275281
304093 298523 296381
319166 327337 275281
294320 318634 303348
288063 320182 296814
325914 309286 275483
316010 306939 276275
323208 291037 292452
287493 301830 307688
335965 295844 284044
303193 313154 291842
332285 326157 270473
346407 325166 263719
308891 289584 302076
311979 287703 300835
277574 330920 304057
303193 313154 291842
286676 327003 307801
306537 312934 293319
346407 325166 263719
308672 296163 302392
304647 332900 276602
292003 331997 294334
349350 297906 283894
316445 284536 310526
327513 288969 292850
346407 325166 263719
343901 325503 267875
330241 329178 269303
330241 329178 269303
304647 332900 276602
335965 295844 284044
323208 291037 292452
300372 290272 318647
300372 290272 318647
320909 327827 273827
330241 329178 269303
343901 325503 267875
323329 301684 282185
304647 332900 276602
331103 302545 279492
330241 329178 269303
323329 301684 282185
307078 320462 288673
316010 306939 276275
332285 326157 270473
316010 306939 276275
343901 325503 267875
295162 315953 306702
307433 302131 280452
307169 333792 263720
335965 295844 284044
286676 327003 307801
294801 316233 289298
300372 290272 318647
294320 318634 303348
317804 282064 295524
307078 320462 288673
277574 330920 304057
349350 297906 283894
316445 284536 310526
335965 295844 284044
332285 326157 270473
302728 298393 313714
294320 318634 303348
349350 297906 283894
304647 332900 276602
308891 289584 302076
286676 327003 307801
317804 282064 295524
301189 314184 291081
291475 310977 306927
341647 288218 294648
307169 333792 263720
346407 325166 263719
330241 329178 269303
294320 318634 303348
329781 328776 271871
301189 314184 291081
349350 297906 283894
295162 315953 306702
299096 333172 285487
311979 287703 300835
294320 318634 303348
299586 313674 292621
299096 333172 285487
335965 295844 284044
323208 291037 292452
300372 290272 318647
304093 298523 296381
308891 289584 302076
330241 329178 269303
332285 326157 270473
308891 289584 302076
311601 297758 293269
316445 284536 310526
316010 306939 276275
316010 306939 276275
287493 301830 307688
334691 308509 271140
303193 313154 291842
287493 301830 307688
346407 325166 263719
308891 289584 302076
311979 287703 300835
343901 325503 267875
294320 318634 303348
318964 295611 288082
306537 312934 293319
329781 328776 271871
299586 313674 292621
277574 330920 304057
349350 297906 283894
316445 284536 310526
332285 326157 270473
293826 319240 305766
329781 328776 271871
349350 297906 283894
293826 319240 305766
327513 288969 292850
286676 327003 307801
311601 297758 293269
301189 314184 291081
291475 310977 306927
341647 288218 294648
307169 333792 263720
343901 325503 267875
287493 301830 307688
335965 295844 284044
308672 296163 302392
323329 301684 282185
350165 287688 290514
316010 306939 276275
332285 326157 270473
308672 296163 302392
346407 325166 263719
307433 302131 280452
307169 333792 263720
335965 295844 284044
286676 327003 307801
294801 316233 289298
300372 290272 318647
