2 0.153133
787604 785041 804196 822178
831204 798262 763905 824449
799815 816004 764556 819425
787024 797458 811256 790210
829492 822485 761231 814283
793737 766724 785420 778647
788466 781894 811929 815591
824876 812498 764675 795697
769261 801070 809633 802442
812825 811242 781942 781444
789185 803702 780439 808223
789808 791489 792171 785150
775437 821465 797761 804377
824861 788584 775523 785962
808812 741891 795630 788712
812989 806484 783521 781392
778984 782162 808436 812285
788899 780641 820030 824996
792330 784297 781065 813793
818604 811977 805384 767388
771508 804420 793415 814886
793936 807183 812408 775487
820009 776456 777898 813737
818764 780667 775520 798832
773923 795251 816761 837385
793296 804054 775358 788113
782346 806000 789188 802169
834672 808741 766036 813190
816977 814334 758763 826884
798662 787120 770439 788729
813546 784015 766680 833576
778480 811612 790211 795087
813206 778036 781446 824787
784855 822838 787932 816443
793069 812458 783162 800943
789110 794099 790754 832952
806425 811613 766888 795941
834711 795062 775305 785629
806033 843874 807166 748492
783714 789375 831426 779716
823084 803150 799404 771049
786021 789560 803288 807755
778399 813316 813667 798616
811846 805230 820443 778264
809325 833288 806897 765296
793416 768511 806991 795835
781425 793644 804537 859502
783600 809783 787624 831510
792626 840001 796488 771615
788757 802461 800553 803285
778469 798825 811009 817141
855892 793848 777328 780494
796205 764467 784874 804714
815550 795367 771834 781204
791120 788047 788295 833022
812469 781563 775273 803648
771106 794121 825274 809916
793305 804548 769721 787781
797755 821770 767368 824470
778855 793757 805558 804825
795993 763616 787456 802055
788489 810177 786456 790249
775945 793196 819290 807506
851354 800407 789804 770032
856481 816846 763971 802695
782027 788522 808298 815365
814320 777394 784046 815874
841197 765523 794050 795340
790334 787286 790917 803270
840178 822566 781522 778243
775991 857415 815169 791528
816578 807592 809936 777757
808558 826066 765117 820321
806331 823899 768735 823037
788250 804920 813804 796497
833307 793843 827967 782261
824703 775129 788794 801761
818704 774668 825627 787194
794036 783621 794318 793351
823477 774818 788355 801990
830130 789345 786727 785065
813727 772868 836385 786691
804705 785918 798812 791971
810069 783905 796891 787874
808246 783268 800852 785038
843358 767020 813870 786446
804814 794335 791936 778739
805450 772248 818307 789815
815020 775326 786819 794970
797820 774937 804407 788049
808817 776516 808465 782761
795208 789183 789689 789849
824876 788320 806360 784110
829859 816076 766736 798838
778364 819559 841893 804668
791192 806681 781471 822715
799034 801069 807539 788028
814207 782538 799405 801627
823461 757316 822493 808904
843485 779288 797077 793059
787128 784060 832607 820025
830904 821481 812097 770664
776707 837701 816591 819744
833969 780087 781650 815439
789953 808209 798467 810810
787287 808038 789482 825451
808725 789651 776490 816145
799160 800266 772958 812630
810962 789038 775869 795271
808227 792171 780461 836002
798992 793405 778370 802030
808131 800042 784626 792183
810555 802626 777587 802665
801444 789449 781909 833161
854662 788276 788252 794819
805739 792193 783744 826304
813549 798514 782297 790722
813432 793800 776909 794333
804114 797212 776248 806728
810793 798191 771101 815816
798891 793723 780713 835938
810182 801247 781701 799432
827794 787444 773858 834473
788317 820035 792604 797950
786160 840728 795818 815456
782896 817520 796974 839944
850283 814188 768010 817670
786962 797327 833863 803347
825359 808541 817437 775927
824388 808687 815271 771877
793992 773709 812810 831255
805846 772849 808583 796400
793826 802281 832637 802717
817729 844452 818337 774394
808077 842714 820872 775736
800749 791033 786658 833154
834339 828819 787454 781360
835233 822589 785683 785138
837008 804389 782214 788514
813770 783231 779315 832297
794633 807671 781341 823096
795907 817951 777354 828290
832093 827652 772993 791545
820278 810130 789426 790469
854514 811556 772255 815651
813790 820030 769813 807267
800019 815480 775559 807328
807182 809669 770450 828370
809349 813726 777921 803677
837773 807120 780429 790236
806407 813997 775880 792484
779677 795942 810162 825230
786945 819275 809211 812362
799471 774910 797321 831313
837370 772446 812187 803673
810638 765766 797812 808639
801295 785076 788896 824021
798322 779606 800091 838074
808362 769309 792023 806371
825216 766319 802891 803879
800807 772261 814556 828628
831216 767129 791894 830405
824522 774894 787850 809034
799345 767755 822469 855563
790006 827153 787859 826150
788919 812037 798527 810236
789845 849311 789051 796842
789579 832185 816017 795707
782946 818760 819677 810960
853374 829162 801588 775506
785938 804152 813684 823715
788804 795766 813763 836190
791390 795761 801230 809368
791127 798660 821418 819319
793929 788726 807201 822023
793794 798379 799809 839123
793567 801813 793554 838862
806716 860891 780613 803796
832715 842875 823528 778930
817981 775804 841664 799945
860930 823777 768462 822569
818834 770043 816324 817977
810629 795415 781136 851303
781721 805010 821906 839444
852862 815555 770511 828529
802335 838370 797623 798219
789999 818990 814231 815769
846587 787716 774537 836538
819456 782408 828488 786049
833516 833877 789429 793027
790785 809344 836302 812970
849320 789900 788115 831903
801765 800990 831814 805822
837557 791160 781430 848334
815699 806310 773854 834672
798594 810029 790243 845599
798926 778680 834955 830479
827410 778658 795031 824232
829786 811524 807027 779061
845237 813391 786406 796299
814693 794788 814297 783215
844599 789947 819550 788535
836014 823717 791074 788379
801163 821991 778085 825360
820928 785164 815841 801410
801200 810300 789376 837585
824796 776366 795203 821059
801912 827590 825450 790938
791190 824655 810790 814249
799663 808632 826218 803011
815140 798237 784809 808800
834830 777855 818157 794727
817059 771282 817072 811516
805185 786229 802686 809856
832795 805290 775711 812712
797538 803464 791931 843375
809514 814086 798706 781094
816729 794104 783140 807974
817249 803882 801358 785371
813350 807560 772071 823523
810655 830541 786288 794437
840848 784822 813176 798628
802753 794267 792574 842434
796156 799805 802617 828803
811968 777210 821335 813381
813333 780989 804905 826247
795359 804936 796511 803580
842403 792022 781527 823638
837518 780388 822343 787108
837015 814166 786258 789506
800137 831621 791463 817847
830815 820747 777083 810556
814795 773049 817436 833214
826639 817392 792398 793254
792210 819966 808912 814425
811655 828262 777544 810331
845113 790254 809865 784214
822256 806967 793130 779822
816858 795684 779457 798564
796083 789477 805386 818305
794332 811624 784014 833872
813896 826722 771486 833206
808949 802886 792363 804283
801865 827218 799713 800257
810953 821497 784684 800662
797082 812008 812944 793799
813883 779829 801178 842512
826647 776758 805981 814888
822085 782900 794628 833626
806272 794233 793641 817269
807864 780236 807844 821759
801959 803696 782244 813653
797543 791932 813816 812654
811788 783004 803877 817860
810134 793449 809343 786763
806737 790378 797387 792054
814261 784500 818208 813322
823691 801102 774841 818284
798770 792726 797897 819936
838525 784781 790313 807075
808338 793125 789119 830073
810373 786291 798158 830741
801819 797229 818651 811444
829824 774957 819031 788968
819819 774062 816211 802867
801799 814535 787182 806131
812545 781191 818892 805386
803885 825188 780814 803965
811451 803157 790652 795458
842213 782683 805972 807576
801750 809128 788801 815475
807481 793910 793813 807124
806927 802430 788140 827077
806817 825787 777380 819152
809487 803452 777058 812039
809485 774991 816061 832851
798226 819301 791183 819420
800455 782503 812270 821353
806854 777904 819315 827926
792872 814321 787970 823743
838963 792881 797097 801323
832264 792990 777486 821875
793850 807830 825591 814578
817443 779600 803566 821809
793427 809539 805304 825428
832476 816319 773884 815637
814568 774339 813189 822892
812261 818687 795375 780941
800912 801170 799496 805057
811469 807212 805722 791424
798753 812580 812598 802122
813846 778757 810010 826890
800611 820345 810574 802623
814737 818745 786046 810173
793641 812133 821995 806139
792323 811643 802614 810808
822327 780472 807370 821089
804080 803136 792530 801809
803092 793517 796153 801023
839913 780592 790832 816487
