8 0.219978
348396 329936 312373 288309
321422 348790 300873 292618
326408 311606 314214 311774
335941 308381 314473 308628
321976 308987 306716 318041
329256 327229 322486 294915
327546 311362 324664 301311
323528 349059 321671 281891
333244 312412 305213 295998
324659 329234 292217 317108
315486 333882 301169 303817
340331 326082 312726 286774
333408 295901 317204 305905
314820 328384 287200 345326
315801 302470 319926 312983
323528 349059 321671 281891
316166 303646 326123 302184
329707 316842 296575 315625
344323 314262 297543 312605
317592 330052 296038 300001
324009 304868 322557 306089
306762 330840 327597 298250
296352 336524 316998 306981
349894 329975 329283 281736
332296 316555 300764 313223
316957 303442 319528 312782
308372 329557 321301 294410
327734 328851 304569 297483
332154 322721 307048 288522
336146 317075 310269 292227
320217 305456 306871 319293
333974 315557 299402 301466
325513 304637 304316 319210
324999 310218 298285 316507
309956 331027 292239 322770
325333 323648 329879 292271
316432 319331 304614 315911
333445 319052 297851 304047
325738 329642 319448 289588
301540 332760 318416 321637
325823 324095 294975 309970
344495 316436 289039 303829
313358 329708 295336 309936
315147 335528 304925 299062
331580 345409 299857 297446
331127 324004 304469 295797
332184 335899 290331 310175
320760 325805 300124 298470
335453 319697 283478 295127
336590 306239 310976 310274
329767 332933 331813 277696
351042 313681 285263 310943
325227 318049 302402 316172
324632 327963 293119 320508
342216 317187 290922 305806
334471 321169 316178 290606
308372 329557 321301 294410
314068 309771 316215 320000
315818 344564 308206 294337
343808 315441 299400 312868
340696 334416 309558 288330
355257 299568 296544 311917
337807 314005 291124 314058
332633 350610 298223 299411
337122 300705 316224 298365
338617 307887 300107 308022
327004 314180 297551 325915
330460 309867 304759 296279
366796 315433 284615 326901
303239 317474 311876 331818
305127 311389 315977 306361
306412 317925 310544 340314
329804 308876 319723 300989
333778 293443 317016 307796
333689 291575 319916 307611
350139 288912 303423 326702
331752 320472 313574 293256
342380 294887 305854 291575
335581 312489 300074 301812
308113 329559 324557 294396
337560 306241 306280 316259
320751 348102 292025 331816
313385 304378 299984 327969
324777 317647 299617 316258
344275 317186 291922 305579
318326 332303 323370 286521
324348 309632 299919 317466
319889 315257 305009 314948
329504 324481 283410 310561
327557 305895 313657 317470
327169 356949 289202 326318
333085 300928 312598 314305
314062 321259 303938 309130
315809 315733 306862 294996
333910 309127 306432 313168
347318 336509 331251 280151
333377 324523 294954 305900
328312 319416 299775 301229
301379 331029 311603 337913
312773 329355 311507 298118
343625 313839 294461 312916
330095 317702 296783 315336
318670 306578 314818 311031
298231 358905 316786 312330
301540 332760 318416 321637
335783 301766 290550 324865
317568 313639 305294 298267
314946 310279 315721 322674
316166 303646 326123 302184
325625 319667 297723 313495
343564 316701 293933 303127
320236 336417 303317 292358
304468 322202 299820 304004
329656 319260 304139 313576
341003 316296 292627 311656
331589 325456 293734 304916
325913 305329 303733 320579
308558 315387 302552 339854
325642 325752 290707 325975
327764 311117 318561 306006
322754 338491 307065 282289
307905 316268 311662 316339
333527 349922 291553 304914
333408 295901 317204 305905
342329 312176 292739 317811
308837 307602 323967 336553
302670 342921 314627 319617
307971 315235 313540 305389
326501 323885 291438 309762
308073 337737 320102 300542
314464 316445 323197 304037
322567 341775 289550 309841
321456 327348 320643 290227
325783 327778 295083 318882
330206 321912 294515 330451
341003 316296 292627 311656
351042 313681 285263 310943
337967 295996 305461 318513
347956 311006 294919 310881
312974 328462 310814 301097
344806 299745 298730 308916
324620 305130 322056 303155
319205 320287 298718 298863
311604 322130 310656 322364
310629 327351 298263 323871
329707 316842 296575 315625
342417 315991 295306 303667
327818 328715 274918 331400
315105 335511 304440 303032
302923 327466 320906 315822
327169 356949 289202 326318
323646 319518 304366 308024
340279 347889 306769 291344
318235 327659 297756 315958
337811 313236 288950 313660
340489 323862 297691 293197
313781 321771 307194 323767
317615 331229 289855 346356
298936 356384 317977 310368
343560 338862 323284 287226
334279 295535 317448 308777
324806 311255 351425 311064
339089 321739 287275 316931
367122 320465 305567 296081
323040 342025 350293 293772
318049 311613 335907 311763
365031 336045 307544 292554
356461 318445 294368 310355
322032 311826 316746 336505
305701 326659 320165 327777
335065 298665 318279 307455
353380 295781 315472 323633
338007 352051 300037 302506
316389 347097 332420 300816
317030 312005 309507 341670
330755 311665 309142 333192
316218 311427 325139 340056
326929 342734 328535 290197
309418 344907 308114 304093
348341 306614 293611 330128
322497 356002 294642 331136
355566 317764 297686 327989
331478 313812 327786 299513
351025 331033 310736 293783
315396 313172 300107 331512
338243 348335 330045 288423
320338 312411 319546 341111
332638 351095 289994 310954
306077 349499 305587 312731
333529 336953 312487 288958
346810 301381 324143 304490
340225 328108 313719 292117
310749 335219 300049 319267
349377 326389 294591 301725
335559 330016 292540 307602
322570 313164 333193 310418
318212 349515 298280 309409
345002 327892 287420 313190
323903 340692 300916 309725
329059 333912 292115 319065
333728 332645 290423 322497
333641 329093 298778 305129
306742 312458 321885 321299
308746 325741 310099 325351
327710 336478 294958 311192
354178 310209 308810 303807
341554 326510 289443 307008
339856 302018 325067 301455
332765 337356 288287 318460
322309 304590 319534 328986
349085 321111 305297 296012
350978 331349 303383 300346
338405 308892 313480 327050
328829 309799 320563 311562
319133 325344 313209 295161
310923 323473 310372 321042
348634 323274 293220 304883
317939 326986 300351 324381
321493 321743 311255 304633
337794 311563 330592 297216
312055 333287 302584 310279
330458 330619 329953 294530
329851 307996 327085 314914
340726 337684 294751 305680
323213 305359 335139 314446
342657 332384 287963 308058
347255 333375 296207 306663
326706 332012 322501 294627
324474 318924 318377 302958
323213 305359 335139 314446
324677 339553 299635 303697
347617 335890 296598 304566
331276 311066 332899 302312
307675 328061 306251 304153
342251 330058 326330 290688
325678 317239 302479 328594
336533 317979 297046 316051
327298 315678 304514 323143
324091 306425 309643 327945
312672 316161 303985 341644
346810 301381 324143 304490
314656 324464 309422 325349
324044 341320 298800 326361
327240 332181 291650 319322
314482 348344 314888 303239
330583 324985 308756 298649
337707 323145 310915 292864
329490 336479 329778 291486
314258 319442 321038 312595
331740 337938 306780 295020
336271 309503 302777 330892
319213 319595 317801 324324
346007 314407 308497 294609
336774 341676 292009 315364
327375 302938 321050 323708
341593 304072 312745 322535
305737 331571 325892 305229
316207 323935 316364 319819
340837 302281 314044 317951
306731 333466 315914 319049
344223 327539 306416 297795
338551 308424 308045 316905
347150 313290 308201 296705
331745 303849 329458 303859
326186 338578 313348 293637
313344 319841 325661 310884
313229 322169 315861 320288
309851 322780 313649 321456
324542 327456 299089 321935
333186 316915 304330 315400
317673 332834 302196 313826
334574 322637 302632 303401
347305 305123 300516 323623
329546 307902 316615 319491
316552 335703 317153 296151
346075 319978 299194 311776
326091 330197 311556 296414
332472 304336 326647 318615
316653 325073 311897 316649
342509 339517 302203 298318
344486 316629 299352 314215
329257 315569 316871 300613
332972 324336 297981 316372
327079 336552 320489 290445
341833 306945 313886 316233
308273 326821 317825 310727
327657 320675 303282 314744
328079 320867 306223 309605
326790 314050 316466 326101
340890 315029 310346 298182
341220 315591 312246 297386
330963 316371 307002 320135
330140 304218 329096 304695
337274 311721 313614 300256
332200 331978 307947 297944
333592 302410 324200 314341
336510 308972 303787 320853
319834 323944 301067 315620
335377 306989 316166 314936
313967 331312 302835 310117
