2229 47.7969
318257 184328
311963 202402
304431 236607
294889 202718
289236 212785
315619 194639
312812 218727
317679 193875
333024 213974
313208 244266
319323 204152
314194 214907
307321 200985
313623 222312
319372 207646
310264 232916
304356 224251
302618 201829
326315 222682
304313 216169
294567 210393
316456 223907
313658 206252
328489 194688
304730 193531
314945 199121
299456 207222
343887 225285
316472 203628
320893 219857
327375 224074
315590 235760
308221 202430
307735 213850
327233 210499
307454 205219
312894 233296
320948 202155
288367 225978
307924 213230
296256 239265
326217 206362
293907 241263
319443 215340
302562 212369
299127 217582
330094 192937
330856 227161
319940 212692
330829 195661
326044 206267
316354 204200
332858 209586
323184 222930
315291 189776
330911 194813
324011 227163
306467 225954
309981 205820
310076 215219
322251 213778
330322 198711
312403 215891
316950 190495
334264 228225
340381 230760
311681 231504
313696 234730
318699 227010
326926 233453
321721 238643
312252 197556
307621 217287
317827 199896
328744 230395
328048 203003
319539 212073
285952 220562
321343 208432
305500 248356
315823 195496
301423 212813
294871 203538
306492 212766
299753 214232
323455 224148
310260 226082
302453 217742
314806 212600
329914 217734
287724 204579
319380 230249
302950 230737
311351 202090
318508 207728
312362 206680
310636 206603
308710 225437
310934 212701
311205 245317
325956 213849
320597 214526
347837 199367
307246 200805
333383 218205
298392 214287
315793 199838
322611 208734
315811 219077
318066 229817
308952 229711
307242 221225
292347 204547
319874 212520
323644 210451
300887 230806
313211 223430
322642 221884
324536 207540
317407 216241
305423 213887
319017 201216
304711 209222
294314 228152
309748 208981
305928 206306
323569 199549
308742 208198
302638 206182
321934 210064
326431 258406
315837 191805
311538 229259
324435 221598
316933 222863
313813 217178
326971 205731
331234 215136
318945 216738
326870 198708
307998 206416
330853 213772
301909 235918
326417 225207
301721 201738
320827 211608
311284 224896
291634 212749
325587 227014
336569 228919
293434 237219
321371 225043
309096 214193
309233 208450
331261 218565
332411 195818
305514 207193
315858 230801
316296 212858
306603 206364
322699 250303
307376 211057
306146 191079
320595 206248
310061 227751
302832 243314
331389 200050
340791 224884
299258 225043
326922 213381
322205 232836
322860 212452
328145 231148
295196 205634
300646 200379
324260 225639
313235 200326
305195 234183
317530 213295
313311 202908
311854 204399
317452 200009
294522 199980
301889 200313
293534 236430
284715 230773
301559 203985
326819 222377
306442 192228
302999 213346
316423 196518
310105 187674
306582 215243
308089 210501
318554 216212
307394 220992
302321 231471
317343 191371
329372 207071
324330 213117
299505 208147
312412 208294
299069 213067
301211 216382
303070 219321
304727 236874
313244 206797
303709 200234
309501 239526
294944 214523
330403 215611
332441 219808
291728 237920
313686 204585
302321 227765
299170 245003
308966 213753
295312 198079
328384 200228
322172 226507
310696 221405
312796 224893
308133 223585
330600 208161
342833 210914
341972 227807
321288 250028
323239 204504
291986 215721
310442 204519
338816 228877
320139 211193
325041 206109
295139 219338
322031 203192
322861 222893
311745 195919
329670 237312
295381 228175
314422 239783
328315 189121
324140 206437
297378 233686
322195 211228
315346 203202
290792 212439
324375 209793
318308 208169
304834 205157
329280 268674
290470 200353
310345 202721
303921 217617
309895 197482
306968 221566
325759 219794
309044 222799
315052 229108
316983 215619
301276 218593
286353 203890
314491 209397
317918 243586
303471 205888
319416 206600
315042 208291
306126 222677
310627 210225
295643 216621
324592 210458
321540 229269
292430 226667
318799 235921
325225 217378
297914 237935
336598 211257
318264 201288
327425 260674
309206 205966
300966 210434
325407 193204
316541 223332
307934 239813
323894 201648
291106 208888
331220 205390
314831 216679
300744 236458
323754 218328
311663 230765
344189 212994
318603 222184
316454 241774
317903 239706
303400 190608
297115 233286
328569 202435
305585 191567
323354 210132
298111 217849
