43 0.603202
147979 107612
125981 117715
124725 122190
121884 125263
119963 127579
130097 114537
153083 105814
121143 126804
119718 132885
119881 132290
122573 122869
133691 112728
126355 121794
126383 117785
125741 122234
120118 129519
121070 127982
120442 128471
120597 128211
133540 115501
130548 116471
130491 117197
155011 111917
120058 132662
122714 127226
122714 127226
123205 124431
125715 123427
139090 113598
148861 113416
134046 114858
127310 120895
128164 119361
121415 128340
120860 128639
130834 118522
133048 117203
157604 113036
120371 134515
124362 124595
123848 124976
126200 123653
148348 114808
152956 113468
152956 113468
134681 115325
142504 115120
127761 122923
128001 121580
128571 120728
128651 119605
123508 128557
121313 132943
121313 132943
122465 129282
123177 128977
121379 130616
131496 118610
131252 118904
125225 125391
124403 127544
127449 124095
126539 124103
155955 114006
141185 116577
141647 116173
135357 117195
139192 116775
138392 117079
140890 116582
138602 116898
141994 115353
151145 115239
128191 122941
128431 122158
128657 119948
123439 129264
122239 131817
121982 133739
121711 134190
122737 131109
132588 118724
131801 119619
126324 125479
126131 126208
124718 128987
124720 128542
124908 127580
126565 125221
126612 124229
164969 114656
136499 117689
141429 116901
139690 117444
143529 115917
142953 116691
153557 115880
128538 123218
128640 122854
129926 121379
128810 122477
129993 120711
128893 122035
123776 129614
123606 130231
122313 133794
123425 131449
122878 133142
123066 131997
123425 131449
132270 120362
132291 119832
135275 119758
126147 126467
125214 128320
126145 127822
124961 128837
127203 125473
126868 126061
127964 124531
137516 118117
139848 117988
142264 117597
147655 115928
143810 116109
145162 115975
128685 122954
128685 122954
131410 120916
130335 121966
129452 122355
124440 129620
124101 130073
123907 130840
122363 135152
123016 134291
123311 133038
123304 134268
123851 132300
133143 120076
126166 127539
126326 126800
126205 126819
125248 128389
125187 128989
127117 126084
128094 124576
138382 119598
139018 118135
138046 119833
141918 118087
141918 118087
142801 117853
144549 116526
147883 116039
159854 116004
159854 116004
129236 123182
129085 123434
132031 121682
132667 121017
131510 121870
130748 122804
131479 122753
124376 130108
124248 130558
124248 130558
122587 139946
123497 134706
123497 134706
123905 133670
133215 120651
136172 120140
136172 120140
135994 120351
126457 127731
126435 127807
126975 126891
125816 128390
125781 128504
125686 129996
127165 126703
127714 126342
128432 124947
128414 125017
128158 125077
139335 118374
139335 118374
139078 119850
138378 119904
144473 118228
144473 118228
144473 118228
146473 116771
146203 116862
146473 116771
146473 116771
146473 116771
148420 116644
154680 116079
150748 116336
149557 116473
161034 116053
129744 123482
133065 121104
131550 122634
132170 122512
130754 123406
131225 123207
124922 130519
124593 133525
124596 131536
123844 135408
123603 135479
123603 135479
123844 135408
124145 134424
123930 134797
124007 134547
135502 120675
136012 120593
136522 120443
126852 128438
126223 128548
125796 128615
127475 127523
127554 127332
127943 126651
128306 125405
129428 125224
129671 125175
128839 125339
140975 118914
139664 118915
139654 120196
145031 118575
145883 118520
146451 116922
146451 116922
146451 116922
146451 116922
148108 116777
149970 116516
130277 124215
129783 124926
130277 124215
130277 124215
133229 122486
134072 121562
133876 121722
132561 123168
132693 122557
130847 123883
131560 123258
131299 123776
131560 123258
125188 130672
125188 130672
124922 133235
125120 133156
125171 133135
123663 135542
124019 135223
135737 120896
139299 120817
137074 120882
137080 120839
126907 128488
126048 129166
128238 127518
128238 127518
128103 127618
128481 125821
128475 127029
143041 119188
144064 118941
143266 119093
140212 119346
143041 119188
139790 119726
145339 118893
146191 118763
147153 117996
150588 116760
161473 116823
124333 135266
151729 117341
125154 133179
144566 119276
148759 118033
147321 118874
137650 120952
141093 119981
140622 120208
125254 130932
136189 120990
131837 123562
128862 126511
132759 122719
126612 129785
