34 3.66195
1.56968e+06 1.64329e+06 1.62446e+06 1.62603e+06
1.6201e+06 1.55002e+06 1.65129e+06 1.6218e+06
1.63064e+06 1.57458e+06 1.56762e+06 1.60846e+06
1.63885e+06 1.59463e+06 1.64364e+06 1.57029e+06
1.63842e+06 1.64596e+06 1.55098e+06 1.66446e+06
1.65628e+06 1.64027e+06 1.62422e+06 1.60797e+06
1.61465e+06 1.56328e+06 1.64133e+06 1.59956e+06
1.64764e+06 1.63844e+06 1.59968e+06 1.61266e+06
1.6261e+06 1.58861e+06 1.56093e+06 1.61288e+06
1.61839e+06 1.64475e+06 1.59657e+06 1.67201e+06
1.68091e+06 1.57618e+06 1.60187e+06 1.59025e+06
1.63368e+06 1.5961e+06 1.6769e+06 1.6018e+06
1.60566e+06 1.59228e+06 1.59783e+06 1.59936e+06
1.65305e+06 1.59031e+06 1.61008e+06 1.62618e+06
1.64381e+06 1.59451e+06 1.62351e+06 1.62101e+06
1.63674e+06 1.57439e+06 1.61041e+06 1.60134e+06
1.64646e+06 1.5946e+06 1.58707e+06 1.58478e+06
1.64547e+06 1.59304e+06 1.61826e+06 1.59631e+06
1.62582e+06 1.56779e+06 1.64196e+06 1.63794e+06
1.6209e+06 1.63929e+06 1.66944e+06 1.58905e+06
1.63991e+06 1.58081e+06 1.57933e+06 1.6418e+06
1.57741e+06 1.57918e+06 1.62782e+06 1.65779e+06
1.6605e+06 1.58622e+06 1.59662e+06 1.59775e+06
1.61839e+06 1.64475e+06 1.59657e+06 1.67201e+06
1.62074e+06 1.58591e+06 1.63557e+06 1.65727e+06
1.62547e+06 1.57542e+06 1.61345e+06 1.58234e+06
1.61826e+06 1.60082e+06 1.59417e+06 1.62196e+06
1.59126e+06 1.5759e+06 1.62833e+06 1.63836e+06
1.59162e+06 1.62419e+06 1.62531e+06 1.61565e+06
1.67451e+06 1.60691e+06 1.62146e+06 1.61316e+06
1.61259e+06 1.64633e+06 1.65144e+06 1.61097e+06
1.64301e+06 1.59293e+06 1.65749e+06 1.67905e+06
1.61683e+06 1.5635e+06 1.62076e+06 1.5912e+06
1.59717e+06 1.63172e+06 1.63571e+06 1.57077e+06
1.61766e+06 1.61447e+06 1.65288e+06 1.55882e+06
1.61188e+06 1.61098e+06 1.58991e+06 1.592e+06
1.59963e+06 1.56309e+06 1.60941e+06 1.60919e+06
1.60081e+06 1.55159e+06 1.61176e+06 1.60365e+06
1.60132e+06 1.65163e+06 1.64738e+06 1.64176e+06
1.64735e+06 1.59168e+06 1.62495e+06 1.62512e+06
1.60081e+06 1.64697e+06 1.61044e+06 1.62382e+06
1.5805e+06 1.60798e+06 1.61156e+06 1.59018e+06
1.5906e+06 1.58388e+06 1.5919e+06 1.61397e+06
1.60829e+06 1.62719e+06 1.58003e+06 1.59212e+06
1.59957e+06 1.5822e+06 1.60657e+06 1.60876e+06
1.60994e+06 1.54178e+06 1.58691e+06 1.59022e+06
1.57602e+06 1.58091e+06 1.62693e+06 1.57525e+06
1.60315e+06 1.58578e+06 1.6456e+06 1.64662e+06
1.62538e+06 1.63734e+06 1.61379e+06 1.63039e+06
1.66461e+06 1.60024e+06 1.64422e+06 1.57612e+06
1.59668e+06 1.58915e+06 1.58604e+06 1.61048e+06
1.58291e+06 1.58675e+06 1.61614e+06 1.60324e+06
1.64006e+06 1.57375e+06 1.59605e+06 1.62054e+06
1.59245e+06 1.61539e+06 1.60416e+06 1.63886e+06
1.64315e+06 1.54175e+06 1.59978e+06 1.60804e+06
1.61988e+06 1.56333e+06 1.64176e+06 1.66512e+06
1.65743e+06 1.60605e+06 1.60974e+06 1.62559e+06
1.60508e+06 1.60341e+06 1.61665e+06 1.62943e+06
1.63826e+06 1.58849e+06 1.62616e+06 1.59814e+06
1.6519e+06 1.60346e+06 1.60615e+06 1.62814e+06
1.62736e+06 1.56858e+06 1.58898e+06 1.60466e+06
1.62813e+06 1.60868e+06 1.61189e+06 1.61859e+06
1.60963e+06 1.54188e+06 1.58602e+06 1.59061e+06
1.66461e+06 1.60024e+06 1.64422e+06 1.57612e+06
1.65362e+06 1.60041e+06 1.64713e+06 1.62614e+06
1.62582e+06 1.56779e+06 1.64196e+06 1.63794e+06
1.64175e+06 1.58674e+06 1.59448e+06 1.62121e+06
1.6183e+06 1.59787e+06 1.61659e+06 1.61944e+06
1.60688e+06 1.56878e+06 1.65601e+06 1.63815e+06
1.60845e+06 1.59787e+06 1.62057e+06 1.58099e+06
1.64584e+06 1.59773e+06 1.59717e+06 1.60476e+06
1.59488e+06 1.58436e+06 1.60612e+06 1.61484e+06
1.60081e+06 1.55159e+06 1.61176e+06 1.60365e+06
1.62838e+06 1.61847e+06 1.65813e+06 1.61225e+06
1.59028e+06 1.57179e+06 1.58781e+06 1.65186e+06
1.62871e+06 1.61353e+06 1.6303e+06 1.62277e+06
1.57742e+06 1.61761e+06 1.59519e+06 1.63148e+06
1.66196e+06 1.58736e+06 1.62376e+06 1.61291e+06
1.64687e+06 1.65079e+06 1.62808e+06 1.6227e+06
1.6183e+06 1.59787e+06 1.61659e+06 1.61944e+06
1.59564e+06 1.5479e+06 1.61351e+06 1.58711e+06
1.63289e+06 1.58252e+06 1.6289e+06 1.6257e+06
1.60658e+06 1.59703e+06 1.60067e+06 1.60306e+06
1.60334e+06 1.59621e+06 1.60812e+06 1.58251e+06
1.62474e+06 1.6252e+06 1.64934e+06 1.58904e+06
1.58671e+06 1.60133e+06 1.60196e+06 1.63922e+06
1.61259e+06 1.64633e+06 1.65144e+06 1.61097e+06
1.64375e+06 1.60947e+06 1.6061e+06 1.66148e+06
1.63635e+06 1.6087e+06 1.62295e+06 1.57627e+06
1.62274e+06 1.59108e+06 1.59679e+06 1.5934e+06
1.60386e+06 1.55489e+06 1.61329e+06 1.63127e+06
1.64166e+06 1.59842e+06 1.61098e+06 1.64569e+06
1.59272e+06 1.5975e+06 1.63421e+06 1.67038e+06
1.64686e+06 1.55357e+06 1.59464e+06 1.58527e+06
1.6434e+06 1.57293e+06 1.6149e+06 1.61435e+06
1.59471e+06 1.61384e+06 1.62625e+06 1.60018e+06
1.64686e+06 1.55357e+06 1.59464e+06 1.58527e+06
1.60921e+06 1.57732e+06 1.63841e+06 1.59987e+06
1.62926e+06 1.59614e+06 1.58958e+06 1.61782e+06
1.6369e+06 1.58635e+06 1.58382e+06 1.60707e+06
1.57004e+06 1.60949e+06 1.61062e+06 1.61783e+06
1.60929e+06 1.60631e+06 1.60744e+06 1.61011e+06
1.59409e+06 1.5569e+06 1.63064e+06 1.60994e+06
1.6174e+06 1.57519e+06 1.60368e+06 1.62108e+06
1.60909e+06 1.55031e+06 1.62238e+06 1.65335e+06
1.59678e+06 1.59169e+06 1.62319e+06 1.63672e+06
1.6221e+06 1.61915e+06 1.60376e+06 1.57999e+06
1.63405e+06 1.59313e+06 1.6543e+06 1.64007e+06
1.61931e+06 1.62242e+06 1.61383e+06 1.58262e+06
1.59383e+06 1.59001e+06 1.58803e+06 1.60779e+06
1.61683e+06 1.5635e+06 1.62076e+06 1.5912e+06
1.62318e+06 1.5998e+06 1.63369e+06 1.62224e+06
1.60154e+06 1.63798e+06 1.63003e+06 1.58961e+06
1.61177e+06 1.55725e+06 1.63309e+06 1.67358e+06
1.64527e+06 1.60992e+06 1.61034e+06 1.58972e+06
1.58022e+06 1.5701e+06 1.60501e+06 1.63526e+06
1.58521e+06 1.62263e+06 1.61175e+06 1.62003e+06
1.62074e+06 1.58591e+06 1.63557e+06 1.65727e+06
1.57602e+06 1.58091e+06 1.62693e+06 1.57525e+06
1.67306e+06 1.58406e+06 1.59651e+06 1.63977e+06
1.61944e+06 1.58819e+06 1.6203e+06 1.64895e+06
1.62494e+06 1.62779e+06 1.62763e+06 1.62014e+06
1.61931e+06 1.57116e+06 1.65062e+06 1.62691e+06
1.63293e+06 1.60025e+06 1.61309e+06 1.63577e+06
1.64315e+06 1.54175e+06 1.59978e+06 1.60804e+06
1.59139e+06 1.58494e+06 1.57416e+06 1.57946e+06
1.60566e+06 1.59228e+06 1.59783e+06 1.59936e+06
1.60829e+06 1.62719e+06 1.58003e+06 1.59212e+06
1.60577e+06 1.57906e+06 1.63263e+06 1.59135e+06
1.60921e+06 1.57732e+06 1.63841e+06 1.59987e+06
1.61362e+06 1.58638e+06 1.57639e+06 1.61062e+06
1.59564e+06 1.5479e+06 1.61351e+06 1.58711e+06
1.62039e+06 1.588e+06 1.65034e+06 1.60091e+06
1.59332e+06 1.60918e+06 1.58721e+06 1.66799e+06
1.58369e+06 1.62206e+06 1.63857e+06 1.5923e+06
1.64416e+06 1.59234e+06 1.63903e+06 1.57952e+06
1.62759e+06 1.60321e+06 1.62997e+06 1.60806e+06
1.59079e+06 1.64117e+06 1.5597e+06 1.60473e+06
1.59638e+06 1.60286e+06 1.6335e+06 1.59825e+06
1.60235e+06 1.61275e+06 1.64872e+06 1.61257e+06
1.67499e+06 1.58644e+06 1.59733e+06 1.64071e+06
1.67634e+06 1.55342e+06 1.62976e+06 1.63288e+06
1.57835e+06 1.63935e+06 1.623e+06 1.67219e+06
1.62918e+06 1.5928e+06 1.60416e+06 1.59746e+06
1.59243e+06 1.6011e+06 1.61579e+06 1.65025e+06
1.60937e+06 1.56321e+06 1.67007e+06 1.56923e+06
1.61491e+06 1.58107e+06 1.62078e+06 1.6249e+06
1.6197e+06 1.61653e+06 1.67434e+06 1.60404e+06
1.64566e+06 1.58518e+06 1.61804e+06 1.6181e+06
1.59157e+06 1.61536e+06 1.62438e+06 1.58114e+06
1.60416e+06 1.59182e+06 1.62397e+06 1.60097e+06
1.6221e+06 1.61915e+06 1.60376e+06 1.57999e+06
1.59933e+06 1.59514e+06 1.6334e+06 1.64349e+06
1.6193e+06 1.55133e+06 1.60357e+06 1.61338e+06
1.63296e+06 1.59222e+06 1.61961e+06 1.62085e+06
1.59747e+06 1.56812e+06 1.65186e+06 1.61305e+06
1.59162e+06 1.62419e+06 1.62531e+06 1.61565e+06
1.58671e+06 1.60133e+06 1.60196e+06 1.63922e+06
1.64122e+06 1.58234e+06 1.61808e+06 1.61932e+06
1.61428e+06 1.59039e+06 1.619e+06 1.60207e+06
1.5772e+06 1.59034e+06 1.64346e+06 1.60943e+06
1.5829e+06 1.58801e+06 1.61626e+06 1.60332e+06
1.68091e+06 1.57618e+06 1.60187e+06 1.59025e+06
1.6443e+06 1.61783e+06 1.57596e+06 1.6515e+06
1.61922e+06 1.55891e+06 1.62068e+06 1.58101e+06
1.62596e+06 1.56319e+06 1.6031e+06 1.66835e+06
1.62926e+06 1.59614e+06 1.58958e+06 1.61782e+06
1.62274e+06 1.59108e+06 1.59679e+06 1.5934e+06
1.66196e+06 1.58736e+06 1.62376e+06 1.61291e+06
1.61558e+06 1.57844e+06 1.61776e+06 1.59353e+06
1.5829e+06 1.58801e+06 1.61626e+06 1.60332e+06
1.64527e+06 1.60992e+06 1.61034e+06 1.58972e+06
1.60405e+06 1.59261e+06 1.61363e+06 1.60332e+06
1.56134e+06 1.57632e+06 1.59415e+06 1.65243e+06
1.62265e+06 1.61379e+06 1.60375e+06 1.60576e+06
1.61323e+06 1.59349e+06 1.60732e+06 1.63817e+06
1.63605e+06 1.58013e+06 1.62301e+06 1.62723e+06
1.67946e+06 1.59371e+06 1.62158e+06 1.65614e+06
1.64526e+06 1.60101e+06 1.59618e+06 1.60064e+06
1.63911e+06 1.60652e+06 1.62184e+06 1.64511e+06
1.60946e+06 1.56816e+06 1.59837e+06 1.61915e+06
1.59815e+06 1.61907e+06 1.64958e+06 1.65803e+06
1.57742e+06 1.61761e+06 1.59519e+06 1.63148e+06
1.62813e+06 1.60868e+06 1.61189e+06 1.61859e+06
1.59994e+06 1.58237e+06 1.58194e+06 1.6177e+06
1.63911e+06 1.60652e+06 1.62184e+06 1.64511e+06
1.59634e+06 1.60797e+06 1.6236e+06 1.6329e+06
1.60856e+06 1.60521e+06 1.59792e+06 1.61586e+06
1.61925e+06 1.58546e+06 1.62332e+06 1.62093e+06
1.61247e+06 1.57164e+06 1.59573e+06 1.60269e+06
1.64416e+06 1.59234e+06 1.63903e+06 1.57952e+06
1.61428e+06 1.59039e+06 1.619e+06 1.60207e+06
1.60634e+06 1.60016e+06 1.62342e+06 1.61811e+06
1.64764e+06 1.63844e+06 1.59968e+06 1.61266e+06
1.62596e+06 1.56319e+06 1.6031e+06 1.66835e+06
1.60941e+06 1.57499e+06 1.60962e+06 1.63542e+06
1.661e+06 1.60105e+06 1.6095e+06 1.61776e+06
1.6605e+06 1.58622e+06 1.59662e+06 1.59775e+06
1.58177e+06 1.56218e+06 1.61579e+06 1.6233e+06
1.60132e+06 1.65163e+06 1.64738e+06 1.64176e+06
1.60647e+06 1.62776e+06 1.61962e+06 1.57797e+06
1.61359e+06 1.56784e+06 1.60181e+06 1.58043e+06
1.65436e+06 1.5751e+06 1.65051e+06 1.64354e+06
1.61795e+06 1.58551e+06 1.58299e+06 1.63888e+06
1.60995e+06 1.58186e+06 1.55217e+06 1.65427e+06
1.60937e+06 1.56321e+06 1.67007e+06 1.56923e+06
1.57128e+06 1.5988e+06 1.60647e+06 1.61113e+06
1.65606e+06 1.54362e+06 1.61331e+06 1.63733e+06
1.64547e+06 1.59304e+06 1.61826e+06 1.59631e+06
1.6197e+06 1.61653e+06 1.67434e+06 1.60404e+06
1.59071e+06 1.60737e+06 1.65657e+06 1.60513e+06
1.60956e+06 1.60199e+06 1.61184e+06 1.63997e+06
1.61247e+06 1.57164e+06 1.59573e+06 1.60269e+06
1.64504e+06 1.57469e+06 1.57863e+06 1.63786e+06
1.59118e+06 1.61416e+06 1.62792e+06 1.65548e+06
1.60416e+06 1.59182e+06 1.62397e+06 1.60097e+06
1.59272e+06 1.5975e+06 1.63421e+06 1.67038e+06
1.63991e+06 1.58081e+06 1.57933e+06 1.6418e+06
1.62759e+06 1.60321e+06 1.62997e+06 1.60806e+06
1.58779e+06 1.58201e+06 1.6146e+06 1.66638e+06
1.67499e+06 1.58644e+06 1.59733e+06 1.64071e+06
1.6344e+06 1.60015e+06 1.62561e+06 1.6176e+06
1.59243e+06 1.6011e+06 1.61579e+06 1.65025e+06
1.61922e+06 1.55891e+06 1.62068e+06 1.58101e+06
1.62634e+06 1.63357e+06 1.59789e+06 1.60442e+06
1.61333e+06 1.58589e+06 1.63128e+06 1.65055e+06
1.59373e+06 1.61091e+06 1.60517e+06 1.61903e+06
1.60984e+06 1.54963e+06 1.59537e+06 1.60311e+06
1.62634e+06 1.63357e+06 1.59789e+06 1.60442e+06
1.62323e+06 1.55877e+06 1.63844e+06 1.61334e+06
1.60358e+06 1.59304e+06 1.6103e+06 1.58078e+06
1.60358e+06 1.59304e+06 1.6103e+06 1.58078e+06
1.58779e+06 1.58201e+06 1.6146e+06 1.66638e+06
1.59126e+06 1.5759e+06 1.62833e+06 1.63836e+06
1.60634e+06 1.55601e+06 1.66829e+06 1.58893e+06
1.62413e+06 1.58517e+06 1.58919e+06 1.60678e+06
1.57117e+06 1.57208e+06 1.58718e+06 1.60332e+06
1.60647e+06 1.62776e+06 1.61962e+06 1.57797e+06
1.64791e+06 1.59712e+06 1.61532e+06 1.59656e+06
1.64166e+06 1.59842e+06 1.61098e+06 1.64569e+06
1.6369e+06 1.58635e+06 1.58382e+06 1.60707e+06
1.65109e+06 1.57607e+06 1.5807e+06 1.63636e+06
1.59471e+06 1.61384e+06 1.62625e+06 1.60018e+06
1.60669e+06 1.63127e+06 1.63593e+06 1.6281e+06
1.60845e+06 1.59787e+06 1.62057e+06 1.58099e+06
1.62714e+06 1.60853e+06 1.61371e+06 1.61046e+06
1.57741e+06 1.57918e+06 1.62782e+06 1.65779e+06
1.65362e+06 1.60041e+06 1.64713e+06 1.62614e+06
1.63405e+06 1.59313e+06 1.6543e+06 1.64007e+06
1.63192e+06 1.56312e+06 1.59968e+06 1.61013e+06
1.60154e+06 1.63798e+06 1.63003e+06 1.58961e+06
1.6072e+06 1.5739e+06 1.63885e+06 1.60696e+06
1.61925e+06 1.58546e+06 1.62332e+06 1.62093e+06
1.62265e+06 1.61379e+06 1.60375e+06 1.60576e+06
1.59373e+06 1.61091e+06 1.60517e+06 1.61903e+06
1.63187e+06 1.60316e+06 1.6208e+06 1.63831e+06
1.58099e+06 1.60764e+06 1.59337e+06 1.6399e+06
1.59634e+06 1.60797e+06 1.6236e+06 1.6329e+06
1.62871e+06 1.61353e+06 1.6303e+06 1.62277e+06
1.65109e+06 1.57607e+06 1.5807e+06 1.63636e+06
1.60984e+06 1.54963e+06 1.59537e+06 1.60311e+06
1.58369e+06 1.62206e+06 1.63857e+06 1.5923e+06
1.6312e+06 1.63632e+06 1.62394e+06 1.61661e+06
1.61362e+06 1.58638e+06 1.57639e+06 1.61062e+06
1.57286e+06 1.61043e+06 1.57728e+06 1.58994e+06
1.57753e+06 1.61791e+06 1.63068e+06 1.65191e+06
1.5978e+06 1.61818e+06 1.59235e+06 1.65919e+06
1.61698e+06 1.57539e+06 1.63486e+06 1.60721e+06
1.63635e+06 1.6087e+06 1.62295e+06 1.57627e+06
1.61874e+06 1.57206e+06 1.61688e+06 1.63721e+06
1.61966e+06 1.57414e+06 1.59442e+06 1.58938e+06
1.60315e+06 1.58578e+06 1.6456e+06 1.64662e+06
1.63289e+06 1.58252e+06 1.6289e+06 1.6257e+06
1.65577e+06 1.58101e+06 1.63321e+06 1.59473e+06
1.60634e+06 1.55601e+06 1.66829e+06 1.58893e+06
1.61695e+06 1.58499e+06 1.64277e+06 1.59858e+06
1.61491e+06 1.58107e+06 1.62078e+06 1.6249e+06
1.64416e+06 1.59234e+06 1.63903e+06 1.57952e+06
1.61759e+06 1.60861e+06 1.61766e+06 1.63399e+06
1.68091e+06 1.57618e+06 1.60187e+06 1.59025e+06
1.61759e+06 1.60861e+06 1.61766e+06 1.63399e+06
1.63634e+06 1.59164e+06 1.63211e+06 1.64045e+06
1.59875e+06 1.59958e+06 1.62037e+06 1.65217e+06
1.59118e+06 1.61416e+06 1.62792e+06 1.65548e+06
1.60873e+06 1.59039e+06 1.59395e+06 1.5681e+06
1.60566e+06 1.59228e+06 1.59783e+06 1.59936e+06
1.61826e+06 1.60082e+06 1.59417e+06 1.62196e+06
1.59079e+06 1.64117e+06 1.5597e+06 1.60473e+06
1.61236e+06 1.57041e+06 1.58738e+06 1.63377e+06
1.63674e+06 1.57439e+06 1.61041e+06 1.60134e+06
1.65996e+06 1.57728e+06 1.62528e+06 1.60484e+06
1.591e+06 1.58099e+06 1.61807e+06 1.61232e+06
1.63192e+06 1.56312e+06 1.59968e+06 1.61013e+06
1.60634e+06 1.60016e+06 1.62342e+06 1.61811e+06
1.59875e+06 1.59958e+06 1.62037e+06 1.65217e+06
1.68091e+06 1.57618e+06 1.60187e+06 1.59025e+06
1.61944e+06 1.58819e+06 1.6203e+06 1.64895e+06
1.6311e+06 1.56792e+06 1.60268e+06 1.59922e+06
1.59071e+06 1.60737e+06 1.65657e+06 1.60513e+06
1.6209e+06 1.63929e+06 1.66944e+06 1.58905e+06
