4506 1383.17
121649 52377
45757 133823
45779 133811
45787 128277
79306 67099
100974 56411
78098 67158
120206 52426
121384 52412
77549 67193
45907 126472
101872 56365
45896 127461
55918 87614
82018 64506
55997 87008
96852 57854
77104 67356
81927 64923
64290 73988
46150 124158
94894 58508
58211 82629
94383 58511
77199 67305
56635 85733
78094 67160
46157 123577
61984 76553
61800 76823
54539 91200
56260 86763
96533 57923
82522 64276
58239 82149
64198 74115
75883 67615
56407 86053
47106 116102
52370 98181
60732 78071
61002 77889
52222 98415
54752 90327
119511 52481
54508 91642
100190 56992
57785 83520
76680 67422
55541 88125
64673 73957
72715 68573
45821 127888
45896 127461
73561 68229
54989 89882
89872 60235
89694 60293
82182 64411
57045 84778
58329 81916
58494 81597
70689 69098
70393 69187
53128 96408
55048 89525
119941 52461
63320 75051
83888 63070
116982 52782
117122 52778
46517 120742
99130 57305
114884 53086
63177 75304
93348 58907
65906 72431
51270 100464
46126 124203
46668 119034
46212 122787
69306 69831
112471 53467
115779 52956
116717 52817
114780 53131
119156 52549
113946 53225
115399 53005
116337 52866
113566 53274
112851 53418
55192 88998
80072 66402
74982 67852
57341 84715
69632 69801
56297 86367
61353 77398
56986 85276
47695 111742
117705 52706
59234 80339
72333 68580
57813 83240
100924 56733
71814 68697
74463 67969
70912 68957
102212 56230
50589 102449
65303 73030
59974 79122
76253 67601
71245 68948
47508 112782
70038 69477
66611 71607
55317 88761
58697 81061
56753 85363
63697 74585
85702 61876
81606 65005
81799 64939
46246 122398
47273 114600
45941 126083
45809 128265
46702 118645
45929 126460
46234 122775
47170 115478
46793 118144
47182 115101
47490 113097
46337 121897
47690 112012
47776 111532
46554 120394
47010 116641
46635 119812
46179 123565
46114 124580
46690 119022
46050 125267
46092 124592
46073 124960
46647 119435
46191 123188
61269 77721
64126 74380
63533 74977
90551 59987
69825 69601
61724 77032
53636 94990
55088 89150
54231 92637
53668 94671
84131 62951
94239 58678
65160 73283
86717 61465
85886 61851
49949 104627
64919 73431
98009 57535
63232 75210
95297 58301
83259 63711
83759 63181
51351 100249
68046 70611
58553 81415
61441 77273
119246 52516
117924 52675
69133 69967
108895 54363
46191 123188
45821 127888
46647 119435
48034 110509
60556 78164
57388 84377
46994 116715
46321 121971
47257 114674
46777 118218
47474 113171
102591 56101
92829 59137
57485 84161
58105 82655
52646 97504
98818 57443
83631 63197
84470 62598
83573 63364
80686 65968
55431 88439
57333 84771
76402 67498
56994 84904
84003 62967
55368 88635
53069 96660
48997 107134
92329 59290
89126 60526
86896 61370
67407 71035
92669 59155
63876 74487
64085 74415
65697 72503
89376 60416
76680 67422
75260 67776
54720 90646
54263 92318
102396 56205
74796 67960
58840 80907
59580 79649
46355 121582
47291 114285
46811 117829
46572 120079
47028 116326
70170 69328
113116 53383
114239 53170
116072 52901
116044 52921
114211 53190
79660 66872
105435 55265
82588 64255
67245 71206
48960 107250
49182 106602
53254 96128
47867 111031
50043 104073
48131 110032
50927 101235
73894 68220
72147 68688
47148 115490
47141 115813
62181 76355
61610 77183
102867 56060
56005 86952
64799 73745
106990 54818
107909 54617
109904 54039
83055 63791
54490 91800
53567 95274
48674 108331
52533 97785
51879 99070
50408 103049
79532 66888
51248 100600
51694 99602
107602 54694
81478 65021
54997 89651
49856 105113
50809 101615
53291 96012
93532 58882
99026 57344
105179 55371
108042 54563
69987 69569
93760 58854
50868 101363
103425 55873
62834 75705
49845 105237
50341 103260
63605 74712
65931 72290
82796 63977
93008 59042
112031 53598
82607 63999
60247 78761
88796 60652
100818 56820
50169 103793
49789 105390
51590 99688
65554 72756
110956 53784
47348 114173
46868 117717
46412 121470
49697 105422
80497 65990
84345 62649
54375 92110
53028 96863
97484 57683
62675 75964
47786 111241
103643 55846
104411 55619
102775 56076
95670 58242
56931 85285
58017 83004
118601 52600
50265 103425
94100 58719
60033 78940
58891 80781
69760 69746
55727 87806
48825 107613
49273 106333
83384 63386
72753 68516
46071 124993
47661 112131
49584 105703
50552 102565
50646 102011
48488 108933
50228 103541
48771 107854
50006 104189
104437 55583
58247 82093
54314 92192
118032 52659
60412 78518
62492 76094
118866 52565
47599 112281
47119 115825
59727 79342
62543 76002
94918 58430
48599 108565
49047 106965
53831 94275
84932 62325
51031 100967
52950 96935
49952 104342
50592 102164
48407 109143
98843 57351
69265 69866
80244 66309
80375 66128
80973 65687
52178 98514
94382 58608
107473 54756
80820 65715
99360 57231
68218 70582
57388 84377
48050 110242
48690 108064
110122 54012
118755 52583
119483 52502
104161 55624
100663 56869
111154 53757
113301 53309
115134 53040
121384 52412
105981 55142
108170 54544
115399 53005
109335 54232
111766 53633
118433 52625
100398 56904
119969 52440
113946 53225
108630 54398
113566 53274
106156 55046
109070 54267
116337 52866
114504 53135
117387 52743
97749 57648
121649 52377
112851 53418
109682 54143
115779 52956
106768 54922
99992 57060
112471 53467
106421 55011
112206 53502
97225 57795
116717 52817
110714 53888
59293 80191
62441 76220
47921 110790
55714 87945
51716 99466
50196 103682
72961 68505
115134 53040
87575 61122
53546 95501
55431 88439
86967 61355
92400 59275
97104 57830
63102 75537
91404 59676
95205 58384
104146 55654
102527 56195
100398 56904
49858 104896
90306 60100
108349 54486
67567 70977
49508 106026
88249 60906
47050 116314
47569 112744
68692 70193
67695 70858
59474 79770
54125 92999
91923 59446
91449 59628
53727 94489
62755 75892
59859 79304
87236 61235
88655 60750
91999 59416
86627 61490
54599 91141
66289 71979
65512 72958
63492 75012
66494 71973
50520 102706
98620 57495
71773 68732
74941 67887
74422 68004
70211 69293
73476 68277
68312 70497
73894 68220
70352 69222
71295 68927
74281 68075
70871 68992
73090 68421
69078 70061
68874 70087
114504 53135
56206 86868
52087 98783
46613 119824
46594 120067
48266 109581
47899 110960
48781 107795
48163 109961
83107 63753
48448 109051
47808 111229
48712 108052
48884 107573
48185 109791
47981 110731
48072 110230
49106 106925
48244 109751
45995 125930
46300 122245
46016 125656
47453 113445
47236 114948
46973 116989
46756 118492
46016 125656
71632 68803
68453 70426
87151 61330
54223 92693
53577 95172
53903 94097
53905 93871
88995 60615
85214 62210
46538 120468
47586 112558
79904 66658
61750 76915
63859 74548
93980 58736
95837 58213
58992 80497
66265 72031
54074 93125
46037 125382
83334 63593
49399 106235
90730 59892
88386 60870
92150 59385
86108 61720
87509 61143
92942 59063
103230 55977
89532 60370
91654 59566
58979 80656
106966 54895
112051 53591
106042 55140
108961 54362
109880 54116
110932 53861
81079 65518
85025 62224
74076 68114
60718 78130
48561 108612
110387 53977
55660 88050
102056 56340
80244 66309
102087 56318
90914 59867
87759 61097
91070 59757
87915 60987
85971 61756
62368 76343
72147 68688
57493 84105
53999 93317
111419 53722
49934 104731
66502 71905
64748 73837
66583 71794
58695 81185
93635 58861
113144 53363
54035 93316
62770 75760
84717 62419
103966 55728
61573 77235
82182 64411
68490 70393
79832 66841
104785 55468
59330 80124
75260 67776
75496 67760
56662 85501
80375 66128
81305 65307
84592 62460
84223 62787
81079 65518
81427 65169
82933 63929
104995 55396
120206 52426
118196 52639
104601 55493
58329 81916
53345 95859
55139 89024
54669 90772
54650 91015
54875 90023
84223 62787
62126 76449
48320 109428
56643 85677
111601 53700
109464 54170
107208 54791
106550 54949
105619 55240
110781 53880
110320 53985
111221 53749
96325 58072
96113 58105
80018 66520
50482 102876
75664 67754
74240 68110
99766 57075
53536 95555
53412 95614
76258 67576
93233 59027
62035 76461
112206 53502
54824 90149
53895 94153
54803 90201
60463 78426
59384 80019
65982 72164
60505 78290
60361 78644
65248 73158
71595 68836
50450 103017
53404 95670
105777 55175
56348 86235
104816 55454
90034 60158
88962 60642
107800 54667
105337 55306
103046 56002
104980 55426
103376 55909
108307 54528
81201 65380
88726 60735
85455 62065
85611 61984
67121 71321
79367 67093
65516 72956
53200 96281
53030 96682
49883 104831
49643 105575
50316 103299
57924 83042
58494 81597
59625 79560
60019 79033
56356 86179
53676 94615
53628 95046
68951 70073
58056 82847
111637 53695
93233 59027
103701 55832
57610 83776
57555 83959
90391 60005
54417 91963
46919 117142
46463 120895
107730 54675
110516 53915
110169 54004
109729 54135
106815 54914
60324 78677
48670 108403
61064 77739
59043 80371
53906 93808
95481 58276
53996 93550
56699 85468
58633 81346
105256 55323
105653 55238
50756 101757
51144 100686
49395 106307
71427 68842
76398 67500
73197 68376
57610 83776
57702 83643
73234 68343
98395 57497
63102 75537
62926 75578
61328 77601
79850 66806
98211 57522
89263 60490
49530 105856
48539 108782
54170 92865
80723 65779
74800 67958
84717 62419
60196 78887
58644 81277
65656 72538
65629 72656
90211 60122
90034 60158
64827 73558
62926 75578
67356 71127
63609 74710
66019 72131
67783 70733
64919 73431
66699 71482
80558 65984
83445 63380
82668 63993
103246 55931
48379 109300
113301 53309
90730 59892
99682 57156
103782 55753
98211 57522
91254 59732
92584 59250
108533 54461
95929 58130
96113 58105
103046 56002
95481 58276
87759 61097
88099 60962
85304 62095
90914 59867
91070 59757
95102 58405
99498 57181
101872 56365
87915 60987
104601 55493
73015 68482
70730 69063
47365 113987
46902 117328
46446 121081
46885 117531
47382 113784
46429 121284
86490 61526
59676 79434
65164 73281
68688 70195
72328 68605
100031 57040
75701 67721
103966 55728
66703 71480
64827 73558
88099 60962
91254 59732
85092 62214
47621 112269
61039 77856
106156 55046
97483 57701
55778 87680
66962 71360
97749 57648
100663 56869
97904 57599
51433 100068
89514 60385
91810 59520
86221 61646
88499 60796
86377 61600
68604 70318
57555 83959
57702 83643
109070 54267
85269 62112
66074 72037
66894 71474
67787 70731
67974 70727
46724 118633
49453 106082
51807 99197
48298 109510
51524 99799
49241 106474
51383 100183
50614 102152
47204 115089
52592 97657
52146 98655
52429 98053
51090 100839
50097 103920
49128 106755
45963 126071
46485 120883
48906 107403
51122 100698
50959 101094
51775 99338
52624 97516
49552 105844
46268 122386
47421 113586
46941 117130
51492 99940
53338 95864
49974 104330
50496 102807
93909 58804
67121 71321
57873 83168
95757 58235
98586 57496
79478 67036
79884 66667
48517 108794
85611 61984
118461 52604
52461 97912
51829 99185
50097 103920
50981 101082
53172 96287
47365 113987
46902 117328
46885 117531
46429 121284
47382 113784
47399 113598
47586 112558
46446 121081
81201 65380
81427 65169
55617 88120
62376 76287
84932 62325
100869 56744
64710 73924
106421 55011
106550 54949
111766 53633
110516 53915
109335 54232
109464 54170
53791 94367
74076 68114
58056 82847
98395 57497
52859 97204
107208 54791
107363 54759
67315 71162
99498 57181
99360 57231
68604 70318
97370 57777
105777 55175
118196 52639
117387 52743
117551 52723
87396 61217
88499 60796
86221 61646
91810 59520
86377 61600
82933 63929
49128 106755
48906 107403
67978 70725
92150 59385
69669 69768
80948 65699
54417 91963
96446 58010
96325 58072
48357 109312
49621 105587
51938 98942
52407 98065
51470 99952
50734 101769
49219 106486
51753 99350
52570 97669
52124 98667
51068 100851
53783 94423
90440 60002
87396 61217
65252 73122
66958 71362
75496 67760
71431 68840
87169 61278
92584 59250
52862 97177
68271 70532
84406 62643
81305 65307
61328 77601
89245 60505
86042 61741
88320 60891
54170 92865
117551 52723
51546 99787
95929 58130
53959 93692
53996 93550
52808 97330
60468 78323
111372 53730
59437 79803
54111 93109
55040 89581
56407 86053
54669 90772
57910 83135
59639 79467
58848 80851
50683 101895
50697 101885
55325 88705
55088 89150
52815 97325
60196 78887
59423 79896
59043 80371
56994 84904
54875 90023
54650 91015
55778 87680
52906 97056
66894 71474
65588 72691
96446 58010
59859 79304
52808 97330
67666 70915
54505 91695
97904 57599
79478 67036
80018 66520
47236 114948
46300 122245
51970 98801
46756 118492
47453 113445
46973 116989
51938 98942
45995 125930
52461 97912
84592 62460
97370 57777
48002 110580
47752 111630
47313 114273
46377 121570
46833 117817
58987 80600
53959 93692
56297 86367
83334 63593
99682 57156
99766 57075
51405 100096
67608 70942
52899 97061
80723 65779
85453 62087
108533 54461
108630 54398
103782 55753
97105 57812
59386 79929
73375 68337
56206 86868
73379 68335
91593 59572
54720 90646
50846 101499
