4238 1203.23
132409 99428
114365 109907
95215 133662
118878 102499
106354 108819
96692 86255
90242 95695
117656 84219
87268 151766
99543 105854
83290 112844
86532 96452
76799 116262
100192 99821
81318 122487
105590 91308
91314 109863
128304 126224
129564 99874
93002 109630
106183 92963
74642 121591
93621 76262
103717 109923
134823 96251
77433 125995
87541 117927
112246 113468
118289 97435
79451 113398
116687 80803
92004 121045
92963 108060
75863 143308
75447 134258
128714 100790
92439 158856
90939 93555
123266 118590
111784 94148
86244 123677
118174 146650
110547 95670
103723 111031
94018 88517
79909 87804
81208 131425
94189 104189
123831 120697
102684 97450
115929 81214
98919 102354
95511 122486
89079 93329
118535 96751
96206 115524
92203 138380
114541 120486
87946 138333
114001 134422
98826 92691
110696 111853
93545 112083
103434 119397
101710 87657
81447 122227
110818 80697
85559 111286
124102 102836
81400 128216
83034 143523
80630 114903
89884 112461
85611 126698
88753 171957
81219 120123
88016 111760
108396 102286
85313 120018
133914 115680
118669 96392
113774 124538
98848 132335
90363 136161
100832 103007
89352 118282
103079 98594
93430 85031
136427 97656
88717 122699
94489 113147
85900 127900
91142 125979
100709 95887
91702 128518
84914 123960
117327 94626
92832 94224
116811 98405
123543 106992
117471 110127
107116 85204
89246 82003
98552 102763
96824 138748
117923 92771
112834 90521
109425 83693
104160 95643
121345 144519
89384 142474
160461 98434
123593 132761
102991 99236
95731 143060
78181 115063
96084 94127
76328 129069
79564 151172
83642 127556
87861 148072
122532 122963
121280 130926
97771 130379
92013 95317
99769 96590
107084 96544
121178 140036
104474 94391
94398 143183
116935 124687
101921 130967
103604 94710
133726 123286
81799 156410
89931 139357
94300 140652
103238 82480
87147 122360
88967 116956
122488 82481
108677 128849
88112 109385
87326 78739
86874 139724
100817 103171
81177 118485
88803 111970
97276 113835
122492 127027
94001 152309
100791 111858
100165 97368
123607 146067
87714 125964
102335 115358
103778 94028
108312 129592
108341 137919
144752 96192
100936 97577
102421 135010
99419 114645
101799 95415
94282 118965
94062 109226
105398 87465
103440 126567
119758 91449
131158 95897
111096 104972
108845 133427
82620 115747
93277 120262
92688 149511
134312 99200
83870 130839
103441 119107
114187 99243
88653 136631
123253 117983
82629 102093
82649 121267
85099 113367
102727 97007
127785 98542
110237 118475
83465 118755
116551 124406
130342 109940
88648 130608
93861 100768
111398 83819
111312 86235
78283 127634
92903 159810
92929 112444
94044 132912
95953 93176
109258 119994
131618 124334
91462 140462
123437 104420
96219 91154
94581 102827
86382 132570
84657 109856
114351 114539
115761 100011
102854 128053
95177 131988
96657 106623
115795 107598
111238 102906
93419 102308
81268 123914
94578 108624
113825 93337
116746 119777
107188 97572
104511 90957
103231 137059
81338 118922
85220 146920
133225 87069
82030 141618
102825 85790
116003 109959
99686 85543
89165 154152
88398 126293
87452 152426
98296 132777
84808 134413
84199 131194
74446 133243
115289 98119
96526 157304
109601 92973
111019 102996
100784 101006
87779 105792
98290 83297
100023 150129
88684 131557
116886 117817
94431 93090
106432 97001
112006 87397
88638 88137
117927 127662
106385 85961
108192 128876
122697 105038
115972 127415
97587 92911
93532 94895
89369 120663
104431 118943
81521 103193
88177 111661
106350 118284
134316 94689
81450 97976
98993 113743
106632 97228
90210 119571
134328 109513
89578 152721
95296 107062
99417 89650
84697 143113
128466 95950
85735 128096
87768 119820
102872 101050
79749 145756
121936 92848
94721 162994
80192 104495
150778 82727
86497 128690
103572 100800
90966 133582
138335 128347
106902 104424
110581 96071
111938 104252
121209 105000
111112 89306
98482 105883
129613 129589
86107 125039
95146 135511
124637 90089
86385 115850
104009 111791
87388 156808
85027 135968
96502 139831
92736 149687
89220 90813
88172 131091
75720 133646
101841 84891
111137 101929
82851 119297
91573 136811
110178 118377
119606 112705
122124 81378
99470 84293
89757 125556
84667 123922
82367 117369
87113 132521
105015 91121
96486 141781
122055 142623
99312 138502
113370 110472
118703 93809
100391 127017
79048 134298
114893 92453
77618 133374
91102 127455
135291 111944
95346 123962
126455 115042
96906 116458
88967 139426
111031 106285
107772 118648
95661 134749
109584 158442
118239 105807
82376 122325
91221 146754
103018 119362
128588 149127
95952 161775
88609 146587
114990 89774
93324 175993
110761 106207
90627 131919
84717 119010
98180 136120
100800 86390
102018 88616
83689 153866
135620 88228
113051 140928
115435 86754
103801 96428
98669 130378
105529 88213
92541 139257
107779 92470
87509 152301
115067 105504
88695 128653
114955 124576
78481 134620
84271 130330
102596 123774
139168 93015
92302 103580
102947 123753
131756 145327
117286 124972
97229 98919
81968 162125
95102 122033
86784 109761
134911 105712
94930 131682
100054 107554
79310 158055
132354 136896
84794 126402
81912 127795
95630 127971
93499 120521
101081 83094
92454 130319
91027 84041
99733 131183
120106 90723
129626 157736
136699 99965
102458 100178
120212 130777
78713 110673
104937 98618
101124 138479
98082 115899
82651 149750
104180 116964
112905 91178
103323 100990
120379 146839
81913 124068
111798 152733
121679 101822
115920 117303
90538 127005
90058 101090
99520 89668
118396 109242
117810 111861
91419 143221
133547 86112
121547 100295
99083 144963
113884 131339
114202 101126
96534 93115
79809 132082
131276 135556
102836 87473
91735 89013
115011 94008
132828 109441
94208 90215
91566 97986
91201 95915
93306 116500
79647 127994
123198 90144
100620 94650
118782 84667
84164 118805
117452 118236
82997 114725
115292 99129
113423 144491
87521 102809
85847 133741
129912 105980
111420 124246
138505 100513
100713 95531
107024 99942
100094 85117
99663 86417
99061 90622
97572 114060
112144 116127
79987 125588
82916 139609
95334 152813
136741 101734
97515 115081
108320 140597
85321 120823
71198 137351
123287 114538
91567 150452
101289 150589
118509 132183
101238 92680
93618 140615
95579 126580
92908 116525
87157 139076
113017 98540
102155 92282
131557 149258
95411 131444
110407 108656
118106 90049
88307 144566
97598 146645
101173 92825
95142 144667
90640 129143
107898 85740
137506 93160
106866 114956
90380 118369
87881 112375
96415 99726
108796 127597
91420 137239
96563 136920
147750 101461
84617 107746
83222 131232
84865 132536
105847 78229
96176 94984
117471 144547
103464 124159
116721 101521
121973 125678
88028 114375
89011 123117
112621 106924
113392 97387
91398 124207
84773 135970
122928 122472
90964 153564
107732 109077
105623 93454
115252 97328
110260 92100
83128 98948
86281 112317
110664 105784
83617 126481
92779 104515
125152 89891
97443 139897
137282 90749
101769 120049
96979 111342
101852 111376
87769 107255
108797 99555
133867 119633
89625 111046
114194 96618
119309 99524
104450 105070
121448 111359
104823 95538
88702 148816
94212 92499
117955 135983
100804 95074
81155 132240
89748 121763
101569 101113
137982 96669
94906 135385
86048 131849
87624 119826
108715 120576
85367 133898
116542 109748
92800 108444
126249 113095
114371 135041
90292 135677
86844 135884
154207 91487
96180 121487
91648 149486
126960 102337
126517 84539
96353 120800
86850 109204
98976 139637
102066 91047
109341 98761
106341 95297
102978 88067
98337 133470
86250 91831
96676 156629
83450 149022
104447 115776
127073 121637
113008 102132
117192 109913
109960 93057
91682 107029
145328 114943
95713 88846
105628 125860
105896 140992
96314 118659
89744 141663
106755 94981
125750 136601
88335 126628
108703 122060
147484 98994
112401 82913
93247 115648
111703 120746
127809 106395
87644 135767
116322 118323
82204 123992
97216 98363
120924 106826
79642 137355
109094 88444
103529 130376
83004 121990
107786 115368
78558 125607
115714 116396
113162 107003
97747 103529
109635 95545
91501 79133
104087 99704
94378 93691
103662 106605
98477 116573
114751 118240
82497 120262
111704 89409
124361 91340
100536 137789
95413 126147
87207 107833
106751 129977
145533 115046
89250 126744
118567 81422
110669 83822
93914 89914
120415 97830
97276 107444
85378 120340
101676 118319
117353 118484
82292 113402
111526 111404
93341 109264
82194 118259
113236 99206
81314 145690
98778 102046
92587 125167
123530 117267
111486 144083
116261 96885
111709 113520
93163 138530
79213 120828
118386 93988
93580 139666
91290 103057
83062 137107
132335 101200
101815 91597
106576 87720
120634 85334
97456 112888
91742 142545
98720 106051
113703 92634
79951 145358
95147 128776
83715 93964
101066 103972
88783 129275
93518 103800
75973 139927
96413 113687
92783 157216
99361 134263
94573 98248
85305 131056
93748 123077
95567 107603
89238 112732
123657 96886
105648 84425
109998 123005
105649 101662
125451 130931
103070 112902
87615 123773
84558 149672
98636 95492
107937 89866
96249 96528
124370 127718
99377 136873
90172 120916
87537 95403
96715 121966
107143 109808
101366 81498
100480 122259
98951 123532
115674 100278
135045 100542
116158 105074
121449 82683
107476 94137
85177 115119
91873 107955
120123 82143
102015 119374
96253 91232
146115 98503
108733 126977
98256 113516
142378 106208
114032 90153
102532 101233
80005 122050
125103 128113
106900 94324
94224 104834
106826 126662
95922 138503
94975 125844
87505 120930
115819 106223
117002 136937
91256 114033
99226 124331
120842 103472
117266 106519
100192 115946
88915 134192
84015 126951
110050 113883
104743 101001
97570 152882
105175 124703
84276 87951
107339 117379
143850 87087
80828 120304
108561 152791
125051 118294
88515 110535
96003 97290
81280 133980
101709 125195
105826 87311
120371 88914
97611 118956
105777 141788
107305 98895
132193 84196
73794 131927
87289 118939
100150 93010
104225 139051
108133 89731
89378 102695
87578 132784
97516 120368
121693 87589
99415 122249
110915 103894
94893 94380
77282 136217
76750 109174
81396 123018
91360 129497
94277 151676
102311 98831
85929 126165
110038 106281
114838 102177
85142 138157
96697 96390
109015 90160
103043 102953
126818 106943
106491 93627
86189 122448
90393 116624
79604 125114
99496 111390
94941 85721
111885 91071
86602 111159
111709 113475
92803 103464
96723 92932
95072 119183
96320 159028
93480 107107
87412 123405
108241 139306
95720 118909
88516 120212
119891 134949
91500 140684
114604 96637
94045 155285
108428 93473
85409 135929
119070 122124
93441 118633
116748 109950
145199 98232
119194 99974
108190 136549
85253 137001
85065 130891
120599 109741
90572 144891
103315 121192
115025 118235
135157 107630
115866 102031
98323 87224
126076 154472
144515 90537
88999 138744
147620 94207
87863 141937
89837 120998
124710 124243
93054 119861
92414 95628
110025 126841
142030 123745
97764 139890
138392 88143
93932 157672
76537 139380
121687 127690
106641 114245
79354 139600
115189 97286
98231 133850
79051 128306
98283 104851
107822 92909
101990 90238
123339 104806
104990 87702
120799 84473
108209 110987
111468 120024
97385 137403
115558 113851
91450 131888
133138 117564
76394 99435
91974 127792
89858 85360
122414 83403
105523 92610
117656 137666
93299 142683
122171 77437
132922 124999
112984 92096
120314 120729
118632 104572
113519 86047
84016 130066
92493 126611
123477 116701
76975 118084
96245 158371
110165 146109
114696 144711
109175 131303
75700 128467
83782 117986
128745 104178
108316 98158
116412 88548
125278 149552
120940 118339
91304 131786
100378 107830
114601 101528
91254 122525
121776 151296
106069 115043
85097 138858
74153 98202
110666 120890
104853 113253
112036 124394
76556 99249
97329 86223
106381 133843
92804 118823
118942 127941
98881 137137
97204 127959
110108 129082
93822 134490
83092 112366
87392 129278
102859 86619
104597 95032
115516 130998
129544 121894
126389 127528
120018 129332
102313 94328
121917 114694
112512 90928
89449 103644
125194 133467
81688 129878
95165 136714
127626 138907
136218 99652
143748 122857
105592 100541
79365 107389
92751 116005
90331 116548
119709 106889
122213 127892
131758 147256
116022 85053
97944 109552
84803 122135
106992 109215
153681 101100
101085 87404
107212 97867
119957 126408
110846 86497
93555 103785
101889 95835
131476 161073
103194 112249
133994 128523
97295 128927
113939 92067
93738 144784
110685 111954
121114 107562
97073 125656
96756 133416
82519 131460
123027 97182
115684 133123
125570 157573
106862 90047
113705 87220
129529 108691
115883 99664
130635 100474
106852 86494
100700 122649
78393 119292
103113 103574
119075 113071
125231 89811
124886 108389
98499 99964
117384 101137
129358 136583
84641 126609
107722 88594
86484 127383
107502 102844
131012 98167
83947 120772
120954 154946
132697 89363
95102 137838
95146 123952
86956 121671
104000 84398
110732 117280
101506 116163
73772 145015
108370 86151
81825 138492
92962 126422
101942 85620
88581 132992
111793 88088
95464 89182
115889 112380
90743 139107
109927 80869
91873 83487
93183 111819
97032 116845
106042 131721
110712 134269
126929 105244
90910 129397
114583 128086
92299 104853
76009 144802
102173 108697
91952 119105
129290 99336
92326 128008
76165 139067
92178 142217
98794 146431
88499 111261
101204 109808
88382 120966
126707 119122
101856 97820
97669 86981
113054 96101
86777 106681
96653 137928
112088 101028
