38921 2701.7
114090 134924
132648 122898
122860 128827
149675 122367
111886 144690
129154 127516
110912 146432
108965 153991
122514 131583
110545 152134
127825 128420
132333 126083
147025 122847
110886 148418
109784 153940
126724 128795
113838 144118
113883 144114
107150 155475
157613 121197
108989 157090
112123 146175
123159 130917
118607 135457
116439 136346
115932 137885
131310 127947
136033 124798
110538 155336
129026 129049
126746 130059
114816 144241
111936 151675
134661 127394
113377 145849
114514 144945
124186 130696
111809 154660
122948 135117
134332 127747
131188 128940
125273 130688
107228 161828
136980 123186
114046 145938
118795 136145
116588 140378
126295 131361
132149 128361
115974 142865
130786 130293
134228 128007
136226 126299
125246 134001
121138 135525
124875 134562
120933 135653
126279 132185
133136 128343
109871 161946
136579 125703
122302 138705
119048 158493
163139 172211
156569 165116
153800 161276
143749 157643
158737 180883
152822 167088
155490 182219
144082 161796
152607 187895
138463 181064
161208 173462
136688 164440
163496 177493
148672 155327
151181 184609
151108 165902
155651 178486
146785 175444
160185 167888
151618 163016
168375 181543
149890 183139
151735 163603
159588 172260
145177 172218
149955 168204
161964 149554
153087 176710
150768 162987
152966 166915
150919 168672
153143 163850
135274 169056
158198 173375
154410 165440
156987 183136
162137 166037
159289 154170
140884 158874
151197 174638
149495 171223
148983 168643
148285 157845
145729 172698
150075 170320
154428 179190
149926 173516
145347 184740
154542 156417
142416 165907
158189 171674
161055 182845
156232 165036
142599 170600
153021 168032
141955 169535
147987 164192
154193 167194
167992 180711
153097 160535
165444 173368
161835 169300
152807 168884
140639 173141
159419 183815
142366 172500
162390 163833
154753 167123
147157 158311
153180 172276
155663 173956
167753 175454
155074 167543
168547 175493
154214 175830
153638 182319
151418 165228
150739 167590
161079 176269
147658 172398
159895 158954
143086 158377
163100 159914
149857 166840
153745 170373
160844 177834
156239 175404
152945 148235
165735 171620
161196 179750
150160 169030
157603 181252
150378 173469
140264 167233
165393 176757
143867 167733
147610 187586
156315 178134
165417 161595
145421 170975
159155 164447
154815 162223
152968 173292
153498 172798
150873 167028
151888 163671
143581 169942
154839 177096
155942 182178
149647 157280
142123 170511
152998 170271
152942 184948
152735 184538
160236 171074
145594 167286
157213 147396
145199 175034
156941 168556
159271 174019
145386 179878
146048 168402
152939 155778
152723 154579
158234 169602
147843 160180
153613 165877
138810 169232
151720 175611
157628 171807
152110 172939
161694 168039
153413 175957
157568 155836
145224 170702
153889 161103
151267 167967
150313 158530
153377 166427
156409 167592
157038 177221
143665 171354
157756 166307
164164 184909
146017 169132
168199 168857
146411 173789
153210 173884
141571 155018
129827 169605
151534 165301
164222 158511
145817 159573
150167 179042
148943 160676
147678 176893
150050 164504
153031 163611
146825 162038
151448 183579
161618 162910
161067 177719
157388 177241
144882 172474
150987 158014
161620 168914
151636 178587
145002 174204
143309 178696
143948 170471
161247 169279
136273 173455
146915 172376
156326 156995
168266 173949
160052 174443
145765 176986
154763 160813
148664 169822
165986 169200
155516 186928
157164 173488
155462 170982
158801 183175
155037 185193
159378 176817
150060 173101
146158 167728
162953 159443
154203 165100
145482 167429
151520 180195
137815 162753
149402 164720
147377 179844
157430 173039
147313 171778
162450 185134
163895 187515
134253 175591
161316 164342
144689 147105
137914 172760
152654 163145
149739 178337
140435 168335
151473 169308
168426 179760
150734 175204
139340 179603
150293 148525
156651 157180
157283 171664
151780 164638
170557 157099
148943 180212
153941 167091
139462 183386
154867 176066
159639 180359
150792 150987
147141 167453
160177 156644
147418 164586
154391 161781
139930 169717
156753 157705
154865 179852
147102 149958
154475 176859
168597 163120
144740 173932
136399 171189
158762 160378
163023 178695
136759 160200
167057 192341
165727 187498
157376 163603
137660 171729
159572 162632
155365 167997
149666 190831
155020 173483
150255 169569
157626 170521
154768 186697
147320 177273
149315 165478
146099 178092
131665 161300
159342 169212
148699 158888
155629 180284
157938 165166
158694 168744
166979 154989
144825 176657
172635 173895
159060 168160
172591 179662
143229 175018
156891 175042
148440 184477
152779 167216
144011 180976
156950 171692
147172 170865
134900 174754
153714 166869
149171 180847
156591 174084
152707 171905
153318 186506
138562 175904
149312 169770
162433 170959
158051 172394
155216 166189
170281 170122
143730 180151
154951 170613
160537 178428
155207 168835
155595 174240
146770 149691
149329 170822
144955 165122
157033 167749
138049 164571
146296 167908
167558 162765
168473 166952
151101 182085
164419 167740
145487 158175
155798 149419
155650 170969
145007 174299
151784 169458
152400 170260
157566 164533
133995 175139
152480 180754
147452 177142
147198 168386
158245 171458
163782 160233
157215 175802
152482 178306
141479 174417
153409 154589
162221 170280
148547 168687
141874 172086
153505 200294
139921 179757
162654 172592
161239 170470
155301 159746
149872 172237
155138 168052
155050 181692
160887 168050
159620 181526
132670 184084
146070 160075
158579 153963
159103 164892
152277 177838
152927 169707
154615 174565
151669 158417
158405 165278
135104 166210
135090 163213
142342 161039
156379 164004
165566 160792
140558 181653
164925 173016
151381 181680
158551 164007
156242 179449
151986 168190
159661 167917
158726 169772
148895 165833
140454 160156
150575 170772
147256 166876
151657 165009
146811 177905
158148 170930
155218 158547
159666 167005
154436 179781
156888 155596
156022 165746
148530 168489
137000 170256
154947 163141
152021 159118
168457 160628
153094 168385
144147 186440
147142 171064
172954 171256
158883 163806
141582 149318
165270 178989
153675 156522
161105 162511
147660 149071
147102 165847
148125 169691
141646 184067
170501 179683
141598 178114
147383 182936
154628 164991
168333 174076
158786 191570
149724 172236
165437 170752
147025 181188
154094 148615
157156 168637
153615 168873
156849 181531
148964 175842
149446 163357
155549 163026
151735 175305
152391 167091
152980 154587
149236 157786
136250 177590
142048 156430
173097 168536
144313 161099
157725 154874
160496 172800
152035 180057
139355 177313
163955 173183
157554 162216
150233 183661
146162 171330
157253 175308
144475 170896
145350 165866
152169 177470
155250 163790
158913 180143
147014 174599
148955 176849
143497 186640
158955 171812
151265 163868
162111 177411
142118 151521
141306 155544
154594 158844
157922 173757
140936 166526
145938 164265
160095 173243
147477 159007
156740 159048
141232 154732
158399 173003
151731 182376
158295 159301
154287 181364
158221 167855
162075 181513
148158 161359
143663 179148
162095 167446
146621 178405
156239 172246
145866 174426
153932 160148
161176 162458
165564 180069
149951 174214
160324 175072
150685 169484
153410 172878
147969 167946
150595 171903
144835 157543
158209 182167
142310 165327
148741 162388
158301 167832
149493 163614
145569 167609
136997 175028
147685 175026
153480 164880
150151 153122
153530 178718
140729 182695
160804 158119
167291 159578
150328 166489
156751 166639
146352 168749
150691 164206
157028 174272
159519 159757
151836 189561
153597 152192
145228 177691
142114 180335
133808 170772
158712 174376
152373 157240
155922 168215
160648 175969
161908 167372
149896 166197
149861 169978
167621 164405
151695 169877
167544 152497
145405 176522
154930 169399
146706 175683
151850 166906
161666 176144
136900 176288
148561 176509
156552 170156
161434 159076
153035 168415
162234 170492
148597 172526
166500 164255
157806 173794
149385 171797
149256 174721
163108 174468
143771 167049
156708 172425
148616 175844
143307 168564
152756 176462
154693 168492
156429 174383
164275 172008
145101 187122
144009 197879
154997 172431
145164 176743
163612 157522
150187 170300
148024 180651
151718 152735
148909 171567
147539 175298
160608 166780
164592 180131
157222 184712
151223 174784
145357 174182
155302 162968
156580 164411
140279 167465
148485 169260
132737 185972
155871 164934
163238 174938
155136 167639
156024 173563
153064 156200
162120 157112
155753 170399
160377 187564
149984 174061
144155 170065
144790 159739
180314 166233
135369 184391
157821 164292
154628 182824
148210 166901
150705 162438
140843 174428
153750 170705
147461 143966
149302 186531
151815 172726
149803 173042
145277 169106
149522 180275
153942 170290
140898 167603
161038 158773
157765 161288
144162 170154
157394 156997
156828 161543
149254 163251
158581 182279
152697 177358
149033 169539
154684 174308
147657 164448
153030 178008
154674 161624
146091 188628
160700 160928
151473 174918
146963 157685
153626 162788
153338 173155
155564 185776
156749 175007
151847 157704
143796 169487
146629 172858
169983 169798
151717 155123
154318 172571
163352 169251
126976 171366
166455 174934
156624 166845
157856 170864
143116 177865
153902 168218
156268 173853
150379 175331
156137 159794
170177 177631
166984 172103
165896 173853
151143 179041
143328 164548
161437 165232
155517 175344
154009 165860
131167 180055
164428 165721
153684 168537
159726 167724
133854 178321
145450 174969
154134 175020
150306 170971
146539 157185
143180 168591
157863 165547
144390 175107
147574 175272
152446 180350
162123 166964
161078 177094
161743 172324
173469 163492
150166 170057
148936 178312
154351 160884
157201 165895
142880 160821
160308 152886
153585 154838
166301 165511
155143 160548
163140 175561
159243 172138
153907 171509
139908 165760
159241 168356
167217 174435
158677 154294
155462 163010
144004 166955
156965 169647
167890 184032
146563 179260
165264 181334
151231 173516
150800 174910
152585 168250
162710 162091
147210 166061
160040 155693
159520 163522
158298 166868
142822 174693
159839 178178
150427 173749
143643 183097
155177 171301
139684 176900
152261 176835
153133 167903
156719 168876
140230 161882
161911 195169
155717 164289
151132 175126
155149 176127
148007 182289
165200 168597
154691 170404
156957 166105
151841 192872
141749 154675
144227 166304
152288 166260
152316 177712
151263 169325
166535 179268
169842 168309
149840 165323
147767 174691
154741 178470
149766 183397
152156 176688
157975 166699
157226 170483
142297 166616
148321 160707
162518 156387
155543 175768
149789 173522
148131 185206
161591 167479
153272 158943
148127 171885
149886 170291
171201 173533
139684 187273
157760 174404
154257 162226
141798 170662
151140 175527
145453 158359
158863 170835
151411 178234
153815 181387
160331 179421
137714 170434
140985 162462
144917 181245
158455 164961
170735 164308
154242 178780
159721 177912
156368 187453
146781 185929
155275 175760
163632 173195
152691 179888
150945 164082
163464 178936
155733 179982
142536 163035
159788 188252
169397 173546
135908 176029
152263 173129
147572 169236
141706 171897
156673 171067
143131 171419
166394 161703
153935 177850
147265 176048
155755 173578
157572 183046
164589 166602
158679 184617
143574 161551
144787 163233
153703 162071
155218 166772
152906 165766
151609 179137
152272 186614
157981 178082
157523 165770
141616 180618
157979 171102
148019 173131
155598 181201
152252 182773
162712 167879
155809 181474
160670 181989
156734 177327
145328 161761
148876 162743
162748 174816
160221 165547
139748 179562
167202 175009
159520 175161
156912 175797
165412 167032
137077 163916
155323 156240
153695 168813
151418 166203
154995 169512
153966 180431
145821 187525
156794 172009
147579 160150
149205 169885
169657 176584
162847 172100
162656 173462
165705 164969
151869 176177
149107 173802
162715 165481
151853 181096
142984 168377
163160 164125
151678 178302
153093 176248
148607 169462
145292 166780
151416 165123
154786 172971
149440 162022
158130 161248
150210 182353
142380 173898
152213 165143
159775 160555
155294 164429
171351 165003
158801 152432
148779 180058
156598 177781
145518 159622
144046 156602
157157 171373
147283 182569
146967 165780
159788 169961
162249 155172
154721 172693
154029 164573
146741 168912
158592 161793
165646 166440
150725 182104
169711 184333
149079 151548
160309 177383
142243 165189
149879 171722
139747 161898
164037 175500
140325 173764
164115 182750
137965 169335
151454 178095
155771 158896
153391 183092
147370 173291
148604 162180
156947 166592
155688 164344
155564 173635
159618 172504
156843 162155
151006 168528
150239 178029
147885 163485
140963 171156
162862 159492
147116 179781
142781 154630
146735 175155
152679 163039
148457 173123
161469 166111
155080 184010
161447 172213
150689 181929
152138 167199
158947 172826
160371 178847
156854 185023
158557 156279
167669 176119
147621 181168
146646 179390
148233 165594
148810 175550
146716 165157
150741 187862
155084 169807
136752 162831
144639 165827
137205 166328
154844 160120
158357 177073
155893 167202
163558 176212
136850 163907
157670 177607
144587 176185
162105 178730
158301 164667
166174 173370
143646 167219
152700 169950
141859 172363
151867 171701
155223 170537
149863 159596
153059 174809
161227 171482
155565 164710
160625 173722
140968 184453
158234 162589
156320 162684
165542 175348
155849 151466
175390 164359
145320 171212
142554 164384
138141 169456
140320 153969
159576 158798
152782 161941
141712 167924
149385 164430
154934 167667
155225 180730
148917 174321
148271 159637
155611 159348
156484 168858
157384 175055
148966 171130
150635 156534
150146 181796
153045 171772
148563 168107
167931 172810
172700 165513
151870 185623
158118 175719
165886 178070
167212 173825
143474 184661
135088 184147
134645 170364
162412 173607
145357 178551
138774 165689
149234 162019
147975 179690
150333 173377
157107 175787
147171 164883
164366 186710
160600 168351
156078 166471
144175 182719
152422 173018
140453 184767
148955 175558
164152 164052
158580 173933
