2371 420.724
105173 46436
104393 46256
104787 46470
104393 46256
104393 46256
88885 46277
90391 46451
101550 46590
88347 46465
88885 46277
101550 46590
90391 46451
88640 46642
88083 46713
88621 46525
88640 46642
88433 46823
88083 46713
88433 46823
88347 46465
87640 47005
86682 47014
86682 47014
86682 47014
86682 47014
85999 47145
86682 47014
86144 47202
86144 47202
85308 47261
85308 47261
85308 47261
85198 47348
85198 47348
85115 47414
85115 47414
85115 47414
84616 47515
84888 47553
84616 47515
84506 47602
84506 47602
84506 47602
84506 47602
84506 47602
84034 47778
84034 47778
83951 47844
83951 47844
83951 47844
83841 47931
83841 47931
83841 47931
83841 47931
83031 48096
83841 47931
83841 47931
82921 48183
82921 48183
82921 48183
82838 48249
82838 48249
82838 48249
82838 48249
82034 48384
82034 48384
82034 48384
82034 48384
81535 48485
81535 48485
81535 48485
81535 48485
81425 48572
81425 48572
81425 48572
81425 48572
81425 48572
80952 48739
80952 48739
80891 48773
80869 48805
80869 48805
80781 48860
80781 48860
80781 48860
80781 48860
80335 49006
80335 49006
80308 49027
80308 49027
80225 49093
80225 49093
79780 49146
79748 49154
79748 49154
79748 49154
79748 49154
79748 49154
79748 49154
79214 49355
79214 49355
79214 49355
79214 49355
79001 49440
79001 49440
79001 49440
79001 49440
79001 49440
78904 49560
78904 49560
78694 49614
78694 49614
78694 49614
78584 49701
78584 49701
78584 49701
78584 49701
78384 49819
78384 49819
78384 49819
78274 49906
78274 49906
78191 49972
78191 49972
78191 49972
77947 50058
77947 50058
77947 50058
77947 50058
77837 50145
77837 50145
77837 50145
77637 50263
77637 50263
77637 50263
77637 50263
77454 50361
77637 50263
77454 50361
77637 50263
77454 50361
77454 50361
77454 50361
77144 50566
77155 50550
77144 50566
77144 50627
77144 50627
77144 50627
76484 50689
76796 50632
76796 50632
76484 50689
76484 50689
76484 50689
76425 50819
76425 50819
76174 50894
76174 50894
76174 50894
76174 50894
76174 50894
76174 50894
76174 50894
75857 51097
75972 51092
75857 51097
75857 51097
75857 51097
75857 51097
75857 51097
75857 51097
75655 51295
75655 51295
75655 51295
75655 51295
75655 51295
75655 51295
75655 51295
75604 51524
75604 51524
75604 51524
75604 51524
75604 51524
75604 51524
75402 51722
75402 51722
75402 51722
75402 51722
75402 51722
75402 51722
75402 51722
75402 51722
75402 51722
75402 51722
75402 51722
75402 51722
75402 51722
75116 52134
74539 52098
75116 52134
74539 52098
75033 52200
74813 52258
74813 52258
74813 52258
74813 52258
74806 52339
74806 52339
74723 52405
74723 52405
74503 52463
74503 52463
74503 52463
74503 52463
74420 52529
74420 52529
74420 52529
74420 52612
74420 52612
74420 52612
74420 52612
74418 52787
74418 52787
74418 52787
74418 52787
74418 52787
74418 52787
74418 52787
74141 53048
74141 53048
74141 53048
74141 53048
74141 53048
74141 53048
73615 53120
73532 53186
73532 53186
73615 53120
73532 53186
73532 53186
73504 53236
73422 53273
73422 53273
73422 53273
73422 53273
73422 53273
73422 53273
73422 53273
73401 53519
73362 53547
73362 53547
73291 53606
73252 53634
73252 53634
73169 53700
73169 53700
73169 53700
73169 53700
73169 53700
73169 53700
73169 53700
73169 53700
73169 53700
73169 53700
73131 54040
73060 54099
73060 54099
72959 54121
72959 54121
72959 54121
72959 54121
72959 54121
72959 54121
72959 54121
72557 54370
72557 54370
72557 54370
72557 54370
72557 54370
72557 54370
72557 54370
72557 54370
72557 54370
72557 54370
72557 54370
72557 54370
72557 54370
72557 54370
72557 54370
72557 54370
72557 54370
72444 54905
72298 54934
72298 54934
72298 54934
72298 54934
72298 54934
72298 54934
72296 55109
72296 55109
72296 55109
72296 55109
72296 55109
72296 55109
72296 55109
72296 55109
72296 55109
72159 55505
72159 55505
72159 55505
72134 55565
72134 55565
72134 55565
72134 55565
71995 55751
72003 55773
71995 55751
71995 55751
72003 55773
71995 55751
72001 55948
71995 55751
71995 55751
71995 55751
72001 55948
72001 55948
72001 55948
72001 55948
71995 55751
71824 56351
71824 56351
71824 56351
71824 56351
71824 56351
71821 56479
71821 56479
71821 56479
71821 56479
71821 56479
71821 56479
71821 56479
71821 56479
71821 56479
71821 56479
71821 56479
71821 56479
71821 56479
71824 56351
71824 56351
71824 56351
71821 56479
71824 56351
71824 56351
71822 56526
71824 56351
71824 56351
71824 56351
71824 56351
71824 56351
71824 56351
71824 56351
71824 56351
71824 56351
71824 56351
71824 56351
71824 56351
71824 56351
71824 56351
71677 58121
71677 58121
71677 58121
71672 58194
71672 58194
71677 58121
71677 58121
71677 58121
71530 58437
71530 58437
71530 58437
71525 58510
71525 58510
71525 58510
71525 58510
71297 58745
71297 58745
71297 58745
71297 58745
71292 58818
71292 58818
71292 58818
71292 58818
71292 58818
71292 58818
71292 58818
71292 58818
71292 58818
71292 58818
71292 58818
70399 59390
70399 59390
70399 59390
70399 59390
70399 59390
70399 59390
70399 59390
70399 59390
70399 59390
70399 59390
70399 59390
70399 59390
70303 59417
70139 59437
70139 59437
70139 59437
70043 59464
70043 59464
70043 59464
70043 59464
69965 59598
69965 59598
69965 59598
69929 59723
69929 59723
69895 59790
69895 59790
69859 59915
69859 59915
69859 59915
69859 59915
69859 59915
69859 59915
69098 60131
69098 60131
68313 60230
69098 60131
69098 60131
68313 60230
69098 60131
68313 60230
69098 60131
68313 60230
68313 60230
68313 60230
68313 60230
68313 60230
68313 60230
68313 60230
68313 60230
68313 60230
68313 60230
68313 60230
68313 60230
68313 60230
68313 60230
68249 60275
68053 60277
68053 60277
68053 60277
68053 60277
67679 60354
67679 60354
67679 60354
67679 60354
67679 60354
67679 60354
67679 60354
67679 60354
67619 60475
67679 60354
67523 60502
67619 60475
67600 60651
67448 60581
67523 60502
67600 60651
67448 60581
67540 60772
67419 60786
67359 60907
67359 60907
67359 60907
67322 61011
67322 61011
67224 61107
67175 60896
67224 61107
67224 61107
67182 60613
67224 61107
67182 60613
67224 61107
66643 61449
66807 61429
66807 61429
66643 61449
66807 61429
66807 61429
66643 61449
66643 61449
66643 61449
66547 61476
66547 61476
66547 61476
66547 61476
66547 61476
66547 61476
66547 61476
66547 61476
66547 61476
66384 61941
66384 61941
66384 61941
66384 61941
66384 61941
66384 61941
66384 61941
66340 62151
66080 62198
66080 62198
66080 62198
66080 62198
66080 62198
65984 62225
65984 62225
65984 62225
65984 62225
65984 62225
65984 62225
65984 62225
65984 62225
65376 62641
65376 62641
65376 62641
65376 62641
65376 62641
65376 62641
65376 62641
65376 62641
65376 62641
65376 62641
65376 62641
65376 62641
65363 62765
65267 62792
65267 62792
65267 62792
65267 62792
65267 62792
65267 62792
65267 62792
65267 62792
64748 63188
64748 63188
64748 63188
64748 63188
64748 63188
64748 63188
64748 63188
64748 63188
64748 63188
64748 63188
64748 63188
64711 63292
64711 63292
64613 63388
64613 63388
64576 63492
64576 63492
64535 63522
64535 63522
64498 63626
64498 63626
64498 63626
64498 63626
64498 63626
64369 63887
64369 63887
64369 63887
64369 63887
64369 63887
64358 64001
64358 64001
64023 64200
64023 64200
64023 64200
64023 64200
64023 64200
64023 64200
64023 64200
64023 64200
64012 64314
63888 64400
63888 64400
63888 64400
63888 64400
63888 64400
63851 64504
63415 64616
63415 64616
63415 64616
63415 64616
63415 64616
63415 64616
63415 64616
63415 64616
63415 64616
63415 64616
63404 64730
63378 64720
63378 64720
62936 64982
62936 64982
62936 64982
62936 64982
62936 64982
62936 64982
62936 64982
62936 64982
62936 64982
62936 64982
62936 64982
62936 64982
62801 65182
62801 65182
62801 65182
62801 65182
62801 65182
62801 65182
62770 65383
62770 65383
62705 65551
62705 65551
62705 65551
62705 65551
62705 65551
62705 65551
62705 65551
62273 65984
62273 65984
62273 65984
62273 65984
62273 65984
62273 65984
62273 65984
62273 65984
62273 65984
62273 65984
62273 65984
62138 66184
62138 66184
62138 66184
62138 66184
62138 66184
62138 66184
62138 66184
62138 66184
62138 66184
62138 66184
62138 66184
62138 66184
61321 66991
61321 66991
61456 66791
61321 66991
61321 66991
61456 66791
61456 66791
61321 66991
61321 66991
61321 66991
61456 66791
61419 66895
61419 66895
61419 66895
61419 66895
61321 66991
61321 66991
61321 66991
61321 66991
61284 67095
61284 67095
61284 67095
61206 67306
61206 67306
61206 67306
61206 67306
61040 67589
61040 67589
61040 67589
61040 67589
61040 67589
61040 67589
60905 67789
60905 67789
60905 67789
60905 67789
60905 67789
60874 67990
60874 67990
60776 68086
60776 68086
60776 68086
60739 68190
60739 68190
60728 68304
60728 68304
60739 68190
60739 68190
60739 68190
60739 68190
60739 68190
60739 68190
60725 69210
60603 69298
60674 69447
60603 69298
60603 69298
60603 69298
60603 69298
60674 69447
60603 69298
60603 69298
60674 69447
60603 69298
60589 70318
60366 70394
60366 70394
60366 70394
60366 70394
60366 70394
60194 70419
60194 70419
60194 70419
60194 70419
60194 70419
60194 70419
60067 70598
60067 70598
60067 70598
59885 70631
59885 70631
59885 70631
59885 70631
59885 70631
59885 70631
59586 70835
59586 70835
59586 70835
59586 70835
59586 70835
59586 70835
59586 70835
59586 70835
59586 70835
59441 71138
59441 71138
59253 71196
59253 71196
59253 71196
59253 71196
59253 71196
59253 71196
58864 71239
58864 71239
58864 71239
58864 71239
58864 71239
58864 71239
58864 71239
58864 71239
58864 71239
58864 71239
58864 71239
58864 71239
58645 71612
58645 71612
58645 71612
58645 71612
58645 71612
58645 71612
58645 71612
58645 71612
58645 71612
58585 72228
58585 72228
58585 72228
58459 72460
58459 72460
58459 72460
58459 72460
58459 72460
58472 72824
58459 72460
58399 73076
58399 73076
58399 73076
58396 73383
58399 73076
58386 73701
58386 73701
58127 74053
58127 74053
58127 74053
58127 74053
58127 74053
58127 74053
58127 74053
57943 74190
57992 74253
57943 74190
57943 74190
57943 74190
57943 74190
57941 74213
57808 74390
57943 74190
57943 74190
57943 74190
57808 74390
57808 74390
57992 74253
57914 76168
57808 74390
57914 76168
57914 76168
57854 76784
57854 76784
57854 76784
57854 76784
57854 76784
57854 76784
57831 77770
57831 77770
57831 77770
57831 77770
57831 77770
57746 78752
57643 78676
57746 78752
57746 78752
57643 78676
57583 79292
57635 79328
57635 79328
57635 79328
57635 79328
57560 80278
57560 80278
57004 80513
57004 80513
57004 80513
57004 80513
57004 80513
57004 80513
57004 80513
57004 80513
57004 80513
57004 80513
57004 80513
57004 80513
57004 80513
57004 80513
57004 80513
56973 81257
56973 81257
56973 81257
56973 81257
56973 81257
56973 81257
56973 81257
56973 81257
56973 81257
56930 81834
56930 81834
56565 84710
56565 84710
56565 84710
56400 85113
56400 85113
56400 85113
56565 84710
56400 85113
56400 85113
56400 85113
56400 85113
56400 85113
56400 85113
56400 85113
55969 85736
55869 85787
55969 85736
55869 85787
55969 85736
55969 85736
55869 85787
55869 85787
55969 85736
55869 85787
55869 85787
55869 85787
55806 86301
55806 86301
55806 86301
55806 86301
55806 86301
55806 86301
55649 88334
55586 88848
55649 88334
55806 86301
55768 90414
55768 90414
55623 90960
55455 90718
55586 88848
55455 90718
55141 91240
55141 91240
55141 91240
55141 91240
55141 91240
55141 91240
55141 91240
55141 91240
55141 91240
54896 91755
54896 91755
54896 91755
54896 91755
54896 91755
54731 92158
54731 92158
54731 92158
54731 92158
54731 92158
54731 92158
54731 92158
54539 95031
54539 95031
54539 95031
54539 95031
54539 95031
54382 95361
54475 97664
54475 97664
54475 97664
54475 97664
54215 99670
53817 100791
54215 99670
53817 100791
53584 98887
53451 100181
53814 96470
53817 100791
53817 100791
53451 100181
53754 99621
53584 98887
53411 100837
53411 100837
52568 101774
53224 99536
53411 100837
53411 100837
53241 100823
53224 99536
53017 100429
53017 100429
52129 101161
53017 100429
53017 100429
52129 101161
52129 101161
52149 100242
52129 101161
52129 101161
52129 101161
52149 100242
52129 101161
52129 101161
52129 101161
52129 101161
52129 101161
52129 101161
52129 101161
51955 102475
52129 101161
51680 102506
51955 102475
51680 102506
51680 102506
51659 104590
51659 104590
51659 104590
51659 104590
51596 105104
51526 105332
51507 107715
