3133 601.032
121169 45792
121169 45792
121411 45739
119137 45934
119588 45940
119588 45940
117314 46135
117314 46135
117314 46135
115979 46350
115737 46403
115737 46403
115606 46583
115198 46597
115198 46597
115198 46597
111392 46849
111392 46849
111150 46902
109342 46960
109284 47037
109284 47037
109211 47140
108969 47193
107765 47228
107765 47228
107634 47408
107392 47461
107392 47461
107392 47461
106220 47591
106220 47591
106572 47614
106146 47802
106146 47802
104995 47882
104299 47946
104299 47946
104299 47946
103961 48092
103961 48092
103961 48092
103074 48237
103074 48237
102934 48377
102934 48377
102934 48377
102047 48522
102047 48522
102047 48522
102047 48522
102047 48522
101293 48773
101448 48890
101156 48895
101156 48895
101156 48895
98985 49046
98985 49046
98985 49046
98985 49046
98985 49046
98985 49046
98409 49310
97701 49336
97701 49336
97701 49336
97701 49336
97701 49336
97613 49588
97125 49600
97125 49600
97125 49600
97125 49600
96853 49825
96853 49825
97037 49852
96427 49976
96427 49976
96046 50067
96046 50067
96046 50067
95752 50227
95752 50227
95304 50284
95304 50284
95304 50284
95304 50284
95304 50284
95304 50284
95304 50284
94964 50659
94964 50659
94964 50659
94964 50659
94770 50882
94770 50882
94770 50882
94770 50882
94770 50882
90952 51175
90952 51175
90952 51175
90952 51175
90952 51175
90952 51175
90952 51175
90952 51175
90952 51175
89936 51249
89936 51249
89936 51249
87852 51305
87852 51305
87852 51305
87852 51305
87852 51305
87852 51305
86103 51351
86103 51351
86103 51351
86103 51351
86103 51351
86103 51351
85087 51425
85087 51425
85087 51425
85087 51425
85079 51481
85079 51481
84437 51608
84437 51608
84437 51608
84401 51667
84287 51681
84287 51681
84146 51809
84146 51809
84158 51869
83504 51936
83504 51936
83504 51936
83496 51992
83496 51992
83065 52052
83065 52052
82049 52126
82049 52126
82049 52126
82049 52126
82049 52126
82013 52185
82005 52241
81429 52277
81429 52277
81429 52277
81421 52333
81421 52333
81421 52333
81421 52333
81150 52538
81150 52538
81421 52333
81142 52594
81421 52333
81142 52594
81139 52829
81139 52829
80896 52896
80896 52896
80896 52896
80720 52960
80720 52960
80597 53050
80597 53050
80589 53106
80562 53182
80562 53182
80386 53246
80386 53246
80124 53323
80124 53323
80116 53379
80116 53379
79825 53477
79825 53477
79817 53533
79817 53533
79817 53533
79817 53533
79546 53738
79546 53738
79546 53738
79163 53810
79163 53810
79155 53866
79155 53866
78543 53961
78543 53961
78543 53961
78543 53961
78543 53961
78543 53961
78422 54101
78244 54115
78244 54115
78236 54171
78236 54171
78236 54171
78236 54171
77978 54363
77965 54376
77965 54376
77965 54376
77965 54376
77965 54376
77699 54624
77699 54624
77699 54624
77360 54699
76795 54703
76795 54703
76795 54703
76795 54703
76795 54703
76330 54766
76330 54766
76330 54766
76135 54779
76135 54779
76135 54779
75670 54842
75670 54842
75670 54842
75670 54842
75670 54842
75496 54994
75496 54994
75301 55007
75301 55007
74836 55070
74836 55070
74836 55070
74836 55070
74433 55129
74433 55129
74433 55129
74433 55129
73968 55192
73968 55192
73968 55192
73968 55192
73960 55248
73960 55248
73599 55357
73599 55357
73599 55357
73599 55357
73134 55420
73134 55420
73134 55420
73134 55420
73126 55476
73126 55476
73070 55573
73070 55573
72899 55683
72899 55683
72656 55688
72656 55688
72534 55705
72534 55705
72534 55705
72236 55801
72236 55801
72236 55801
72236 55801
72065 55911
72065 55911
71822 55916
71822 55916
71822 55916
71822 55916
71822 55916
71766 56089
71766 56089
71543 56177
71543 56177
71472 56180
71472 56180
71472 56180
71472 56180
71140 56371
71140 56371
71140 56371
71140 56371
71100 56411
71100 56411
71019 56511
70841 56525
70841 56525
70801 56565
70801 56565
70777 56649
70750 56675
70777 56649
70562 56786
70562 56786
70522 56826
70522 56826
70522 56826
70471 56936
70471 56936
70376 57042
70376 57042
70350 57046
70303 57090
70068 57158
69763 57159
69763 57159
69763 57159
69763 57159
69763 57159
69755 57215
69755 57215
69474 57286
69474 57286
69474 57286
69466 57342
69466 57342
69466 57342
69466 57342
69466 57342
69466 57342
69466 57342
69466 57342
69188 57737
69188 57737
69180 57793
69180 57793
68784 57797
68784 57797
68784 57797
68784 57797
68744 57837
68545 57877
68545 57877
68545 57877
68284 57939
68284 57939
68284 57939
68284 57939
67826 57993
67826 57993
67826 57993
67826 57993
67826 57993
67826 57993
67826 57993
67711 58105
67711 58105
67450 58167
67450 58167
67450 58167
67450 58167
67235 58216
67235 58216
66992 58221
66992 58221
66992 58221
66992 58221
66952 58261
66944 58317
66906 58383
66663 58388
66663 58388
66663 58388
66663 58388
66655 58444
66655 58444
66655 58444
66537 58604
66294 58609
66294 58609
66294 58609
66294 58609
66254 58649
66246 58705
66208 58771
66208 58771
66200 58827
66015 58870
66015 58870
66015 58870
65975 58910
65967 58966
65929 59032
65929 59032
65678 59093
65678 59093
65678 59093
65678 59093
65678 59093
65678 59093
65678 59093
65678 59093
65575 59349
65575 59349
65575 59349
65575 59349
65575 59349
65432 59571
65432 59571
65392 59611
65392 59611
65384 59667
65201 59719
65201 59719
65201 59719
65193 59775
65153 59815
65153 59815
65153 59815
64922 59980
64922 59980
64922 59980
64922 59980
64882 60020
64874 60076
64874 60076
64874 60076
64874 60076
64874 60076
64874 60076
64831 60449
64831 60449
64831 60449
64746 60547
64746 60547
64502 60616
64502 60616
64502 60616
64502 60616
64494 60672
64494 60672
64494 60672
64494 60672
64349 60915
64349 60915
64349 60915
64341 60971
64060 61042
64060 61042
64060 61042
64060 61042
64060 61042
64052 61098
63990 61139
63990 61139
63737 61210
63737 61210
63737 61210
63737 61210
63729 61266
63729 61266
63729 61266
63729 61266
63729 61266
63717 61600
63717 61600
63717 61600
63717 61600
63559 61826
63559 61826
63559 61826
63559 61826
63559 61826
63543 62025
63433 62043
63433 62043
63433 62043
63385 62139
63385 62139
63385 62139
63152 62325
63152 62325
63152 62325
63152 62325
63112 62365
63112 62365
63104 62421
63104 62421
63104 62421
63104 62421
63050 62680
62887 62759
62887 62759
62887 62759
62887 62759
62818 62856
62818 62856
62719 62892
62719 62892
62664 62926
62664 62926
62606 63041
62072 63097
62072 63097
62072 63097
62072 63097
62072 63097
62072 63097
62072 63097
62072 63097
62072 63097
62072 63097
62064 63153
62064 63153
62064 63153
62064 63153
62064 63153
61962 63550
61962 63550
61962 63550
61954 63606
61863 63716
61863 63716
61815 63730
61815 63730
61807 63786
61223 63901
61223 63901
61223 63901
61223 63901
61223 63901
61223 63901
61223 63901
61223 63901
61223 63901
61223 63901
61215 63957
61215 63957
61215 63957
61215 63957
61215 63957
61215 63957
61113 64354
61113 64354
61105 64410
61058 64491
61014 64520
60588 64530
60588 64530
60588 64530
60588 64530
60588 64530
60588 64530
60588 64530
60588 64530
60580 64586
60580 64586
60580 64586
60307 64812
60307 64812
60307 64812
60307 64812
60307 64812
60299 64868
60299 64868
60299 64868
60231 65074
60157 65086
60157 65086
60052 65119
60052 65119
59903 65142
59903 65142
59903 65142
59903 65142
59903 65142
59885 65306
59877 65362
59877 65362
59877 65362
59719 65607
59719 65607
59719 65607
59711 65663
59711 65663
59711 65663
59711 65663
59517 65992
59517 65992
59517 65992
59517 65992
59443 66004
59443 66004
59435 66060
59435 66060
59326 66262
59326 66262
59252 66274
59252 66274
59188 66311
59188 66311
59188 66311
59153 66440
59145 66496
59145 66496
59145 66496
59085 66725
59085 66725
58898 66747
58898 66747
59085 66725
59085 66725
58975 67178
58975 67178
58967 67234
58957 67331
58876 67344
58876 67344
58868 67400
58766 67440
58766 67440
58726 67480
58702 67564
58702 67564
58702 67564
58702 67564
58700 67851
58700 67851
58601 68030
58601 68030
58561 68070
58561 68070
58537 68154
58501 68282
58489 68344
58477 68366
58425 68468
58425 68468
58425 68468
58425 68468
58091 68748
58091 68748
58091 68748
58091 68748
58091 68748
58091 68748
58091 68748
58091 68748
57891 68954
57931 68914
57931 68914
57891 68954
57883 69010
57883 69010
57883 69010
57881 69297
57881 69297
57766 69504
57766 69504
57766 69504
57726 69544
57718 69600
57706 69716
57698 69772
57698 69772
57681 70026
57673 70082
57605 70208
57605 70208
57553 70265
57553 70265
57505 70361
57505 70361
57505 70361
57445 70573
57445 70573
57445 70573
57404 70853
57238 70784
57238 70784
57344 71065
57344 71065
57080 71140
57080 71140
57080 71140
57080 71140
57080 71140
57080 71140
57080 71140
57080 71140
57080 71140
56979 71632
56979 71632
56979 71632
56979 71632
56979 71632
56979 71632
56950 71997
56979 71632
56948 72268
56979 71632
56908 72308
56908 72308
56892 72862
56892 72862
56932 72822
56931 73250
56474 73348
56474 73348
56474 73348
56474 73348
56474 73348
56474 73348
56474 73348
56474 73348
56474 73348
56474 73348
56474 73348
56357 73640
56357 73640
56357 73640
56169 73879
56169 73879
56169 73879
56169 73879
56169 73879
55712 73977
55712 73977
55712 73977
55712 73977
55712 73977
55712 73977
55712 73977
55712 73977
55712 73977
55627 74141
55524 74216
55627 74141
55524 74216
55524 74216
55524 74216
55446 74499
55446 74499
55376 74534
55376 74534
55343 74574
55343 74574
55258 74738
55258 74738
55258 74738
55126 75022
55126 75022
55126 75022
55100 75178
55041 75186
55041 75186
54938 75261
54938 75261
54938 75261
54912 75417
54759 75530
54759 75530
54759 75530
54759 75530
54733 75686
54709 75785
54552 75864
54552 75864
54552 75864
54552 75864
54542 75978
54364 76103
54364 76103
54364 76103
54364 76103
54364 76103
54323 76388
54313 76502
54135 76627
54135 76627
54135 76627
54135 76627
54125 76741
54099 76897
54099 76897
54084 77165
54084 77165
54042 77361
54042 77361
54020 77635
53994 77791
53989 77945
53979 78059
53979 78059
53881 78539
53881 78539
53881 78539
53855 78695
53693 78778
53693 78778
53693 78778
53693 78778
53693 78778
53652 79063
53464 79302
53464 79302
53464 79302
53464 79302
53464 79302
53464 79302
53423 79726
53423 79726
53371 80036
53351 80080
53351 80080
53351 80080
53351 80080
53170 80815
53170 80815
53170 80815
53170 80815
53170 80815
53129 81239
53129 81239
53077 81549
53057 81593
53057 81593
53057 81593
52971 82261
52971 82261
52971 82261
52947 82425
52947 82425
52730 82861
52730 82861
52730 82861
52730 82861
52609 82875
52609 82875
52609 82875
52583 83031
52583 83031
52476 83455
52476 83455
52450 83611
52450 83611
52247 83858
52247 83858
52247 83858
52126 83872
52096 83771
52096 83771
51953 83903
51953 83903
51953 83903
51832 83917
51832 83917
51832 83917
51664 83989
51664 83989
51664 83989
51664 83989
51638 84145
51638 84145
51604 84739
51578 84895
51402 85226
51402 85226
51402 85226
51402 85226
51281 85240
51281 85240
51281 85240
51255 85396
51255 85396
51255 85396
51192 86402
51071 86416
51071 86416
51071 86416
51071 86416
51071 86416
51071 86416
50930 88074
50930 88074
50930 88074
50930 88074
50930 88074
50930 88074
50870 89372
50870 89372
50870 89372
50799 90133
50775 90297
50732 90664
50667 90682
50627 90722
50462 90724
50462 90724
50462 90724
50359 90856
50359 90856
50319 90896
50224 90955
50224 90955
50184 90995
50121 91087
50081 91127
50019 91352
49832 91376
49832 91376
49832 91376
49832 91376
49729 91508
49729 91508
49707 91693
49667 91733
49564 91865
49564 91865
49449 92080
49449 92080
49346 92212
49346 92212
49256 92312
49256 92312
49240 92536
49162 92550
49105 92635
49065 92675
49002 92767
48962 92807
48888 92917
48888 92917
48753 93016
48753 93016
48713 93056
48650 93148
48610 93188
48560 93492
48497 93584
48497 93584
48446 93642
48383 93734
48343 93774
48248 93833
48248 93833
48145 93965
48145 93965
48105 94005
48081 94696
47985 94946
47985 94946
47945 94986
47885 95446
47787 95503
47787 95503
47687 95637
47687 95637
47647 95677
47605 96601
47527 96618
47487 96658
47298 97043
47298 97043
47298 97043
47298 97043
47258 97083
47128 98132
47128 98132
47088 98172
47047 98234
47003 98964
46917 99283
46917 99283
46877 99323
46792 100115
46752 100155
46667 100906
46667 100906
46582 101698
46542 101738
46517 102961
46432 103035
46392 103793
46313 104812
46313 104812
46228 105604
46152 105611
46005 106570
46005 106570
46005 106570
45903 112662
45903 112662
45846 115708
45752 116262
45717 117511
