10296 3370.21
131176 51172
52352 122330
128748 51265
52382 120326
70725 70370
81384 65765
83731 65424
84601 65279
82254 65620
52942 114401
52434 119688
52465 118913
52945 113672
79430 66201
52610 117496
90648 61756
54766 100845
71172 70087
54714 101483
52653 117484
53133 112243
53321 110836
52662 116858
52517 118275
55199 98748
55251 98110
52914 114447
53475 108793
53330 110210
53142 111617
54229 104800
52508 118901
52890 115039
52997 113034
52841 116077
53784 107512
53466 109419
52988 113660
54281 104162
52570 118142
78808 66308
81052 65805
83399 65464
82777 65571
80430 65912
79746 66154
52850 115451
52425 120314
52434 119688
55318 97602
96330 59093
121430 52197
53796 106897
80182 65950
91243 61698
52798 116089
120787 52200
95788 59158
55251 98110
54833 100337
125637 51597
54766 100845
54654 102061
54533 102280
55385 97600
54921 99876
54488 102729
54833 100337
52788 116619
90573 61792
54445 102741
122385 52113
125544 51624
124573 51714
119189 52356
53195 111484
53383 110077
53050 112901
54699 101612
92117 61077
55406 97141
56248 94267
54436 103193
84601 65279
85046 65227
92939 60583
57091 91615
127439 51520
126957 51534
73387 68582
52862 115085
126118 51587
55749 95905
94404 60122
98165 58281
66704 74497
88404 63033
128508 51472
54004 105795
127920 51510
91286 61635
126211 51560
126523 51535
77375 66752
77327 66863
54348 103654
90176 61846
125130 51650
119603 52330
53230 111156
53563 108332
70648 70673
120694 52227
120253 52239
73810 68195
69935 70996
72640 69024
85524 64673
94456 59903
121573 52176
120137 52291
124987 51688
55061 99533
73082 68704
85695 64625
61856 81110
126957 51534
69687 71034
53849 106764
54334 104029
53863 106389
60657 83150
60837 82735
102042 56756
75884 67186
74699 67592
63116 79361
56591 93031
103652 56158
52850 115451
85500 64851
122806 52021
55194 99044
53090 112255
53423 109431
90032 62032
57132 91306
66021 75517
66838 74430
64182 78025
63790 78534
67638 73326
99863 57527
107522 54748
103240 56356
105181 55587
100729 57164
101362 56887
105593 55389
110843 53906
106047 55224
106680 54947
102398 56555
75251 67515
118087 52553
68213 72453
117734 52576
114300 53181
53951 105928
53916 106256
53528 108660
54203 105071
76436 67109
60732 83002
77623 66714
77876 66588
95784 59181
119746 52292
57986 88871
59226 85684
59433 85371
87999 63129
53273 111144
53278 110848
53085 112573
53418 109749
55087 99208
56523 93510
107877 54658
61962 81034
56481 93597
55639 96471
59794 84838
59166 85870
89828 62111
115208 52990
112365 53576
81300 65767
83647 65426
112567 53513
122017 52117
123722 51878
59837 84654
55748 96239
61445 81874
60146 84243
61159 82365
115795 52886
123471 51911
53085 112573
53418 109749
55661 96366
87492 63249
55925 95404
55582 96640
64865 77005
85141 65166
85720 64454
86378 63907
87397 63310
87280 63532
95471 59226
92430 61032
88091 63078
102870 56465
57632 89890
61580 81540
118352 52469
58445 87716
60525 83315
64048 78092
56201 94550
108430 54487
85347 64890
78124 66550
78190 66548
118295 52510
93934 60353
128158 51477
128508 51472
55915 95504
66330 75012
57945 89050
66153 75352
65755 75749
123269 51951
68473 72109
56123 94915
56566 93326
60341 83759
95471 59226
90176 61846
89720 62226
96471 59010
106588 54998
95102 59577
96523 58875
95327 59412
91430 61449
54393 103379
123034 51990
76395 67143
75194 67544
94083 60181
94548 59852
62682 80040
66964 74153
67299 73702
61813 81294
121874 52155
107360 54816
57043 91676
57584 89951
127584 51514
62122 80878
58621 87215
93991 60232
64717 77251
63086 79543
56378 94140
74567 67757
52715 116725
55199 98748
63656 78601
62034 80925
104014 56044
53643 108106
54048 105597
113828 53271
122524 52064
105424 55572
62310 80495
91430 61449
91735 61429
54229 104800
72839 68779
74252 67875
73082 68704
74009 67950
104586 55775
98556 58055
106927 54936
111928 53692
103483 56341
112770 53493
100976 57153
100106 57512
102645 56544
97327 58484
97922 58296
105840 55378
111090 53895
109515 54273
99268 57715
106294 55213
111685 53707
101609 56876
61377 81975
60078 84344
115888 52859
58863 86700
67112 73902
65533 76066
72260 69227
112157 53617
109717 54233
54348 103654
118793 52457
116774 52732
82529 65609
69555 71199
68081 72618
69031 71785
74009 67950
62814 79875
73877 68115
70134 70751
68567 72098
63524 78766
73430 68398
64441 77681
59301 85536
67096 73988
67815 72986
69052 71661
60551 83226
73562 68233
60240 84061
67431 73537
76568 66944
68605 71944
65363 76258
68190 72601
71719 69843
67372 73558
58494 87657
65629 76026
74693 67708
72392 69062
75383 67350
71172 70087
71304 69922
65806 75686
60416 83560
63630 78690
66596 74644
70002 70916
64849 77086
72707 68944
61091 82466
72839 68779
61554 81629
65257 76496
64733 77170
66198 75177
65052 76805
65141 76575
66074 75384
62708 79951
71757 69689
61027 82530
66980 74067
104195 55972
98877 57912
57767 89556
126523 51535
101632 56837
97350 58445
106317 55174
111113 53856
102668 56505
100999 57114
108700 54437
106950 54897
58170 88427
70645 70708
96844 58732
110424 54044
59025 86223
58805 86771
54999 99669
54921 99876
54611 102073
54576 102268
63027 79586
100183 57380
103560 56209
77079 66901
78560 66346
78438 66510
115416 52949
92878 60802
110154 54094
116897 52689
59670 84939
105501 55440
89576 62412
62840 79786
110062 54145
93409 60476
93621 60398
60149 84074
60367 83670
59068 86039
67947 72821
60499 83505
114393 53154
113921 53244
62550 80352
87183 63665
109813 54195
88926 62583
74500 67837
70134 70751
80182 65950
81052 65805
72392 69062
73562 68233
77623 66714
76132 67148
76816 66906
75383 67350
74947 67554
78808 66308
83399 65464
76568 66944
79498 66192
78560 66346
77876 66588
78438 66510
80430 65912
74252 67875
70382 70713
75631 67312
82777 65571
79678 66163
55176 99101
123564 51884
124279 51814
62248 80601
94702 59795
82254 65620
110560 54027
71625 69854
59117 85929
102981 56460
124480 51741
124372 51787
63843 78401
114062 53218
123201 51986
97729 58389
59512 85193
128013 51483
64631 77523
54172 105108
113247 53382
112475 53564
56341 94199
88533 63009
89433 62480
89170 62486
103874 56115
98334 58098
59863 84565
61294 82031
72257 69396
110751 53957
76132 67148
70382 70713
76816 66906
61767 81340
115593 52926
89668 62361
68699 71933
71851 69678
94945 59774
57896 89109
109272 54288
109093 54366
54101 105464
54119 105241
106519 55134
101201 57074
56700 92912
57267 90972
57241 91187
56726 92697
122884 52015
55894 95696
55798 95846
88822 62751
58933 86373
98788 57933
82529 65609
66501 74932
107765 54733
109272 54288
95265 59502
118599 52458
99021 57726
100522 57318
108677 54476
100275 57329
104339 55786
117141 52679
97080 58495
108063 54655
102306 56606
102177 56723
62573 80285
64955 76853
65682 75893
65347 76344
65273 76410
58998 86366
57408 90452
57675 89706
58670 87156
56867 92177
56959 92027
57500 90302
75631 67312
75878 67302
74947 67554
124062 51840
114697 53127
116395 52795
116605 52755
64582 77585
77079 66901
107152 54857
101834 56797
111523 53775
115323 52976
113039 53423
113180 53412
111315 53816
54436 103193
54393 103379
108404 54554
56113 95011
92570 60934
92430 61032
64457 77595
65887 75584
69512 71383
57675 89706
60834 82904
57365 90636
58402 87900
56824 92361
57810 89372
56158 94734
58753 87050
55982 95235
59042 86128
58914 86526
57541 90135
57543 90118
56201 94550
57002 91843
57000 91860
73427 68567
56566 93326
56025 95051
68430 72293
57408 90452
56867 92177
58580 87382
69555 71199
108902 54397
111315 53816
97552 58405
109542 54238
112130 53652
101834 56797
111955 53657
112837 53463
115006 53030
112972 53453
99421 57656
107152 54857
92570 60934
95194 59526
92733 60859
124121 51820
114736 53080
91888 61390
87188 63583
57365 90636
58402 87900
57308 90805
56824 92361
55982 95235
58345 88069
56424 93766
56767 92530
58890 86557
72000 69571
56658 93029
57199 91304
87797 63164
59252 85595
59587 85045
59512 85193
66198 75177
107430 54799
111658 53742
60959 82631
61702 81436
64235 77892
64325 77760
72181 69537
59728 84899
56158 94734
89812 62175
63916 78257
108147 54608
66572 74662
55894 95696
55551 96932
55572 96740
96379 59061
63911 78390
67504 73393
64644 77395
66891 74297
64043 78225
62175 80745
65087 76688
72228 69441
99771 57578
90032 62032
117961 52572
116082 52853
56383 93933
100637 57215
105863 55339
100522 57318
69478 71502
69295 71543
55748 96239
60281 83909
56383 93933
58345 88069
56726 92697
57308 90805
63382 79129
57768 89507
56767 92530
56424 93766
58304 88236
57500 90302
56959 92027
57267 90972
57851 89205
104922 55691
103112 56427
105089 55638
99740 57625
91902 61359
109093 54366
108902 54397
86059 64296
86166 64190
88651 62913
103510 56306
105489 55568
100133 57477
98242 58149
66330 75012
101218 57073
106536 55133
62619 80181
63498 78855
63435 78996
72125 69561
98604 58048
103874 56115
99291 57676
104609 55736
89433 62480
69295 71543
69163 71620
94701 59813
71491 69895
71304 69922
88822 62751
68413 72439
116217 52820
86353 64078
118909 52405
55018 99545
119066 52399
91973 61263
99493 57636
104739 55716
104922 55691
60794 82919
60281 83909
62962 79737
67504 73393
55499 97073
55551 96932
92733 60859
92878 60802
55087 99208
68786 71867
113652 53299
53696 107973
88746 62852
103148 56407
116395 52795
123893 51845
117611 52619
65479 76179
62426 80416
64325 77760
89170 62486
89018 62532
86717 63749
87644 63203
86565 63795
85907 64342
86059 64296
115579 52933
95050 59712
96936 58681
96988 58546
98929 57777
101270 56938
104247 55837
85160 65002
59384 85430
58713 87065
59587 85045
58577 87551
53718 107806
53373 110198
62175 80745
62974 79719
54334 104029
54281 104162
66891 74297
64235 77892
53796 106897
53849 106764
53696 107973
53916 106256
67691 73193
54119 105241
53951 105928
53606 108320
63389 79100
52560 118263
53040 113022
53863 106389
54084 105569
53518 108781
52705 116846
53744 107535
67283 73788
53185 111605
65665 75901
53718 107806
87797 63164
91735 61429
93092 60544
93621 60398
93774 60359
93256 60515
93409 60476
86717 63749
87030 63704
94236 60142
86870 63710
87644 63203
93256 60515
93092 60544
58080 88665
118599 52458
107765 54733
62426 80416
97552 58405
116605 52755
58304 88236
58169 88570
58215 88331
122524 52064
67947 72821
114534 53128
57808 89389
53731 107645
52788 116619
61448 81705
66569 74831
73430 68398
58756 86881
58578 87399
61162 82196
61245 82140
63222 79285
61448 81705
94236 60142
117144 52678
68058 72766
63348 79267
67246 73835
117311 52663
117454 52625
124987 51688
122017 52117
119746 52292
67815 72986
67789 73129
117311 52663
72260 69227
66569 74831
66501 74932
60959 82631
62284 80584
68920 71826
71491 69895
65125 76661
65479 76179
68430 72293
68413 72439
92078 61203
123893 51845
69687 71034
95050 59712
94945 59774
118886 52430
120160 52266
68058 72766
119603 52330
125130 51650
56700 92912
57241 91187
114871 53063
102177 56723
113382 53349
115006 53030
113517 53332
111523 53775
113652 53299
92078 61203
61702 81436
58035 88761
58031 88775
58756 86881
116867 52705
119096 52383
110290 54077
114062 53218
59946 84509
59995 84400
61268 82120
58577 87551
96615 58824
96782 58822
67691 73193
67789 73129
55499 97073
55406 97141
108312 54605
93774 60359
86870 63710
87030 63704
121460 52181
121874 52155
69512 71383
69478 71502
117454 52625
98696 57984
105955 55275
116217 52820
86258 64139
85252 64951
85812 64403
86470 63856
85815 64393
86473 63846
86261 64129
87397 63310
88651 62913
85046 65227
63975 78236
95327 59412
96782 58822
62619 80181
63435 78996
71938 69612
58169 88570
54699 101612
54714 101483
69163 71620
68920 71826
54999 99669
73877 68115
70002 70916
74500 67837
72707 68944
88506 63026
65887 75584
110554 54037
110290 54077
64644 77395
114871 53063
113517 53332
113382 53349
109935 54167
104739 55716
128158 51477
127439 51520
127584 51514
109935 54167
57851 89205
58215 88331
58080 88665
64955 76853
102306 56606
86565 63795
104247 55837
96936 58681
98242 58149
96988 58546
99021 57726
104339 55786
85160 65002
98334 58098
104103 56023
108312 54605
97080 58495
105089 55638
105955 55275
98696 57984
86166 64190
97830 58347
85907 64342
101270 56938
98929 57777
100637 57215
88091 63078
100275 57329
89018 62532
85252 64951
88926 62583
110751 53957
87280 63532
89645 62399
97895 58331
104106 55993
86353 64078
96615 58824
97803 58382
117961 52572
63348 79267
63222 79285
61162 82196
59946 84509
59995 84400
53616 108199
53528 108660
52570 118142
88746 62852
99604 57631
114534 53128
116082 52853
91973 61263
108124 54647
53731 107645
75878 67302
54101 105464
68786 71867
56025 95051
53616 108199
117611 52619
63498 78855
