1256 360.783
121043 100600
101099 141914
126460 116278
132066 128789
92242 129924
89399 147253
98418 151541
109319 133863
118616 117065
95841 130723
135632 108152
107540 122375
88351 141262
128633 110800
111506 125810
111441 122686
80400 116865
143847 137209
127539 104721
90444 133317
99767 145990
126853 130980
125586 117037
97542 135499
121488 123513
103030 134806
136039 108995
148646 131345
118917 144268
145702 123505
101088 151745
108901 114946
124581 113739
117810 113995
135856 107562
106318 125154
101791 144954
102329 142822
125898 109645
134037 135106
109959 139081
137652 155929
103858 116801
90806 138656
149311 113214
106476 109850
105432 133930
90028 137911
92370 136318
128195 136390
96652 136561
128139 123757
138380 94583
110029 140832
139547 127497
85440 149387
132784 109913
126612 113972
102954 126839
97885 138271
126945 108308
90017 127304
102928 135736
99699 133488
142654 115266
100562 143499
135245 112617
114784 149335
122801 122822
101143 129727
103375 151424
128433 128216
97974 140018
140908 156869
107798 113892
135932 140216
138891 119851
107827 119242
118967 112120
124995 109967
123715 128083
124550 104853
100535 111482
139822 126972
100161 114570
151691 138132
93005 127998
126017 119637
144399 113873
110741 131044
101469 126610
124851 125349
148001 133394
88567 146850
133226 106814
86571 121883
132430 105329
156806 134970
105801 134219
111041 138645
132764 116916
101023 132026
106820 142755
118365 122544
118770 120060
132512 119745
105300 113744
139118 110451
133906 108680
144995 143861
137373 149905
150080 140188
126047 104611
87641 137757
103648 138964
126970 124601
142378 108660
117786 142191
128671 126760
131067 124803
144704 122363
111498 109025
118461 100306
107776 142295
117095 129057
95025 136045
106489 131738
102607 123621
116268 145342
132818 101318
112327 110481
104212 137524
152874 104817
136912 114702
132891 109259
117889 133874
123676 116789
105804 110309
106918 120292
125433 103562
105957 141630
117490 157712
140399 131219
111822 113136
143514 113066
129959 111152
135886 149049
125998 108133
150965 130137
104434 125990
122698 135066
106294 120472
106072 113594
121690 113124
133093 144899
142070 119565
100294 138963
111394 147250
113661 136432
146621 106769
151963 111585
91502 133882
113344 146690
135947 145493
136824 128329
161556 117403
109138 118661
138839 119817
130870 103192
145937 108657
144533 158832
121720 135111
112489 130080
140003 104662
125928 149508
123629 137619
121850 149706
120559 144245
135611 128949
122046 103503
150456 139809
113910 156452
155670 117084
105585 146163
123602 114368
95770 133685
153683 165061
100042 126919
158519 105661
104860 118407
120302 113082
123888 113871
107697 98130
164222 123636
129640 130717
96428 118025
129886 154418
120281 144418
137520 109148
126028 101814
101264 128021
147976 127769
106662 127945
108172 103143
106897 133906
95026 144889
147477 109163
128184 113456
122638 118165
156288 141090
145992 108350
99271 102874
113793 115583
98657 134839
155327 107420
101854 143119
118048 110243
101489 113507
111846 134492
113944 109928
128800 146039
97292 132410
141391 128294
128239 147271
131881 120266
163558 108460
98479 143313
145017 159541
141328 141311
146901 125505
110467 126231
110586 119178
134231 114031
113117 121244
138446 106841
126088 149397
157606 114183
122989 147033
127478 139410
110906 127371
144193 133778
146719 146676
99087 134377
127069 135695
92029 138268
137166 120440
92716 118177
120113 132824
144003 140331
135003 113138
144939 110427
96490 146784
143237 119389
128724 107126
119187 142044
138333 111771
113886 111579
96979 123362
123072 111853
149202 134154
153797 149287
148191 133901
146136 125874
124151 121176
106187 125764
101537 137786
124425 125896
113633 138202
133493 115469
103409 128521
153022 127591
122501 117887
92255 134454
119533 144683
97041 126123
118930 107556
124912 112832
114652 130709
153252 142656
151067 134625
103653 118501
157370 129773
134839 104439
93574 138812
97579 131876
108583 120413
97474 134002
99722 118452
141049 99720
154080 131439
133287 122896
123777 119933
123931 139706
141777 114255
132196 106473
144942 116432
134613 120598
122798 125467
111063 113721
126459 141963
121409 128574
148117 139697
108480 147310
138835 118045
105247 117149
144913 104986
127730 108961
92299 104365
95029 112552
98068 123932
136499 142040
131836 140360
139570 131740
124931 116225
105305 132659
150151 120713
109042 135543
117491 132736
135675 149033
137881 112330
147345 131096
150518 124745
105381 124563
144386 120737
109980 143482
143502 108587
146176 143788
136685 161106
148535 142346
123732 120369
106288 128676
137390 157628
130447 125002
127194 122589
148145 113834
99293 131727
129050 119579
92849 133194
132603 118771
100697 141685
150455 124015
122350 114398
105402 138516
109406 117663
110993 141631
122513 100735
106413 131437
107827 128846
135754 104773
118357 118499
144128 104034
130506 138430
93868 146638
118682 116868
123010 126839
120067 136503
111456 127605
160493 151275
103362 134722
145035 138314
101253 129638
106231 135459
110500 114034
103667 132689
127306 143797
116439 136973
114034 136792
127743 117319
100963 142221
158497 146227
146694 107208
155753 118523
120730 135212
115438 134498
117845 109115
86747 133274
105201 123685
110668 147816
108183 121889
112836 129985
93633 134596
97456 144712
124116 142546
125033 127431
122166 132411
112087 143986
146703 114564
106722 111820
121942 119290
135923 113726
123049 106122
95569 139709
108463 138546
129737 139964
114359 129212
101700 120465
93457 146065
95262 123399
123626 101511
149073 131180
93170 146536
95933 138295
128818 142406
140274 129150
94433 121371
130709 105830
99472 129760
117991 138949
110683 133626
120102 107131
119659 107885
133082 142834
117519 135060
134529 135447
139719 120311
128845 123807
129915 129961
153215 162349
113018 140526
135807 98633
109839 149278
98723 152282
93661 128639
120656 134326
114267 123410
103016 141636
151625 114811
148772 132714
116581 124659
112580 143459
132644 125164
122827 107457
117281 143026
109540 117421
94325 130827
128671 137805
141689 113728
125849 106406
135603 120138
103108 118894
134727 125813
131424 98942
103259 144477
115578 133785
96042 123122
94888 160294
137308 129755
94037 126930
119753 121698
113322 111287
101362 133065
106700 110245
96680 124398
108648 135938
120427 119775
115227 148055
114477 131827
112589 138026
101649 129428
105000 127798
97605 139708
118137 103829
141356 100823
141061 122349
137759 145518
154337 128400
102048 127530
85067 156391
130055 124472
147224 168098
140523 146454
128712 112433
109382 140345
103815 116226
110788 107251
131140 99050
126863 138522
87261 137086
137814 155195
137086 143611
110153 103025
122532 136041
109758 105274
105816 135591
94072 144925
110697 136000
137197 142061
129119 113494
137294 118024
146535 128027
98832 138246
129767 130638
122872 115372
128252 115684
117517 167692
102042 147319
126434 110219
113741 121635
99563 126115
115814 113688
113729 109355
151215 146366
133026 131462
109741 139534
111591 112782
96476 140065
146408 128997
110512 138078
99286 131627
113203 150481
109061 113109
144663 114972
96455 120580
126941 116005
140714 130539
152752 119331
137938 111702
114955 107653
126971 128511
127067 109145
84680 139669
116569 109998
121732 133549
115748 134435
143107 112312
140964 147299
105478 130197
131555 126967
112020 106934
100483 133445
150049 148607
110237 127299
126293 112804
147657 117801
114933 135326
129580 110020
112017 127130
97984 142655
94139 145755
127459 136488
95044 127106
118949 125760
143165 121786
123383 139559
90940 151144
138319 132035
139038 99512
97271 136298
109065 136428
150531 141625
109299 140753
108325 145739
128374 106172
129999 125132
144278 118659
137181 102005
95733 137999
94319 141269
146597 128083
100680 148473
133698 103772
134109 155185
141152 121659
109481 140634
125143 154634
120496 104219
133932 124779
129175 114081
102445 142946
120580 109249
127178 126056
110373 120162
116053 138935
163734 103378
146772 144031
112162 125573
135022 134521
138902 116748
158087 120608
124127 153548
134143 117759
100463 132144
105027 131361
90529 147652
95176 109696
105014 134806
99109 136968
100243 119651
136375 144108
123531 123182
132029 151319
126751 115033
117677 124387
97178 137308
101035 117024
149451 146638
133656 132690
132481 128151
106151 128018
98163 138011
95072 134825
130060 132514
133975 143569
140831 128355
149889 145307
106110 121605
145586 122962
133495 109653
167263 159981
146019 121792
111945 145006
141912 131516
122713 119661
151765 89508
122967 130586
91343 144589
147467 142745
145031 151904
117627 105813
141149 113546
96442 128101
133145 108725
122451 144171
136143 116017
152513 118943
111215 157010
101452 118565
106774 136773
111539 110617
141387 127832
113659 127733
143033 152354
106487 140466
89104 142913
132668 104327
159878 113944
97986 134827
100990 132162
134831 137996
107431 134380
118665 124747
141870 116450
99230 143511
117836 114853
105555 118298
115723 125188
107237 105694
94606 148433
150320 126954
152539 130613
120667 128789
133198 105538
108715 117105
112464 153049
107725 127105
103114 108725
138617 108065
111573 142054
118867 126056
115066 126652
148154 155104
106614 136149
147881 126717
119065 153385
94111 140951
94751 130665
100301 124870
92509 142456
106815 148735
97860 139554
131348 129426
103048 129501
110040 102617
135650 132412
146857 143855
140236 127808
112406 126038
117293 153514
144625 140701
128066 120115
121901 123739
106452 132085
131216 119758
96100 125736
91589 133103
146425 121436
107695 121770
121247 140228
98123 118445
117394 117875
90910 132090
112086 128810
150028 124434
106004 147567
100077 117535
113409 113022
110110 106269
95035 133827
149956 144052
111255 112907
87590 127451
127408 117842
92076 142687
147441 120585
149091 155603
99630 133708
151217 138022
97140 121725
102102 118831
93518 113762
134093 129612
120684 115734
114929 140496
148126 138309
90478 135995
107218 151456
98533 136586
111438 108173
101022 143403
93443 115886
102095 128448
121110 142867
137738 117809
94629 135359
126010 115480
135720 117272
145140 155439
117681 102122
151326 132761
125237 138992
103345 121578
104862 123220
103761 150088
90825 140119
95712 129782
140326 111785
92899 122805
137776 125155
91963 133331
108021 119047
93977 122953
123688 122455
147228 138309
127307 131299
138743 136813
116212 121914
108054 134938
124601 144671
111315 114849
154846 155135
99381 126078
115888 129972
120915 154232
131655 140791
97661 130186
112917 113283
140992 132484
106627 157598
167185 146223
97594 133378
156118 164828
121333 107517
140102 133952
137512 101515
120855 111315
149872 131835
162692 134835
120185 126148
116950 129865
150586 123214
142577 140250
101073 115215
97267 144411
133070 118914
130847 128825
98824 148054
147042 116132
100225 130963
165637 110576
133425 103767
152073 171421
143771 110694
142357 168554
107269 142109
95923 140083
106880 143530
125709 128550
110418 125434
123897 112718
106716 125571
138288 148877
108274 145900
116413 114407
116831 151907
104827 148527
146360 138315
90810 137395
149105 160114
135164 111442
140988 144658
100748 130002
127815 112177
146708 137600
137063 140627
103522 137133
96377 128324
101405 116834
115762 120264
129677 122345
99060 123955
142107 126259
105479 141189
146866 107923
110664 158750
101736 147158
117048 143206
104088 136083
111571 150773
136829 125605
115244 129656
159971 160164
142182 115589
121297 114783
111335 132583
110710 113376
101781 148271
129330 122061
143251 139829
141131 99655
128588 165917
119178 120122
139083 132089
106496 130715
110537 145119
102341 124141
120230 138916
113791 120627
168424 121195
136178 104310
116192 123438
118111 135846
114131 122559
121861 133691
102171 115183
143511 112492
128036 111955
146626 104740
106354 108992
107111 143379
116095 127237
126055 155002
124751 121483
149079 134103
140441 144852
147407 125143
133314 111657
137715 141572
141125 106227
102623 120039
112589 113252
94546 129620
111616 114484
141995 129662
112490 132258
139549 116020
141106 113638
123579 111848
116889 131520
141024 131824
90481 130846
141394 111785
132423 126492
103221 148756
125325 109811
124269 135150
124661 138808
100672 143645
124217 119630
116220 117921
107159 151672
123809 147600
128096 106243
115968 124354
130625 134947
142281 108919
90344 128124
96824 122265
128992 116670
133445 109015
133466 114048
119241 119140
147487 106788
115707 109156
119217 126223
99413 144677
113465 115711
119835 124823
110349 153162
112547 130815
126629 110797
125578 118425
115995 127577
157890 150793
97833 146490
125844 138299
151044 147190
153086 148891
127291 129274
105288 140059
121645 144378
127097 131677
98020 152299
128033 110716
129630 112121
107754 150771
143968 152945
98368 126687
93031 122602
142184 139455
111473 113778
145333 142428
124480 130215
153398 169864
138928 128292
132313 142537
144483 159643
104955 114220
136353 135403
136870 105850
148214 126399
148054 106157
125918 129374
138037 144546
129928 112864
105034 147296
159006 112360
142398 132351
99366 135611
98568 143737
106627 135497
102894 139786
116433 110547
103063 119275
133243 135825
149111 135802
122795 102614
133891 140109
135703 103362
100867 125780
96617 147714
96379 139664
140712 127654
99614 149806
89404 115044
109701 108735
124152 132197
124092 121710
132776 141369
132434 101913
118080 134868
109695 135926
130468 126458
130196 105004
125888 111642
102598 116445
141714 132603
107911 133662
133709 117150
125347 122457
140561 143322
137264 95771
131684 104610
119104 135648
133629 134448
135275 109703
105635 141810
105419 150204
147194 114167
142345 132368
120125 131967
111559 136485
99873 142694
127271 104843
101025 131216
120226 108038
116512 137051
108924 120887
98489 137893
102875 122132
92404 137259
153508 133488
150683 154517
132832 125443
121466 105777
103600 115593
116967 118959
151560 124879
102243 102557
111054 143347
142964 153315
