12408 3548.2
101928 127172
86284 139631
119787 97499
86016 152032
96576 92103
111678 98320
84445 118762
90763 85609
84917 104795
94070 82568
107460 113595
94715 113874
93020 92847
102295 86508
85039 115936
104802 103758
80857 111419
129273 119048
108519 83284
86070 93499
83521 110991
72965 118345
90222 95646
100551 88975
89560 120069
72593 115461
97427 108273
130331 90245
80830 125467
86492 125013
79118 127538
77004 119029
81356 121120
103944 126939
112915 105954
123064 74575
88928 83563
99845 133446
77736 114196
134318 80486
99793 88212
95380 88444
77617 104913
117397 136386
94721 85947
108520 81752
112536 95634
107254 91178
93688 125617
96269 93187
89025 112277
111736 79967
95620 120152
86109 141173
138114 93562
99543 78346
91517 87568
88887 83212
109404 97909
114946 77556
83527 122135
102152 112063
98860 83185
94947 89439
81986 113350
89624 128510
87906 95349
89372 111890
96403 120762
104847 95285
79013 133295
110615 109848
135777 80038
88604 159112
83112 111523
104623 91921
114558 79494
91941 107508
96022 86857
114490 117657
95415 98515
106927 99466
111860 85985
109381 82022
99936 111593
85723 77477
120165 93698
76085 102249
108189 80225
90419 113503
84671 90146
132695 80382
74936 114435
113932 108466
88849 123339
92018 103425
78407 125241
107996 119170
99181 81994
105301 91584
98308 98595
113037 76987
100696 81551
95222 136340
121384 102100
101447 93443
92710 76100
114022 88014
80846 90187
88068 111825
107668 92410
81211 122450
104159 113434
81712 128811
108426 91624
107740 76717
101131 109168
99227 111459
89469 118450
93407 94441
72207 101809
88586 89316
102413 72398
82031 125855
84350 125786
80086 130568
120315 89183
99649 102044
88177 94672
88374 102116
104788 94263
95394 112418
100786 86557
105509 116682
93880 99327
88544 114589
86887 136289
94408 94794
85713 111964
87324 130948
120187 88407
123761 77320
91302 122448
81996 103782
103479 117038
103449 85469
96757 105838
98261 92213
102288 101683
73043 115030
116115 94376
93746 106788
73550 125716
117443 116118
102874 82969
100104 86836
125713 88875
83605 133273
97065 77458
83676 101209
101170 72430
94572 90398
86384 122037
110844 94797
126038 109058
81785 104175
102206 117743
105747 114654
100714 71408
90944 117830
108561 94069
85661 120968
84703 91529
93528 140171
98336 81190
93911 80290
93624 86470
137875 103011
97700 100880
82651 102782
83119 127679
119019 76241
120506 91689
82237 80997
87738 78430
101306 90721
92541 101869
88901 109830
90624 117125
80570 125708
107629 117903
121402 138846
109959 122364
91659 101638
80521 81290
103237 116738
88959 114376
81078 124507
74230 120600
89563 83030
115869 82829
93764 117806
94153 91305
115113 87380
97080 88524
91865 83453
80216 111351
84549 135009
115516 82803
98175 116447
95350 110470
101078 81963
94894 120488
105660 119233
107275 102042
108127 127296
106674 86637
90339 146724
96924 75817
82222 109806
92953 133688
94370 137029
89544 122230
80362 111572
107237 110549
113600 96092
120234 73249
88990 117923
88604 110936
108932 81321
84117 92389
93098 118758
94337 102320
91850 123036
136609 73434
97563 107793
94180 96835
88252 89679
106510 94837
97140 85257
85849 81927
84293 125521
77357 115488
88984 115717
82513 101187
77312 111259
81727 92923
115900 86210
108648 85166
107032 110285
83906 132248
88842 108994
82177 132291
98509 120106
100402 90408
78435 123710
92316 82084
124395 86748
86850 116326
86515 101412
90803 82817
100775 88678
84665 98456
81950 128918
109485 78341
92889 119459
98144 109807
82722 126639
108924 84628
80987 112164
108689 92882
95915 133041
91239 84790
111583 83055
92476 82516
117887 81297
88513 66835
112537 89747
104541 91152
101023 101182
87034 105089
102999 98782
88418 93255
134642 88523
85360 156238
69015 122017
82775 127225
90850 83618
93235 83884
77729 126669
92924 105722
103445 93168
92340 117785
85386 89118
82295 104294
102435 72719
99562 93856
97626 138938
108993 84990
80766 126084
136903 98109
110314 92913
95196 122009
84927 128281
98218 110889
85186 117432
90924 97031
89675 110014
101440 85371
82312 135418
79523 123460
72374 114900
87409 132340
112827 91660
95780 81671
87194 84664
77877 97034
100675 90775
84036 114542
120776 76325
91419 134292
83500 89243
93445 85190
84600 103922
92588 140944
95443 98662
98734 83816
88847 118388
114438 103359
104305 82965
103533 91253
96570 82540
123384 75816
86779 115137
95569 81005
103264 94677
93744 114450
92358 109741
93336 88081
98597 86392
117400 113205
110345 89460
98513 92800
114038 78005
89141 126293
112660 88507
114939 98619
112612 93392
96223 99694
95015 80071
88356 119160
96230 100488
93014 128993
79190 142178
89660 118990
89904 104670
97337 83970
101875 118042
91505 112290
103672 86253
127910 124952
90874 114794
108273 142647
102593 84002
117778 82552
106126 85931
85440 99531
92245 86935
90580 116024
96723 94136
108189 79608
95869 106310
97474 125442
85715 126641
86513 95460
98279 102565
112833 109404
109868 100584
88354 136385
78539 141646
106193 97575
103029 81732
86588 116573
133464 109859
78552 117746
101788 118802
86099 102031
81095 121184
96758 117711
128902 89039
100927 119172
115122 85606
108504 79448
103404 117416
91221 131668
95927 100447
94834 86871
101936 76254
86520 95525
85147 116495
83687 102401
115193 81430
95905 115211
90204 126172
95823 117952
87461 102340
109704 100431
115498 78439
88349 135091
84067 154975
114694 135152
102492 94807
95358 88324
83928 116490
88702 99915
84245 97533
85435 107929
116674 80775
88390 111172
93316 139602
85959 126195
114767 88864
82437 130747
92088 84278
85828 123566
79960 138080
76605 141131
88892 110855
87824 111484
90565 123590
80693 139892
84888 116591
100012 86987
102917 87498
119201 88484
82489 102035
89228 124430
99401 98769
85487 120997
86910 112342
99868 87544
92870 83723
89083 91748
95174 122239
93272 80650
86206 98162
94298 124120
113238 75780
116778 103377
116772 116968
87906 132819
101015 85027
92150 84361
87482 133671
78145 110601
116397 125444
105297 108691
107701 86239
105044 101602
97687 137443
86888 149442
99252 85636
99095 110608
118780 110191
91333 124810
80886 100177
121586 93206
97576 97860
86291 119184
126428 103237
95316 85919
81780 115901
86390 116929
102322 81737
111169 88764
86899 128099
95118 112665
85348 93853
88427 85164
103755 98621
98581 80780
126575 89029
111480 147248
90514 113096
78318 103161
84105 136729
132160 82863
79624 93747
92678 83640
101719 107641
95245 111913
80021 119842
116188 84089
111302 82535
90993 92302
101344 139656
85517 124487
90680 134076
123081 82434
110635 85174
72960 120661
139771 90801
94944 107656
108769 92001
122575 86713
102239 88469
139198 79034
87777 99992
98462 87837
117467 78382
92605 87849
89871 97708
82648 105199
86864 107486
73389 116734
104676 87203
104552 79240
114655 85481
74247 107326
112373 105891
91684 100972
83955 103616
105957 78946
103026 82610
103302 100146
100785 89688
75710 101111
74754 106522
116931 84606
101086 90915
100154 98338
82775 116092
75917 126765
79064 132486
99622 94246
123838 101838
112666 114702
81310 119172
94791 116496
87127 133065
93287 122084
101208 79481
74551 123053
89932 89984
96008 78969
113744 85971
94318 75787
90116 106757
90410 104798
77607 120819
81210 129194
84899 111242
101073 113440
128864 88646
105230 82984
114603 85491
101679 87554
96325 87705
93631 83137
116712 97102
108616 99789
91628 99700
95735 92799
77404 111587
94456 98099
107726 87208
82523 102768
121293 106053
125430 96837
91025 80042
92357 129342
85065 114336
103241 115215
116504 86100
91756 106402
80995 107689
112588 84911
106704 82009
89763 103813
101969 104282
134829 101952
109881 111450
83248 118100
95290 116211
107540 89426
82941 110876
95662 78261
90484 92439
99504 76088
107490 125135
79524 84144
119132 102842
109918 93835
99617 120446
110378 112664
101837 101653
74039 93720
109734 86081
75397 115895
77874 111763
99599 78676
83897 132913
96585 88814
109027 88695
82240 113206
100783 81771
105323 81488
111766 151166
99974 98198
127152 85941
82787 129079
106290 85265
89919 137177
132819 81217
85688 103037
81557 104144
101644 99161
84579 84342
117206 78688
93595 145411
81092 118626
102038 85191
105480 97229
97408 84955
80301 127501
116836 95135
89620 83738
100484 120749
103965 102972
108339 128828
83371 96118
90694 115680
89896 106647
119920 87237
92261 98960
131681 86491
78325 126966
81682 120822
81882 140569
113373 83525
115356 82808
113355 108941
89444 93415
85366 97361
83461 105070
88787 86372
85793 106047
104258 105020
87569 87210
98144 80888
102355 145052
98916 87772
106124 112742
96948 90306
91242 122199
99908 106686
117137 104741
93759 91083
89304 121805
86810 123460
98041 89379
123946 80276
104521 74892
90612 123629
111697 109920
98334 82385
89907 92612
82678 121219
117843 100320
114168 96611
92129 156786
101856 101094
130521 106593
94489 90033
93186 121089
99854 119513
84593 128562
109755 88243
97488 123365
95009 81055
113658 115580
82187 122107
95959 113424
120585 83696
97599 129062
104962 87371
105290 87811
85908 85941
97527 111459
84371 109117
88412 115994
95319 89708
96406 134179
89329 92705
89589 109697
89485 142841
95014 133295
84585 127882
86057 85072
83590 139524
105508 89566
112552 91291
94977 82040
93214 82388
95963 86714
87369 96453
92032 118765
106246 82465
124360 115222
105762 82611
94906 100093
80545 121758
97809 107501
85138 128137
81854 103728
99690 86735
82586 115513
105960 106544
103009 81894
112837 99942
103063 83983
101140 88919
77334 134885
98440 103801
84237 118737
97802 87937
109981 105417
85418 97787
102355 89977
95760 90591
131646 88048
106789 93671
116278 105226
137122 72294
92146 129509
95783 94329
78961 115509
82464 130623
101118 120100
95708 129761
109665 111240
100489 106503
78583 96877
97818 128467
106624 102587
90014 113707
122422 105114
102188 118082
85294 121638
89761 89759
111511 86753
98258 104788
125624 100995
104129 90695
90902 84854
115778 87162
112098 81703
113273 98744
117773 125468
87592 117669
90510 127145
102722 75230
83534 113514
91125 132410
127773 90986
107892 102688
120834 85945
89892 114702
99887 81422
78188 125561
102760 91677
91017 114663
87802 85226
93357 111325
104754 98467
79696 120762
86093 113711
96000 138915
83342 126514
79977 122999
75525 153529
84438 115810
90843 118075
103358 86906
77189 141985
92835 88997
123377 87501
112964 102412
82963 123331
111533 92913
92596 110775
99457 90386
99539 129520
106087 95362
105794 97422
90652 115791
85247 90056
83613 140894
105577 88474
88925 85393
106614 88134
78395 112432
97087 95953
94239 125118
122158 104260
110815 109624
92417 111515
84002 109784
86740 92293
95163 80641
87766 91369
88939 98029
113306 74854
78983 122052
92472 91639
93756 81702
102116 147311
98934 103863
82660 128687
130059 90761
81156 119778
103348 86045
107677 94926
104376 102185
120606 89995
101157 91355
107946 111253
106051 105946
98089 85876
80112 125578
105733 149479
95175 117273
79386 116846
123434 95828
98183 98998
126896 89124
75152 98971
94963 98075
93795 111364
98834 128463
100829 120690
100803 91068
77114 111535
95820 115507
101554 95369
86973 131136
98633 80378
107823 96118
112351 86882
122231 97725
99288 82523
90265 110142
79022 109155
124038 97861
101659 101191
117234 114879
94391 94731
95353 97600
84600 136088
141961 98416
123039 103127
102920 139195
112186 76635
91669 120260
108610 100384
87887 113747
109616 86093
137377 80416
80572 130444
88442 90634
98221 95940
101722 75258
79966 118524
106262 94991
71156 142391
96262 117419
100750 96191
94469 110056
111103 92475
107243 92701
79042 115631
85720 110732
87229 94805
130657 103380
87382 103221
122774 89016
116100 82588
94298 119403
120925 107240
100628 91177
134664 82465
87806 83539
94926 110729
107336 93511
98314 103055
119454 83165
90381 98183
85715 83967
107930 137083
77796 109914
98496 119756
98218 86316
102955 139156
108381 102521
112670 87805
87026 96644
114111 121895
91108 141004
98617 115389
87558 135931
124696 105237
82748 133996
95182 92707
84181 119392
101430 73849
84897 109965
106902 112382
130743 92067
76882 116568
74718 121229
85226 141957
86610 130183
94280 108600
104151 111885
88916 107722
89722 97447
114394 79639
107117 79512
106250 111627
85890 121424
95297 117081
80988 116765
118111 72517
130304 84473
104226 84664
101450 96548
101796 86763
98147 74188
106884 97593
108738 83553
99085 109128
108482 116453
104916 102763
80188 111215
95234 98629
102447 96839
135181 83953
104650 104324
119206 91831
116684 138897
90978 85950
94535 98684
106193 113288
119170 75235
109825 82184
95132 106247
96203 99945
96512 97171
104390 104766
113456 77950
86756 119173
119200 84106
88657 101474
105345 113075
81171 125995
81656 136400
91688 93656
91805 107648
91770 93568
84737 113815
88629 107206
95503 95743
86553 79730
110964 145661
92477 118208
79624 129161
110496 93351
106581 89058
103920 82088
91737 86570
103923 90676
104487 114139
113702 89766
93066 145265
102549 103571
105827 89794
99396 95246
120479 104431
109071 100957
107269 90209
101248 89255
110874 92409
104321 92926
76549 102482
114745 78818
103034 80920
90968 110816
114180 91349
106151 118709
86146 121380
