8057 2284.94
155230 96220
126629 84301
150401 127934
153935 95940
159106 91784
89359 138703
107629 88625
124691 103169
97322 80772
121278 119434
134692 105336
106275 113603
92694 115713
86634 110548
115481 119400
119495 99857
133974 107182
132348 112121
90608 100053
100793 169479
93813 119108
100586 118376
138817 97128
131397 152355
92672 124938
128699 95792
147872 104658
150268 100730
99808 104575
127959 109590
143465 100395
140024 102174
88249 140188
137753 105788
94004 143917
91400 110470
96182 97340
100951 92620
143654 110715
149869 76604
138671 145565
125043 94070
127639 128805
101689 127391
146619 98929
88054 92479
109081 162839
96231 95252
118300 107291
128074 92267
155700 90843
143485 102350
130839 93308
145623 94292
136046 119603
131064 120979
97487 113756
84283 115448
148459 101847
83466 101225
128355 106742
103906 118411
118892 93855
118849 81415
95107 90263
131594 102194
125234 79813
146214 142223
98094 109821
123151 82692
126380 97685
146424 101647
141569 104008
145695 94317
114406 124665
116774 100109
126523 79194
95587 138513
93053 143006
123937 98925
113210 123752
156970 91330
131498 92682
94163 130525
84397 108576
144563 142908
121823 87349
108674 121793
115744 130446
123322 112153
101487 89742
120827 104037
169485 107082
85561 93131
132204 89370
135457 126070
152257 98879
129861 121374
131100 95596
137042 95609
155204 99339
127869 95456
113793 96470
110335 89879
98806 152155
119232 102025
123323 110761
146441 109177
113284 94335
88341 136867
136685 107290
115409 131242
161101 94651
150401 98304
136742 87019
154600 98985
104440 90880
87890 85974
125104 97064
89383 126089
142015 103626
134546 100943
140720 89374
120260 91176
123547 85703
120002 91895
112754 121098
166825 91965
86633 94966
124781 95144
143897 102709
175832 91389
88148 107656
113087 83491
150396 98044
116179 122966
118890 97773
112759 127024
105808 107680
159760 104638
123456 87465
131242 102513
87161 126357
115522 115947
123686 96669
116294 168183
132050 97282
146498 111124
84703 111386
107964 109617
108167 90555
94168 81272
119393 85834
162360 95260
138606 98683
98815 124112
101679 159488
98109 94556
139083 97107
131130 149402
110240 99497
127212 94519
150820 84610
89196 146595
133622 87832
149611 97830
123011 105651
96952 109081
119425 90060
141432 92916
105509 108794
136383 83201
133860 115687
168748 102802
145219 91230
115580 117756
162903 90087
133906 87475
86790 109689
120086 108461
96754 104614
107559 108064
130800 93124
138694 88717
103668 115655
124765 87166
124735 96259
91447 99851
106324 98712
142084 108525
104460 90571
119956 129884
145089 87752
96327 90294
122686 87269
137010 124770
103717 86108
98523 104643
132419 98587
114915 88522
104986 96037
94949 107043
139488 94456
139905 126820
106947 96444
101578 110292
136530 76928
134376 100502
107648 116489
120166 94526
161528 88737
108785 84230
96849 116220
131128 84904
83870 122675
132324 111558
94697 84457
99487 93492
117282 130326
139310 99555
101115 118388
129210 94288
101081 123455
117787 110307
137838 84377
165333 92778
148349 115682
131663 106971
128464 109089
146973 91438
100665 112668
120621 97133
121344 103748
80998 95395
126362 84584
98075 108972
98893 130542
99665 92640
141763 101964
116924 104062
119770 127317
147103 111630
91686 115731
129061 82649
109788 115898
143985 116825
153145 109554
109567 127360
101371 103590
104976 90902
146108 85060
165374 110241
130713 94778
117481 93046
103700 94268
144553 91129
102984 125814
109236 105441
121576 85342
98645 104652
96070 96183
131796 99514
132353 85702
124056 90454
85637 113752
104121 94159
155852 81438
114020 93259
88140 111688
110959 110680
121017 127532
160949 89886
152312 84230
132605 98651
149813 91463
112849 109576
121473 130684
147198 79532
137264 99380
122159 121241
129604 98066
119970 107436
138209 118097
141575 87087
129789 103419
97414 114579
127173 118579
102992 118374
145564 96691
116523 90170
126919 86562
147947 90706
132943 101642
129632 95767
101834 130286
127020 108659
116042 86732
145935 96432
115068 114223
98150 106595
120084 91215
117196 84838
146917 83101
119569 77651
103959 113848
147759 77102
115808 96143
111208 127036
127581 89134
99563 109000
160206 99742
129479 91762
115848 129536
119726 105646
127736 108108
137303 106852
116970 103917
158750 84592
130728 132112
125155 83923
123823 98842
123749 97581
91379 92080
130798 89721
85630 117748
106902 97863
127583 80232
113768 119187
122239 84076
149036 89109
158325 93238
158122 102534
115869 111383
141917 96106
133552 92308
129507 123064
130830 107804
130415 105255
110562 104529
131098 93914
148585 102240
120724 79658
138408 102336
117117 89843
152489 82592
134590 90579
128940 129081
90685 107604
103682 112002
119376 129716
97507 159871
144130 138295
123460 96680
107204 92857
92305 106235
111200 105350
85496 115294
139527 86840
159072 102557
128719 125196
134964 107630
119983 81336
164840 94871
122128 97249
109016 92983
157243 91572
108848 98294
131344 120671
112876 105727
106704 93633
88446 93782
137391 105573
134312 85566
150539 95369
137869 144042
173157 88630
128738 99419
79725 119148
129809 103472
119385 102260
128153 119056
115063 85305
107001 117997
140964 106762
103246 110093
138959 100883
97399 126237
142090 106109
120824 91089
100859 106540
155278 99643
129483 100493
101393 92642
127472 112001
84217 89444
93976 129270
114553 89836
123239 89696
134500 76378
125792 119738
166251 93568
161581 92641
132357 89348
125089 90062
97432 109157
117601 93321
113282 92181
91240 132703
165140 96309
143652 103384
115915 111680
132292 116149
162210 100495
145272 93939
137108 89751
114899 96705
122803 91163
131784 106443
119756 97407
139964 89416
110529 97128
131066 90386
114240 129119
98548 100916
124881 97936
128761 97150
130200 119409
107612 109040
140105 99346
106307 111712
110673 111849
126122 99466
151189 116004
113438 95325
135324 94789
134820 87510
112142 96108
135907 92372
97280 126113
138968 81199
101541 114184
96341 119236
104922 131509
132052 86455
127072 94734
92447 119556
114917 89601
113287 93768
133682 96112
153176 93557
137843 95059
158429 107776
155383 101461
153457 91013
131294 110108
113674 83574
146657 89510
179705 97292
153541 94293
133702 117262
88227 118325
142614 86218
163242 91425
129008 104380
152168 112142
115999 121044
114652 121074
90955 127487
138249 92863
88614 133052
117963 99941
114616 95644
91434 104620
113707 89242
95959 117816
115788 105863
126753 99735
123094 123170
92125 105933
113675 135679
114903 125214
126806 116958
146021 95792
137912 111326
88477 104857
103218 103964
111674 137481
133723 81221
153233 91919
114516 103009
111489 93400
126230 125852
91140 119813
114974 98993
111057 103837
126400 82095
101713 108847
113992 91923
122205 106501
106262 114065
123768 102062
109344 99947
104643 104186
105992 115775
111492 115869
121359 94196
122897 98547
134371 92730
134716 100307
102625 88056
124586 91439
104543 88175
133198 102759
126667 102306
139239 93458
158932 104060
127173 95830
106085 106868
144036 97466
105153 88608
89543 129562
157455 91789
125354 89617
120862 93226
87120 132425
93154 104288
156637 95606
144805 81947
132034 93045
86935 125112
98769 115427
127045 84075
147269 90119
131551 94446
98040 128796
120366 84945
89549 134751
138691 88959
129557 110539
110988 85997
110559 96599
120805 85360
131632 132186
118418 103517
109554 97675
137654 91518
108694 108555
140172 89659
110079 120485
147406 96950
100996 101804
110748 90385
125330 85108
151947 94408
109991 111169
84666 118395
139335 104022
151391 87502
100066 112789
123939 110666
121319 84306
145704 100925
101985 85189
126012 80406
155872 92089
118020 87614
124751 80376
86480 101730
106023 90064
103558 105582
112966 96528
119296 105434
130878 106308
117252 99059
115404 119393
144964 100512
131886 97463
99012 115735
142770 99149
144221 112960
92650 115592
99309 109774
160687 101104
88618 105402
92618 118542
128163 117608
101972 111306
126005 87355
159689 101297
109091 79507
167600 109908
122058 107804
99631 112431
122653 100432
130183 112559
127868 95802
117730 97549
153441 96031
139879 117239
127177 97679
114612 105266
111303 119104
132353 107250
129546 83532
135682 94736
90931 114094
92933 123693
126836 110426
110369 96142
114094 121560
109937 122545
92090 105133
103680 122972
155385 86375
153019 89842
109806 130573
154510 100655
123142 97130
119745 78376
105306 85305
110760 80577
122855 86170
125981 100881
115274 120353
82282 131148
162573 90744
104919 118443
80868 131399
89721 109773
144939 86625
105026 109150
124492 83704
131563 83722
138933 109581
156060 91362
160145 131199
135038 104008
154623 96640
126022 101663
112757 117733
151386 92209
134337 98765
86355 113471
124462 89460
132003 138117
94497 103758
112084 166816
161358 100402
126335 109798
112513 99902
138494 92972
135727 101097
112538 96090
114886 93757
103955 86564
122868 87326
102382 124673
153051 96780
138325 119971
117222 94250
139772 100861
172407 86038
137074 109064
140423 101785
118246 85400
114773 88623
125578 97554
113205 90347
138595 92569
124397 89215
126802 100218
155297 117036
91008 118837
128429 90634
112688 99017
113539 98299
142514 91568
125263 119334
123306 116845
142391 91774
124267 98617
113497 113756
131649 101912
160626 91274
113560 106645
93779 97731
106871 98773
119826 112183
117257 106053
143073 108094
129658 88754
108825 102886
119209 122163
130072 84024
154412 94208
103299 109180
123978 90828
112212 78975
86313 119727
133668 93703
139290 98852
124176 102823
144532 84360
122831 84637
99568 103194
152274 94755
135241 116249
113278 110632
125162 118946
110580 103373
100636 109690
124207 89734
133776 94237
138898 96682
152573 105443
157772 100167
91399 135447
143129 92830
117791 85936
91139 93585
98902 118777
150533 90495
127112 116462
128463 104688
95195 113115
104961 125716
117574 111625
127428 98064
127627 95799
127608 77758
158673 95022
102248 116588
115365 138738
146482 89417
140088 76450
108818 136506
102462 94775
126651 93066
131832 135900
140379 95675
130966 90856
116174 119563
147724 98774
148021 106469
135473 93347
140168 97523
118266 90821
169669 99991
122611 126984
142463 110350
127361 141607
136767 99238
155261 101310
141732 88396
116745 145453
86704 121359
159628 102431
102970 122579
122844 131286
120219 100259
147379 89335
125969 103838
142833 96533
142597 114381
127980 115686
117813 131915
101364 101298
126806 110232
123217 106943
118983 100567
127226 121662
83398 108336
124828 114614
135733 95865
144970 101624
83894 147536
157937 92624
145502 87302
138079 99956
143779 100999
139617 94490
104731 94797
147338 96246
99512 87667
112354 114360
134718 96796
146449 108301
142344 121668
129168 113721
99023 115620
111125 101483
80669 97131
143719 129294
138697 113145
105839 85255
98049 90543
109229 121846
161381 108313
104775 133882
115045 124963
127637 105523
138742 93899
116433 105152
132989 154098
112582 103491
122477 91292
125242 101114
135382 94072
123702 154038
105214 139346
113958 96543
133022 94438
104989 119434
116354 128230
134643 91691
113822 96169
125665 138603
86269 141130
126217 104499
141268 91650
101271 90594
152477 87493
128426 120805
123061 92081
116223 115520
124599 89598
140353 118416
91508 121197
165226 95117
144559 87636
125544 84979
142313 119208
128528 104304
135140 110586
125271 85186
122722 92774
100665 111006
101406 94260
149630 136468
163367 84904
85558 120897
130789 118944
142733 95596
141703 108085
119221 97849
101860 108672
157719 105237
101928 113133
141626 96390
150390 106320
106589 104984
143976 94908
115095 102620
127688 84357
103949 104420
136857 96339
130672 93705
129232 120210
124702 94330
122616 92893
137974 89506
109078 100917
94613 119109
163021 99173
126633 101264
124202 86665
105340 136190
125474 94288
150210 103454
104506 118137
156959 108480
97839 84666
99157 144888
149239 110417
99212 111372
95318 92959
105350 123911
129377 105619
85919 126775
121376 102362
82399 97924
121635 112930
153326 101638
120507 94229
127763 105097
97236 129240
156460 105577
135646 99550
109091 114784
147041 103569
134601 120420
117950 113749
131295 94768
130654 95683
108025 92461
127884 106267
129256 98572
127898 106124
139239 93780
141994 110580
119161 87804
110788 104484
105600 102475
136728 121956
102048 81418
120992 130360
112515 123012
102772 117871
140590 89358
154992 112837
94717 103231
113984 119221
140416 103449
106963 140068
118607 91741
130573 91191
137067 104411
153837 94067
83357 112989
96848 123511
112580 123101
129381 98530
134841 117970
91031 129140
102589 122533
154510 103043
106900 122235
116523 91129
163932 87279
140417 100577
93960 89804
111311 93119
112825 87052
140550 128082
107547 97315
139923 85078
97309 113504
93119 124179
117111 104775
113470 109301
112490 130478
141839 97499
102721 101652
89360 114087
123317 111435
122552 127801
99861 138699
152687 100969
139863 139549
112372 76374
135612 96766
122882 98638
170272 108372
168111 96475
113263 88965
141904 103079
122737 91218
131425 97025
136959 118462
140919 105550
112742 108160
148360 98806
130451 115248
132386 133087
128334 125914
93296 124591
95601 129201
108436 117508
146339 94063
120376 131259
113643 116894
129045 96430
94931 102500
151199 100664
99817 110501
171163 122486
107775 123821
101527 106309
137208 93892
140312 106126
126716 105366
98574 115968
147915 96274
109136 107137
127452 107920
132435 84720
130993 104080
140793 107284
99710 111460
119743 95895
95587 139745
117258 109896
116400 98056
99500 118715
125685 91319
127705 95583
120178 113093
116037 127150
112571 108875
146988 87628
