31018 2161.27
119183 150368
144477 123691
136696 131661
116503 166036
126620 144387
154227 122556
159116 121914
117494 163656
133689 135631
129198 141233
130658 137449
124563 148799
142627 129753
141565 130675
130357 139287
140248 131296
125584 148362
123743 149996
143785 129337
136123 135045
136509 134382
131591 137403
135669 135442
128651 144247
113598 174777
167614 120766
153719 124107
122851 150879
145302 127527
143578 129799
151374 126542
136849 132545
126667 147218
130056 141333
130988 138046
140468 131804
120425 160109
125338 149634
134699 137088
137460 132336
130802 138878
122603 158171
129644 143676
136069 136294
132954 137953
128535 144598
122811 156868
128561 144566
136523 136201
126401 149556
140072 132313
126662 148348
163004 122354
119567 160751
131731 148901
138124 134473
134003 143295
136049 137262
143770 133967
135710 142154
136249 137181
130485 158282
145187 132770
172656 167814
150825 151728
165974 170500
168184 159208
168249 153662
158583 162522
166295 165371
160593 154520
161692 160273
143718 170909
152842 174323
149536 155035
165311 168454
166717 162822
157947 162964
159877 158851
161800 168413
150399 155071
151828 158700
158352 171353
164292 145579
154889 165831
154419 165012
164534 160769
155413 166716
155620 157009
181444 160473
172295 152019
169459 165634
167874 161341
165087 169802
164591 166495
166519 142814
155375 153284
165422 160115
161564 170391
168652 166121
160094 149713
146805 157986
164297 173394
164001 175877
163876 150036
144773 163911
160493 176344
167179 171772
158357 154254
177475 168067
152278 169439
164314 166598
155163 156022
151675 156632
155496 161459
168071 160770
162635 153597
164513 163742
152465 151195
169694 164968
158029 171812
159405 170045
159537 161163
156662 165981
161504 172680
153192 156377
160334 167290
157102 157391
159583 152739
176047 171241
157202 151862
162630 157866
165913 151607
148260 162635
161859 157089
157197 165264
166481 155875
172192 160435
165243 153910
175585 163709
154145 158854
159789 160065
165212 157876
174490 159725
148815 155753
173227 171705
165060 163361
149005 152402
149415 153743
159287 170854
155667 171057
167372 162052
147917 157878
164445 165870
157604 166292
159935 162800
154271 159602
172909 172690
151359 163796
159598 159739
162517 165037
166085 166687
155662 167169
166866 166181
169623 159457
158590 149048
161013 158128
153665 158539
151259 165691
147104 167674
161791 155763
160234 161929
165269 167185
170754 171532
164677 148145
152503 160445
158917 170465
151308 152371
161737 157958
168287 169133
169191 151447
174230 160242
161787 166324
145909 158400
155310 152876
162060 160924
164789 156865
153650 154999
164891 156375
169955 164535
159510 164437
154420 167534
175613 161953
159833 165228
164994 161545
169436 170594
177237 157084
171059 163004
160501 161825
159328 160466
159445 162970
182971 163163
165779 164308
152464 175751
153688 162028
146755 147434
164755 153214
157777 164429
169873 163395
146847 166568
171384 162976
176315 163849
157736 154605
173596 155238
162892 162891
160372 155412
144529 166342
167908 158765
164552 159105
157890 145530
162391 155768
171206 150853
164840 156949
158163 167846
160403 160955
178350 164302
161652 156752
169594 161058
163962 154666
165420 167220
157837 163335
161830 153247
161778 159015
172501 153410
151295 166487
161204 156299
160940 157027
152372 162640
172831 166162
170771 153315
173861 159031
163881 171916
173058 146350
161071 173670
163060 159779
158369 165750
161376 168373
158341 141930
168296 169480
158563 155915
164732 162607
145793 153685
166407 152049
158576 172376
166443 159382
165552 151914
168883 167659
153152 157638
171662 162072
155316 159179
155255 165638
155586 171879
154804 151840
171421 170848
154452 159977
158361 158616
170602 170986
154645 167015
156919 156936
158841 160019
167335 169910
148755 159663
159835 170558
155967 165631
152762 158363
155430 168025
155033 165740
153691 166557
171163 158763
162799 149733
162164 156874
172868 168114
161992 166579
151705 148031
162938 167021
152412 177631
144482 152607
151774 166105
150043 164484
158950 153051
182205 147333
150317 159927
154841 166713
168989 148309
172130 170467
153327 155985
167248 174102
158036 179666
154510 150699
156697 155515
168696 154846
168613 163581
163784 148268
162029 171150
160776 170640
167875 156791
171002 155197
148647 164410
160586 171409
155154 150909
171794 156930
173119 166418
169405 163386
155119 150099
146187 158500
153768 164312
166070 170100
168939 186384
153649 160517
152280 168658
152881 163599
152399 163167
176584 160177
163089 167050
168035 163284
160911 168994
155795 166531
164550 171862
170536 154367
157842 167142
161380 148870
159954 169414
173591 164649
165218 163277
168815 169747
156497 166932
168300 168549
148841 155110
162570 161111
170930 172915
145863 161411
163769 147440
158781 172476
155803 169700
150720 162044
160041 162515
171064 162898
154032 157529
153276 164885
147289 170756
161071 163455
153325 156737
171080 167668
147182 167144
149316 175096
155833 156738
165037 172651
168014 148708
162728 149836
157533 159319
163513 166130
156339 163842
165819 154887
151580 162108
168687 149113
163432 164576
161984 150045
156216 177974
165831 160030
170547 159034
174751 165525
171411 163120
160449 164508
170929 168372
153909 159982
147684 153299
153684 171780
160614 172475
171743 154215
164833 169680
170949 163997
169861 153968
142928 169256
158583 163946
168607 163641
150262 160229
148363 169236
166056 166302
158482 136334
156412 161582
152175 165319
155007 153900
155311 168826
154420 157547
173338 158800
167871 167608
149839 164353
155051 161883
149726 172785
163974 166980
149005 154460
148223 173763
154164 138958
165838 159063
177597 163647
165448 159165
158253 162083
171067 168603
182077 166175
179474 161317
152165 160232
159415 167277
158567 163174
147057 174399
166084 177684
167427 168661
156646 175917
158611 163108
167189 157884
167441 170177
158354 146876
145358 178611
164103 154733
173363 167946
152378 161798
155267 173657
160894 165212
168040 169068
161771 155304
156571 144174
166598 159567
164672 155731
152076 150842
162255 173100
161155 166411
167919 158717
161075 164353
158473 161159
159302 168467
158623 163494
171086 160828
143922 151027
169795 156155
174632 167868
171902 153659
153828 153229
162052 163553
158804 158190
150345 153725
143682 157450
149840 150425
162599 166499
156398 154460
169934 161204
165004 177178
148696 160533
155523 166370
172881 159389
165347 151550
165749 169162
151491 161108
154520 157737
165043 156127
163017 167346
160990 165346
165147 148645
155122 153289
154291 166455
163041 156103
167067 159625
167090 155153
176752 164511
174600 151392
156156 181294
161904 167780
158805 160706
146007 171995
167398 166033
148887 163587
169033 158575
151960 157943
160125 159512
167573 153359
164027 159175
171004 156697
154983 160320
163635 159600
180048 149221
155098 157059
155931 153727
170888 181428
152293 167871
158151 154257
165025 163595
183107 154733
161074 165972
165635 162719
176616 165300
158099 166084
167732 153615
158790 154623
145429 171663
168207 166155
162088 147277
161983 166557
151259 167144
165224 154233
153493 166684
160091 172569
166836 165669
171233 158876
155643 161529
177518 166895
148196 146881
167045 169620
165265 163082
167612 156395
147321 150032
156717 151801
166576 179316
159725 175098
157190 164951
153215 161887
157327 157924
157173 161990
152100 160831
160248 164946
170719 149776
144151 162162
158080 162129
157341 159289
172246 169354
162843 159966
163613 162920
162535 166072
174419 165780
161740 164064
162468 163670
160063 164394
161009 163230
163697 170578
164703 145697
151980 156016
158618 161815
155691 160931
161875 156048
174867 163933
169636 160525
155766 161011
148815 157561
161462 162554
150546 160798
155746 171089
177031 162682
165749 155074
166427 150890
166410 176091
167107 156445
162854 161128
154371 165040
153084 161957
161741 161140
158921 165600
160669 164623
182795 153446
154086 145863
148349 172108
154081 161045
170123 159350
161408 153576
174341 163451
166936 163840
162876 153925
163551 163723
164210 157804
138637 157785
164679 155643
163415 157533
166753 166698
157193 163892
155359 156144
184880 164680
168420 158648
152093 171525
148023 157130
157983 163195
163435 161119
160962 167121
159773 153817
154670 163188
171711 153204
161541 166047
146517 172387
159574 157905
144429 157971
176201 162939
154725 161354
177087 174958
163320 155300
173975 153934
175401 157085
152780 163495
159785 165751
154222 169004
162313 165007
162297 160325
154275 174376
163886 161349
163738 156409
147112 168251
160745 163602
165816 153073
161273 154082
166075 161628
151514 163571
165839 167977
163785 159656
171405 174377
156265 160973
165434 160304
164940 161523
174133 170064
160509 171863
165034 156382
150725 161059
154338 158669
168221 171451
160861 161959
169274 161055
157880 152110
160203 161539
152232 159910
153334 166264
173709 165813
155305 156935
157565 156094
166997 169140
152716 170040
147384 166419
171907 149743
145744 160459
156264 152383
145346 173804
163507 159031
168353 170537
170372 150801
160517 166122
164143 162913
165283 180907
151904 167805
153231 160128
156147 163626
161549 158155
166241 171632
154176 170587
162164 166286
153195 171010
162010 160197
167024 163779
170086 146504
161106 162528
151612 166795
168074 145673
164003 169213
154303 151123
167998 161634
165835 155746
164806 160294
164469 172555
168399 163297
163853 173961
155401 165651
168586 175126
167465 170804
163502 165567
160629 151592
177464 170768
158884 166817
147580 164284
160262 165375
164693 167665
160231 152328
155031 159179
155813 161570
160462 163032
167662 160589
163264 159263
164600 163885
161758 166754
162403 171568
156299 174134
162976 168799
162590 169250
174589 172946
149369 165732
168693 172834
174798 163836
171026 149045
155250 160212
166742 150994
168591 166767
158792 162998
169296 165499
143274 158833
164047 156116
155764 149979
155716 159826
160704 167621
157893 160994
160790 161093
155070 161468
166392 158564
158119 167425
175422 166201
157257 165824
173074 158578
171167 161505
165077 159093
161526 152418
159342 164416
146062 164899
166872 166483
179720 163388
155506 166017
160444 158998
156555 150265
171594 158409
159185 153662
155414 163702
169292 182150
161370 164297
164981 158280
167822 152247
162698 160575
158253 166841
173405 141028
151129 160057
157723 170802
169020 165731
150643 158756
159949 163814
159403 163682
158231 158989
169748 155650
164426 161376
162836 172744
163158 162153
157997 165320
157624 157981
172110 160192
159937 153620
167657 150864
172405 183701
157260 160842
157630 169453
150204 174505
170389 166208
160007 168889
149222 158783
137489 159346
153251 149662
158852 162187
158730 164556
150823 167181
174330 163790
170229 138430
148545 158601
158482 167538
157902 160437
150119 160235
148611 152411
145728 147579
156525 160680
164951 170048
146500 168628
163408 176033
169751 162177
154460 163566
176013 154035
165668 166562
161180 155131
162080 168402
158849 168999
151214 167756
160781 158603
155148 158442
161000 170016
147608 173856
159150 164380
157910 166076
158857 172970
159972 162022
159361 157235
171428 161045
165132 170868
158583 179663
175182 163122
149450 145863
170725 161921
162140 170647
160342 165562
172237 157944
170918 165988
149534 155951
159383 155022
154423 174588
163464 172080
151567 164404
154642 171687
158837 178694
166484 163635
169073 155272
152014 164683
175787 155840
167524 168814
157432 161145
160596 175905
166748 164623
163738 180122
166391 150095
161282 148647
165500 167314
162880 152541
161300 155540
162260 170350
154990 160672
159601 155228
153411 155981
166414 162883
165141 164057
180013 153739
164305 159550
148110 161425
153792 169761
147083 153104
147840 148047
171956 173431
164890 153541
158426 156868
157716 156506
162312 158497
163291 173328
157727 155218
173563 172458
163167 165576
159532 155077
175622 160334
170216 165357
153670 170315
164427 155621
166058 153199
170986 163547
147900 160669
170925 168174
162864 165117
154368 162651
158684 162033
160675 164153
143380 181889
156240 160264
148936 163016
176027 153852
166707 169831
181948 172911
141498 168529
155790 160848
161623 161659
156113 151949
149968 171558
147781 165448
165057 163854
164624 160647
163721 151905
154903 161087
156457 159282
152582 159957
160650 156089
169053 159634
149254 160134
161850 153249
158581 164716
161028 167220
168364 169904
151048 154970
161626 155636
162417 163437
168848 146724
144940 161048
155946 154461
172284 146146
160648 164318
165753 155038
153177 162272
151028 167257
165577 169843
168943 149875
166101 157477
152916 167561
139204 158395
143503 157716
163433 177784
151080 166039
155521 150774
152868 157463
156751 165016
173862 162078
170384 162037
156505 165714
151164 153277
161757 165857
147419 167717
166670 172450
160674 156862
152634 154609
160605 168757
154337 166976
165964 153222
148027 158803
159180 166845
152360 164853
181848 161257
166540 171831
147347 156003
151329 161831
149499 157598
163236 173265
169044 167838
148077 156598
172105 153997
172079 158819
168440 155010
150151 152551
155070 166183
163955 173189
160146 159979
153369 170122
144512 158474
150608 162462
167539 172893
153058 158360
170521 152201
159158 155446
160590 148365
148845 161310
153916 162514
151738 163364
159723 158584
164877 163691
155257 160050
158963 161876
169969 151203
167802 156679
167325 148309
175626 162406
158298 170286
167611 163286
164192 158319
154105 169841
149307 161324
152369 147364
161322 165754
150500 171697
170165 147763
155028 169670
171537 152463
153477 148953
158947 162082
170025 149822
165137 145153
156071 159703
159261 167212
155747 161563
164744 154201
166782 169556
158054 170540
168157 165544
153049 165086
163540 163392
169671 163355
156038 152938
171741 155834
169891 150343
161923 159541
168296 157006
156938 162862
154757 162535
164299 172804
155277 161481
160666 158109
168697 158469
148925 161955
157917 159904
167424 169127
157660 160051
168084 167913
173288 157212
161278 150359
163379 162202
151655 160048
157781 174197
