15531 1080.63
131595 135528
152838 124163
145001 129721
130320 139254
143127 131417
141073 134944
152187 127014
149982 129195
150936 128668
151679 128173
123020 145698
161544 123138
143273 131773
165468 124502
127635 147371
126392 150014
153124 126568
125667 155596
136997 137917
158790 125597
138818 136188
151184 129364
131463 145588
132133 138939
132538 138764
150364 130222
148995 131169
139488 136067
147133 131595
155448 126274
132090 141602
156484 126071
156872 125825
157116 125805
152510 129310
123728 161054
174817 123557
138956 136710
134281 139213
151378 129547
130735 147452
144465 132583
131593 146061
130353 150534
137020 138401
132950 144022
141832 136144
153291 128131
133956 140800
133612 142701
150248 131492
143966 133099
148375 132299
154061 128099
149859 132225
143953 133789
150802 131458
143907 135830
148306 132424
126779 154837
157575 126815
142511 145124
160339 139474
173475 169733
175292 161360
159289 143971
169806 165961
165418 175189
159429 163842
177785 162360
169452 146245
158791 174145
167179 165386
157314 160173
179654 175542
162423 168485
167092 155111
164930 172379
171446 153779
177851 157989
171747 164480
183890 166721
183634 165664
171639 166129
158497 167780
158794 156007
173295 163409
174406 158348
174295 166186
179852 165103
160951 146331
178080 158195
165252 169377
150541 174224
170820 166026
190383 156279
177215 153091
183315 168271
169048 168370
174568 161215
165340 160275
173236 157827
166411 171137
167708 155303
168181 163787
162546 154339
172828 161406
158026 158651
168811 155969
165123 169432
161935 154735
160512 156417
170949 166547
167148 159076
175951 163848
175215 162439
168021 159071
165666 153254
168016 166295
155401 166241
167710 158778
174768 168967
168649 158814
165529 164095
172974 152416
164815 159606
174040 161581
169311 160968
163878 171210
165268 154653
182951 162855
158971 166192
173795 169165
173292 152572
173008 174995
155202 164766
181658 152606
162011 161607
175928 164430
169754 158356
174146 168613
167444 158336
168618 169432
152676 163164
165276 158242
152290 160660
169104 172009
166295 171984
170630 154539
175941 163011
158753 178286
174100 166285
173263 164435
180564 148847
166901 169720
158635 173465
182682 163429
160982 184748
154021 168089
159963 172240
177595 179731
167752 156098
168876 168260
171369 163486
170981 162097
168517 166252
166548 171379
164822 156936
162542 165653
178664 151412
169510 175694
172263 174560
171867 157762
171380 161374
170845 152620
180951 161697
169076 155699
176887 160232
169207 166496
166757 165068
159059 166298
165047 162472
174142 162247
164950 186091
178198 159356
172135 175717
175118 161612
170145 155430
180999 170652
169846 165592
167928 172551
171806 148735
172693 147365
175689 174360
174640 170389
164662 155403
173104 165849
169278 162422
185174 149306
170903 175055
167100 150036
165758 165466
183169 174744
174525 151887
175507 160315
172519 155872
162478 170444
188458 166263
181253 165174
172493 157703
165378 169764
181458 164124
166332 164043
164302 162659
164395 162992
183432 167285
174434 175785
155312 173135
172579 169331
153857 167237
162612 163164
160649 157835
169827 175605
182558 161803
174479 155589
159427 165542
172370 172319
153451 169232
170080 151209
166742 160548
175337 146390
163933 167228
162059 161930
165411 175169
159947 171894
179497 159715
169648 159968
172832 162931
158360 162073
177633 174496
171491 167452
167382 154726
170812 167114
165045 165209
152843 153775
164389 174719
148879 170388
162308 162296
186557 158478
173753 165178
169776 173042
171537 166719
166838 165314
168112 160076
168582 167926
168366 167292
169080 164230
161920 152134
153620 166925
160557 150591
172177 161126
171173 157088
163015 156023
172319 162644
164111 162767
175993 168127
166176 176504
167116 168501
170475 172259
159190 145353
166481 164078
165031 155280
177055 159164
159178 162121
166881 160206
167918 156464
173061 170129
171388 165079
175748 152022
161399 156959
177339 171155
176144 164764
165638 170161
181646 163727
170496 160552
166314 170116
159823 162173
165803 160127
163105 158949
180853 161133
155285 166331
170432 161186
165131 175061
176090 161367
168084 163163
174719 162942
155709 154364
166104 164476
167073 149587
157525 168570
161771 168132
169160 163802
159306 155756
173748 165696
160106 153724
168602 169920
170258 160944
160159 159527
160974 170029
174320 160748
176508 167701
177090 155914
160022 167629
167102 158777
166376 166252
179604 170927
160291 167136
165404 149860
178707 160489
174615 168699
178701 171094
172161 170351
165187 177307
164567 158880
163435 154636
157829 167126
171234 154761
172797 147560
168981 157015
169505 164704
169663 158193
172062 171450
171674 165448
165013 163784
161197 175490
173413 161386
165609 157945
167733 164756
177316 169645
158265 170655
153765 149036
176905 183490
161468 175261
163736 170655
163316 175905
174163 163757
157558 158804
171124 146896
178020 174995
156675 155847
172072 155833
156285 154730
168413 162655
183479 156306
181148 165930
164793 160420
168409 164997
170150 166292
168237 177072
174122 159126
157620 154978
179095 166939
169706 157512
166964 159944
161995 160064
168657 157946
170984 152489
162349 160536
164638 145105
186260 148367
172466 163652
178558 165293
175955 171549
169848 167206
173648 153513
165362 148991
172156 168065
175658 163651
168361 171333
163907 176696
165715 162603
156922 165671
154899 160604
164813 165486
172734 163561
175492 164407
168500 162364
171888 171571
166261 160908
180978 170753
174419 156682
160076 174266
169324 157458
166280 164259
171752 163432
172139 171123
153343 162957
172003 142909
152206 158780
178585 162858
177757 157991
159881 160280
179465 166659
167063 173593
159190 171733
168288 170428
170024 164596
168609 154893
177711 168910
157306 158207
165002 158411
166538 164583
190301 154121
165297 162389
176476 167926
172164 158344
173913 172214
168688 168290
157058 175592
178708 164373
163053 169746
173944 165468
174204 161445
160079 166007
160193 165223
176113 168435
186950 164458
163260 166205
165970 161065
169983 158989
147943 167934
169507 159876
171927 158105
167734 157345
185347 168175
160093 168781
178805 166798
165639 164463
154463 164541
165773 158340
180750 166898
158378 168179
158528 164169
162931 167349
165008 148901
174041 160714
157703 159875
169183 167401
169254 154102
160186 161708
157771 168580
161503 169048
180575 157749
163674 176062
174586 164576
169968 155004
163400 156545
175662 166608
172904 156107
162059 158289
169303 171834
168282 161578
172697 152398
143322 182534
167565 173320
183362 156605
165083 166410
167126 147260
159342 157107
160056 157925
174897 148075
159512 165230
167995 140662
189039 163391
179058 168513
177749 165683
171639 174170
171908 151965
171071 157850
154567 159180
185733 162734
179117 164970
168486 163440
160298 164062
163603 167633
161807 170363
164142 164195
159735 167259
174301 168280
163870 172506
175458 165001
160275 164121
174236 163004
154486 167070
160542 163211
181303 155914
163174 156216
169441 169400
157347 154982
163370 162314
170928 164216
176309 159669
171967 167487
161022 171303
155153 158681
178050 161162
172077 176571
165481 151502
164738 170509
156304 160986
159635 148248
180245 173488
176774 168860
178107 166208
152843 171356
168727 160144
166144 164320
167242 156995
171265 146690
167306 153333
169431 157803
175009 172763
165466 158478
157615 161961
170244 154772
171375 155563
168631 166381
184812 151722
151092 155664
153557 150104
161262 164654
167302 167121
161608 173347
164034 162753
174885 153295
181642 164636
176554 164095
170965 155131
172753 156087
189566 169374
170981 179249
160434 162397
180877 162724
175199 163993
170312 157016
163391 153890
163542 163539
157617 155652
161838 163604
172893 157308
170996 157133
167203 168234
176095 173711
168512 153325
174892 161944
163224 166738
172904 163075
156497 165408
174888 167206
168563 160640
172787 158656
162153 164523
179566 165291
157729 157873
163452 151641
173958 162273
169892 169958
171394 155463
185909 177760
166640 148794
152753 160420
177960 163415
176854 170300
176238 167980
179723 174953
176804 165511
167692 165555
173052 155105
174931 164720
167416 172961
168533 153930
175536 163434
164986 159961
172623 164131
159871 159297
174225 170844
178932 154484
165518 174245
166985 152922
157768 161981
178969 169070
178825 150529
167070 153688
172545 159243
179333 185609
167175 179439
160117 176892
182083 181698
167378 175500
166920 165316
159243 178561
152202 160848
183490 175666
154847 166138
158206 170340
167009 158616
146207 159877
178554 165490
164243 172901
179308 172497
180927 165005
179832 174834
178015 159189
170788 174498
164107 159092
160665 161406
154786 156141
163577 159358
177627 160047
182017 160746
178604 156995
166201 141114
170917 176273
181614 171631
172950 172155
176608 170764
181530 163757
178758 168193
174771 176447
167020 166466
175333 152075
167824 160947
166988 164732
174057 156756
168907 152953
161782 161916
177887 168610
174092 166506
168643 163905
179249 178188
163218 140549
157682 157318
153601 150180
171927 150761
156216 162556
163062 167794
161291 141517
167190 162473
177334 175140
160749 162677
164052 154018
173176 171820
163630 162917
154532 165002
165439 172741
177474 154468
177706 162615
148260 157709
155011 172467
169441 156963
169331 162620
172317 164034
164063 164602
154495 171639
166289 178093
153945 164994
167360 160714
175412 168828
173134 166110
178687 169549
170281 162253
168590 168679
165894 154134
166491 159769
168351 153956
163042 173873
177792 160633
184183 154704
177325 156981
156646 161281
161091 161192
149330 158610
162567 162385
159195 160740
157269 164604
167048 156985
144088 159457
174885 160517
161540 162280
172586 152346
167688 159845
167641 157080
176059 167162
175508 170945
169279 157451
178641 168597
172618 140568
167191 156110
167545 160667
170975 160406
176428 180142
160088 166392
172866 166013
163057 166940
164478 169303
166851 171631
183632 165898
169510 165306
170183 158457
173946 167785
174886 163386
158355 163308
176040 155261
172675 165814
149508 164902
167044 155382
175290 159142
176408 172150
168608 160721
179147 160052
167066 178972
184389 169998
165922 160852
176088 157320
170890 155087
180939 161074
173339 166925
157562 168525
172137 156832
158976 188622
172556 150436
166944 172939
186486 162494
166844 175121
179960 169592
172209 166959
168919 164445
168671 151099
175287 161093
163532 158923
165930 147153
159954 160633
164102 150376
186548 163240
168224 148687
167977 171879
159344 154036
167771 158778
172876 170796
167518 166437
150129 162118
165886 157420
163785 179611
179311 147660
176819 157656
164591 165528
157033 154526
168161 163581
172146 159773
167495 159697
160352 150946
172052 156207
177163 150780
177657 154091
176540 155609
177746 164810
163732 158069
175607 158527
162472 170750
163867 158094
171474 155422
182298 175449
160437 154874
165766 163639
158055 169478
164421 165757
173440 156179
156779 164318
175655 169906
172572 147610
171068 165786
171355 167131
157594 165656
163107 160825
164308 148657
166431 162086
168120 163942
149898 154845
181570 170327
166348 159830
151831 170264
164331 170596
165847 153471
178274 147701
170599 156519
151953 152244
163368 164733
164074 166832
165276 168730
169058 160571
180052 171147
166198 160281
167437 155597
173647 158821
168992 142828
180699 172085
176746 161289
165131 160450
149310 148301
172018 165684
163603 168650
163646 155070
176083 167667
177298 170099
157138 147784
166952 165850
165806 155329
163801 164598
180063 149606
166690 158703
166490 163987
152609 165412
170304 163122
162203 161946
172299 157383
183112 153005
178778 162151
175400 165040
168829 157819
165522 155153
158707 159857
165286 163268
154016 166582
165029 153623
157414 156797
172396 164311
180419 187178
165629 156986
164967 175191
162457 157459
177009 170178
184663 163577
161760 160781
168436 153938
161302 153397
168241 151318
166386 162038
174185 156113
155414 170261
176661 163007
181464 151729
182838 157238
167789 143644
153058 167002
165842 168843
193853 172708
175970 171830
172594 164695
164414 167327
167167 173337
172520 167189
172990 163637
162829 151444
164060 167718
171271 180474
170198 161187
157710 159530
159418 150554
188696 167569
165411 176419
162378 160995
168629 157595
167475 170378
162851 168173
167630 163283
168817 163560
162223 154475
171223 165727
175672 171645
164749 154265
155421 162279
175921 162919
175444 160053
173562 164937
174377 161251
168909 159029
161552 153347
176334 162489
163174 153735
162115 161802
158252 153039
167280 172543
171128 166635
163827 161847
181473 155913
173502 166262
161997 163709
186373 147865
158811 159113
156544 156849
169384 169804
174982 158801
171182 162536
169215 161738
149131 158323
169388 162989
182372 154616
162353 155568
172144 168033
165856 169031
169158 153582
159882 155200
180783 160101
176009 170874
173303 165448
165163 160772
165220 161849
171359 152251
174437 164262
167894 147200
157241 173483
173879 151900
168289 163497
163177 167082
165824 163211
177680 158915
167681 155518
172456 152179
157703 162248
156563 163133
165856 155515
157948 175115
163996 156807
165707 168687
166281 166746
156382 150218
161755 164150
157211 154840
165260 180843
156457 172180
167171 172800
171535 159039
166187 151031
168978 155232
177184 157688
160301 164339
172089 151060
164363 155984
157478 164454
166144 151982
164193 164354
160584 153582
177385 161383
168446 161323
169298 157256
168609 158802
169198 150275
162911 164050
150132 179471
180032 170243
157617 173552
186908 160424
173343 163318
163798 154115
171719 172829
150434 169155
169788 156415
178815 175597
177370 174172
188387 166465
185885 164712
170787 152245
160046 168204
179933 160424
170357 162827
165023 164404
156682 160378
174785 162674
165014 163191
155844 157017
167816 172011
152689 171871
157701 170761
182855 157642
184823 154917
162335 171684
177924 170923
170892 163803
167268 159654
158998 170175
175605 152926
166111 170951
173133 164904
168387 161945
164223 167442
167635 165777
158816 169167
155218 158463
162009 156896
163900 159800
