2554 722.072
97658 154437
122669 100550
120095 145937
103365 137525
96581 156178
117018 104758
102726 139059
139665 107014
133254 99293
128900 128344
100882 132472
131745 121652
99048 125587
96547 138541
118327 105798
99049 118986
122167 107143
102258 118868
115707 131129
117197 120435
100001 177003
105274 97743
98076 105849
97514 160115
155951 115647
118674 150830
103144 160655
112333 122452
109834 129983
115840 133276
132182 103978
154568 105917
133798 111137
119439 148070
104419 161852
104283 150495
125973 137497
134720 124964
96085 151200
127892 143056
105382 148951
96094 147370
132586 140305
117113 151399
129945 104461
136799 132544
134764 101698
105103 115420
103830 115119
128007 121556
90968 128936
107719 102418
100219 134001
149052 100207
102170 144737
108193 141035
145706 103829
112038 142231
151109 97622
96439 143348
106905 169120
88473 157292
96003 125525
121552 111485
103793 145860
131280 98742
126644 100195
110381 158797
135541 107041
126856 137694
110162 119601
104402 110307
111410 96781
155082 106014
149924 116888
170135 105752
129444 111704
117107 136326
101699 156214
157513 115896
103404 159052
143364 106589
96873 123139
144353 109685
117451 102345
95996 104593
117937 97183
125004 142268
151401 110495
111932 104933
124802 150235
144754 135257
112712 153516
99885 136163
103970 119182
125816 132715
104366 134612
132747 109519
105350 146286
143148 113156
135304 108692
95218 100427
102070 130291
124807 106526
103197 96745
153504 131803
140214 121683
120755 112502
116132 132240
133431 134899
121236 128256
144776 101736
141152 112327
145630 98324
145779 105358
98447 125514
139269 111636
98957 107666
92918 165154
106396 136756
123486 104899
105910 144595
108080 110711
151568 101340
120869 110236
105741 110452
123228 103969
132863 103289
115090 103669
145552 112530
103633 128458
103504 105765
125506 107718
137181 116845
129073 144776
101299 152710
128241 109909
142123 106758
148121 108132
162347 103079
141723 118996
131154 104672
133243 134003
108274 142791
145481 92984
130603 117340
106680 122369
113587 139562
103915 165748
114171 100492
144932 132091
92538 128229
135330 117831
120587 144828
145706 98695
107955 108954
104191 160927
90912 168261
101643 123671
93992 117218
97655 167406
121138 108490
135626 143089
97147 115876
115929 103064
117719 130340
99609 135589
134457 110457
104185 149797
119506 114370
113160 125200
128211 116159
110690 112958
95738 130235
96167 130767
108993 125993
109524 115377
137973 126254
150403 108864
131825 115418
103138 139779
105419 138548
134765 90672
108728 144143
141986 142276
141016 108833
122173 128368
95218 125151
173626 117963
111142 153645
110052 135983
139385 130203
121462 111755
109790 145851
124752 127923
102322 134119
142578 132144
107692 148355
109052 125540
105502 142234
132732 133477
133003 131664
137455 111590
104550 105681
158972 122022
149674 106512
122733 128525
119978 109814
120596 139165
116825 101816
102301 144698
109777 177722
115564 92790
117374 111845
142375 126139
111608 149255
97661 122181
135910 156698
125470 121033
98180 122298
111075 118877
100533 148650
131721 117453
104061 136112
134632 115950
148617 108654
146629 114234
99162 134388
133758 139296
145812 119542
133698 106899
109711 115372
102133 155570
128408 143459
104795 155637
119718 130489
101500 154880
146290 102512
107432 122710
131160 117552
103979 134063
115384 113290
114375 105272
119461 115351
138066 118754
117926 125058
118339 127635
110427 141922
122333 104826
94690 124345
106837 151699
122374 132079
101402 122474
141248 115932
103094 168799
118624 120489
144127 149180
138177 120020
99438 141953
121608 106423
89430 114037
133288 110449
97078 125882
101221 130143
121986 154657
94158 162205
96628 171435
143876 116011
132664 113780
106936 99212
145613 132077
151189 105663
143762 114585
126665 149683
130615 144955
132925 104698
128279 133328
111747 175601
139592 129845
103618 155147
86783 138500
100448 132412
145495 147852
107172 152197
119272 123063
95280 135484
143606 133486
103941 149570
114707 139753
102990 139345
128015 103358
143734 116586
117995 139195
137605 112012
139313 127254
122615 104827
133562 142412
112037 156921
101524 134228
126375 114727
123857 102419
132996 137302
98493 160021
112405 140538
107683 136590
138472 139886
132911 123306
88192 158990
152991 105892
128425 135136
94649 116665
101709 133735
120916 103222
123181 102919
111931 101604
101066 148134
145940 113875
118711 121418
152954 134123
108890 145761
124242 139826
96501 163939
109683 139384
156501 125432
140708 105398
144069 112821
105045 116615
137750 121523
157815 113286
128863 109639
112900 140603
131056 119406
135084 98588
130447 111170
115359 108070
127455 115867
122492 134408
106325 97105
120268 126676
113140 112462
140272 111435
124764 110220
110451 130912
118100 153323
125818 138436
98505 123189
112350 105328
102916 125879
114124 146690
119034 121859
161314 116276
143947 112820
101153 141808
157122 102558
154071 106165
111256 136651
108355 138883
138357 97796
101949 129113
102882 128458
110020 160750
126243 98041
139368 103547
108607 144020
116987 148109
101762 125606
121877 111602
135106 111573
128081 128540
115101 126577
112574 156968
118837 123468
151282 117563
139428 151302
92367 152889
98190 136499
108141 160885
101334 126071
125649 129644
97971 145094
113170 112151
139020 111974
150668 104666
146098 117991
89125 170131
102922 128077
135790 108782
126035 145759
162715 113714
113310 133277
121935 106474
99314 167921
98356 147684
136551 111887
127957 106560
119819 119175
101766 125385
115562 109010
98078 141682
120834 140809
135565 118665
121228 111237
99478 145314
100733 149572
119148 103332
126321 111745
93459 139446
114060 146794
100959 166896
116134 143358
101070 132709
115048 126714
134610 135844
128007 133780
110092 139311
117360 105898
140705 108206
103779 116691
127101 138105
133108 106630
121525 96724
129525 129609
113476 142485
138530 115242
152072 115434
153363 94992
121677 109811
101754 152571
106503 126696
131529 114513
133575 142452
124326 112667
141506 121211
121278 120031
108734 143061
121885 99213
115601 122145
94215 145667
89276 137670
124580 105838
105768 119043
111088 127066
102240 125044
121147 136940
127093 102304
102135 157201
102069 153886
115820 121426
100748 150156
119997 98422
127814 106181
129229 152123
98126 140673
101583 140431
146796 103429
119490 145750
124215 131986
101349 158374
105627 141031
97998 124979
128967 105188
98321 162203
153937 131471
127757 102537
105767 141523
146160 147239
111000 137441
166166 99292
112572 156605
108582 98783
123260 103984
103326 136644
102087 135840
124080 146243
129985 129928
109933 159996
109883 162174
103310 154515
152187 111276
128389 154746
112980 134867
120271 128550
124634 132533
134206 98396
112548 132835
144633 105533
116140 140932
137642 109142
146032 106419
135058 118979
120552 137057
172171 113416
101998 175452
108574 136067
117053 159536
128015 112598
147816 122928
145270 134860
126772 118046
100523 117901
130296 105609
110929 126939
100236 161896
110561 116087
120602 148291
150944 112856
111631 108252
131818 121663
107955 128480
126083 107599
107171 148346
106658 127440
95321 160747
99432 128030
113674 150674
130367 123716
140147 102890
95949 143521
128532 119657
103897 150832
130411 135859
96437 136082
121099 119113
120108 125742
126453 143441
135553 100644
143079 129362
125050 123880
97572 126394
112104 127622
112353 101124
137480 94677
125093 107649
105263 125469
108942 127019
138384 151747
124132 108331
111180 119922
125983 112737
121366 121376
96642 122260
107736 161446
111640 105666
126290 134291
140661 111600
97239 159183
100245 132561
124260 160338
157469 124098
121426 117004
125573 107630
132807 142243
131121 120981
157175 105902
134799 125512
110103 134757
95180 150367
124660 137167
136141 107464
103405 155448
122435 101299
101361 168012
95197 135097
115402 122952
94268 135953
128095 145287
109894 116294
99877 159463
98780 123599
142236 93943
126189 133435
139625 105477
120970 126410
130520 142972
137009 135565
137618 113215
116366 133900
143025 117417
114999 152906
154451 107548
105824 108939
103306 152572
136195 114253
136163 153916
129270 151135
111308 150803
131150 144105
148068 117744
123391 118942
118691 103671
112660 134283
133285 95730
137488 148395
106151 163660
167751 108934
166688 104541
117479 138591
138622 97586
103139 130389
126442 130444
112756 137653
116206 124454
104225 155641
124492 134997
124223 159504
143662 131543
118726 150334
133140 150794
129925 103541
136614 129427
157540 105257
145947 104542
127537 125199
130262 126308
102205 129626
137554 101462
148918 120736
121051 133622
128854 137214
98353 154007
126182 128129
150810 113775
134642 128368
130221 127035
113016 107179
135964 119491
128252 106649
122825 111025
101177 141780
129074 149395
154438 92496
100975 129489
120717 121293
114909 104898
129691 134769
102836 152036
103816 141742
104313 158666
139336 120187
125195 143322
95320 148354
102967 120726
136566 137678
131677 142599
110100 101275
140739 137686
142247 128668
131452 126574
118401 148448
106041 152741
130333 136794
152942 111964
155840 123138
109760 150681
112763 133014
94653 172481
131358 104673
141085 134520
106837 101799
116015 119369
128064 105931
109110 116213
98631 126653
114198 125023
117866 97027
114485 101754
97823 113419
168891 101954
139982 122887
130786 113937
121899 102932
153610 138287
129740 138571
104817 140638
139416 114395
105666 161811
131975 140573
128868 108920
113143 106591
113900 117064
111681 120121
108279 114992
137538 123315
109018 123440
91935 123887
108531 115167
141696 119823
109484 156135
123352 101190
122616 113808
126851 105951
151498 108152
142711 128554
113382 98334
120483 125149
129128 113903
102682 142997
133873 112180
108567 126731
158096 115607
110148 159751
98454 150496
108846 153216
117122 137798
110839 155634
104560 132069
118247 126226
130785 107728
102430 127583
137477 105476
125747 125180
128340 121521
117438 129110
123779 99237
104804 129270
102995 169341
102223 160992
103886 131908
125499 113148
119359 141623
106592 155753
102397 122869
97752 145735
99938 151858
145183 128219
133890 150237
121480 128606
120753 120455
142666 108052
148757 135753
119453 117098
113188 123786
122394 107028
110142 101951
143083 140512
141453 113682
133382 100311
107729 107708
122331 114644
130068 109706
95986 147864
126018 109604
109340 131848
141765 113789
106224 141372
130041 99287
124585 133134
109294 128977
142019 104853
109557 123031
96199 127184
123947 111369
94764 135481
161938 105355
158117 113615
132321 96562
135249 107338
86698 133507
78650 160256
122902 110340
106537 165255
98353 133867
99376 162143
108927 108785
120826 137299
141804 126419
125385 135139
104450 135076
147393 123946
169782 112101
121024 118047
137959 99375
135392 124096
113417 140176
112935 143727
108130 137563
98703 141777
137731 148467
94169 128981
125651 153556
101896 133692
123406 119043
115446 135231
113687 161055
141039 123051
123677 128138
102963 152808
147613 106999
96502 131303
145752 121039
95533 128867
136129 126828
104517 171607
117686 136929
137443 97455
120659 120566
99232 117455
113697 105496
157800 125537
154731 115513
103640 118556
152648 113160
101198 116920
128756 111618
134462 150046
131583 164918
118481 117921
119753 127046
158222 94304
140296 115965
122152 109650
111418 128112
119114 113162
142034 140031
101107 153741
120229 101895
114686 129844
115983 111284
101434 134412
134758 136357
127655 101454
108373 135821
117460 123970
116977 124075
106447 133007
111571 109214
143212 106672
90912 132630
103659 126712
107746 110159
100582 173147
104368 147830
144825 129058
116786 136082
124319 107090
99042 126157
138594 126396
95500 133772
154218 114137
98347 122564
119619 138290
135620 117255
128147 100954
123196 118879
111780 116161
123322 131356
87106 124316
104033 142988
124928 135289
106826 125173
94539 116230
102910 147670
111249 119845
132568 118977
129963 132442
143600 131894
136944 131288
125206 114043
102128 162549
124978 110727
99219 141066
130135 100337
131810 114326
99607 155278
95480 158547
157379 109299
150624 110281
132704 111759
145672 107488
96933 143401
149932 98383
94075 145885
127006 132773
154742 106250
140886 131622
131771 152688
150954 112399
131044 104924
158796 118736
145257 126756
137096 121699
120865 106332
133825 129645
127685 122156
115809 109247
100125 147495
146157 113871
127364 136219
103917 100580
166915 115923
114271 128437
102784 141737
99943 122831
104475 155820
124382 152274
145599 134594
119170 132825
149653 107384
128349 128715
146318 107653
158013 104435
110293 125567
113821 152453
105332 130126
119991 133105
100159 149719
101316 109378
104314 153026
96045 130120
130590 90648
138134 136109
111876 116067
108250 100942
100183 144979
115429 140824
127810 125730
126345 113908
101942 157660
113992 106340
120195 105727
108576 156807
156417 100913
159089 118248
102708 135903
121718 110123
113591 139740
132829 140272
89554 132969
106740 145959
129041 136513
105348 120208
97617 145996
110296 122480
124181 114113
122994 124711
135137 135917
114633 153925
137423 113092
162528 112415
127564 114023
133501 110849
104880 139628
148828 101543
97373 160862
112229 149112
108288 138641
94541 139623
102726 128178
143125 111532
147465 116383
121460 102928
105561 134158
90691 144258
104917 131521
144473 98881
107569 145591
103943 157937
100016 137272
132464 121354
116637 110567
112206 134902
110086 125404
145663 133616
148194 104694
123217 106320
99533 136130
125637 118898
108070 155906
109132 166131
150149 110009
105122 141445
113730 126209
161848 108438
149263 113744
123475 133523
126544 127645
98744 132264
108254 158082
97961 149425
97887 131939
107914 148145
105801 118463
124771 128547
95332 150261
99170 134076
117933 98248
97203 140379
115289 103078
91189 165057
110999 150456
120575 118140
117207 125986
99566 126881
163026 100125
134213 134735
126982 137255
100250 141952
135534 134924
130819 157017
127952 139698
