11071 3369.53
44276 125099
140705 51319
44382 123965
44466 120959
135200 51369
137893 51359
132209 51492
130030 51497
44887 117985
44867 119490
44672 120161
46762 107614
45115 117589
45162 116610
140705 51319
139428 51324
44587 120696
127039 51620
123898 51747
122738 51764
128199 51603
96684 56805
95293 57196
54878 87859
53420 90470
53565 89851
45250 115958
45162 116610
126636 51629
125729 51641
46399 110207
47153 106536
50157 96605
44347 124548
96043 56874
45391 115651
95877 56983
46149 111050
54036 89480
46737 108246
47573 106474
46419 109696
50112 97102
49463 99106
49527 98618
46193 110538
45618 113859
44382 123965
98351 56085
45482 114620
98070 56397
46081 111241
138296 51350
139025 51333
47054 107032
44721 119628
46462 109621
99633 55580
99153 55783
111660 52894
45476 115116
45593 114392
86335 62691
45825 112637
101271 54973
101830 54854
115183 52330
134770 51404
129600 51532
122308 51799
125299 51676
44346 124613
44277 125034
45717 113363
44907 117941
49355 99172
50909 95148
49985 97159
47859 104789
47829 105234
54757 88348
114219 52345
45639 113750
46611 108527
46532 108979
45084 117601
89869 59933
51405 93568
60797 79855
114059 52426
46056 111723
51078 94244
51371 93923
52143 91792
51816 92468
50973 94663
51711 92887
52038 92211
98718 55869
124676 51695
134147 51423
121685 51818
102807 54642
113356 52508
128977 51551
54162 89092
113111 52660
50484 95929
49311 99613
49941 97600
109833 53072
87837 61291
108137 53507
103285 54621
46468 109163
107621 53675
48266 103129
49018 100430
101944 54805
54487 88685
99774 55344
47604 106120
111099 52900
114622 52336
105362 54071
85917 62697
83923 64274
54710 88541
45824 113061
108597 53353
115272 52291
107734 53516
100726 55142
99863 55305
107218 53684
116493 52150
103911 54354
112120 52789
91506 59131
46947 107334
98718 55869
99153 55783
51664 92978
51570 93322
83189 65640
91836 59068
112523 52780
105140 54165
109000 53344
48215 103751
50926 94754
55210 87507
88089 61124
132723 51487
132209 51492
48968 100788
48216 103487
52620 91076
52999 90973
82830 65935
83426 64946
104314 54345
47054 107032
45737 113289
46947 107334
45997 112083
45414 115286
57478 83453
87490 61414
45914 112337
91417 59170
91255 59314
94266 57719
94517 57536
109588 53224
100266 55296
57148 84093
56007 85992
125326 51650
124273 51704
134797 51378
110696 52909
119533 51942
118480 51996
122335 51773
129627 51506
128574 51560
133744 51432
102347 54796
93221 58132
92969 58299
92549 58637
90121 59766
62982 77812
79217 68915
77348 70317
49311 99613
49941 97600
49820 97863
47879 104745
48387 102866
44466 120959
48286 103085
48132 104197
48438 102575
49190 99876
48559 102312
48031 104235
50448 96257
64090 76402
74456 71440
69016 73497
70695 72779
48783 101536
86371 62494
97175 56624
99633 55580
76910 70761
55355 87143
55488 86904
118320 52077
116046 52272
46035 111913
73609 71787
65627 75382
61051 79714
60407 80183
64857 75984
67762 74127
66397 74868
54355 88919
92352 58776
89522 60056
52620 91076
52577 91374
58987 81311
73656 71696
57908 82828
58149 82557
68547 73576
58557 81936
60005 80290
67110 74292
62017 78869
48011 104460
49159 100123
48407 102822
133717 51458
128547 51586
124246 51730
64395 76327
58728 81863
61463 79426
63630 77023
59158 81238
58079 82755
63200 77648
65947 75157
128977 51551
106873 53747
107129 53723
106010 53910
106266 53886
86475 62351
83901 64485
83402 65163
82806 66152
73827 71623
100637 55181
48763 101761
48967 101052
89462 60427
69073 73423
119936 51933
120348 51927
119295 51981
118883 51987
48611 102090
103395 54522
96876 56743
76196 70943
75629 71109
87298 61814
85429 63216
87417 61629
117949 52087
114622 52336
116896 52141
134147 51423
137893 51359
111099 52900
126636 51629
118883 51987
133126 51478
101129 55133
138296 51350
110236 53063
120348 51927
124676 51695
139025 51333
115675 52282
132723 51487
127039 51620
130030 51497
119936 51933
135200 51369
139428 51324
112708 52669
121282 51827
117546 52096
109185 53233
122738 51764
113759 52499
121685 51818
125729 51641
57667 83434
61498 79265
64055 76563
54528 88598
67879 74029
84628 63542
85621 62816
83823 64680
82730 66341
74308 71531
67579 74213
120751 51918
116206 52191
84466 64093
86927 62030
89128 60492
88959 60672
87096 61850
55308 87234
64236 76346
97413 56569
105653 54016
104774 54191
93719 57977
113759 52499
85828 62736
92145 58856
51125 94153
88488 60975
91916 59031
64949 75770
66489 74654
60477 79985
72414 72155
49120 100278
47980 104526
50703 95851
59618 80617
79462 68739
45824 113061
79735 68570
115675 52282
49615 98596
117949 52087
76938 70645
56765 84739
63412 77187
57474 83668
57861 82919
98185 56194
83710 64751
75934 70998
82083 66988
54757 88348
103822 54393
83213 65423
73175 71871
123898 51747
128199 51603
133369 51475
78807 69243
117259 52137
116896 52141
87630 61371
84087 64199
45275 115842
56585 85101
57670 83284
97728 56429
75408 71151
103660 54511
52190 91701
47808 105411
85548 63031
73346 71798
56529 85183
55862 86279
55829 86375
120751 51918
70163 72982
71174 72596
55919 86170
85548 63031
87468 61625
86497 62140
92604 58609
84555 63757
50439 96426
49789 98110
49820 97863
49190 99876
48438 102575
71918 72279
47226 106478
48916 101072
74182 71543
101129 55133
101271 54973
76258 70926
59377 80888
61304 79445
63849 76673
88529 60782
56869 84539
56764 84878
85227 63252
85109 63428
61257 79536
65776 75230
63802 76764
63700 76825
121096 51916
55028 87819
57060 84271
55112 87618
48216 103487
48968 100788
105229 54126
83326 65352
49736 98333
49789 98110
48559 102312
116404 52189
117457 52135
72021 72249
72908 71991
75375 71193
76429 70853
76739 70834
62487 78598
46304 110307
62337 78739
83684 64862
83833 64532
90261 59723
56099 85808
55772 86484
55680 86668
57240 83909
104685 54230
106355 53847
112031 52828
108508 53392
108322 53396
106541 53843
102532 54685
102718 54681
108233 53435
112575 52724
104389 54333
84555 63757
84522 63984
61970 78960
58102 82648
59958 80381
63653 76916
67063 74383
52468 91586
44721 119628
44867 119490
81673 67316
82740 66193
83336 65204
50636 95921
52337 91663
107645 53555
75153 71214
72192 72176
74627 71367
51452 93477
51523 93413
50332 96439
62831 78261
58330 82467
92622 58422
72973 71960
70935 72719
70828 72720
73148 71931
52999 90973
53299 90959
92005 58899
106630 53804
105767 53967
105921 53949
106784 53786
71392 72432
110447 53029
103686 54467
62792 78269
97009 56733
51253 94078
50304 96567
48152 103972
94809 57477
80515 67928
87748 61330
89729 59976
93579 58020
84835 63462
90479 59654
86704 62060
85672 62812
81392 67412
84679 63538
81484 67399
79621 68721
88580 60778
88736 60702
91166 59353
92829 58342
95016 57397
92301 58780
86548 62136
94898 57438
80607 67915
77772 70076
79669 68659
48846 101474
48690 101914
48631 102046
97086 56663
98262 56124
95954 56913
95204 57235
93512 58057
90361 59695
56349 85545
67281 74219
68718 73503
78067 69815
81892 67074
79860 68432
79850 68503
81882 67145
48904 101273
56633 84983
46532 108979
46468 109163
82213 66879
53712 89813
82007 67007
77053 70578
78922 69176
72718 72023
62574 78433
62487 78598
58505 82188
57856 83080
58935 81563
62895 77977
63407 77348
121255 51853
47726 105654
74049 71602
81147 67588
81114 67638
59536 80869
49038 100386
88329 61053
53299 90959
53312 90740
71614 72411
50788 95411
58320 82484
83059 65719
81599 67332
47624 106076
45530 114511
46674 108365
67625 74170
53359 90649
53373 90561
59571 80708
57017 84385
56438 85415
86407 62398
111845 52832
63029 77721
119506 51968
58376 82283
53854 89713
100418 55231
45456 115160
110563 52964
70302 72873
55571 86798
55680 86668
88229 61081
82617 66412
82547 66570
60176 80217
67015 74501
68452 73785
61925 79083
46654 108409
78738 69317
89481 60249
61155 79597
78646 69330
81277 67479
78608 69426
80999 67705
82432 66637
80385 68037
77478 70208
82417 66679
81262 67521
80400 67995
77144 70517
79013 69115
77463 70250
78106 69767
80984 67747
79347 68806
79332 68848
50862 95239
89481 60249
102443 54724
82943 65864
46056 111723
62848 78068
56717 84969
45846 112528
69794 73108
49648 98417
93818 57854
90871 59444
90667 59492
60176 80217
69637 73135
64648 76002
68097 73865
54025 89640
69623 73181
62621 78342
69244 73350
70473 72800
61716 79101
59764 80561
71785 72338
76739 70834
74608 71407
65776 75230
60648 79912
75763 71071
65098 75713
75134 71254
64477 76075
66017 74959
66188 74886
63459 77096
61545 79174
68718 73503
67281 74219
72699 72063
67926 73938
71747 72352
72173 72216
66638 74597
60626 79928
70302 72873
71221 72505
66660 74581
76429 70853
65120 75697
70149 73028
72547 72096
59789 80544
75903 71006
47725 105857
111824 52892
116073 52246
50737 95702
50741 95502
77752 70123
77259 70450
80270 68104
78401 69506
82302 66746
78312 69639
79128 69048
80181 68237
84886 63458
84294 64119
86755 62056
85058 63432
88787 60698
88441 61014
45998 112018
95127 57305
90619 59611
97435 56516
56396 85454
97728 56429
65570 75408
61098 79623
110236 53063
84181 64190
92762 58379
53807 89804
54355 88919
54209 89001
58853 81567
58423 82192
57774 83084
56203 85608
63325 77352
57344 83709
47809 105278
74849 71346
73975 71615
70473 72800
87247 61818
85378 63220
89279 60460
133369 51475
133126 51478
62188 78796
64430 76166
59568 80804
62188 78796
55159 87527
109640 53207
90871 59444
94111 57767
91048 59394
69419 73299
69244 73350
49139 100167
121096 51916
82992 65852
83010 65731
45893 112484
103306 54561
104499 54234
97512 56446
100418 55231
66809 74524
65269 75640
65475 75617
68246 73808
69992 73055
64648 76002
61716 79101
66188 74886
51300 93987
52409 91623
82213 66879
95105 57358
77866 69972
81767 67212
50448 96257
113252 52604
74982 71287
50737 95702
56285 85604
119295 51981
69992 73055
89330 60456
51991 92302
51863 92377
62337 78739
65269 75640
68097 73865
68246 73808
66809 74524
55488 86904
55571 86798
52530 91465
54025 89640
59935 80488
47673 105946
45593 114392
46194 110473
46737 108246
46256 110419
46106 111125
94148 57760
55308 87234
58510 82027
58940 81402
113252 52604
45894 112381
47763 105520
72528 72136
74849 71346
71068 72660
93971 57810
45414 115286
88959 60672
86927 62030
83539 64875
82617 66412
83262 65411
84243 64123
66442 74745
64902 75861
61947 79067
112708 52669
110669 52935
118347 52051
118453 52022
109096 53272
77981 69905
93767 57858
90667 59492
77259 70450
78312 69639
80270 68104
82302 66746
77593 70141
80722 67848
78197 69706
78516 69439
78401 69506
79975 68365
81767 67212
77981 69905
77866 69972
79128 69048
80869 67814
82547 66570
80181 68237
80066 68304
55028 87819
68477 73774
65523 75499
67040 74490
65475 75617
50005 97115
109717 53137
110474 53003
117259 52137
57297 83800
56822 84630
57717 83193
56146 85717
57727 83175
57287 83818
56156 85699
56495 85306
55772 86484
84522 63984
71392 72432
49648 98417
49736 98333
93971 57810
46611 108527
53565 89851
92969 58299
93361 58089
94568 57532
88140 61120
93221 58132
89611 60017
92056 58895
92673 58418
90568 59615
90121 59766
48711 101805
56495 85306
46257 110354
49375 99128
50862 95239
89128 60492
85227 63252
93361 58089
87096 61850
69466 73208
69794 73108
80722 67848
80869 67814
104499 54234
45510 114555
102385 54780
109052 53288
71068 72660
48170 103860
47763 105520
65970 75050
68500 73667
73346 71798
64008 76654
75732 71079
57426 83705
56970 84476
63223 77541
58798 81665
58806 81658
63278 77443
77593 70141
59330 80979
59228 81040
101830 54854
105678 54006
45250 115958
45275 115842
46086 111169
47726 105654
74982 71287
94657 57493
91048 59394
89662 60013
94266 57719
79975 68365
78197 69706
80066 68304
78998 69157
77129 70559
109717 53137
95877 56983
98185 56194
97512 56446
47725 105857
47673 105946
60430 80076
55960 86083
54209 89001
69419 73299
59330 80979
62848 78068
69466 73208
51280 94031
53420 90470
55966 86079
51816 92468
51664 92978
57008 84456
62574 78433
59228 81040
57240 83909
53851 89725
64902 75861
59181 81131
52143 91792
56099 85808
51991 92302
51863 92377
53312 90740
54162 89092
66442 74745
55112 87618
64477 76075
52038 92211
58940 81402
51078 94244
58751 81756
50741 95502
61051 79714
66017 74959
52577 91374
56822 84630
61545 79174
63459 77096
67926 73938
71221 72505
55355 87143
62895 77977
63278 77443
50788 95411
57101 84184
64430 76166
58510 82027
50973 94663
58376 82283
65523 75499
51711 92887
62621 78342
50926 94754
52530 91465
64008 76654
57107 84180
51570 93322
48862 101360
48170 103860
48152 103972
100266 55296
45638 113815
48710 101870
59935 80488
60430 80076
58751 81756
59181 81131
63223 77541
