16106 1140.73
143780 128696
136112 139945
137911 139027
141267 137370
142801 135459
142498 136366
126090 142211
145360 126495
144536 131151
126644 160160
137378 139960
130148 152751
133755 146871
154211 128202
152005 129342
142809 136656
132978 151111
136735 144079
157991 127894
129804 157985
144037 135465
160720 127763
142340 139177
135204 145647
136000 145393
134990 146493
135633 145584
164626 127227
126628 169736
138342 140154
145995 132697
130633 152794
162359 128648
134087 148886
143233 138386
151010 131507
135989 146793
154037 130883
145411 134944
130167 154654
158923 129218
137819 143110
137661 145821
148759 132637
157299 130749
158213 130573
135576 148601
133909 152181
158906 129679
130163 158203
137814 145270
127212 161306
171517 128384
146686 136401
137963 155872
139757 141007
139288 144376
143381 139173
142181 140246
146519 139010
143356 139713
134921 162895
154963 133996
177314 169267
157414 170937
168914 169254
164423 172184
164388 159329
169986 159617
172232 162636
184812 173965
162716 156251
171627 167762
176681 158378
177243 164251
165186 158434
180834 157341
160539 171647
165737 165955
182215 150678
172754 170748
170902 164693
176859 161140
165021 164528
181158 170110
179674 166187
150924 157747
163090 171513
160563 171575
158562 166882
165834 167270
172746 157588
157838 170688
178654 162849
171329 182943
177054 155437
162931 152147
182224 170495
165921 174310
182672 160263
162580 166597
173965 162775
154940 178339
181541 166308
174514 171234
165228 165161
187176 167422
168140 170472
156482 158749
160143 187469
171385 168251
162677 149790
179731 172885
148568 159381
176497 161553
150672 167233
163450 167113
154237 166870
170318 168164
164536 179147
162167 170494
168825 166692
174030 163884
159050 171238
175668 174171
167542 150472
168263 153182
159906 170555
170669 179450
164858 172148
170991 158789
160717 163879
180178 165020
164263 175963
156857 160144
157695 172824
175168 174082
168121 178940
166792 157425
170275 178428
168633 163306
176856 181964
173877 174362
164818 173761
169386 173838
170326 165415
190710 166107
158112 169264
161161 163017
176700 165854
167821 170712
174743 173489
174055 161895
157969 186583
170908 167829
179034 172277
171258 169522
160679 151607
168209 166932
172358 177272
166803 162433
168570 154833
165463 174844
171740 173090
175265 173583
159485 162064
164675 165730
173973 170255
164064 160112
171192 175430
172588 179362
160087 170105
161510 167974
172929 165530
164311 162948
162644 165013
174621 164782
158636 172627
178481 168611
155416 162967
169828 177880
178042 178150
169886 165158
154468 177163
187182 175829
191489 174274
178306 165010
170470 186323
160816 165906
159049 164313
178393 165251
168318 159696
173611 175689
159742 164992
169035 159262
168654 168445
167035 152544
164651 170125
176839 169567
183769 171406
164430 171033
164222 149089
167152 183186
169208 162099
152787 166883
162989 171052
179374 155383
169943 155027
165451 155082
166103 159929
154561 165941
163399 158208
165605 161752
151699 181711
184627 150877
165474 175006
169008 169490
173702 176423
162995 181476
162394 160731
165298 159220
177734 163298
179426 171113
172045 165033
185770 166010
168242 174712
162627 150577
180032 163859
159330 176669
176935 168288
167655 167592
178216 172978
168571 165720
167961 175181
156698 166654
167610 166064
168158 178468
174578 151859
164505 157048
171777 184879
162686 178238
172927 174653
168551 161680
164042 156963
165001 167303
169842 170990
165773 150227
153766 160533
160955 160698
163189 173380
145717 168989
174265 185731
156942 181282
184491 159085
165357 163986
168945 167389
165259 161551
171448 172059
168014 182097
177150 155729
175409 153677
174029 180735
158334 159378
169164 177571
173173 156985
185039 180575
165537 170157
169563 162833
159864 168660
175627 162433
166274 164819
166173 172767
175094 161112
166051 173156
176757 170391
172793 172848
194093 161361
168298 162684
177211 160086
165189 174155
173436 170596
170013 171022
181254 163762
176219 172640
165426 176302
161358 168715
173586 165885
178829 174805
171350 173708
174692 177065
165609 169669
163634 174570
163985 159975
170217 160525
165597 148415
169961 161007
173122 169242
162584 163499
160849 148533
171487 165508
164409 159761
161909 175214
172383 157972
174496 168206
176917 172310
165112 161092
174866 181976
163371 160738
157107 172778
168535 155541
176747 170603
169054 170983
160961 170712
174328 163832
164228 158478
164335 174087
164915 170091
177267 170088
153720 177989
179987 161332
176095 161490
173419 175183
163521 155580
170915 166848
166491 166151
180679 176733
166910 159963
157196 166279
158501 159531
182652 162939
184659 161957
160839 162427
172489 173527
172075 171711
153646 180986
161832 172311
180651 165160
172206 159139
158395 172928
156246 166720
182551 168773
183774 176619
168936 179682
150883 164783
177360 174582
179464 178648
150216 163574
158824 164277
170816 150925
168274 166550
166714 169440
167973 165597
171418 171572
160858 151660
155160 152425
168525 158050
168500 164565
158663 163537
161357 164740
171824 148923
160327 177415
160630 181090
164671 168812
170644 175443
155163 157875
154618 164698
161373 175994
160052 174520
167149 157864
156225 163929
166230 151694
169740 172497
164246 176807
181813 175167
170675 168412
171572 167693
156825 172875
180659 178611
166459 158554
169191 164985
184490 162154
178089 175525
175173 161899
163960 159675
181734 156576
174248 176713
168021 156524
166827 152370
174242 163820
180737 173578
180527 157753
164688 170297
162407 151267
179151 172385
173692 168492
173923 164094
177359 164518
176140 166387
163337 160548
173225 161723
155906 161882
162339 155327
168082 163171
172500 163010
155796 170383
168059 182655
163984 161775
172139 168704
154899 147232
164126 158352
164252 178859
175420 176750
174861 164767
176942 171385
173153 168496
155850 162083
172557 162017
165136 171043
181351 169061
158477 171236
164579 161011
170519 161058
146263 160217
153748 160799
161102 164928
159778 151805
159292 154830
170344 169198
173243 169983
176042 168984
169239 176520
171969 164733
179171 161634
159287 176981
167256 160487
169610 165634
172163 169884
166510 164517
178957 166599
168048 164865
153194 141169
161898 149109
174353 174761
155529 162281
167734 160060
167750 170611
165513 175730
176799 171409
166443 164412
181675 167913
169385 164419
171482 172567
179506 162631
174442 163213
160163 166643
174357 186150
160715 169242
170095 178493
176910 165959
171793 164968
160764 162671
145977 179737
171207 162809
171801 170270
170712 161279
184788 167171
186422 174634
176765 169585
170080 168736
176096 168129
163219 153459
170469 179375
179583 164703
170326 161194
180504 160787
170055 157618
183852 160396
167659 171996
175981 172727
173696 170963
174068 155715
168967 154651
171351 174613
174843 159103
163074 161144
181017 170297
165203 154528
151223 157834
163855 164411
170670 163756
170538 158480
190349 150753
160471 183354
166682 172749
168676 168927
154347 155556
176047 179860
162544 154507
178043 161153
164198 174547
161944 174326
168854 165473
164890 165123
170255 170903
188311 181266
176683 177003
158185 163278
170323 170629
167730 175353
188273 165022
171056 165037
170583 159476
164526 168126
181414 162172
153507 168448
164976 168130
156813 174969
175785 156179
178551 183923
167473 184514
169743 168001
174852 167516
168454 190505
170700 166723
160829 181954
166612 163617
170050 165479
178196 163800
158876 172170
177133 159686
159720 190940
151921 160858
168549 163130
167106 153414
175116 166205
174508 178337
175463 166690
160876 175798
166178 182415
182178 171504
166221 171764
160418 180643
173595 172178
164679 174631
175655 183409
156505 151869
174371 162362
169906 156785
153582 137985
177629 156341
168201 163271
166936 152749
157058 162181
169499 170740
166549 162498
164932 155650
158994 154964
154532 174933
171795 158042
162085 173587
171202 184788
160726 173251
171709 177538
176254 176864
160973 158790
161258 152019
166253 158584
175789 176218
174483 162690
167414 157218
170033 168574
170440 168286
169536 169211
184292 173931
170352 166162
173400 156328
153484 165298
170226 165856
173260 175681
169737 167839
160211 175632
161768 172246
169908 166088
177821 170011
149637 158829
177560 172986
177179 171686
175972 174274
162989 173463
166733 161476
166061 159735
173631 168251
174795 162775
162784 160096
169532 158557
167316 162652
155180 165647
178890 179388
174672 165223
173082 165068
158932 165186
165193 162196
179303 164428
156862 160670
174539 167090
165400 180770
169898 157425
165182 177653
161125 180712
168211 175609
171986 179367
175980 182161
163568 160886
168995 153113
180531 163300
160743 168010
168842 160836
166297 176366
170077 164527
167734 172496
176949 183893
162165 175132
173803 176649
176017 162858
157162 169925
170201 166402
153137 160995
156089 164688
171318 170611
169091 184910
174509 159930
158617 170245
171268 181870
173459 173840
179361 174012
164806 167278
180360 144632
171650 171985
177764 182141
172608 178181
169120 169388
166105 161425
179385 164708
165392 175747
158389 168634
179795 168473
169331 160652
188723 161587
180989 159052
168716 153202
169234 158577
173643 170471
180215 168392
179315 168349
172733 158772
163104 171387
151280 172088
170362 171825
161966 168457
167058 161162
156671 159997
157007 175214
168101 167603
163235 168823
170477 178353
154753 171575
172672 179127
175604 157086
160388 157724
156388 180312
188044 157847
166808 171882
190348 168522
174090 173944
165573 158709
173591 166293
170939 174911
163513 168351
180070 162570
166329 164618
166183 167536
174323 154739
165001 183678
155643 159852
162457 162426
165409 175814
159773 165570
181121 158572
171527 182909
170444 161926
169682 173332
167464 152266
171935 159032
157771 172065
169585 165729
164973 161495
174167 178475
170258 169636
186038 167393
167653 174017
174594 154850
178615 173689
172679 155220
173222 176693
154420 166120
173112 167450
174218 181321
169819 160070
172848 170199
169492 150828
177341 178681
166189 157231
151763 164053
170788 179385
178790 179929
163983 159576
161737 162541
168302 175256
167132 161624
161385 179054
170123 158901
177761 168219
184927 168663
170752 153546
177350 163606
166518 164414
169791 181750
169242 168579
179969 168192
180167 185433
162844 168599
178483 175410
168549 165747
175548 174217
185398 157940
152069 158220
174296 175212
175886 168770
174067 162427
167990 166499
167789 152454
184064 157304
171000 176404
179002 180906
162830 172511
171650 162363
174002 162142
178346 167559
161553 165235
185816 171470
166380 175629
173660 168219
149436 182501
159510 167247
170169 179952
161549 175251
162608 167233
179507 170409
164571 176600
171973 167503
183339 177102
176395 166612
190923 167176
164071 173276
174515 152571
163275 157576
183361 169115
169535 168858
178068 173823
174854 169715
167507 168562
169631 157877
172253 162415
172431 176723
162389 158161
183774 170196
172031 162705
154311 149377
184116 165737
175208 177736
170928 185523
177640 162185
175577 179791
171893 182162
148275 177682
163401 167359
169130 167340
162039 176292
186131 159658
169053 167233
169540 142769
169203 176307
162930 158142
156118 153908
178544 170156
175545 172041
170143 161558
178651 166841
182860 154024
165444 160952
164669 167333
158169 183687
174666 156551
167136 182990
167860 168471
178320 160602
161294 167401
171159 159773
190894 176632
155678 163752
159251 171494
182906 149463
147614 170680
170395 180578
176012 165808
181755 174494
172173 171672
175273 166392
160530 165063
166486 146212
180500 169435
173868 159437
160173 163558
167009 178264
165535 157532
176575 174132
178075 170899
156889 167562
176456 158083
160097 163341
170223 167317
160978 165099
167737 178349
169138 172244
174481 164187
173017 177800
181893 165700
171700 159866
167417 176141
173788 179399
158856 159387
171248 174202
165693 158020
179127 158419
172196 162876
159554 174887
182950 173003
185816 158304
147702 167948
160642 175934
171928 170435
177239 164922
183497 166713
161914 169330
178824 173926
151057 169836
186937 159010
162167 166797
164039 162655
164005 162490
168870 144906
175111 169952
186964 175177
160604 148748
171256 159566
167381 158528
187793 184408
153109 167825
174221 174890
169042 174194
174790 171468
175430 167207
164536 164647
164237 171678
176175 180313
173594 163084
156104 149445
165983 181804
171793 164594
175488 168358
175874 172200
163764 163831
165076 173391
165259 154322
162861 155347
164779 162156
174468 183404
178021 177219
175015 191300
181612 165425
163892 162273
180223 171489
183344 159857
166361 180802
170481 173678
178304 165803
171074 161870
167692 160196
168295 174831
170862 176565
172796 185523
168420 164561
162476 170304
164682 159481
172967 180823
166647 156203
156757 176943
171069 164678
182311 166367
162065 167331
172702 167228
162373 158507
154397 174497
180106 163065
172033 154705
170127 165317
170997 153664
164847 166313
179378 170191
165610 160619
159920 174189
160803 157941
163146 167478
162500 155999
168017 171680
172823 159936
154036 165203
167412 168917
162176 172089
180616 173448
166071 161734
171370 155961
167849 156345
164461 158880
170750 165796
168777 167798
171489 179197
171056 176298
180150 169384
169575 169833
173742 172037
167674 172000
163847 157498
181906 175487
167788 158438
167114 172367
168843 173119
166689 167741
148721 168896
171784 156384
167244 171169
169096 178897
159944 170523
170777 159666
169106 174129
166702 171882
152835 166079
159606 168920
164963 169077
182508 166731
178100 165001
172953 165907
168157 164705
167612 164378
163440 175540
159002 171967
153150 160582
166938 160783
161390 166444
162157 169976
180042 168842
167476 165226
177140 178534
173974 183834
178975 171510
166591 170572
160210 167146
169863 181020
164456 165022
182779 170431
177446 161312
165524 157811
161143 164474
166045 179000
167652 144768
180056 159509
159004 161814
173924 162503
160137 185095
172112 170190
170547 170855
160712 170032
165260 166994
164219 176633
155568 160080
185102 168561
155964 155965
167469 165593
161942 167305
164538 176616
