8790 2466.1
123838 53901
55831 119831
55831 119831
55872 117703
121431 53975
123488 53957
120620 54084
118563 54102
55933 114826
55931 116486
56020 111812
56010 112680
115019 54406
114198 54412
116979 54233
117726 54232
113522 54525
56122 109396
56149 108737
56602 103226
56341 105953
56052 111254
56079 110595
55874 117040
55872 117703
115683 54344
116271 54319
56601 103802
56340 106529
99517 56736
113979 54432
99098 56743
55958 114452
55961 114026
61977 83785
115238 54386
115683 54344
63066 81229
65114 76757
56282 107170
70631 69626
102241 56263
62797 81846
63724 79772
62743 82089
63125 80943
56980 100951
57612 97257
63783 79486
62001 83468
63302 80639
59653 89561
62607 82614
59774 89453
58483 93376
56339 106727
111538 54759
111952 54758
61745 84135
56097 109666
56027 111524
56156 108449
55940 114538
56223 107959
74090 66237
77975 63701
79057 62983
59575 89869
59652 89759
82907 61001
82985 60866
91002 58405
93124 57945
65701 75941
63631 80132
75442 65242
72635 67501
75403 65406
73717 66544
71457 68818
70801 69426
66978 73950
72321 68093
66253 75068
71496 68654
65023 77031
83714 60586
59379 90537
61402 85251
57588 97460
58179 94645
56086 110307
56278 107523
55999 113321
56090 109954
107642 55374
110701 54889
61412 84845
58031 95073
57440 97888
57805 96300
57132 100167
56003 112968
87010 59579
86568 59665
83400 60734
87682 59264
81367 61786
81883 61507
60224 88223
62138 83342
62248 83100
62282 82950
55918 116817
55931 116486
58396 93485
58244 94269
59967 88791
57964 95563
56825 101667
56741 102072
57498 97800
57414 98205
59574 90067
58089 94985
58608 92798
58923 91830
56439 104972
56408 105463
56759 101959
57432 98092
56676 102448
57349 98581
56421 105085
82047 61440
94890 57513
82178 61281
60618 87028
102084 56315
71320 68944
65839 75639
64058 79058
70544 69830
73537 66850
84507 60232
104259 55923
81784 61535
71906 68448
84263 60387
61075 85956
64722 77683
74641 65910
58839 92235
77101 64148
58615 92510
58734 92400
76995 64180
60503 87492
79336 62813
64462 78124
64728 77593
93248 57873
59258 90639
56079 110595
60956 86200
64173 78962
59974 88503
57653 97084
58005 95390
59784 89271
83301 60762
68101 72690
60754 86702
61153 85333
56550 104155
99939 56669
68495 72154
70018 70609
65284 76557
69428 71153
67800 72926
68322 72440
80638 62189
73848 66508
92760 58034
92448 58058
70115 70449
60482 87591
62974 81542
59901 89083
113255 54549
108853 55183
108452 55257
95327 57434
112035 54728
103422 56053
96565 57230
102647 56188
95728 57360
106707 55544
98624 56912
110277 54940
94032 57680
79951 62611
80450 62272
83792 60526
62732 82222
75946 64899
59246 90970
64189 78778
64455 78247
56288 107080
58329 93666
60818 86524
60504 87294
56609 102938
56826 101469
55933 114826
60619 86830
56090 109954
60290 87931
56347 105863
59968 88593
61470 84563
55999 113321
56086 110307
56020 111812
56010 112680
56348 105665
56608 103136
58924 91632
60291 87733
58090 94787
57281 99269
57738 96481
56149 108737
58609 92600
57499 97602
60819 86326
56003 112968
57347 98695
55992 113609
57065 100348
56600 104000
56674 102562
61141 85664
56241 107846
56174 108363
55979 113940
56045 111438
56115 109580
69877 70783
81225 61863
67017 73786
66561 74566
66391 74766
66841 74076
66116 75194
87781 59236
88124 59178
68569 72094
63058 81433
82118 61393
104815 55808
76185 64718
78966 63162
79467 62777
79188 62947
79584 62768
63501 80201
103048 56114
113361 54542
89785 58714
89343 58800
99060 56829
57275 99359
72360 67929
93342 57839
107203 55442
107859 55338
78328 63386
72190 68129
78607 63216
74789 65776
76753 64293
76054 64754
59446 90356
77855 63741
93627 57781
91861 58213
79305 62938
78597 63322
69840 70877
76235 64644
72885 67410
71746 68563
80359 62359
76743 64399
74779 65882
74340 66146
64631 77957
96185 57267
98710 56885
112240 54697
83942 60445
74369 66067
71775 68484
72914 67331
66485 74618
75681 65061
67874 72866
69502 71093
65251 76631
59510 90245
62808 81713
59062 91497
60104 88415
58930 91542
65564 76067
120970 54028
121212 53995
78986 63135
62474 82706
62413 82914
72180 68235
99734 56700
59167 91332
59068 91407
58740 92310
56506 104482
80802 62122
81668 61626
78318 63492
55892 116954
63718 79862
80549 62244
80302 62406
62652 82298
64847 77321
92905 57965
91916 58168
93682 57736
107422 55422
100135 56626
105034 55788
109302 55103
59909 88879
56767 101755
56354 105575
56615 102848
58524 93203
57006 100634
60284 88021
57288 98981
60230 88133
67267 73642
60625 86740
66122 75104
65120 76667
60825 86236
64195 78688
61476 84473
64853 77231
69170 71441
67970 72726
65570 75977
63131 80853
63789 79396
71326 68854
69598 70953
66847 73986
75272 65442
65845 75549
75815 64935
103960 55961
101397 56417
105977 55637
105251 55752
76464 64548
74500 66031
76474 64463
73045 67295
74510 65946
109758 55026
95108 57454
75809 65025
57737 96679
70109 70539
60112 88368
81504 61693
92667 58038
61812 84009
66035 75308
72596 67665
62644 82447
76044 64860
75645 65135
90783 58425
106108 55601
120751 54048
92047 58132
83149 60799
59247 90772
57659 96994
58023 95277
59182 91148
56500 104572
58262 94156
56480 104799
57673 96857
103096 56110
105178 55777
100940 56510
117887 54215
105707 55675
94977 57490
112637 54659
99648 56727
97608 57041
100560 56547
106544 55545
110918 54853
106327 55581
57744 96391
57071 100258
58335 93576
69164 71531
68923 71860
70526 69854
57373 98378
84638 60196
84864 60173
68665 71954
86218 59721
85747 59860
67295 73633
106945 55471
60812 86614
59516 90155
59193 91015
58270 93952
58550 92886
75266 65532
78738 63180
57938 95880
60510 87204
102428 56208
94214 57626
98841 56849
63959 79196
66310 74880
66760 74190
71221 69082
65740 75777
67964 72816
69340 71241
69592 71043
68234 72528
67712 73014
68645 72013
70287 70271
110194 54970
58859 92008
73104 67188
111538 54759
100322 56620
89678 58751
89017 58857
100776 56539
117943 54196
96402 57231
107423 55394
89236 58837
120970 54028
101602 56386
89474 58764
93813 57700
107022 55468
118563 54102
97447 57058
102829 56134
95966 57287
94270 57607
111319 54779
91240 58332
98065 56948
116621 54263
109625 55060
123838 53901
97228 57078
94671 57533
116760 54253
115037 54394
98897 56830
97827 57021
121212 53995
92266 58112
92504 58039
116402 54283
95565 57361
98284 56928
101821 56366
97664 57022
118344 54122
123619 53921
105521 55714
121431 53975
110595 54896
91459 58312
104928 55795
114198 54412
86806 59592
103690 55999
102428 56208
113979 54432
106327 55581
86349 59685
92946 57953
96990 57151
60302 87600
68200 72641
92266 58112
97097 57114
102698 56170
97934 56984
94083 57662
112459 54677
99883 56688
100996 56491
108008 55326
112222 54720
101145 56479
110464 54932
64700 77891
72465 67701
56832 101379
56915 101327
58096 94697
57505 97512
78069 63564
87912 59200
63455 80389
56181 108179
88867 58938
85122 60073
84413 60306
83923 60490
90633 58506
85141 60028
88886 58893
84357 60313
87532 59345
83550 60653
58203 94442
57004 100748
56921 101237
56700 102245
81635 61657
82364 61254
83116 60830
82743 61068
83550 60653
80769 62153
82776 61037
77613 63854
81213 61928
79721 62675
79715 62732
77321 64003
81488 61768
61679 84281
61607 84437
65395 76239
65388 76458
56181 108179
71051 69282
67148 73750
70932 69390
88383 59061
88415 59032
85714 59906
87248 59506
87403 59434
64832 77472
61846 83821
62474 82706
62935 81711
108984 55147
105603 55698
110026 54986
63400 80515
109440 55070
103885 55984
82612 61104
77340 63967
71182 69246
63262 80817
61403 85053
75162 65627
112676 54641
77482 63890
77471 63931
72408 67897
73442 66972
87403 59434
87532 59345
116979 54233
86068 59802
58203 94442
56939 101124
56700 102245
56480 104799
59901 89083
57265 99747
57273 99543
63064 81343
57944 95790
56413 105289
73996 66374
56052 111254
61679 84281
60995 86088
69091 71608
88252 59097
73235 67152
73334 67040
69085 71663
70197 70321
64064 78968
69009 71736
82332 61262
84128 60418
80121 62572
62941 81621
85272 59992
90312 58564
88546 58996
85462 59970
88736 58974
85878 59824
90502 58542
57206 100033
57879 96166
96346 57250
67369 73500
101266 56453
105820 55662
103772 55997
80103 62583
56594 104090
56289 106882
80918 62031
82496 61195
115238 54386
66736 74304
71211 69220
67704 73066
73678 66708
66015 75349
69332 71293
65976 75513
63920 79360
63959 79196
70487 70018
65023 77031
64984 77195
65740 75777
66292 74904
70762 69590
107164 55451
100429 56583
57933 96018
57879 96166
65388 76458
56340 106529
58543 93174
57282 99071
58544 92976
61403 85053
61469 84761
56549 104353
57064 100546
56601 103802
58328 93864
61142 85466
56289 106882
101602 56386
59173 91242
57373 98378
75209 65620
56248 107689
56278 107523
61135 85754
108315 55261
112459 54677
59781 89275
103553 56017
96827 57152
55986 113756
56122 109396
113077 54567
98440 56923
109039 55144
103265 56078
104684 55844
70293 70181
70356 70054
100779 56527
64565 78036
100159 56621
96672 57193
84864 60173
84991 60109
76333 64584
82496 61195
77203 64060
64396 78533
64326 78652
57273 99543
63671 80001
63466 80256
77619 63797
74920 65740
76884 64257
75031 65663
63672 79987
103265 56078
90050 58657
90181 58600
108064 55307
62248 83100
68895 71869
63400 80515
91703 58239
93469 57807
108260 55264
110081 54983
57342 98869
57260 99921
56669 102736
57265 99747
56413 105289
80171 62442
64396 78533
64440 78398
104527 55869
105902 55660
68469 72303
109171 55139
101953 56351
97447 57058
96215 57255
65526 76203
73334 67040
73442 66972
90652 58461
77203 64060
56549 104353
72766 67465
71627 68618
74221 66201
109439 55098
64440 78398
64832 77472
104091 55925
57260 99921
56669 102736
57342 98869
57206 100033
73055 67210
71965 68341
94540 57569
56248 107689
85583 59942
90502 58542
86675 59628
110482 54909
70008 70747
104390 55887
77750 63761
70932 69390
67542 73214
62138 83342
88736 58974
109189 55116
72766 67465
84638 60196
80918 62031
116271 54319
86349 59685
63920 79360
85878 59824
63262 80817
116402 54283
87912 59200
73678 66708
71051 69282
95966 57287
93813 57700
68796 71918
67673 73178
65976 75513
95835 57323
102829 56134
111319 54779
61846 83821
73547 66744
91240 58332
61284 85297
76605 64427
81049 61995
108583 55221
95509 57380
85584 59925
77724 63777
94671 57533
100559 56575
89916 58678
90181 58600
62413 82914
95107 57477
95434 57397
87248 59506
69729 70917
101982 56349
65395 76239
62007 83378
72096 68305
69301 71405
86791 59599
101396 56445
85272 59992
64984 77195
70356 70054
84991 60109
78459 63350
91109 58368
89017 58857
111188 54815
109895 55022
78200 63528
73235 67152
70487 70018
64326 78652
76884 64257
75573 65206
106814 55507
71965 68341
75031 65663
120620 54084
61607 84437
74221 66201
71627 68618
88546 58996
97228 57078
123619 53921
80171 62442
65526 76203
70762 69590
66572 74414
98065 56948
79852 62639
78069 63564
112946 54603
87117 59542
72578 67697
74920 65740
90312 58564
123488 53957
118344 54122
78738 63180
118213 54158
113077 54567
104091 55925
89459 58771
67148 73750
105384 55718
108716 55187
108583 55221
109659 55050
66572 74414
84128 60418
78459 63350
76605 64427
61077 85842
61284 85297
88252 59097
67369 73500
67465 73433
96827 57152
110918 54853
111081 54852
118106 54195
94433 57606
106544 55545
112839 54640
61812 84009
117726 54232
62649 82404
67542 73214
67525 73354
98440 56923
98284 56928
93469 57807
91703 58239
91576 58271
91459 58312
91576 58271
73996 66374
55992 113609
55986 113756
104684 55844
72096 68305
89916 58678
90050 58657
104390 55887
104527 55869
78200 63528
60995 86088
81088 61956
82612 61104
86069 59796
68469 72303
68396 72380
70008 70747
71221 69082
69729 70917
90783 58425
106108 55601
120751 54048
92047 58132
69009 71736
88124 59178
68226 72580
85462 59970
68796 71918
116760 54253
116621 54263
96672 57193
57064 100546
61123 85841
58865 91918
58328 93864
57679 96767
59252 90729
63460 80346
61142 85466
60297 87643
66397 74676
101201 56460
64565 78036
101821 56366
57933 96018
67673 73178
69301 71405
86185 59767
60561 87112
73920 66437
75573 65206
111081 54852
118213 54158
91109 58368
95835 57323
97883 57002
89236 58837
86660 59635
87117 59542
112946 54603
118106 54195
106814 55507
94433 57606
97046 57132
100378 56601
95378 57416
89693 58744
111188 54815
112839 54640
59428 90444
94540 57569
61469 84761
60561 87112
66742 74214
70197 70321
67525 73354
67465 73433
55918 116817
109895 55022
108716 55187
105384 55718
73920 66437
72455 67807
64700 77891
107746 55351
68396 72380
76333 64584
58011 95300
56939 101124
57946 95676
66703 74378
79852 62639
