3442 661
92632 54181
92632 54181
92558 54272
92558 54272
92196 54344
92046 54404
92046 54404
91972 54495
91114 54536
90979 54562
90979 54562
90979 54562
90088 54736
90088 54736
89658 54809
89658 54809
89652 54899
89652 54899
89222 54972
89222 54972
89222 54972
89222 54972
89222 54972
88973 55207
88890 55238
88543 55280
88543 55280
88543 55280
88454 55401
88454 55401
88199 55531
88199 55531
88199 55531
87953 55654
87763 55694
87763 55694
87689 55785
87689 55785
87520 55839
87520 55839
87446 55930
87084 56002
82767 56030
82844 56042
82844 56042
82767 56030
82767 56030
82767 56030
82537 56096
82115 56112
82115 56112
81883 56187
81461 56203
81325 56229
81065 56253
80643 56269
80643 56269
80643 56269
79853 56386
79853 56386
79759 56426
79337 56442
79337 56442
79337 56442
79337 56442
79337 56442
79090 56594
79090 56594
78577 56661
78577 56661
78577 56661
78577 56661
78265 56802
78265 56802
78265 56802
77777 56871
77777 56871
76961 56935
76961 56935
76961 56935
77418 57015
76961 56935
77017 57090
76894 57090
76894 57090
76201 57154
76201 57154
76201 57154
76201 57154
76201 57154
76201 57154
75954 57306
75765 57317
75765 57317
75765 57317
75201 57422
75201 57422
75201 57422
75693 57463
75201 57422
75129 57568
75129 57568
75129 57568
75058 57651
74939 57675
74939 57675
74939 57675
74143 57796
74143 57796
74143 57796
74143 57796
74143 57796
74143 57796
74143 57796
74143 57796
73583 58011
74143 57796
74143 57796
74143 57796
73600 58150
73939 58196
73939 58196
73647 58224
73647 58224
73600 58150
73576 58307
73576 58307
73509 58364
73379 58411
73195 58423
73195 58423
73195 58423
73189 58518
73189 58518
73195 58423
73193 58628
72885 58655
72885 58655
72885 58655
72629 58733
72629 58733
72401 58735
72401 58735
72401 58735
72401 58735
72205 58849
72205 58849
72205 58849
72121 58952
71641 58954
71641 58954
71641 58954
71641 58954
71641 58954
71641 58954
71580 59130
71580 59130
71580 59130
71580 59130
71580 59130
71371 59274
71371 59274
71371 59274
71371 59274
71371 59274
71310 59450
71310 59450
71119 59517
71119 59517
71119 59517
71119 59517
71011 59622
71011 59622
71011 59622
71011 59622
71011 59622
71011 59622
71011 59622
70759 59865
70759 59865
70759 59865
70759 59865
70759 59865
70759 59865
70759 59865
70759 59865
70759 59865
70759 59865
70759 59865
70759 59865
70759 59865
70759 59865
70759 59865
70759 59865
70759 59865
70741 60500
70741 60500
70703 60570
70388 60572
70388 60572
70388 60572
70388 60572
70388 60572
70388 60572
70114 60759
70114 60759
70114 60759
69991 60822
69991 60822
69991 60822
69991 60822
69793 60945
69793 60945
69793 60945
69717 61009
69793 60945
69793 60945
69793 60945
69793 60945
69770 61216
69562 61240
69562 61240
69449 61269
69449 61269
69449 61269
69449 61269
69449 61269
69449 61269
69449 61269
69449 61269
69430 61579
69127 61591
69127 61591
69127 61591
69011 61642
69011 61642
68907 61697
68907 61697
68901 61733
68836 61780
68836 61780
68608 61821
68608 61821
68608 61821
68492 61872
68492 61872
68421 61955
68261 61964
68261 61964
68261 61964
68157 62019
68157 62019
68157 62019
68086 62102
67841 62131
67841 62131
67841 62131
67742 62194
67742 62194
67742 62194
67671 62277
67671 62277
67671 62277
67671 62277
67625 62406
67435 62445
67435 62445
67143 62468
67143 62468
67143 62468
67143 62468
66953 62507
66953 62507
66953 62507
66953 62507
66953 62507
66909 62637
66624 62698
66624 62698
66624 62698
66624 62698
66434 62737
66434 62737
66434 62737
66083 62790
66083 62790
66083 62790
66083 62790
65893 62829
65893 62829
65893 62829
65893 62829
65893 62829
65849 62959
65849 62959
65564 63020
65564 63020
65564 63020
65564 63020
65374 63059
65374 63059
65374 63059
65374 63059
65374 63059
65330 63189
65330 63189
65330 63189
65165 63323
65165 63323
65165 63323
64975 63362
64975 63362
64975 63362
64931 63492
64975 63362
64931 63492
64931 63492
64646 63553
64646 63553
64646 63553
64646 63553
64456 63592
64456 63592
64456 63592
64456 63592
64456 63592
64412 63722
64412 63722
64412 63722
64412 63722
64175 63885
64175 63885
64175 63885
64175 63885
64175 63885
64175 63885
64131 64015
64131 64015
64131 64015
63954 64163
63954 64163
63954 64163
63944 64180
63944 64180
63944 64180
63944 64180
63944 64180
63924 64406
63924 64406
63924 64406
63827 64520
63827 64520
63827 64520
63827 64520
63783 64650
63783 64650
63783 64650
63783 64650
63606 64798
63606 64798
63493 64827
63493 64827
63483 64844
63483 64844
63483 64844
63483 64844
63483 64844
63483 64844
63483 64844
63483 64844
63483 64844
63483 64844
63483 64844
63483 64844
63426 65401
63416 65418
63361 65448
63361 65448
62890 65531
62890 65531
62890 65531
62890 65531
62890 65531
62890 65531
62890 65531
62700 65570
62700 65570
62700 65570
62690 65587
62690 65587
62690 65587
62690 65587
62371 65761
62371 65761
62371 65761
62371 65761
62371 65761
62181 65800
62181 65800
62181 65800
62171 65817
62171 65817
62171 65817
62171 65817
61897 66021
61897 66021
61897 66021
61897 66021
61784 66050
61784 66050
61774 66067
61774 66067
61774 66067
61774 66067
61774 66067
61774 66067
61588 66340
61588 66340
61588 66340
61475 66369
61475 66369
61465 66386
61465 66386
61465 66386
61465 66386
61465 66386
61122 65469
61132 66638
61132 66638
61122 65469
61132 66638
61122 66655
61122 66655
61096 66728
61016 66765
60889 66768
60889 66768
60889 66768
60734 66783
60734 66783
60699 66807
60544 66822
60544 66822
60544 66822
60544 66822
60346 66888
60346 66888
60346 66888
60219 66891
60219 66891
60219 66891
60156 66927
60029 66930
60029 66930
60029 66930
59758 66994
59758 66994
59758 66994
59758 66994
59758 66994
59758 66994
59734 67051
59568 67033
59585 67074
59568 67033
59544 67090
59486 67154
59346 67156
59346 67156
59346 67156
59219 67159
59219 67159
59219 67159
59156 67195
59029 67198
59029 67198
59029 67198
58983 67275
58856 67278
58856 67278
58856 67278
58846 67295
58772 67345
58772 67345
58709 67381
58582 67384
58582 67384
58582 67384
58510 67428
58510 67428
58450 67479
58450 67479
58337 67508
58337 67508
58337 67508
58253 67575
58253 67575
58176 67585
58176 67585
58063 67614
58063 67614
58063 67614
58063 67614
58063 67614
58063 67614
58063 67614
58019 67857
57906 67886
57906 67886
57906 67886
57815 67931
57815 67931
57805 67948
57805 67948
57805 67948
57805 67948
57607 68177
57607 68177
57607 68177
57607 68177
57607 68177
57516 68222
57516 68222
57516 68222
57516 68222
57405 68365
57405 68365
57278 68368
57278 68368
57278 68368
57215 68404
57215 68404
57088 68407
57088 68407
57088 68407
56997 68452
56997 68452
56997 68452
56997 68452
56997 68452
56857 68658
56857 68658
56857 68658
56857 68658
56766 68703
56766 68703
56754 68714
56663 68759
56663 68759
56653 68776
56653 68776
56653 68776
56653 68776
56626 68953
56545 68981
56535 68998
56422 69027
56422 69027
56422 69027
56422 69027
56422 69027
56422 69027
56422 69027
56392 69296
56392 69296
56392 69296
56392 69296
56392 69296
56392 69296
56392 69296
56392 69296
56392 69296
56392 69296
56392 69296
56392 69296
56299 70033
56299 70033
56289 70050
56194 70074
56194 70074
56194 70074
56138 70110
56025 70139
56025 70139
56025 70139
56015 70156
56015 70156
55975 70274
55965 70291
55965 70291
55965 70291
55965 70291
55906 70535
55906 70535
55896 70601
55886 70618
55622 70707
55622 70707
55622 70707
55622 70707
55622 70707
55622 70707
55612 70724
55612 70724
55572 70842
55562 70859
55562 70859
55562 70859
55562 70859
55542 71111
55532 71128
55532 71128
55532 71128
55424 71333
55424 71333
55414 71350
55311 71362
55311 71362
55301 71379
55301 71379
55301 71379
55301 71379
55301 71379
55301 71379
55301 71379
55187 71862
55187 71862
55187 71862
55148 71896
55148 71896
55148 71896
55088 72097
55088 72097
55078 72114
54917 72191
54917 72191
54917 72191
54917 72191
54814 72203
54814 72203
54804 72220
54804 72220
54804 72220
54804 72220
54804 72220
54804 72220
54804 72220
54690 72703
54690 72703
54680 72720
54580 72747
54580 72747
54580 72747
54496 72814
54496 72814
54433 72850
54433 72850
54306 72853
54306 72853
54306 72853
54296 72870
54296 72870
54296 72870
54236 73057
54226 73074
54226 73074
54226 73074
54206 73326
54196 73343
54093 73382
54093 73382
54093 73382
54030 73418
53903 73421
53903 73421
53903 73421
53893 73438
53893 73438
53893 73438
53833 73625
53823 73642
53823 73642
53823 73642
53803 73894
53793 73911
53793 73911
53793 73911
53793 73911
53793 73911
53753 74322
53626 74325
53626 74325
53626 74325
53616 74342
53532 74431
53532 74431
53532 74431
53532 74431
53505 74618
53452 74637
53325 74640
53325 74640
53325 74640
53315 74657
53315 74657
53315 74657
53295 74909
53285 74926
53285 74926
53285 74926
53250 75214
53250 75214
53115 75374
53115 75374
53115 75374
53115 75374
53081 75439
53071 75456
53048 75544
53038 75561
53038 75561
53018 75813
53008 75830
53008 75830
52973 75978
52963 75995
52871 76173
52871 76173
52871 76173
52701 76196
52701 76196
52701 76196
52701 76196
52639 76239
52639 76239
52639 76239
52606 76344
52606 76344
52606 76344
52576 76613
52576 76613
52101 76745
52101 76745
52101 76745
52101 76745
52228 76742
52228 76742
52228 76742
52228 76742
52101 76745
52101 76745
52101 76745
52101 76745
52101 76745
52101 76745
52101 76745
52101 76745
51977 77245
51977 77245
51977 77245
51850 77248
51840 77265
51840 77265
51840 77265
51840 77265
51840 77265
51840 77265
51840 77265
51840 77265
51749 78007
51749 78007
51739 78024
51739 78024
51739 78024
51739 78024
51739 78024
51739 78024
51625 78774
51625 78774
51625 78774
51625 78774
51472 78911
51472 78911
51472 78911
51472 78911
51462 78928
51432 79050
51417 79093
51417 79093
51417 79093
51417 79093
51417 79093
51331 79809
51331 79809
51321 79826
51150 79980
51150 79980
51150 79980
51150 79980
51150 79980
51140 79997
51140 79997
51137 80407
51137 80407
51137 80407
51084 80922
51084 80922
51084 80922
50873 81161
50873 81161
50873 81161
50873 81161
50873 81161
50863 81178
50863 81178
50863 81178
50860 81588
50860 81588
50860 81588
50817 82086
50807 82103
50807 82103
50804 82513
50804 82513
50707 82870
50707 82870
50697 82887
50533 82916
50533 82916
50533 82916
50533 82916
50523 82933
50523 82933
50523 82933
50523 82933
50477 83841
50477 83841
50467 83858
50467 83858
50467 83858
50427 84673
50427 84673
50359 84891
50359 84891
50324 84905
50262 84948
50262 84948
50143 85110
50143 85110
50143 85110
50081 85153
50081 85153
50060 85326
49941 85488
49941 85488
49941 85488
49879 85531
49879 85531
49844 85545
49782 85588
49772 85605
49730 85640
49730 85640
49642 85923
49642 85923
49580 85966
49570 85983
49528 86018
49493 86032
49431 86075
49431 86075
49401 86344
49291 86410
49291 86410
49291 86410
49229 86453
49219 86470
49219 86470
49187 86874
49154 86979
49154 86979
49047 87209
49047 87209
48985 87252
48985 87252
48952 87357
48942 87374
48886 87598
48853 87703
48628 87751
48628 87751
48628 87751
48628 87751
48628 87751
48628 87751
48566 87794
48566 87794
48527 88026
48426 88129
48426 88129
48426 88129
48364 88172
48364 88172
48325 88404
48241 88476
48241 88476
48179 88519
48179 88519
48140 88751
48039 88854
48039 88854
48039 88854
47977 88897
47977 88897
47938 89129
47887 89364
47825 89407
47825 89407
47786 89639
47786 89639
47780 90056
47746 90217
47684 90260
47658 90297
47585 90394
47585 90394
47552 90471
47460 90760
47460 90760
47427 90865
47423 91002
47347 91038
47347 91038
47308 91270
47275 91375
47246 91585
47213 91690
47185 92020
47167 92123
47112 92567
47091 92597
47015 92633
47015 92633
46982 92738
46953 92948
46899 93095
46851 93165
46789 93208
46789 93208
46761 93538
46699 93675
46637 93718
46637 93718
46607 93964
46545 94007
46512 94112
46436 94392
46436 94392
46393 94517
46360 94622
46284 94902
46284 94902
46268 95155
46192 95191
46159 95296
46131 95626
46040 95701
46040 95701
46007 95806
45890 96065
45890 96065
45890 96065
45868 97322
45775 97777
45775 97777
45716 97880
45716 97880
45677 98112
45579 98360
45579 98360
45520 98463
45481 98695
45450 99133
45335 99159
45335 99159
45276 99262
45276 99262
45204 99599
45173 100037
45147 100470
45088 100573
45055 100678
45024 101116
44944 101382
44911 101487
44900 107186
44836 107729
44776 120581
44740 120936
44691 122575
