18961 1321.03
120103 152401
162489 121459
129741 139224
125495 147788
152541 124951
146819 127267
139861 129902
137088 130900
149588 125794
135373 134528
128875 145189
128321 146861
132374 139051
135895 134133
135248 137443
129400 144397
138277 130791
149440 127066
129367 144944
135210 138970
119175 160725
169221 120949
146870 128040
122882 152685
151907 126014
136270 135296
144419 130507
125825 148727
141302 132544
138592 133637
155656 125764
130317 143760
131773 141885
133036 140169
127054 147800
129752 145299
135337 138293
163411 125353
165321 124897
134517 139234
138098 134455
133713 139822
131563 142896
128860 147334
129150 147215
126992 148415
134327 139764
166606 122826
121165 155536
138299 134704
157259 133978
133842 140650
132331 142120
135496 139522
136272 139145
137507 137585
132062 142951
131185 144076
131404 143807
137340 138109
138158 136398
165505 125295
130949 144956
177239 158914
157932 161756
160392 150173
161038 153759
165038 155598
171710 167930
178179 166075
170053 153785
175242 170255
165652 170824
157581 159941
170655 155489
187068 155440
163328 160462
181488 160044
160947 163158
162704 164536
162140 160650
166577 165215
160660 169519
165392 163990
177489 153138
165512 156292
166826 149610
166927 164110
161108 171561
175611 149947
155017 171614
167491 169577
164348 164190
158914 163247
159845 164618
170749 149924
172459 162146
186659 153752
174605 156593
168671 157850
173292 162417
171050 164530
177102 157169
168970 156829
179215 169922
169203 176976
156187 163622
172751 166492
173692 158139
176975 155859
179449 159316
168816 163660
162522 157665
174853 159906
159357 173365
169174 162685
166916 152654
158406 159957
172845 169546
168405 171487
149815 166156
162230 156125
172579 166242
172992 166387
168912 159425
166313 171690
163332 166623
170408 174406
177557 164585
169122 162408
170208 156344
183767 167858
160173 159655
168152 171159
167128 169399
158260 166035
161126 173137
171386 169286
154840 158704
175135 159417
168344 167891
180866 168814
166278 155578
169514 170649
167103 154143
172418 182302
176560 164049
165901 147753
166800 168189
165399 166313
156291 158101
152814 163037
164497 174163
160300 163198
163977 151536
170975 160297
167052 160200
175802 168383
160868 153220
168271 163971
169646 169302
166926 155278
165585 162067
165472 157855
167574 159993
153871 170886
160341 178183
158009 158316
161909 165841
168411 156564
160589 154447
164520 159993
172790 148494
162143 157547
155988 158869
161855 162928
159889 163477
168317 152712
182390 163438
157783 157727
161676 160607
169070 156503
154996 157371
172297 164476
167461 159797
161067 160213
166786 167699
169253 160688
165124 171793
166133 166394
163013 149198
159039 173778
157557 149831
170289 162403
180995 173251
167016 172842
168637 162112
180770 156796
182825 167912
174550 168289
178264 160662
173718 160462
173579 168002
160296 159572
166200 154846
153608 164794
174661 165992
164662 165597
169376 175038
167775 160230
167385 171496
185678 162384
168340 160634
169201 158819
157718 159907
168964 169365
176686 163040
159776 161464
174213 166513
166852 165786
177248 159717
165570 167058
157008 160586
162449 159275
161195 173186
173128 165381
162373 175389
160350 158366
173113 162777
166244 169021
179283 165727
158696 172649
173280 151884
177965 166041
176793 177885
171536 166573
166329 163159
174030 155283
179461 160305
165779 146319
160505 160542
189878 152769
170639 173922
180756 160932
161956 159027
177158 163477
163334 156291
164663 156463
180119 163992
173853 165435
170166 163361
160575 163358
165466 175830
175066 165323
185725 168504
160745 163847
171469 149015
163905 163196
159689 165043
177394 165169
179474 176151
164767 148714
173197 161263
174660 153184
172036 155646
181767 160046
167053 153974
178288 158033
158089 163881
168616 164969
172338 157333
173954 162719
167130 168319
164712 168931
167958 159913
174176 162362
151165 153448
167932 164289
177806 163387
167746 160923
159775 159223
177545 165465
162960 170570
171533 161484
177855 154437
163180 170350
161590 163556
171469 176663
168350 150168
165078 160972
175346 169364
174309 159594
170393 169028
161946 163389
172434 153425
157220 164264
177226 168913
167318 156096
151852 171801
167046 161989
167662 162485
163407 152592
167562 158564
165238 167603
168917 155940
182790 173121
168670 168011
174555 156919
175277 172153
174080 165119
160127 172083
168858 169281
162628 181086
169885 146471
166562 182898
164092 158659
167935 181928
173902 163249
174496 154529
167797 165725
168779 162713
170196 163646
167611 168572
173707 165603
165072 168510
158287 166604
172136 175853
175758 170681
161415 156598
176264 159786
180079 157291
166131 164600
156957 175362
166676 181159
174074 169528
188025 156373
158146 177756
167133 166692
156841 162544
181137 165435
174511 162467
169006 166986
185312 169863
169993 144932
162653 176222
161209 161957
164191 165904
180641 158180
179345 150489
168837 165880
173017 173920
163268 159571
171185 153103
177553 163804
169714 164498
159506 164446
176883 152123
158155 171178
182003 162968
166448 162500
175057 164425
164807 161405
172695 164919
163111 148923
148932 142500
164843 163481
177623 152740
158151 159086
177987 177039
169961 164122
167724 172443
164684 188680
173222 162752
173639 165524
174121 151589
178358 156334
169547 172666
182158 153185
157210 160587
179827 163981
177885 165740
165259 154018
162348 158997
158278 165767
161322 156588
193250 163091
176636 174734
176651 167136
174209 164299
171496 169296
167911 157602
172613 171861
177177 169218
172593 169371
168162 165109
166172 161599
182093 169217
174857 152938
165635 166429
172325 171622
171323 168271
154865 157578
166663 163583
163113 171260
164972 160979
160882 163561
166753 162068
168700 161906
177501 161451
175057 161187
174555 157237
182227 145790
156199 150078
168408 164033
164646 165694
163756 160697
180671 157800
169784 171921
178981 174175
164875 172966
165595 150804
183841 172498
153983 170974
171181 161253
177751 168139
167570 161816
180789 167370
170651 164820
163257 162287
181416 158699
174439 164721
178112 164481
165515 161277
187279 150054
167604 161317
152349 155627
175418 167855
163160 170156
163422 173174
168906 157021
171709 158005
169204 158224
178596 156757
162018 167277
146144 164251
155157 162766
166988 174729
173116 166949
176834 172958
171988 167433
177371 163564
171297 167101
167771 164816
163168 164588
167280 163737
170674 164788
160816 149894
161606 175115
165938 155860
161550 176949
173711 161576
173593 160026
163840 168356
159428 159594
167761 152098
157587 154791
166073 147497
160152 174091
169277 147796
176611 160746
183391 163289
172199 153574
170381 162643
173982 168222
165818 175365
181061 169778
168235 161067
166080 146538
170243 154447
186339 167066
174360 141734
157435 144891
156749 174362
169207 148357
172241 144689
164747 165252
171770 170842
169813 145951
175688 184308
166824 150653
165926 150331
183749 157729
154093 170540
175245 159823
174321 161019
159402 157878
158837 164532
172627 153418
163163 160146
183308 163118
163606 151739
159280 175990
173589 155646
165343 158640
163915 163551
163928 143717
161653 171887
169912 160754
173868 147944
160425 167746
162391 159699
161414 156762
168861 166940
174919 166142
165182 167615
160568 160028
175274 172139
168088 151794
156901 160853
166708 153142
164860 153677
169846 153213
167302 153298
186980 161338
166459 151318
176997 166238
164454 153379
153816 151680
164738 162312
170490 171793
171066 145616
161585 172366
176964 164495
159867 167964
151750 168340
150682 160783
165160 166418
158181 156363
180584 152472
167482 162349
154056 153712
170140 165429
171981 149324
177893 155443
169975 162723
166342 158799
164407 172513
173152 156284
167950 160150
158686 166838
154496 153423
169580 172267
185152 158087
173936 170258
147256 168121
167133 157433
169474 157754
178013 154736
167004 169801
165339 161607
177594 164710
162061 165636
164825 159243
160219 173921
158797 163399
155891 175030
156645 159488
175320 166285
167709 157088
151847 169594
168281 155506
167290 168831
166031 164413
169393 163184
175242 159161
159086 173196
166643 162722
170155 164326
167758 158125
156317 163311
174703 166235
171646 169093
161178 146201
175927 155859
173268 168049
169379 175256
161352 150096
161690 170323
158637 177052
174952 163944
172105 166635
170542 167706
171469 153309
159268 164204
165366 168125
173951 150886
170123 157182
174423 159154
160187 153410
167047 172567
168358 161616
170328 179283
164275 153439
166055 170818
162981 160708
182056 151992
168643 172941
166475 161692
157703 162199
171322 165592
168204 159458
166142 155360
172901 148068
161568 182974
179558 167614
164416 175138
164516 165080
179042 156581
148463 160496
185820 172215
168613 150134
158516 160271
166886 161850
165096 181899
179550 164688
168231 158628
157871 158520
170169 172896
161799 175467
176281 159935
165524 165750
170596 162039
179945 173935
178580 164453
165911 152597
152775 147094
171013 155780
166958 153256
172086 171380
174041 165272
161755 169650
165744 161253
173352 156520
147092 167662
175635 143018
170025 179036
173619 160974
168513 163243
158328 168438
167066 159624
164781 185349
168904 152318
170957 154770
171383 157513
155790 162496
171081 164161
168900 159565
162159 173780
167619 153013
168215 159800
177118 164438
176901 156979
160469 169875
162315 160729
164744 169397
171932 170823
156819 148771
167164 164699
162147 176093
178810 148653
161102 161720
178946 174166
177416 162104
174910 161134
171978 159984
160230 175589
163408 165527
168844 166201
167529 159117
165301 167387
171736 171405
169590 160080
176640 162962
171373 153339
190800 172113
184141 162325
164902 162615
164534 175281
173266 159099
177519 155743
160513 170106
163872 163837
172823 166414
163482 167588
163666 171578
166466 150432
160408 158370
156389 164842
170668 155803
177517 150031
169065 158150
171967 156735
163110 175864
191428 159186
165364 158395
169444 167320
161630 172313
177207 155565
177981 164739
173021 165630
165630 163687
184999 154255
168916 176100
176777 165247
158598 166953
158433 152995
165799 161846
163808 170218
161039 169934
168701 162522
160405 155651
162270 161638
167106 164075
160263 167285
179364 169146
161024 154329
170405 156233
158750 168908
172498 166399
185803 159975
169749 158017
181159 153924
176652 181329
169015 158478
157568 161796
168716 158075
187254 158790
165827 168345
176235 157350
160291 169896
154489 162214
179892 164966
165489 166177
178805 161769
153346 163842
174059 165770
163491 159385
167095 152320
162435 161027
158516 155404
175024 171024
159642 164594
150871 164342
171346 147532
166110 163627
159543 163865
168605 168024
167332 153388
172626 160288
173787 161254
162123 157461
160040 162644
167917 160380
173261 159437
164652 168050
159822 176797
164584 169296
163718 152145
179179 160519
175771 169519
169932 174788
152897 150884
170151 165241
162571 152207
167573 156533
169878 166454
183826 164922
158438 168058
152577 163925
176261 163666
164048 152971
167275 151168
169697 168439
177803 154639
185264 161064
179352 151448
159321 156599
174185 163345
184710 167411
159821 167530
160458 162312
165954 169499
159372 160558
174078 150346
158015 176055
171551 166271
167094 158941
154607 162666
166215 164496
175227 179150
161697 168806
169620 170221
160886 170700
168954 162074
160155 157627
176404 165210
165231 163663
161165 163328
152768 169317
167947 180682
171145 156434
176108 158705
174086 144743
167351 167000
165341 163303
160533 171067
149093 160271
159147 178927
171185 160667
168412 165019
169424 171090
166649 159004
169545 165911
169379 163661
178312 177504
168451 155570
169174 173932
167920 169536
160582 156836
180853 169403
167298 154504
177556 167605
177081 161829
161675 172028
167254 157025
164740 172851
156541 148052
170268 161966
172149 164817
164188 169196
163832 157640
166008 166671
163893 167226
175936 157338
180681 175750
161826 172089
182244 154814
173371 176522
177618 161365
162504 163760
171012 160880
169928 162845
162176 160156
160531 169035
171643 157622
158973 142767
175583 155858
147076 173842
163709 158973
157636 163137
167096 169122
169530 167704
181596 167414
148260 176368
177254 162966
171736 151869
173506 160741
167159 165765
160751 173122
160601 165819
169193 152026
145843 161929
158898 157701
163681 158518
153671 155966
170820 174177
172083 159042
156584 145480
169191 164110
163955 155142
175812 158498
166650 167328
166691 160210
171812 153479
159947 160141
176108 166197
177233 164494
181649 162186
157534 175856
175213 179577
167952 154163
168951 149870
168398 161260
158998 151424
177577 171095
171751 151737
176009 173363
170627 157970
169444 171399
158536 160293
162105 162823
155824 161603
182200 167886
164971 174085
167546 158297
183381 161848
172211 167934
175570 153953
166435 162311
174454 157287
171102 161896
157163 175717
163643 165964
167701 154444
173945 170982
174912 165374
172559 162027
158269 169292
168995 164218
170476 157048
165699 160024
165159 162519
163556 167160
176219 168047
164304 156073
153743 159492
154202 156460
163295 171836
171592 170952
166538 167117
171942 162392
173537 156311
169989 167919
160266 159666
171519 172404
172591 171289
168988 160232
173792 169039
176290 165580
173973 164309
170426 164380
176354 172124
165693 167737
149931 179474
169109 158243
167777 163878
157224 169552
178723 154488
159672 172416
182336 151649
177857 156347
172122 158969
185273 161515
174804 165438
179314 152168
173764 159226
176788 154529
175867 162852
181118 152076
172140 169122
171558 176614
159493 160541
172628 169765
155088 157650
168999 164884
155663 149990
163684 166074
178404 166845
159247 157244
175271 163542
159536 157445
171111 158020
155831 152643
177594 162417
162934 171351
171607 157141
172166 172620
172272 169138
170406 145920
178787 163563
172121 156404
168362 156667
175449 159441
173673 148632
153170 159479
184885 161064
154468 171337
169584 174302
170022 144291
166777 170443
171639 145560
170181 153643
176454 156533
174920 159435
181918 164488
173024 160624
160695 136796
169602 175045
161964 154109
175203 164525
