22467 1561.02
129859 138505
147166 128118
126526 148517
136303 135861
128583 144008
142644 133049
141007 134501
145732 131391
125526 152709
136211 137481
146876 131140
123050 153608
156140 126096
152534 128512
141213 134558
163856 126976
133614 142285
138884 135968
132197 144800
125429 158531
157838 128097
127150 156693
150456 130718
145098 133886
129154 150827
135515 141408
129561 147643
137769 140238
129821 147396
125252 168595
138226 137819
128996 154408
131616 146872
151359 130504
125399 160577
126864 157811
147480 133178
136669 141255
147753 132738
138393 137403
148173 132637
138567 137346
148015 132662
138846 137321
124264 171472
168131 126787
160773 128516
139251 136863
134136 146020
148675 133032
155153 132507
136316 141892
138676 139063
137297 141327
159236 132246
135402 145118
136060 143260
135717 143870
135615 144233
138549 140752
150276 133018
132067 152562
167402 127685
181935 167912
173474 181703
167054 184131
181785 186627
155169 163571
161410 171757
158206 170765
160817 179300
169364 157671
173707 167809
161987 168316
156851 177522
174521 183588
170489 169787
164064 161210
165117 181649
185548 171414
167978 174562
174521 156134
179081 177993
173419 171878
170969 157682
168408 171765
178415 174799
171914 167081
170925 176258
164546 169728
160342 156772
156887 176336
172949 175439
177691 163561
180181 169649
157949 168870
160616 172025
170913 160540
171752 178407
173285 168640
158914 154544
163129 169211
167699 168742
157835 179363
172632 160589
163228 164341
173628 175947
158724 166249
162102 170769
171012 167186
180198 168917
170511 181739
168236 163733
163958 172931
181418 161288
184818 174855
164828 169835
162557 168486
172677 156402
158497 177196
173411 165452
168211 173888
167174 179227
170628 166523
167857 178792
154410 172544
173505 186076
149786 165789
184391 174980
167345 161084
176954 172022
171150 150434
166054 155398
170921 166722
172910 183897
165051 178266
156716 159149
160199 166867
179848 173665
169860 179012
173849 166265
158770 177328
176492 154821
160828 167783
173309 179659
169663 161573
160924 170558
163508 159305
175904 155746
169983 171682
175488 174192
165893 174312
174749 179591
155433 177089
157824 171286
149456 164780
177605 167748
174470 174852
166551 178502
167206 168008
162696 167365
171885 162788
172305 163667
157060 179361
164730 172194
181144 161270
182089 182082
183189 179970
173753 186654
170897 170958
155744 174427
171402 161230
165889 163563
177132 179973
155751 161135
157424 173053
160828 169557
175753 162707
168809 170553
176339 161773
162178 167761
168727 168750
160181 162140
157747 156919
164392 164673
163747 178128
162083 164840
165691 175221
171244 179660
180434 156322
155550 172198
168937 154703
177726 170929
176452 176231
156544 166048
180072 162461
165041 165939
166879 154233
160949 170025
165211 170113
168548 173839
175567 165638
163984 162313
169869 177226
169992 167786
171973 166022
170320 180840
160738 165186
167642 170911
156883 161382
176517 175603
173294 158989
165041 171601
166196 168454
169195 168735
169439 161563
174308 173424
190774 170015
184493 161812
168749 176259
176336 182521
168436 163940
178260 166175
165723 166120
169749 185077
169570 164139
160468 160577
158932 178949
169255 181483
181525 184394
169457 178392
174499 155348
171818 170368
175676 175113
173229 167264
172009 172628
157908 154275
167485 158106
178974 163656
178854 185599
173587 176095
157689 172272
161137 172360
167077 165652
164847 168021
170148 168421
157448 171905
165742 167583
168349 159695
162576 180203
173739 162714
175855 170097
169813 165636
176875 174462
168862 175360
180817 174926
168337 185654
165960 167598
172895 184378
155749 171304
171292 170859
172660 162413
156693 168331
173571 186728
162981 165097
160113 165407
166987 179938
165944 173329
172102 171163
177445 178226
160180 170419
175047 174377
169612 159168
167089 183160
169153 167595
153275 170741
182227 165367
168992 168232
172865 174768
165380 171886
165590 151449
173802 171900
176073 182189
169040 172181
164652 161600
163293 172378
178209 159215
180288 176172
168573 149127
162537 154191
175515 177573
174427 175322
159248 170974
163488 160570
144253 166053
162562 168702
173989 173165
166079 184369
166978 178656
183642 169552
164580 170601
181717 168146
171524 180305
150629 170321
170735 168214
168284 162360
174659 176258
167109 172285
166498 166752
164538 192446
165658 165219
162695 165672
160003 172438
171078 164801
178713 166808
170777 156547
168637 166992
168501 174367
180145 177247
170050 159258
171357 171016
149903 166991
164400 166279
181767 175176
166612 159738
170112 187904
171919 167576
157964 173749
162711 174800
156915 177196
177365 158011
155534 170325
182742 170832
165594 169504
158796 162728
156919 177004
161856 170073
174183 169153
170383 174937
167731 175286
187171 178599
161210 177197
177681 174378
171243 168033
178731 157911
182723 168554
169713 175925
159212 162911
171070 172758
182494 165766
164739 154527
161793 174723
167380 163214
167367 180443
178062 172908
180246 175277
166584 169981
161940 162071
173002 167009
161271 175641
165925 169547
152568 179750
163940 159997
164503 165233
180782 159094
171826 177579
161533 178462
160201 166582
157661 160687
170809 168591
171333 168008
160350 175203
160827 183416
171422 180553
165191 164093
154332 162460
167079 168801
172356 159446
172721 162543
158255 148829
150510 168158
153588 158614
173422 162607
171651 163264
172189 171776
170983 158825
178659 158877
157412 170796
179517 178803
171639 185500
161732 164286
166266 171666
172026 158073
175682 177012
164776 185842
164614 176594
172075 182657
174682 155925
175156 159727
156803 169711
167097 160427
176883 150400
160110 163604
167847 172453
177471 160876
163906 167073
165241 161187
152043 161139
179821 161294
167763 158368
170250 168940
168854 163814
165625 177453
146833 169471
170008 147461
150816 171232
160676 172590
170934 170203
153596 162844
163391 167015
168460 167052
147029 177011
170942 158161
169848 178728
165169 165204
171585 164845
180720 175661
164626 179085
166950 165117
157202 171997
162567 165534
163222 164388
164956 159212
160030 178746
174839 172314
169785 167529
164775 165169
165316 177142
166936 172949
160996 173419
167693 159110
163571 179228
178443 159894
174420 181737
177099 165389
183630 161880
177493 186836
186529 167330
173374 170774
153275 178023
157212 164242
162699 171794
167803 180074
156554 181120
151578 177841
171351 172107
173825 167050
160236 174365
170471 177006
165356 157807
160199 161520
178088 178056
168971 168584
171601 180856
179424 172675
160113 183155
164800 163716
167015 168630
156129 193730
183281 167061
182768 155745
163416 171281
157252 172039
160941 178712
170310 177959
158369 172665
155182 171498
174685 168530
172190 190280
156470 172677
171916 174704
157204 166861
179333 169208
169072 174389
174474 169593
177040 184486
173714 145491
176174 174234
164433 171843
170414 172219
175571 163868
176500 170806
178596 158085
165920 165971
181987 163672
168131 165624
172929 160389
163470 172774
155815 165988
165545 178892
179550 169896
161156 162259
155931 168820
163890 164723
179658 171102
170538 172091
170315 169455
158088 162678
178888 163794
155352 171610
185130 173362
171077 180642
183457 170869
153287 145367
164969 162565
173252 182286
167140 174165
158596 169279
174944 166715
162018 161819
167939 176413
175585 168824
162405 163465
159825 169174
176104 180779
159916 175599
154575 159481
170646 174508
174907 176484
159394 165563
178091 177630
173211 166530
173489 171973
169151 174285
171610 181575
182041 170551
172037 160050
159886 171650
169327 173317
164868 165643
156748 177416
164655 145460
156449 160529
170854 181222
170379 156405
155364 172603
158774 174690
174371 167296
156330 170978
164136 180813
164971 176592
183356 187560
166467 163462
167938 170699
169942 156071
167229 168680
166131 175020
170369 170526
168686 171092
166224 173091
160069 151021
173313 171315
182178 157168
173543 167173
163304 153991
179700 169977
154694 165908
179136 155840
180423 170663
167078 176720
174097 188299
161750 166318
184639 162268
162714 170979
156416 160362
180329 163958
159782 177042
187018 166011
156967 170962
151676 178982
165129 173362
162924 160058
158073 162107
175682 162926
177132 189088
168567 155930
157493 169114
170062 167906
171892 179168
175893 173297
159242 170851
177470 175816
169246 172925
151789 158980
167167 158632
156344 172520
166305 179580
173969 173544
169235 159631
170403 177751
175527 174329
158618 171866
166500 168593
174925 179450
153286 175468
160025 171456
168861 171555
161619 169581
167744 158118
162199 179468
165433 164562
171670 163799
169177 174803
173848 171747
176773 169061
167422 159751
168221 160625
173367 149722
169451 164055
177486 162515
195757 175242
166058 175982
161234 162227
162845 161132
177703 164103
167204 171260
168599 168450
165096 182168
157599 149659
164521 161116
175871 167046
166651 176927
177785 163732
181006 161665
167284 171495
156532 165031
171801 176787
162950 171810
165876 166137
175023 167720
167722 147662
172084 163970
160781 170593
167890 184014
169725 171104
152063 164224
171704 155693
181612 194647
165268 175058
171927 154620
157620 165695
170158 165250
165264 167528
157418 160201
169328 190276
174959 173456
175133 172381
180094 165819
173180 164433
175227 170476
171219 157954
153959 163809
175907 175709
160715 162247
157524 159314
176208 173389
158607 175303
162388 186114
161178 161859
160607 178042
176459 163247
164707 175608
163328 155166
164174 159527
162187 171713
167430 169955
165471 173596
165159 161010
168490 155341
186734 167385
167651 173985
167747 166529
171662 170659
155230 177900
159053 172854
161112 178430
168105 174468
170562 169900
167739 158486
164147 169267
161003 166755
173619 166950
157096 162300
166301 172504
172586 177450
163830 178723
190332 182406
179138 172389
173865 183016
162002 185592
182863 179563
159200 173535
156851 180509
171626 180709
176836 163072
162773 177384
168210 160459
179711 170402
166008 162740
166391 172368
175232 173183
172647 167773
173845 173170
169616 170949
142225 155916
161636 165408
159686 181196
166920 170511
164693 167902
173385 163966
164887 158982
159347 169620
160585 147045
154978 181726
168617 172871
177905 174558
170850 173999
165171 174836
179173 172254
166302 161712
163361 176910
169181 163919
167933 163692
146246 180304
180653 161940
160448 179182
165179 189793
166488 165162
172406 175815
171714 168052
166741 179074
160685 171915
176882 180264
158776 171976
167157 157441
174902 169771
161854 170348
171484 171945
160129 182716
161798 176905
174467 170948
153546 163426
178273 175680
166462 166724
166435 172909
181785 171924
161453 173343
164241 165603
162147 172290
168440 167392
158586 170487
170645 169570
179921 161485
157461 171651
161767 168922
169343 171054
174361 165242
168874 150920
160796 164493
165468 174189
163451 168795
162846 175521
166327 158987
179126 162964
177458 160065
157848 167739
163949 170702
171955 154945
164650 154652
171388 170131
153774 178633
160196 171162
176342 153413
167607 181516
168673 184654
177413 163022
168074 165950
176079 172742
179081 163730
169119 173978
177934 166480
170072 173083
152597 163727
161897 170929
187842 173308
153562 179377
169193 174951
169178 180218
162523 155048
172007 167545
170544 164842
167366 160127
174656 168562
172467 164535
175157 171297
181644 173025
176243 173789
164355 149593
176364 155052
169209 170321
169450 180761
160853 162441
159517 162782
167590 162257
169327 154469
176004 176322
160389 165751
161061 165729
154643 159146
171080 173354
185723 170130
176843 171194
160317 160168
161529 167347
163355 166644
166695 176063
185605 181942
167820 157908
173844 162468
172396 170658
159896 154689
149410 169018
157444 166227
165841 171082
148384 151022
169500 173309
170720 173577
171126 183436
169708 175758
161197 160575
180936 151280
160997 163801
171433 167675
155544 171755
175249 168991
145158 169347
157671 162540
164296 170870
172795 160439
182712 177287
168234 167680
156684 164851
148875 162500
170685 180762
171280 162357
174085 171488
165589 189560
164036 163789
152234 166569
176990 176777
156194 160283
168175 160548
171008 149894
163551 171285
161353 173188
157843 174673
178854 180597
158927 156741
177803 165314
168146 172166
169651 171650
176974 165732
166910 168797
167669 170002
153549 167499
155420 172160
178331 163531
175627 176692
166926 166356
183401 163250
158074 157575
149129 177359
161210 178438
171035 173397
164857 151673
161852 162510
170263 170767
164847 172339
173770 162245
187869 177337
157342 168576
184255 163037
153331 183104
170494 179792
169942 165324
172185 159005
169967 161516
175733 185787
141065 158517
180552 182114
164396 170021
144785 176813
171554 164194
170295 158264
161712 172947
171577 168352
161117 167947
165481 157677
161219 169600
160053 155419
157677 173394
162528 169891
164788 167325
166380 155341
160667 177706
164910 172706
179989 159563
177702 159954
166430 170335
169902 160492
159567 173001
166452 172379
158334 163242
165539 173222
169685 162969
166331 172109
163364 177373
162694 163417
179246 176425
173040 171150
177524 162522
154261 174085
172777 154043
175484 185998
172202 174226
166580 169768
183343 171565
188449 157292
182506 173596
164498 154947
163985 168526
175499 194641
178386 172630
171112 169033
154981 161702
175550 162365
176276 165650
174553 174056
170040 167091
181341 172200
165950 177481
162244 168197
180953 181976
190283 165314
172422 168046
166337 171547
169341 187158
162436 171006
166406 183929
167275 173925
175077 160288
169223 159365
181671 178877
167788 168413
174086 163759
167406 173035
165395 165598
166655 176059
166959 178631
163652 169700
163703 155263
161567 172486
168054 177064
158044 153519
165353 157913
169947 183352
167056 178332
165550 170913
163589 156959
164174 171026
161924 163320
163692 159976
171270 143923
175505 173199
160504 158829
163678 162458
166656 167536
177652 161567
173690 182738
174024 157316
168187 171765
168744 166928
171556 172329
177600 175440
163361 160696
161683 171609
160323 154955
167701 162895
169344 173933
169231 168871
