10415 3006.71
112270 107977
93744 97440
84915 102738
97593 147691
96196 82756
98643 119780
86577 103314
105478 92487
82420 76027
114081 80808
115205 99812
134796 130255
113275 89096
93538 140842
104720 107933
155791 99950
107478 85752
84726 85377
107255 110431
92306 82377
126484 90552
138904 133719
132585 133559
93076 86369
107864 129595
108203 110904
92762 69655
81105 89265
91364 114606
90130 84139
116040 101041
106688 85789
104250 109773
122548 91273
127378 111204
140575 125956
113524 129751
118963 85927
97824 95339
105692 96960
112924 92295
110454 111300
104473 87566
107153 75804
112733 103701
120003 77499
89252 92932
125901 137987
91043 95916
105084 83980
146204 98565
96058 103624
104789 88926
104905 104661
85420 89768
121464 101495
121111 109557
120412 88725
122908 138342
103091 85920
100714 107854
125165 83192
117599 140681
113062 101072
99316 108362
113902 102167
89527 89961
95785 130083
105643 97536
118461 86447
87578 74580
139719 130196
94949 82507
106709 109469
137680 98381
100701 121833
106586 99047
111433 134677
92797 81627
81238 96619
107662 106984
90348 75888
102614 115027
91225 90183
112653 95362
97673 113641
93213 87185
101688 97468
137842 137454
97190 91640
107330 89573
102807 109954
108492 93621
141121 103163
92944 94993
96689 90045
120001 90493
90815 95235
127665 148896
104879 98011
85260 72615
95988 107712
76070 107005
103806 80108
89315 98438
96682 107036
108816 120177
121623 118213
106292 88367
135484 131154
107317 91985
108558 88937
105139 77964
84584 109895
115757 80319
108719 100642
91201 78096
112553 87356
116722 81799
136472 139555
84736 82126
93322 115431
133065 104802
109024 102514
117023 87987
90962 93718
122613 95860
105850 95604
110437 80982
111550 119248
111186 101595
107102 79717
99491 120892
97052 80517
99339 119221
94506 84029
139837 135238
97365 98699
91208 136342
94197 95505
94558 148834
94612 118358
109721 122168
118849 110641
99350 102701
103999 125589
114031 98618
90858 87779
136529 132071
111970 87208
130799 111191
125998 104789
127513 87235
115170 108202
120561 100525
97561 152666
98895 100387
123815 103821
96852 100922
86844 92064
82239 86542
87790 108982
108122 101462
107318 96708
96487 108173
110541 86060
135460 123200
93013 92679
136385 99664
105230 125010
112322 117113
135184 101139
107423 125994
108156 81268
117140 89463
98344 101392
95538 85947
111060 88395
92433 72569
102925 119598
90989 87120
115697 133230
105769 101824
97859 98146
87505 89514
88307 100000
102326 101614
96851 143975
92871 76993
123138 101531
106205 118012
106998 102651
122970 100821
92171 100752
106520 128595
109287 79432
144509 137155
115248 110751
97011 87960
101493 102094
104116 106969
103313 83471
97999 97253
112299 109523
117337 119243
101598 134864
134957 136913
130287 83661
148696 108439
106208 91856
95925 122536
88082 98255
135397 98692
98687 145430
89362 109396
101324 105872
110602 109340
93450 106877
141819 90218
97807 89450
101515 92028
96877 95911
129376 142158
84938 98888
92731 134531
115097 83966
125048 148474
88953 101943
132067 115764
94555 89994
103144 115116
128872 101717
93211 106803
113491 108380
101574 80119
100224 131048
98385 108281
107102 126766
93869 128214
92107 98511
124439 78885
98614 130673
90844 76305
103887 100907
99671 85815
116964 122792
106438 123900
98027 98917
108527 116760
128928 150395
111812 74879
88045 89793
133003 126873
113890 98130
95751 90936
87520 85841
107858 80598
107615 93860
73461 90669
109353 84289
107226 101764
101649 107954
104750 139248
110955 95309
96011 95487
86272 93158
109704 126993
99063 90531
101690 105939
95598 123379
104585 104634
104050 95333
90169 86327
89391 95787
99833 77772
108779 144194
99283 68966
87627 100539
123304 87530
140043 96061
133973 97950
115498 124261
96562 101714
104233 86117
115389 114136
108060 105984
108066 76156
99564 91879
145157 108231
85665 101331
89654 83292
95450 132927
88095 96902
104695 113667
98532 73445
94310 88483
111981 84764
115530 86968
91545 117223
127211 145338
92321 121254
108668 84099
113871 103792
88547 98595
98548 90664
130337 129608
107291 90855
106435 86974
103836 100969
109076 86064
102762 74200
88713 87428
94786 142275
93327 149487
110717 90986
113284 134771
95414 118221
95591 91994
119431 94908
105641 76325
93630 103307
100117 87329
84536 100434
109257 116738
97704 75025
105604 106574
97598 90079
127940 138139
95118 128326
109111 83924
102747 154212
98867 146974
83860 76737
103435 115269
91991 127477
113912 110276
90530 95583
99965 142055
85127 93840
110589 88388
115259 88540
118593 79338
118409 98263
90937 103554
87692 93148
111057 99203
96229 88574
86466 109061
98223 111888
107838 96549
115554 87234
124903 95048
116443 95382
121894 98914
108403 79106
100345 124752
134118 112936
137764 87527
115051 92953
130751 126979
135785 113168
117951 93028
90634 81211
108812 104947
81980 86601
118332 115702
123116 100188
119643 127318
101897 84638
106080 101061
124299 131436
92584 94411
99403 92147
108687 96483
105705 88317
100184 94780
119627 80273
106333 115022
112997 93052
127780 101961
116157 93014
85225 103013
140022 117337
101912 81690
89399 90472
88208 90891
100778 124091
97805 103718
101740 122503
112733 93801
116588 102527
103432 92726
120791 116026
112510 89372
102235 98672
97287 94686
94405 80529
144460 137455
111571 98425
93108 99441
100949 101346
97606 119016
99082 104839
94381 100057
102454 91143
125945 139693
137001 90456
118008 100241
110984 112065
105345 97497
111933 97641
89668 104334
87832 94246
135597 98850
110809 87170
109247 77217
125682 101483
89583 92963
98220 103376
119325 101874
95893 103230
107100 95149
107486 88846
109369 105803
105794 93593
97573 92438
91665 99648
103718 89157
96622 88998
89941 94778
91633 130364
143866 138273
98715 94478
91463 101092
87547 90076
142400 134899
95614 85378
91906 131469
125544 79707
94923 118689
115247 72665
117086 124383
108060 84966
118912 93430
108942 74718
98233 85343
90825 81826
108713 104967
104392 111185
109103 87965
95766 137163
105992 109615
113294 94177
104826 87833
101428 76353
100339 103544
115273 97942
121249 112822
127589 88086
126473 125300
128913 87426
100417 121525
86565 120229
123712 88605
90366 93220
90967 125610
111385 109674
128592 134956
96913 126376
108005 110033
97114 138349
103807 78852
87241 94270
88372 101514
100223 86887
94552 98945
99386 82548
87932 126582
90178 87323
90558 83766
92382 67571
119388 85399
134469 115543
88311 108809
138726 151484
94004 77275
115698 118678
110048 77407
99349 87658
96672 82782
105293 101216
107329 103564
97735 97950
127671 82883
129509 78942
92697 108394
104385 113526
126419 92289
120710 76498
96673 118720
95926 112296
86075 92208
82032 95712
112093 134198
94529 92947
119856 105265
84724 76743
103824 149177
89416 113816
142998 108854
142863 109952
96227 82588
97284 87195
120803 97632
98185 88360
92032 77666
97441 111097
113001 80702
115907 84284
139695 149764
90071 82792
141079 86511
94921 83418
87645 90819
102267 108798
113935 81057
110384 106025
120203 108735
94573 98372
140361 88163
112444 81794
120180 76393
97864 119671
115762 91671
138680 118770
101202 103254
139839 134588
92276 85643
102720 103923
126652 93704
104638 112588
105092 100867
114219 77289
110575 116810
89627 146831
141712 106807
123400 104381
94397 108861
134599 116546
132439 105733
104572 104850
112562 115581
119903 84446
91355 128339
118767 119266
96516 104304
94151 99944
119841 98806
100256 100614
119361 108573
127693 93227
112575 109207
112084 96045
109261 108079
93489 93910
111415 127845
107408 111842
90796 77030
101771 113873
136603 93630
122123 124286
103478 98134
91721 91949
94917 113189
100426 103466
101880 105071
102533 121472
109815 92659
93134 80666
98473 96097
87879 87882
110644 149426
132019 100840
104140 96873
96238 109785
95209 96970
97842 111215
89772 107149
121595 143100
106992 107867
118919 92821
94965 93060
120100 96598
122056 87360
105922 79184
113251 99372
92391 98298
87337 84972
102271 89385
111490 116219
89035 84440
141360 110364
138236 102591
97059 106366
102129 90760
100411 94853
93007 93621
106982 81580
101586 96352
108220 104681
83291 78312
89131 85128
88647 88166
116215 129332
96249 89464
88144 112808
140821 128985
93986 104405
80033 99141
112055 101041
102173 113978
88095 92448
118171 79995
97877 90316
96782 96850
87102 112920
144777 85780
116105 92127
96147 97865
109360 68502
105349 122678
89773 104498
107922 133204
116891 85157
89141 101975
91095 114171
111100 113570
100622 85881
114405 77842
101103 142156
105984 89067
121551 79409
99055 101678
126490 87455
94504 93283
101268 99392
101211 99044
102721 102302
93574 96441
97146 86639
88035 86664
103016 113011
135670 90578
111060 115956
109562 70968
125766 113299
96964 97346
105894 78646
110386 97076
99253 91063
129826 93092
102202 89433
91273 96089
91477 109822
105520 102064
114764 130887
119835 126166
90741 85970
116922 100156
120600 82720
115046 107211
111586 100533
97468 116123
101717 83840
116710 119775
88614 96389
95835 87287
132963 106139
119155 78615
89129 102747
100084 99852
92331 108221
101852 109409
94281 98086
93427 108071
108027 110016
110590 122556
125281 92775
103349 88637
123099 100404
133650 90059
91880 79909
94512 110414
89887 129174
107647 91615
89797 93348
94971 112135
118405 88819
89945 98691
113017 82728
87671 91292
99107 91901
107858 93681
118694 108409
111630 117029
91546 95640
116421 82008
119489 127788
104783 101179
144042 94672
95032 93698
129857 83140
102343 102721
96647 114954
148473 143610
121956 81322
108263 123592
106914 100079
114471 97012
114082 85071
90602 102079
91567 89813
122936 97918
121709 85616
95830 105010
101365 116697
135812 100678
91918 101409
113520 106491
103754 100446
130187 101726
105980 87047
94778 132866
94352 89619
120385 95710
94566 81723
95621 91317
99653 146142
110907 110691
109188 107982
113770 95247
115687 106563
99849 102391
117630 106697
114681 97612
106816 86574
138955 129292
89043 102638
85804 89346
96461 96435
105989 102597
100603 140352
100037 84378
89213 99185
103673 109607
110777 95512
106430 96377
92965 106822
98258 85874
117376 116810
107528 91386
113998 84282
96395 94323
114081 103780
106064 79678
107317 89614
88953 76474
137480 93293
101290 145472
83773 85459
94101 125142
134470 95503
116793 88955
92420 94327
86192 105320
115826 81326
129106 84422
91799 100439
96445 98522
112097 98576
94214 114541
104676 95980
103535 88044
103783 98171
90884 97018
93345 147607
97975 95634
98200 141401
101402 89266
136619 99040
91727 90951
109890 83916
107348 148685
96357 98387
101970 94293
101343 105357
97001 113327
115501 80227
96339 106669
112731 102219
88837 92967
96747 102360
109542 95418
122049 100311
119088 110525
103791 80919
100118 92111
99506 123974
103890 102487
122653 135800
144815 97683
127896 120346
86215 106264
108955 129667
103756 133886
102142 85185
121763 140808
131063 113080
130478 133759
127602 115579
138808 99225
123191 134336
109248 97077
120162 93756
127781 132426
123333 140285
115194 132105
98778 93855
92975 121001
91614 98012
122794 84795
92547 80508
111816 80919
135300 89085
80630 85590
81009 116864
125804 101365
115255 94751
103051 118551
90527 98650
99071 126413
142227 127953
96329 85510
95900 77682
116869 97919
133551 99904
102605 116468
97307 88041
82663 89946
112249 88931
106397 104793
110943 107732
107569 105374
86710 97525
132619 144549
85972 97877
104395 94101
120025 115900
109194 88309
84691 97092
121478 88709
100942 101636
117511 109007
94276 116951
100142 109165
77906 72968
97676 88406
122992 138313
102204 99165
102166 97097
91173 105340
102286 95961
103712 111664
87931 92408
117012 87293
107664 109157
91722 93131
119057 121577
90652 99279
131861 75413
108772 112569
97334 98960
105831 110139
117061 85391
100968 84889
101400 106474
105508 97117
94300 100214
99405 78253
131715 138516
150934 96293
99337 95323
139126 130298
113996 89669
107821 112653
96597 98538
130678 130176
116960 99178
89961 96882
94283 153111
93447 90265
136565 101651
94801 82113
90827 99175
91908 106129
96897 100947
110144 152978
121964 120258
120168 117404
127043 103013
90706 98293
123184 120226
95438 148295
126330 112881
113295 83108
117117 110518
96611 117025
133374 150948
138376 148201
100330 103072
114601 83211
87815 99411
117306 118534
104146 95695
109208 84028
119600 102520
110941 113950
89344 116870
121115 100450
88131 74655
122708 85823
125726 92207
86763 99973
101488 88018
104905 81916
93836 70018
112879 90877
89987 113852
110087 92985
96510 87809
109816 94750
130790 143300
117050 103155
118043 90981
114596 92454
106372 92438
101129 105016
112492 92710
109819 109067
93237 91877
97165 104922
126647 106588
124027 98383
79823 97480
103540 94570
104311 104772
106627 103391
112014 104007
119279 127483
126982 110659
102886 101644
133009 147733
94731 99925
120493 94280
92024 101208
95670 81709
91060 112123
135389 113670
102513 134578
91859 111152
145442 146759
90918 145156
116938 103296
128310 98132
88402 96767
96120 73987
100707 153092
127649 102142
121482 83919
105302 81739
115608 94852
97687 113198
85812 102252
103205 101634
132111 137976
102054 105403
90862 88187
95699 119602
111484 97965
112063 97321
101481 97245
116924 109324
122933 99270
122333 94113
99284 87806
96155 100172
112870 85064
124378 83088
112701 126169
136860 135851
