4046 1022.39
96675 46101
49160 93406
50407 83167
50460 78161
50483 76716
50460 78161
94926 46180
93620 46182
95691 46127
96675 46101
49208 91197
49171 92606
49160 93406
49207 91971
90301 46435
87741 46669
87045 46696
90641 46385
94995 46154
91337 46358
93620 46182
89605 46462
92924 46209
95691 46127
49485 88834
49463 89485
80245 48183
49205 92048
49171 92606
49952 85256
89359 46490
88840 46515
92159 46262
49916 85768
92678 46237
49785 86300
49753 86781
80709 48158
50579 76343
50869 74857
50483 76716
50773 75230
50302 83522
86436 46806
50700 75606
50692 76029
68794 52731
50407 83167
74095 50454
90641 46385
85798 46906
77136 49184
86757 46749
85792 46942
51114 73961
50765 75539
74735 50179
78250 48841
77403 49139
69053 52682
85477 46963
90301 46435
83264 47428
82961 47491
50976 74425
51258 73248
73809 50517
78463 48723
84796 47090
84187 47200
87045 46696
84475 47147
86086 46853
82673 47544
85084 47037
86757 46749
85189 47016
82961 47491
81054 47955
86086 46853
86401 46832
65542 54515
69964 52163
76976 49296
73329 50680
74308 50336
73649 50629
82265 47674
51272 72943
50990 74120
50880 74798
65940 54322
65702 54403
50773 75230
52836 68225
52808 68509
72183 51228
71916 51273
74468 50224
77983 48886
85477 46963
67238 53622
70383 52002
70124 52051
84781 47146
84475 47147
49400 89905
49639 87490
49353 90163
49686 87232
91337 46358
91625 46343
51781 70946
75997 49640
51150 73705
71703 51391
50054 85090
81342 47902
76923 49302
75510 49895
52960 68066
52836 68225
53154 67821
78999 48652
88840 46515
88552 46568
91871 46315
92159 46262
91913 46290
88196 46651
88594 46543
88306 46596
91625 46343
71756 51385
74468 50224
65702 54403
68023 53143
65358 54600
76317 49589
74948 50061
69780 52248
76477 49477
72375 51190
70124 52051
76806 49412
71916 51273
68789 52828
75990 49732
67032 53723
73809 50517
81610 47843
66693 53823
81977 47727
83264 47428
82038 47719
81750 47772
83491 47383
68573 52845
66816 53740
65481 54517
69903 52165
63061 56273
51937 70700
87741 46669
87985 46653
71537 51458
70444 52000
51162 73621
50883 74552
50593 76038
50590 76284
51165 73375
53332 67362
52544 68832
52166 69721
64376 55336
49344 90473
49351 90240
50061 84857
49630 87800
49521 88199
49242 90639
49894 85901
49887 86134
49409 89595
49637 87567
49528 87966
49235 90872
49494 88524
50150 84717
49487 88757
50278 83747
50170 84348
50266 83975
70604 51888
51566 71948
51582 71727
78679 48703
76477 49477
76693 49457
50157 84484
49688 87155
49402 89828
49695 86922
68634 52843
66877 53738
75837 49752
73535 50654
73169 50792
76203 49614
72236 51222
77456 49133
77770 49004
75102 50044
74788 50173
52321 69426
52807 68656
75315 49926
51471 72162
51654 71583
51856 70937
51475 72159
59688 59072
75155 50038
77823 48998
78303 48835
50173 84102
50963 74453
50264 84052
72663 51102
67589 53375
69346 52480
51455 72364
51765 71148
51673 71516
51364 72594
51348 72796
51547 72015
51582 71727
70759 51887
63194 56254
78792 48658
87985 46653
54826 64625
79954 48369
81750 47772
65198 54712
68290 53040
67863 53255
69620 52360
66533 53935
69479 52461
62902 56428
83820 47316
68146 53060
69690 52283
66603 53858
68450 52928
67037 53626
64286 55371
92678 46237
53253 67534
53522 67091
54955 64467
55242 63953
53912 66217
54547 65079
53624 66755
53700 66632
53177 67657
64126 55483
62981 56372
60383 58397
80085 48295
71193 51655
66099 54167
49519 88276
49233 90949
49496 88447
49210 91120
61618 57473
75653 49837
72985 50877
78425 48793
59555 59091
49885 86211
49628 87877
49785 86300
49530 87889
49342 90550
70586 51953
84100 47273
83779 47330
82568 47611
51941 70531
53177 67657
52389 69127
53536 67069
51444 72495
52143 69885
51964 70367
52366 69291
51754 71279
52059 70153
74255 50342
61778 57361
52361 69411
54468 65251
52206 69706
66232 54148
63782 55680
67773 53290
69530 52395
69274 52568
62510 56772
53833 66389
51876 70732
63034 56361
66259 54055
63623 55835
63405 56076
63543 55934
64525 55198
53071 67831
52469 69028
64764 54944
50883 74552
63942 55568
63915 55661
55163 64125
51742 71312
58003 60719
63702 55779
60078 58700
51432 72528
51983 70300
64897 54925
57905 60911
52389 69127
64924 54832
61994 57221
54702 64784
66443 53970
66094 54264
60648 58256
55472 63632
61336 57661
64605 55099
64684 55043
61025 57860
52991 67930
65108 54747
80781 48112
71377 51570
89536 46488
89359 46490
92855 46235
53460 67192
83963 47307
69114 52680
67357 53575
55030 64368
51941 70531
55366 63794
54494 65223
73322 50772
52282 69559
64445 55288
61847 57313
82594 47607
68360 52963
77616 49021
74942 50156
77610 49116
50171 84179
50278 83747
50300 83599
61861 57272
60879 58008
64459 55247
63477 55983
62166 56969
61184 57705
59768 58973
71492 51569
79715 48428
79560 48442
81497 47888
81342 47902
72559 51105
72396 51110
53779 66460
55078 64332
52960 68066
52991 67930
54414 65322
54383 65458
53301 67498
52513 68968
55109 64196
53748 66596
67296 53577
72676 51002
60945 57959
60865 58049
60676 58180
63463 56024
63274 56155
88231 46625
49697 86845
49411 89518
57012 61917
77945 48956
75277 49996
80195 48267
55318 63830
53988 66094
72719 50993
69181 52635
67424 53530
67517 53463
84108 47263
77136 49184
53859 66361
55189 64097
78679 48703
80941 48000
78792 48658
82455 47656
79272 48495
81054 47955
76763 49414
79159 48540
80801 48071
81590 47884
79776 48422
71522 51546
51348 72796
52729 68657
49896 85824
59957 58842
54906 64526
51245 73276
55809 63186
58242 60465
82455 47656
82306 47660
66179 54154
64844 54931
69399 52474
63862 55667
60463 58298
64977 54826
60596 58279
62379 56851
62246 56956
67642 53369
66312 54049
53545 66927
50063 84780
50150 84717
50159 84407
63383 56123
59858 58936
52808 68509
67933 53178
65268 54635
61658 57444
64256 55419
52668 68673
52653 68804
54259 65617
65057 54813
62459 56838
74138 50452
83963 47307
54147 65823
54191 65763
62635 56727
79080 48605
79159 48540
51455 72364
51765 71148
57586 61307
58400 60295
82673 47544
84187 47200
72956 50910
70943 51802
52099 70138
54240 65704
67429 53487
69186 52592
50006 85146
60720 58163
63318 56138
53412 67263
79272 48495
79828 48383
51857 70799
51674 71378
72895 50929
75784 49758
73596 50635
73116 50798
76264 49595
70882 51821
71103 51690
71316 51572
83552 47375
83675 47360
61528 57508
64043 55537
61445 57562
61688 57396
52653 68804
51300 72904
61344 57593
62326 56857
64684 55043
58083 60620
55650 63341
59091 59549
59475 59190
58162 60564
60304 58453
64605 55099
62086 57068
59396 59246
62007 57124
61104 57804
66019 54266
58565 60131
60785 58148
58688 59982
63623 55835
63702 55779
57312 61582
57751 61109
61025 57860
65940 54322
56707 62220
62756 56576
60037 58752
56737 62214
56132 62852
56255 62703
55729 63285
57494 61428
80207 48253
51674 71378
51364 72594
83675 47360
80032 48301
50700 75606
50990 74120
51055 74053
63995 55562
64216 55448
61397 57587
79398 48481
52044 70268
72842 50935
70829 51827
75723 49777
71263 51595
71033 51767
73055 50817
70812 51881
60945 57959
59971 58801
79019 48611
62539 56739
59812 58956
54320 65605
54335 65494
74205 50418
85084 47037
85189 47016
52138 70005
52366 69291
52143 69885
54414 65322
55109 64196
53779 66460
66472 53937
69559 52362
68367 52946
69743 52277
65321 54629
65137 54714
61741 57390
71156 51684
70972 51769
67986 53172
67802 53257
61528 57508
66656 53852
52246 69622
55313 63903
53983 66167
54618 65029
62318 56925
56485 62488
59011 59648
55233 64037
54542 65152
53903 66301
59170 59493
63246 56231
80709 48158
67722 53356
66392 54036
60455 58366
60196 58597
58834 59834
57458 61434
59316 59345
64525 55198
58724 59976
61927 57223
57348 61576
56932 62016
56291 62697
56866 62065
59250 59394
55843 63175
58276 60454
56401 62555
63543 55934
62794 56572
75624 49870
57822 61088
80894 48067
80941 48000
58480 60196
58870 59828
56047 62917
57189 61731
76693 49457
67509 53474
69266 52579
62007 57124
62158 57037
59901 58886
60807 58101
49244 90562
72825 50989
55923 63076
57537 61378
55875 63137
58308 60416
57954 60778
77983 48886
77945 48956
75277 49996
75315 49926
58516 60190
56529 62428
55967 63016
54954 64491
59396 59246
58449 60236
57666 61208
57269 61632
58193 60524
59091 59549
59347 59305
56096 62858
58913 59778
57715 61149
55650 63341
54875 64566
56578 62369
59042 59608
55760 63245
59719 59032
57140 61790
55601 63400
56016 62957
58083 60620
59506 59150
58529 60137
57153 61737
59250 59394
56083 62911
58804 59877
55570 63440
56371 62598
59201 59453
58034 60679
55521 63499
62597 56731
50692 76029
50593 76038
57059 61899
72559 51105
54255 65686
57096 61850
57378 61533
58785 59893
56352 62614
57428 61477
62874 56473
60224 58552
62822 56527
60276 58498
79488 48475
79560 48442
54180 65789
55477 63559
52469 69028
57104 61796
52513 68968
56529 62428
57574 61329
57910 60838
58388 60317
53448 67256
55521 63499
54782 64685
55967 63016
55923 63076
50050 85134
88306 46596
79398 48481
57954 60778
61104 57804
62153 57066
62299 56950
61176 57773
61264 57692
60436 58386
67037 53626
62670 56660
77610 49116
74942 50156
77616 49021
72396 51110
74205 50418
57830 60937
54142 65896
54067 65922
55397 63658
54777 64758
68450 52928
68229 53042
68207 53058
53615 66897
53545 66927
73322 50772
52246 69622
52282 69559
56578 62369
56658 62270
56866 62065
56627 62319
56786 62164
56963 61967
56817 62115
53401 67349
81497 47888
80894 48067
51162 73621
51150 73705
79488 48475
89536 46488
94995 46154
92924 46209
89605 46462
92855 46235
53907 66290
55237 64026
58356 60355
62715 56628
60117 58653
58645 60032
58901 59788
57220 61691
56175 62802
57232 61681
59899 58894
58608 60081
56454 62537
56212 62753
58950 59729
52044 70268
66392 54036
63782 55680
61264 57692
67722 53356
64764 54944
53071 67831
49916 85768
57794 61093
51193 73336
79828 48383
57635 61248
60158 58601
54036 66058
55392 63731
54062 65995
54697 64857
54671 64920
57635 61248
51193 73336
59170 59493
51300 72904
51547 72015
52119 70072
51658 71580
51964 70367
51857 70799
51566 71948
52138 70005
52119 70072
57073 61871
56212 62753
57263 61641
58645 60032
58950 59729
58608 60081
56175 62802
57542 61367
60117 58653
58356 60355
75563 49889
49749 86812
49463 89485
49954 85179
49695 86922
49688 87155
49402 89828
51083 74014
55078 64332
53253 67534
54335 65494
54383 65458
53301 67498
54623 64956
55030 64368
53748 66596
54036 66058
54671 64920
53700 66632
70586 51953
71537 51458
53401 67349
57825 61010
56817 62115
56932 62016
56963 61967
56627 62319
56786 62164
56480 62499
56658 62270
78425 48793
76203 49614
73055 50817
71042 51709
73535 50654
75582 49881
75723 49777
49496 88447
49244 90562
49487 88757
49887 86134
49630 87800
49521 88199
49344 90473
49351 90240
49686 87232
49637 87567
49409 89595
49528 87966
49894 85901
49400 89905
49205 92048
49353 90163
49639 87490
49242 90639
49235 90872
49494 88524
49954 85179
50063 84780
49952 85256
50061 84857
50302 83522
49210 91120
49885 86211
50266 83975
49207 91971
49233 90949
49485 88834
50171 84179
50300 83599
49519 88276
55397 63658
53620 66824
54782 64685
57910 60838
54623 64956
53983 66167
53615 66897
55392 63731
54697 64857
55477 63559
55313 63903
57825 61010
54542 65152
57830 60937
54618 65029
54777 64758
54067 65922
54142 65896
54062 65995
50157 84484
62715 56628
62670 56660
52668 68673
66019 54266
60463 58298
61176 57773
53456 67203
57715 61149
71263 51595
50765 75539
60596 58279
63238 56237
79968 48312
58754 59933
58993 59679
53620 66824
53624 66755
60304 58453
60224 58552
59999 58756
62874 56473
60276 58498
62822 56527
57378 61533
57428 61477
56321 62654
61445 57562
64043 55537
54320 65605
79968 48312
84781 47146
84796 47090
72825 50989
56321 62654
55570 63440
59201 59453
59475 59190
59719 59032
55729 63285
59042 59608
54875 64566
58034 60679
59506 59150
57666 61208
58449 60236
59316 59345
56016 62957
58193 60524
55601 63400
55760 63245
58162 60564
59347 59305
56437 62549
94926 46180
50579 76343
50590 76284
50869 74857
58754 59933
55875 63137
58308 60416
60799 58107
81977 47727
83552 47375
82038 47719
83491 47383
61927 57223
62086 57068
58993 59679
59555 59091
71042 51709
51272 72943
51055 74053
51083 74014
51165 73375
88552 46568
91871 46315
88594 46543
91913 46290
79080 48605
79715 48428
62459 56838
65057 54813
64155 55450
