39195 2761.66
147698 122215
123089 141227
135092 128695
120830 145214
143132 125292
119828 147333
131832 133398
126684 136656
141353 126180
126289 137339
153089 121629
155350 121172
134557 130143
140205 128060
133316 132095
132949 132801
134299 132072
116613 151011
158247 119225
123162 142527
118401 157388
132026 133448
119885 153169
122563 147265
161079 121508
126855 141035
138786 129657
135397 132303
141116 128754
157923 122407
146506 125548
129534 137860
130363 137125
137972 130791
151714 124155
148505 124546
128882 139606
143788 126432
155149 123446
156821 123049
143472 127740
154687 123794
148284 124848
165082 121383
144388 126386
164802 121400
143728 127608
137640 132284
170924 120497
118132 166693
141862 128944
131530 139697
139092 130644
135529 132682
132479 134773
133434 133495
133148 133868
132428 138517
132230 139466
141038 130435
140795 130483
166239 124165
130656 157405
160846 151186
150882 158736
152886 152245
154171 138327
154841 148794
167107 152601
150194 152090
181019 160990
169318 151985
169047 147464
175076 156185
170633 153084
158736 157622
167097 153127
162149 144705
163747 148280
146200 147095
143622 148247
167491 170560
171879 154112
165682 149488
158308 157880
161954 162973
150323 160086
151988 153413
165349 155520
174731 158808
158180 156754
161542 151166
159482 162259
153771 146032
161530 162641
155576 150456
171101 163966
168552 174886
167667 160810
160344 160750
159015 151608
161654 158208
170703 161746
164109 163763
155964 168102
155083 169359
161442 149327
158419 168259
154874 151811
160529 152136
167854 156981
166409 161000
173439 139180
169160 147827
166414 141248
167134 139442
147037 163169
156904 143788
155347 155039
167748 139728
163745 162345
159366 166054
175629 157051
159106 160792
163547 168614
152893 159676
159312 150546
160211 155294
160429 152273
164474 172856
157206 147913
167272 159861
161035 147264
154648 152575
161048 159275
163060 163494
166685 151087
157773 142017
158350 158785
172363 152226
159077 148748
150104 163408
170510 144256
169172 150410
157925 154846
151161 148421
159113 163055
166596 154611
165351 161389
166785 158118
169735 148291
165094 136431
167552 170548
161524 157424
155203 156627
176762 147705
152470 153042
174887 142987
152535 168388
153654 170773
161450 156325
165485 159815
161760 167907
155644 147776
183116 145537
156538 159541
170678 148965
147638 153024
164989 164662
155537 164671
149829 184121
157245 163561
152394 153129
160998 154638
160686 161408
167580 160855
148042 172911
159415 175167
166761 144395
150603 156287
161932 159516
157229 176095
150361 153250
163391 152376
153556 161665
151685 162370
167827 150100
165249 163578
152016 166274
161086 157236
161347 147858
157699 160237
155396 167931
157385 164989
153040 154927
149520 163477
165936 161176
161705 160733
161324 147278
156874 167866
174907 146659
161832 152376
156224 168038
163863 172223
166338 154724
170658 163653
173406 145524
165997 156437
168141 141785
162419 169703
167098 158968
166766 155176
168763 154054
142341 159537
168134 152860
175114 149350
153429 135179
166047 164668
156623 154470
172101 158267
155655 177883
163993 165687
160475 164183
155654 161673
169940 162179
152814 166426
169486 156482
141290 159849
155649 155092
170787 138786
158977 169438
161033 163242
166961 161582
173302 155910
164713 170957
158371 144439
161304 164024
177300 155876
167615 149268
147966 162030
164564 148767
159822 167692
150083 164547
156739 158657
171031 159534
143231 152892
169734 160141
167242 153850
180345 144765
154204 165130
148874 175177
156637 163936
176234 159624
136864 172880
155914 147967
154907 158016
161177 154302
165086 150401
156438 164352
157827 160193
156143 147564
165602 159736
163220 150795
156828 161117
164488 155826
161743 154483
176897 145356
157180 155961
160702 170342
161505 164752
154727 172565
150066 173352
144954 164960
164915 163189
162462 149270
148806 162311
147688 155429
164261 149225
152383 155592
165676 158451
158067 153258
157692 149386
160677 162883
168458 168231
167977 162686
157355 167503
145437 156263
177778 146510
174834 166231
158695 165406
159809 143688
167448 135396
149794 153727
167991 154979
167007 165716
161662 164158
171851 153429
148218 166498
169595 153366
167794 167550
145304 158696
153635 165224
157862 164228
165406 161095
150763 161959
171771 151871
149624 153563
150063 167792
156337 162525
176077 153063
159764 161430
159818 153833
163152 144541
158445 156212
172076 167316
146663 172039
152665 157077
162724 171312
173374 163324
137810 160149
158003 152919
183732 170069
158126 141905
152634 165660
154018 149863
176195 154579
162108 167355
170865 154352
172930 168847
166082 161073
159084 166434
160290 162983
163114 151859
147444 159592
155708 159278
160887 162783
150712 166798
156286 145404
149051 161385
158606 173484
163129 157205
156999 158383
157153 141434
156727 165590
149304 158106
155682 156261
150977 158022
149410 155563
160660 170494
173794 147746
135624 157764
149491 173110
166398 167174
155405 167916
167245 158820
160234 165606
162736 166708
164696 146711
161088 157142
158947 164575
157774 155172
140323 164472
181819 156274
167527 149167
148227 145300
154790 160450
157582 158864
158221 160379
172286 146161
151152 173001
150442 169030
161463 146776
160060 167098
179461 153589
168414 162242
161982 152398
168403 154642
165844 151105
152028 158607
165438 149775
165115 157113
169137 165212
167712 151086
163946 152009
168454 145640
160890 154279
150990 177265
162237 163240
151312 156789
163058 151593
158550 160223
160905 161290
155882 139957
150729 153849
174030 171838
151779 154029
169484 157172
166670 156903
150262 159977
149668 157821
156866 148768
155891 155033
170608 146063
160526 168292
157215 153321
175661 151565
163304 145403
159479 164560
155079 157330
165852 155508
148803 158996
163033 158971
143908 166321
145925 153038
167477 159632
162987 144564
164067 166993
166883 157947
148369 167047
151794 153994
176400 160672
160214 146000
167337 156442
165201 155268
167043 157652
155682 160562
142297 170163
162527 161110
156209 157511
161862 155849
167470 155021
152795 165071
154618 151189
147655 159410
161217 166720
154449 166454
173426 152338
156756 148846
158639 147175
180220 165627
168703 147461
161889 163821
163797 146171
173305 161900
172436 144157
152908 172388
166485 176462
174121 143495
162312 159281
157044 164846
160638 152782
161907 154430
136299 173078
169934 160279
166858 152395
159745 147937
153169 170248
174309 156688
171568 161128
166170 152648
160490 153004
154619 157310
160441 155778
149989 160405
161310 162157
149287 157105
159162 168202
147909 154312
144783 154481
142475 167577
144075 161014
175791 152130
156560 150739
169079 163390
158799 162633
162949 167844
153609 164146
176381 158590
160607 152807
168677 143876
148492 152645
169303 148592
160266 146121
154972 177126
165939 161543
168388 164822
151909 160679
166174 153904
173543 162200
152739 150311
171651 158160
176465 150531
169198 144913
160445 154097
158975 174073
161979 159353
151361 140743
158559 154813
170073 146519
159832 151749
146852 167329
161734 143989
155930 159683
153125 151248
168272 151873
177187 148407
161201 159937
166229 149367
155774 162787
162193 155928
161634 155507
157401 169037
162838 160503
149969 162180
163013 156419
173221 139814
157678 155379
158194 159515
171721 174933
159478 158483
158166 145507
159959 145356
158704 161146
171631 164274
179384 159520
154328 157434
159568 161329
164987 171869
154941 174430
168044 152266
164217 169595
149154 163301
164200 150075
182474 137357
156308 165449
151124 168111
160375 151988
153880 152289
179522 152138
154402 143897
171882 150517
169057 163703
174826 155860
161485 135248
143911 180288
171108 143236
136287 163599
176355 153642
154892 154176
174891 156448
150998 166224
152155 160798
157230 159976
161545 156302
162943 162655
160109 164347
160203 156205
165880 155440
162593 150901
160804 157508
155404 143827
142389 148901
174389 143572
168757 154790
155243 153696
172267 152240
161963 147432
169554 146067
172868 150547
162720 163854
157672 169252
164987 148408
164304 153978
150813 155512
168028 145615
175932 159277
164992 154026
156087 164074
164709 155451
157198 146796
166018 148590
152908 160269
155439 159499
179768 169599
154773 156195
161929 142886
162689 155285
148580 159779
150026 154330
167916 158804
153307 143604
155118 167228
162879 148810
180250 140060
170933 151773
172255 166070
163065 154063
139971 151319
156533 171651
169063 168338
159859 151100
161499 160782
144832 151064
173087 158419
159806 135104
162249 149928
155756 168851
167618 154443
159538 158405
152599 166394
171193 155456
158752 152052
163571 147210
163246 153024
154814 166116
153145 156117
156491 158196
159133 145275
174945 156850
156014 143504
169761 159479
143757 156841
155400 151543
173971 137029
160499 153977
156683 176685
147591 163750
153217 162630
163951 148997
158132 158431
156523 161659
166897 160122
170892 158424
173962 157905
158024 161309
160962 158258
172124 166876
157896 156803
170650 163151
154807 157950
174835 158029
144353 161912
169221 152534
167075 162167
156910 160125
163843 153232
156172 154527
148659 158324
163899 156891
167227 172156
163855 153904
156816 162340
155248 144199
159172 159513
155843 153448
153952 171420
160148 157770
148030 155199
162649 156214
168613 162532
160793 154546
147257 170758
156029 166600
151057 151246
168584 165624
147247 144497
141733 163786
155270 146046
158824 163542
163308 159293
157841 150934
161860 160599
160170 171033
170681 144578
153480 153879
166663 143913
161514 151786
155528 176324
153307 155320
150489 153553
168313 169862
171251 167060
155494 146906
153818 151092
156994 153194
163283 168038
165154 156549
143571 164640
160199 165465
159478 164827
157420 153265
152954 144965
168735 157179
170296 151264
157528 152062
141496 150251
166272 155214
151685 150574
158729 140671
161576 159264
163133 148034
160611 152392
171320 157515
148240 156669
153219 157803
154806 152853
164735 149534
156834 160569
159526 165910
175747 159007
147682 171330
173342 156857
140626 167743
146676 159549
161595 151335
168262 176353
166386 162915
156212 156613
165477 148172
164556 164278
149708 172705
151849 147589
154461 160818
152028 162790
146821 176423
157207 155485
168375 167973
160282 163268
169906 150878
157962 156089
156617 158470
141090 158893
165214 142900
168194 164872
147365 156317
188661 150068
158350 163391
150865 170420
159584 155739
171352 152355
152123 156150
158399 160678
157852 154294
164269 163905
167881 155733
146105 156092
173161 156122
160767 158004
164299 159444
147435 150194
151610 164199
162146 157757
162759 158207
167156 159720
158139 142590
153447 175432
155501 151980
155660 162664
156180 152556
157844 167453
158592 174854
160287 146779
162310 152198
166224 165598
172922 156532
149646 168138
165860 162526
154977 155251
163761 169518
165292 157894
156144 161802
164527 156199
159982 148391
160871 152201
154449 159892
156265 160528
150237 142961
165962 162003
151593 157134
139538 152041
163275 154050
143767 170215
169876 156376
175372 161749
160817 148425
159063 160932
165560 144176
175440 163726
170864 175459
155451 139426
178801 155400
170273 148926
160341 155414
150090 164999
162053 162279
154362 158832
149835 161071
165600 158752
157039 159909
151561 160166
167325 152835
172687 151138
162440 166807
161619 154998
152579 166343
171211 148742
170039 157727
159694 160746
156042 151267
172415 157451
160215 173812
167602 163011
159958 153947
148227 165972
162140 153223
171784 143491
148193 166651
162379 160141
168531 154483
162110 158927
168803 169465
160767 159306
165083 170529
147487 172864
164491 163850
175470 163776
165405 151309
153407 150168
176449 153087
158928 167602
156944 145446
170858 154832
161461 160790
169723 158761
146344 153666
146786 170782
167754 163545
171736 162976
134260 163812
162507 149627
182773 148172
155621 152213
160810 148056
158916 157510
163183 142821
154069 162082
156225 159274
164577 147276
165621 163969
158583 142080
149847 148950
160356 180723
171861 148311
151437 164005
168337 135821
160044 166243
149525 152129
170904 141934
160834 151941
153122 164430
160447 147162
159396 167248
164390 163663
172220 152537
175612 157526
163605 166950
157090 145487
167457 149922
159703 155116
161348 148519
156842 168055
160788 176284
175223 150153
165250 161821
157645 141653
163871 146247
155968 154301
165883 156233
155508 170053
156507 153384
165004 163229
161929 159152
171391 150155
150559 157142
157596 155254
163976 159380
153863 164397
176560 151031
155607 152918
159002 150642
164211 157081
153058 153992
161968 146556
155434 151167
157686 152665
148636 145462
171015 150897
157499 156287
150357 160658
162704 149386
161990 143848
143955 175230
159294 160614
173084 156361
168057 159430
153160 141725
162131 151262
164943 163366
163781 159335
160557 164646
158906 172892
165732 147381
172657 157884
166567 140364
155236 161557
149988 161682
170663 151222
159547 146808
159062 149393
165130 152834
160780 155579
165605 144184
163442 148156
161534 166439
145405 158171
162224 155916
157822 141832
150767 161091
151053 151024
165798 165626
168778 159119
157318 158098
157264 160634
177334 150144
150289 164551
161266 169586
162111 157791
186172 160171
178202 146490
161520 162948
157230 162654
156534 156171
163709 152951
172735 155119
159167 146507
148474 174236
159229 143257
162356 166875
149044 164713
155883 146352
157044 149749
163848 171515
152116 145081
176590 162897
148471 158255
162421 156990
173049 155795
162210 158223
157014 166924
169509 151482
149411 160261
159277 157693
156026 162294
171502 159000
158573 163556
152266 152825
154809 162733
155828 176761
156853 170953
155513 164794
154139 153986
166969 165837
171333 153691
170758 157323
159062 158375
174161 155633
173173 142646
166824 161518
165110 162784
167647 175776
161905 156031
151139 153201
166965 149138
162733 150522
145411 159679
174262 172916
166856 147351
162683 162574
159029 169410
147126 158948
170040 164440
157907 164017
165856 149821
162613 157350
149156 163343
161592 161807
156590 168174
157545 173611
165574 157527
175465 152922
