12188 3307.51
151200 47864
59747 115403
60421 105940
59876 112039
60599 103038
59747 115403
60412 108051
151200 47864
148457 47876
60338 108342
60263 110174
76403 72301
60177 111126
60263 110174
61473 99166
60671 102396
61421 100050
97606 56307
77540 72290
75800 72525
75635 73159
63618 89373
60942 100925
63477 89994
60801 101546
145515 48136
144558 48137
75800 72525
59876 112039
64943 85614
64638 86230
64852 86182
71671 75293
65930 83723
83070 66779
64547 86798
60095 111485
64388 87539
110154 53242
100820 55509
98748 56043
64118 87873
63997 88351
72843 74215
60797 101850
61594 98475
81325 69311
74567 73488
78863 71787
79841 71517
79368 71700
78390 71970
73918 73545
73730 73935
99096 55870
100238 55606
99678 55773
103748 54723
97024 56404
103166 54820
105238 54286
98166 56140
107944 53777
102606 54987
102024 55084
109572 53339
110741 53164
105820 54189
71122 75793
71110 76167
62793 92706
80548 70613
107368 53821
110165 53208
62841 92255
61524 98967
73290 74049
70575 76399
71792 74908
71252 75752
70454 76784
71373 75367
61403 100052
106322 54118
109119 53505
143580 48184
144203 48178
148102 47917
147479 47923
64425 87115
62624 93560
63361 90612
70056 77416
61036 100239
76403 72301
81201 69759
106775 53952
73981 73509
62487 93761
111674 52969
60095 111485
78229 72220
68639 79598
68381 79851
108628 53542
100119 55760
105831 54155
63784 89236
80265 71299
61036 100239
62628 93140
61014 100661
62465 94183
115931 52230
111748 52891
114807 52399
113941 52520
120323 51462
112267 52838
114288 52452
98759 56009
65679 84149
136843 48829
137378 48799
108537 53646
115497 52239
100831 55475
69841 77675
104779 54574
66728 82691
138807 48616
139345 48607
60150 111194
81192 69979
119815 51488
85991 62950
85662 63108
108035 53673
60797 101850
111166 52988
60667 102700
99096 55870
63220 91233
63405 90258
63264 90879
63886 89062
81455 69199
112957 52678
80394 71013
101288 55434
83033 67071
80524 70972
61894 96917
61769 97912
61890 97221
92038 59285
65679 84149
125412 50588
78260 72011
93145 58684
94340 57868
94092 58053
96881 56623
65036 85444
102023 55196
115349 52327
68003 80431
69382 78176
68254 80005
69258 78448
68130 80277
116396 52125
107257 53945
132077 49586
101653 55287
72525 74643
104346 54611
84943 63631
82844 67235
82636 67437
85151 63429
70890 76217
81896 68297
61665 98178
61594 98475
67406 81697
67898 80701
69131 78602
69026 78872
67511 81427
80784 70365
80967 70154
60338 108342
60412 108051
61840 97253
131468 49674
89153 61047
99678 55773
98047 56294
66878 82689
132127 49562
67026 82466
114971 52347
86688 62700
97024 56404
128369 50130
124273 50759
131071 49722
146562 48001
142663 48262
143061 48237
90838 59911
95914 57007
85617 63203
89520 60848
63905 88758
62646 93138
61014 100661
63477 89994
62700 92876
60942 100925
63405 90258
64443 87114
66249 83551
66331 83295
83634 65604
83994 64957
81768 68508
84075 64702
83553 65859
81687 68763
127241 50271
81201 69759
91711 59419
66563 82871
66477 83117
86877 62536
87139 62420
119350 51593
127645 50255
60667 102700
60801 101546
61773 97608
82447 67601
83380 66164
83508 65953
87184 62299
81768 68508
83821 65262
83225 66602
89648 60637
84626 64006
84203 64491
83353 66391
82319 67812
87312 62088
84075 64702
83949 65051
84754 63795
71922 74867
94092 58053
89648 60637
87898 61558
92956 58848
84754 63795
93685 58408
93903 58217
87501 61924
84943 63631
85329 63399
94529 57704
82636 67437
82085 68133
89837 60473
84203 64491
82447 67601
87709 61722
88549 61243
92828 59059
87312 62088
84392 64327
94340 57868
146562 48001
141799 48355
140588 48445
145688 48095
142663 48262
140069 48498
146043 48054
146207 48042
142308 48303
125795 50499
64497 86851
69824 77840
96870 56657
66563 82871
80220 71323
93607 58533
131758 49648
66249 83551
66080 83721
142144 48315
146960 47976
83225 66602
109572 53339
106514 54050
95076 57518
72560 74382
66331 83295
66477 83117
121024 51275
122538 51072
89375 60870
125795 50499
123335 50944
95310 57203
95180 57389
102926 54984
63126 91919
63128 91640
62008 96301
125206 50608
124893 50655
69639 77981
70705 76358
123927 50825
90511 60045
65624 84574
65677 84338
61710 98103
61786 97487
132481 49551
62129 95610
101565 55372
62107 96032
90561 59973
95637 57069
88175 61496
91060 59734
95587 57141
86166 62892
94806 57642
92038 59285
94529 57704
87898 61558
92315 59223
93422 58622
90114 60411
95310 57203
88724 61185
91489 59596
90234 60107
85340 63265
89837 60473
127850 50183
131071 49722
121370 51269
62393 94447
104832 54555
92315 59223
92620 59188
96565 56692
123927 50825
124601 50699
124893 50655
129806 49971
117140 52017
119680 51578
116810 52032
81896 68297
62147 95608
62198 95404
61936 96879
62111 95852
61990 96543
65121 85380
72591 74288
69509 78022
113287 52672
63861 89112
69258 78448
69131 78602
68381 79851
68130 80277
67638 81273
70307 76990
69382 78176
68254 80005
70180 77144
67155 82123
67028 82277
67333 81889
111092 53066
83353 66391
83380 66164
62559 93660
65194 85188
68890 79172
65595 84760
65522 84952
67762 81001
113695 52583
61524 98967
82971 67162
113706 52549
105084 54539
62342 94725
80010 71410
98166 56140
98047 56294
63618 89373
131468 49674
138517 48642
135414 49012
138807 48616
135704 48986
128726 50064
133184 49407
126621 50375
134269 49198
137668 48773
128106 50168
134805 49100
136553 48855
130451 49826
137998 48695
126085 50473
136843 48829
135095 49074
136034 48908
130781 49748
126705 50369
137378 48799
132976 49431
133649 49302
134185 49204
133359 49328
129601 49995
131758 49648
130161 49852
73600 73976
65437 85016
91664 59538
102606 54987
122218 51075
64231 87560
64943 85614
62859 92253
65194 85188
65287 85018
64138 87730
126911 50349
127205 50328
61514 99161
74906 73402
104250 54652
62436 94243
116670 52092
118471 51791
104095 54662
103849 54715
61719 97944
114225 52496
128140 50157
128760 50053
68003 80431
93796 58369
93903 58217
140882 48433
140363 48486
62339 94783
77670 72249
77942 72221
102937 54950
72470 74673
63079 92017
72172 74747
93472 58550
122218 51075
130642 49798
120849 51354
122013 51147
62934 92085
62790 92737
78993 71746
123044 50951
112267 52838
112543 52820
117605 51912
121532 51249
123664 50847
72172 74747
75233 73228
94873 57552
123410 50939
136324 48882
138288 48669
128989 50026
129260 50012
118691 51706
116151 52145
82238 68067
87698 61856
87501 61924
77942 72221
70980 76208
105119 54440
68826 79218
88225 61424
88455 61384
112883 52756
121009 51288
133266 49405
81325 69311
86268 62888
65595 84760
65624 84574
140527 48474
64638 86230
64852 86182
107357 53855
120435 51384
120711 51382
62718 92874
129497 50000
128470 50079
124529 50744
124273 50759
113476 52625
83740 65517
139635 48581
93145 58684
116228 52129
109311 53437
106775 53952
75363 73187
74760 73411
73290 74049
73499 74004
72721 74247
95961 56888
62346 94545
135933 48959
138517 48642
137668 48773
136553 48855
126085 50473
135095 49074
126314 50446
133878 49275
141309 48394
134498 49171
132894 49433
135704 48986
128989 50026
135324 49047
134475 49178
141280 48408
137897 48746
133649 49302
136324 48882
138288 48669
81642 68857
81588 69011
70083 77395
67026 82466
67028 82277
65677 84338
119680 51578
119815 51488
91162 59730
62225 95236
61963 96711
62252 95068
62216 95402
119295 51603
118538 51766
86313 62793
86488 62735
91340 59622
89004 61073
85991 62950
90885 59792
119195 51666
129260 50012
112705 52769
113476 52625
113287 52672
132646 49509
103165 54932
89375 60870
79238 71741
92889 58919
62111 95852
86488 62735
117895 51823
117767 51910
63264 90879
63341 90755
80784 70365
80758 70526
82085 68133
84545 64261
84392 64327
62077 96095
117140 52017
117329 51979
70324 76825
70307 76990
69832 77821
84600 64125
84545 64261
82282 68065
144358 48150
101413 55378
81017 70025
62934 92085
63200 91376
83762 65393
83821 65262
81514 69068
114942 52358
117482 51919
117329 51979
118684 51761
62225 95236
109311 53437
122838 50971
133979 49224
126911 50349
134704 49151
123044 50951
125330 50604
126415 50395
130022 49902
107950 53724
112694 52803
70092 77249
70180 77144
130576 49820
96565 56692
96238 56826
96373 56719
96046 56853
145515 48136
139936 48553
145688 48095
62315 94934
82844 67235
91711 59419
80967 70154
81017 70025
83634 65604
92700 59083
92620 59188
127749 50245
132596 49533
107257 53945
116670 52092
116810 52032
119154 51686
85151 63429
86877 62536
86699 62566
75028 73238
118264 51799
120334 51435
121631 51244
139785 48569
143580 48184
148257 47889
144558 48137
141509 48381
148457 47876
141789 48356
139449 48602
143380 48197
147279 47936
147479 47923
141080 48421
63977 88494
63148 91497
63925 88615
139545 48594
141080 48421
140882 48433
63146 91639
63905 88758
63925 88615
63997 88351
63356 90685
64138 87730
63977 88494
63218 91374
64118 87873
71503 75326
72302 74706
101653 55287
87184 62299
87139 62420
62505 93759
123563 50898
90841 59861
95917 56957
91667 59488
140008 48527
130072 49878
130781 49748
68639 79598
67342 81743
67520 81281
68899 79026
67889 80847
67771 80855
68766 79444
69017 79018
67215 81897
68775 79298
68648 79452
69026 78872
67511 81427
69841 77675
70092 77249
67647 81127
67206 82043
67898 80701
141599 48368
122633 51043
62035 96296
121835 51164
122013 51147
101407 55431
121644 51171
121835 51164
62579 93567
118884 51695
108617 53576
133359 49328
129880 49908
116016 52186
63148 91497
63220 91233
144203 48178
143225 48225
148102 47917
147279 47936
147124 47964
143380 48197
148257 47889
90234 60107
87709 61722
82293 67931
85340 63265
90223 60241
86699 62566
87698 61856
90223 60241
90164 60339
114807 52399
83762 65393
109210 53445
110747 53111
106413 54058
121370 51269
62057 96188
94856 57570
100180 55702
100238 55606
84626 64006
82293 67931
82319 67812
84600 64125
80394 71013
79841 71517
79238 71741
74697 73447
80678 70572
77607 72285
71792 74908
75300 73223
78863 71787
79971 71476
80524 70972
70575 76399
73730 73935
78390 71970
70705 76358
71373 75367
69639 77981
71503 75326
72302 74706
71922 74867
71252 75752
79368 71700
74630 73452
70324 76825
70454 76784
64231 87560
83017 67118
127825 50224
89051 61051
91387 59600
69509 78022
96288 56754
74938 73306
75028 73238
132747 49458
146043 48054
143061 48237
146960 47976
140363 48486
147124 47964
146207 48042
142144 48315
142308 48303
143225 48225
63097 91979
111166 52988
115461 52305
111748 52891
61773 97608
61786 97487
88876 61109
91212 59658
120804 51360
105237 54398
108566 53642
112543 52820
85620 63153
86313 62793
139835 48568
144358 48150
83994 64957
81642 68857
83553 65859
81687 68763
83508 65953
83949 65051
109204 53498
106407 54111
65522 84952
133878 49275
132747 49458
136034 48908
123664 50847
123563 50898
137998 48695
128470 50079
120435 51384
133979 49224
122838 50971
134704 49151
126314 50446
126415 50395
134805 49100
122737 51022
135933 48959
137897 48746
105095 54505
104095 54662
72800 74243
117767 51910
93796 58369
92889 58919
92956 58848
64547 86798
74938 73306
92700 59083
65121 85380
67155 82123
67698 81047
67206 82043
67647 81127
68775 79298
129842 49914
62366 94452
72560 74382
75509 73178
89520 60848
88535 61349
110961 53084
108035 53673
118165 51814
118019 51819
65287 85018
66080 83721
65930 83723
102024 55084
102023 55196
105238 54286
103166 54820
103165 54932
105237 54398
75509 73178
75635 73159
104346 54611
119008 51691
81514 69068
81588 69011
66878 82689
90561 59973
88876 61109
95637 57069
90164 60339
94806 57642
95587 57141
90114 60411
88826 61181
96238 56826
91212 59658
93422 58622
88178 61446
61665 98178
62075 96186
62364 94543
80678 70572
80758 70526
115423 52317
95136 57458
116016 52186
83740 65517
100180 55702
132481 49551
73499 74004
118884 51695
110961 53084
110848 53103
90885 59792
95136 57458
95180 57389
135324 49047
135414 49012
78993 71746
122579 51056
90511 60045
130451 49826
124601 50699
124529 50744
117482 51919
122737 51022
96046 56853
96373 56719
119008 51691
61981 96632
61990 96543
125206 50608
118019 51819
117895 51823
59747 115403
67889 80847
67771 80855
67520 81281
69017 79018
67215 81897
68899 79026
68648 79452
68766 79444
79971 71476
80010 71410
88455 61384
88535 61349
67406 81697
67698 81047
67342 81743
127645 50255
62270 94989
61981 96632
61963 96711
62252 95068
130161 49852
101288 55434
120711 51382
114225 52496
114288 52452
64497 86851
62315 94934
62270 94989
118165 51814
118264 51799
60159 111128
127241 50271
127205 50328
121644 51171
110848 53103
103849 54715
103748 54723
106514 54050
73981 73509
73918 73545
77670 72249
139345 48607
129516 49997
63126 91919
62465 94183
62436 94243
63341 90755
141599 48368
141509 48381
88826 61181
89153 61047
