5198 1503.02
94140 85572
140931 93527
117977 83900
73965 83324
124843 110259
100336 82052
100564 91592
95063 100985
106286 114750
79704 70374
132490 94116
108206 109498
113907 95023
81973 81304
103930 98171
80628 83055
85189 81996
87627 123257
142455 106362
93705 116628
113243 111467
115892 144536
82389 131021
121595 91159
121262 96891
90762 84135
69509 82476
96480 82329
116836 95226
74376 80897
97893 89000
82559 91747
144987 89625
98474 81121
94747 97592
118436 92006
109401 121929
97196 92203
112084 87525
80725 86492
142758 92688
86139 111226
76746 100731
85803 97424
108659 95233
106768 86546
121557 142230
82033 80185
81511 88085
150438 98486
120702 90169
106187 89638
99856 132227
94701 87813
145375 98152
128369 94989
93130 76605
112178 76351
80565 88094
94054 91260
78950 79750
114742 85609
105691 120859
87656 82300
118255 93904
110621 98020
79884 95202
109140 82621
119343 124878
118170 91951
127104 155017
93254 87795
104323 88678
122299 99195
100191 90922
93002 89272
97185 78858
123278 101655
90019 85234
114653 87080
135952 123523
122794 85419
106854 88441
105545 86926
81007 89810
103192 89043
79210 80548
88816 82335
89116 101699
83650 104440
87541 78550
82993 79535
104737 86438
84699 89665
115206 106432
97602 88560
88187 97315
75259 82815
110163 78794
98284 76548
98690 85817
112344 122687
110991 99265
122961 139283
87845 117454
76217 85492
95217 85749
97275 112063
89724 81888
84660 85099
81544 89391
91383 123481
127204 109109
90294 80074
85118 88785
112975 118106
106488 98986
103559 107204
126151 92672
98050 100017
115779 90564
92050 103146
108578 110303
127812 101268
131247 145714
75336 87187
82177 82050
95110 86887
162994 94846
127812 159101
122005 98935
115448 131371
117814 98272
74541 80491
108040 99371
140447 104271
102789 85850
92136 85068
126715 77810
115241 96575
75785 81539
84724 83432
87675 85769
101928 126186
126165 88815
124024 121444
109901 99531
79154 80214
91393 126338
80973 88476
88091 97843
116146 106208
89298 80355
109038 127934
111472 93885
99322 97178
76250 76431
78932 91110
134845 84600
93772 93110
98807 121123
87228 89164
111164 78968
81331 75790
104308 93534
79522 91233
98460 89383
118737 94545
117838 99440
90388 99860
79975 95003
87611 75825
100091 96204
88622 108092
105249 130078
79784 101514
92220 87462
137201 130674
79976 91334
106655 130624
98912 91250
90373 84289
82203 72585
118651 150348
145137 91055
93240 84464
129452 120640
125140 145499
84295 83729
88469 78498
74169 87928
112999 115747
115608 126530
83357 83100
84304 83185
82102 84426
76721 101161
139774 94596
118679 100774
89103 125151
84156 84284
107298 97458
112881 109629
102724 78265
87462 119092
153654 88503
127503 133245
115638 93077
91390 85160
98884 90592
119740 90277
89708 81633
88449 83799
82277 87446
151513 92655
123311 132670
90345 109789
101170 83746
95664 92120
96606 87507
109706 90742
111930 131987
124024 85550
89978 90331
106292 93342
97756 86928
89757 106149
97754 99878
96767 101170
107179 85084
133035 151333
92746 92249
92979 92579
81596 90906
80656 76055
83486 99829
98490 84624
157933 94888
118863 116325
122971 92255
115528 95288
109729 78767
122539 84928
75711 104996
90695 80675
95272 80904
152736 95472
89630 85778
104214 109368
106908 129238
83111 91566
110103 123407
86717 87404
108701 142735
119688 88711
136218 154914
94115 89102
121544 96074
86638 81339
85058 81254
124965 89739
83823 124600
95944 83641
97403 104845
93584 80714
92409 84652
82323 81128
121662 117807
123552 119975
115880 86334
98866 75863
88984 108453
117252 87609
98498 82561
79232 85206
135598 134885
82944 88984
89147 84370
99721 81796
79182 76928
95211 93439
117064 85373
128615 89660
107405 90089
91333 93717
133806 116570
110237 93103
79358 123921
101941 85838
96744 90901
123561 84313
135966 149200
73003 94680
115452 99212
131096 82711
84208 86648
115097 82998
148915 97199
112872 89766
149860 94283
85066 77418
90881 86749
89583 83135
106284 95690
92216 84048
110598 125317
102875 91352
103849 103796
100506 92128
130792 155342
83813 87562
136891 155782
79038 84998
97314 74770
97070 89098
113432 132419
101044 77671
101274 128326
116076 93845
110589 129382
112771 89851
82397 80334
87759 81885
101089 83340
109483 88835
112953 143757
94304 86743
89271 90342
89042 91543
138364 100639
111953 115127
87983 92167
141343 120195
128096 92504
88625 77294
109806 104333
105581 101385
79282 77637
102926 90834
111021 89359
119305 97476
80123 89067
123319 107898
119552 96968
73803 90991
102821 86982
120149 96257
99738 84427
111423 88431
89375 80787
80025 86174
90519 120154
69428 78940
81270 88676
116616 98515
98331 78546
123576 88186
84731 103197
114593 149441
89168 87264
111693 135693
75896 84030
73123 85262
106986 90239
92158 100888
101727 95479
101515 85587
124903 149086
109201 95409
71046 94611
130691 139979
85152 95523
118493 95948
76294 87146
94883 96971
117476 82164
114704 95799
125736 153879
118036 133163
136612 152154
135624 123430
98202 87442
113458 101417
120861 138495
101327 86587
94998 83716
89041 93513
76864 75624
129188 99164
101022 92046
98356 113230
88625 89203
94754 104530
121403 125821
94139 92190
90740 88887
95428 97385
79138 115984
108220 108093
136526 98024
100214 76004
97519 85149
87454 112719
109335 92231
130684 129928
94385 119260
85769 86987
115139 119308
138897 144149
112821 100828
82115 93229
81997 82973
85472 105045
119663 98821
95068 96304
96186 85032
145924 90393
82580 111330
84029 81706
86328 104795
83957 90201
79214 89679
82291 108024
83107 80284
84223 82324
150522 93246
106438 110607
80618 84531
95285 95794
106725 118836
105069 82997
144958 93738
93080 125657
96817 89585
100761 103146
127591 101803
91703 73586
95515 95831
105463 114637
104206 105798
122109 99400
97065 90056
87955 117203
109566 88278
95421 90900
77657 84216
105976 89538
107149 91526
86722 77893
88199 83479
99547 105619
93752 92004
123911 80542
80094 107638
161954 95274
98377 91537
82142 80058
85466 72946
95120 91363
104134 100584
79766 84682
107749 90804
77290 77435
101242 83635
93667 100400
107441 86580
83612 85615
111359 88774
81685 98984
76113 99195
131062 86433
117392 130737
120350 141303
96378 84802
100523 90566
76071 83445
96879 93943
80351 83276
99834 94306
79900 85791
97741 136999
99955 85997
107645 99694
91876 87905
110995 87495
126386 151242
92433 122386
110002 116710
93519 89394
86837 75911
74462 80234
103231 95908
114016 99714
116227 90198
95209 94055
135102 113024
85277 83979
83456 86896
92167 81674
96598 95261
118915 91625
119167 106171
99092 102673
96874 96554
133889 96430
126676 155060
122237 122835
129986 121787
109577 97691
118732 89237
123479 85655
100303 88137
98712 89724
91883 85273
95119 93683
102986 83567
119511 121122
113826 93066
101506 90347
82280 88793
119246 145663
120881 95505
101397 88931
119886 111302
137387 140518
93409 105734
91897 115590
79938 99228
160054 97994
75634 88952
82938 97096
97904 93336
86989 84582
79799 75035
79481 83221
104874 94422
86810 86097
75225 81219
97108 84087
100610 106726
84529 90514
134986 96514
82363 80755
101519 140430
78488 77268
99303 111225
117885 88835
113226 105549
111688 89765
104362 77740
108934 88510
77930 83965
113107 147837
117765 111858
124652 103325
78279 78917
117911 77837
76949 93671
128897 97378
99429 108849
93295 86788
92124 69759
116065 89359
104439 95753
104600 120014
98165 79057
98464 86005
89670 109915
95171 84189
79957 84971
140092 135273
97227 90059
97997 81374
98193 78820
99280 94094
124333 102570
104634 91213
90740 90824
130195 150702
88306 86558
101896 84676
90740 76242
111046 89671
129324 83482
87798 113487
77063 75909
104663 75333
103827 107454
88604 78788
107471 91624
105014 96464
80198 90279
76459 79720
111524 102130
126376 91738
112415 90309
78158 86065
97102 110543
88699 93988
103039 90958
78530 106321
104311 116323
106258 75687
98174 85026
111480 84934
83362 85547
90182 81791
92035 78525
121361 125839
125809 151813
107264 100819
100169 102374
120106 83102
77799 76158
111461 86591
93699 82959
81467 82765
90674 86943
112334 90865
101893 97056
89934 82332
115621 83401
114458 89922
88179 81364
101953 89543
122509 113375
98331 89090
75633 75752
71955 82352
78852 79829
98153 94519
111785 92986
92372 125432
102459 118340
82262 107704
78179 99204
94801 76179
89707 86799
83878 83745
95334 76430
82000 76052
139194 102695
128304 131140
79502 78959
96742 85751
136304 153544
104741 112613
112551 77050
73451 91963
98763 92419
124683 104605
91713 83218
123376 145429
129782 88758
129534 109895
91380 86935
127561 96167
84730 87856
104600 113708
100059 88888
125191 130283
85775 79403
103702 88773
83635 83739
90942 91863
101964 85536
93290 116875
82681 105548
93564 78108
104420 83888
98433 117157
124571 117059
84780 77145
117792 87041
105732 102144
107492 143082
97812 103574
115870 87487
76123 79031
80787 82276
97617 101080
115299 115463
95956 84784
88890 87701
79646 89634
112681 105006
87015 95045
118475 145174
102246 95492
147707 96889
93856 83995
85595 104428
98872 85484
99705 96330
119784 102796
118752 113528
114614 100908
97382 126180
97019 88447
97799 123675
91462 130558
110097 94013
117569 92144
99760 91443
116062 94769
112361 88617
91936 103710
98136 96500
103653 82901
124784 134444
79138 104104
115143 85770
95981 78772
95844 77274
104010 94669
82760 121087
101541 145001
122469 86895
101188 87139
93754 89270
107625 93915
109242 130734
129712 90602
78503 80940
91501 84758
76748 85050
86539 82235
115619 104913
78573 76585
93972 81543
77900 80499
101624 81094
99168 82318
119982 86612
95242 79809
116983 100324
125962 87685
95097 132556
131381 154757
139919 94280
76767 98726
128300 149975
122418 102624
104026 86682
95897 96658
113287 89872
81011 84990
118668 125899
104343 103412
114186 118161
115862 89649
111144 78290
99846 104494
129442 156412
132116 131928
93152 112951
120603 112341
127481 135949
116017 86910
126904 148766
85847 91997
78570 78484
107729 96180
124855 87378
104489 84295
104321 85171
130072 151246
122229 76966
90528 91767
107420 103679
118334 84342
71153 88625
118945 99811
99149 89909
84675 134183
84829 101270
116863 91253
118145 83560
85507 78951
94556 90583
134679 103104
97531 102810
79653 85090
105920 125244
86525 98012
97662 106632
78423 82802
105912 84633
120800 101785
94446 87660
79470 83978
96542 98094
97027 114573
87363 107281
121254 147585
80492 75469
124352 123126
118723 119698
108375 89944
128312 86724
90162 91655
98843 95297
104315 98784
93636 112445
116205 96137
78633 124951
133963 111167
136660 93415
68784 90231
134878 127913
134505 140331
101003 81450
90936 81386
102706 95903
100027 81258
145947 158236
97295 83995
88714 93865
96783 88362
138889 99627
107403 86143
111487 98604
125088 127529
107932 131217
109499 99925
111027 87834
89191 76578
105212 89768
126706 90091
87351 91248
126665 101222
113308 94105
123322 130450
136117 95693
146394 94973
120705 91453
101758 92914
100837 101279
106562 82922
82423 87925
110554 84494
98984 90190
150943 96249
128735 83001
76853 87277
91860 106921
142372 98743
76967 82353
90999 94932
117752 126997
116967 97832
90160 76616
84743 74765
112998 99905
124452 88679
138304 90874
106878 94137
102488 99144
119155 126421
97857 107793
95289 89132
81646 81422
85160 105907
90884 108231
116773 131899
103287 93894
126535 88880
105531 84080
82187 85900
109376 98505
86294 76511
109845 101952
115513 137666
116637 97017
88156 82794
90394 89763
137169 105004
119003 114651
110279 142582
121547 108277
90946 82976
95527 97089
105335 102800
81906 87649
103357 96573
92919 94324
118780 125484
81458 84390
103943 99172
124137 115010
76168 89064
89154 79134
126774 104666
118387 117804
92180 125817
115747 74114
95174 96109
114480 115141
93560 112668
111752 97846
110645 95533
80446 123085
115883 87366
109693 88619
131918 147840
122983 87300
131775 81358
143702 123682
87107 111720
96623 113463
92097 90889
105575 81651
95154 83086
111831 86448
86751 85751
105286 80564
118569 151747
125676 140052
112241 96608
85077 94570
94742 100030
117874 89622
77552 83086
121389 91188
133068 156613
122313 83549
103410 98873
114130 122622
107006 85686
82124 74706
100738 105111
88708 83584
128098 81628
110249 106494
102995 88598
81972 81604
91484 104014
119765 108500
105677 134434
133355 155557
85737 96856
96619 100988
115002 97876
102264 91617
135822 92818
121130 95191
111235 93993
92816 101417
84897 102948
89605 84328
85256 89361
97076 80080
104847 91705
95489 93256
93294 110203
113642 120981
103800 102355
92049 86815
130503 141451
93301 83712
108092 76781
126377 82568
91536 80593
101418 86217
95867 93054
100591 129111
129448 115564
115549 96748
112295 94131
100212 119210
113831 135910
97382 78582
101806 92550
110772 93713
106217 118999
113658 79664
84202 92577
84885 86495
79003 89094
148963 95863
114210 84150
123870 83843
104328 87753
131355 121465
111088 91745
130002 100180
103274 83290
117834 148015
88559 95442
130999 86638
118420 97213
106356 93290
120481 82443
134508 120905
96846 92643
75294 82278
122598 93021
108051 87051
115962 91464
105099 146592
