9114 2285.01
55009 111336
119934 51129
118475 51188
114625 51226
55011 108182
55104 101432
55009 111336
55102 104586
55046 106767
55102 104586
101051 52277
76343 59753
102556 52214
56557 90571
113166 51285
107359 51610
76437 58988
60513 83314
60589 82121
111158 51398
112501 51392
114488 51267
109912 51491
119744 51136
106090 51662
108643 51543
56547 91696
56764 90538
56774 89413
110898 51444
108576 51545
78631 58455
107549 51603
105900 51669
60796 80449
60769 81342
60494 84206
60513 83314
104966 51745
55046 106767
55031 107613
96698 52849
64199 74711
64422 74071
110035 51486
100928 52282
100117 52353
99927 52360
99218 52490
63676 75001
64199 74711
63462 75405
67979 68133
67737 68645
98596 52614
95930 52978
56866 89274
102929 52092
104829 51786
104190 51877
103568 52001
75973 59970
97584 52827
96896 52839
77681 58560
77083 58651
61323 79691
98013 52702
63077 75672
66770 70285
66756 70894
71564 63411
71486 63955
62603 76727
63676 75001
69091 66588
55124 100863
55104 101432
62425 77612
55031 107613
62445 77043
55011 108182
57426 89228
112501 51392
113064 51352
73936 61097
72557 62362
72234 62619
73613 61354
94355 53316
78113 58494
66226 71023
75327 60307
62425 77612
79120 58449
60454 84346
60306 84700
82768 56826
66748 70992
61023 79894
83243 56787
93921 53380
92660 53595
84563 55976
93094 53531
63462 75405
65202 72489
62919 75988
61785 78439
65360 72173
61627 78755
63077 75672
62445 77043
61436 79593
66226 71023
66068 71339
65360 72173
65580 71915
92265 53632
72855 61967
73170 61808
91884 53727
94859 53186
70230 65215
71599 63227
71178 64489
71799 62975
70430 64963
95327 53185
62817 76323
62659 76639
62919 75988
76854 58948
61587 78895
61564 79295
61564 79295
55238 100463
75556 60010
95930 52978
64444 74026
64580 73755
76960 58656
76854 58948
55242 100077
68974 66865
80892 57346
81859 57024
81293 57337
104120 51916
103761 51957
82252 57018
84884 55915
59025 85698
59310 85595
87796 54673
55933 94694
55703 96431
55284 99822
55716 96082
55946 94345
55297 99473
95635 53054
67373 69267
74609 60547
74459 60765
67523 69049
83413 56702
83530 56455
62055 77778
60769 81342
60720 81642
84440 55981
84320 56197
69585 66013
73301 61705
85794 55441
85544 55532
64862 73059
64602 73710
65728 71909
65738 71599
64872 72749
72855 61967
72707 62144
72705 62185
72557 62362
64612 73400
98789 52570
99081 52531
55523 98041
55527 97736
77975 58525
75033 60342
77681 58560
75327 60307
55354 99126
55323 99401
55773 95735
55742 96010
60306 84700
60004 84723
67732 68813
69435 66231
69409 66509
56056 93830
59573 85308
75026 60507
62705 76392
70988 64602
55543 97472
111158 51398
61897 78094
59733 85172
59573 85308
85794 55441
86066 55409
72072 62752
70703 64740
73613 61354
73451 61487
70865 64607
72234 62619
65942 71505
65076 72655
65738 71599
64872 72749
65202 72489
66068 71339
65076 72655
65942 71505
87586 54840
55527 97736
56273 92672
55407 98958
55834 95296
56281 92401
55415 98687
57689 87981
55826 95567
57681 88252
91147 53947
56064 93559
93649 53412
83530 56455
83794 56426
71188 64350
57650 88402
57644 88663
62005 77928
85103 55890
86162 55235
86066 55409
58444 86437
58700 86412
86627 55159
86767 55031
80517 57469
61812 78281
90893 53958
60629 81981
60680 81782
67523 69049
67587 68863
80437 57648
73328 61492
69922 65749
70580 64745
68651 67122
74086 60879
70080 65433
68624 67335
74059 61092
68102 68128
70553 64958
70107 65220
68129 67915
69949 65536
69558 66226
86941 54968
79463 58187
79643 58117
59423 85462
95437 53064
55645 96950
55628 97167
89216 54362
87171 54965
88068 54641
88991 54372
89904 54183
90148 54181
56764 90538
85453 55662
58286 86753
59891 84856
58331 86570
58912 85831
58867 86014
59846 85039
66997 69615
64816 73306
64840 73104
95327 53185
68774 67117
68877 66992
58145 87079
58173 86886
75556 60010
66933 69801
66839 69931
68437 67526
58754 86147
58726 86340
72072 62752
71564 63411
72037 62936
85544 55532
69277 66547
81363 57298
81476 57150
93458 53510
83855 56273
83794 56426
55209 100558
59423 85462
87586 54840
69743 65842
69708 66008
61887 78104
55650 96872
55661 96686
71336 64173
71311 64345
71486 63955
71461 64127
79793 57899
91405 53855
88787 54442
88712 54562
79780 58026
74380 60844
74903 60512
74732 60542
74209 60874
75850 59975
75679 60005
55167 100728
88282 54600
67120 69610
67587 68863
71599 63227
61785 78439
93458 53510
68343 67656
60865 80210
68966 66963
79986 57855
90398 54041
91497 53761
94513 53293
61847 78244
61627 78755
61587 78895
60680 81782
60720 81642
102556 52214
62055 77778
68343 67656
87900 54649
88133 54636
62817 76323
62705 76392
64704 73375
64816 73306
66775 70117
67142 69565
67147 69397
67737 68645
66770 70285
75033 60342
82445 56974
90314 54132
56015 94138
56242 92822
56232 92980
56025 93980
85107 55728
91612 53759
91761 53732
93790 53388
97584 52827
97699 52771
71338 64132
113064 51352
60954 80133
78113 58494
77975 58525
61406 79611
67373 69267
67292 69347
87322 54869
92529 53603
86496 55167
86363 55188
89538 54264
93649 53412
84056 56226
90762 53966
87455 54848
90629 53987
89671 54243
84189 56205
92396 53624
94669 53193
58780 86075
57774 87566
88413 54592
74380 60844
74459 60765
66783 70019
56355 92116
89802 54235
89904 54183
80187 57757
80822 57385
81677 57103
80299 57717
80710 57425
81363 57298
81476 57150
65580 71915
65728 71909
55882 95083
55463 98474
55891 94949
55472 98340
57901 87400
57861 87505
55612 97265
57557 88724
58019 87189
56779 89335
60004 84723
57932 87250
58286 86753
59759 85100
58199 86814
59917 84784
58357 86498
59025 85698
58444 86437
57644 88663
59336 85523
59846 85039
58938 85759
58867 86014
57861 87505
71922 62970
72037 62936
66839 69931
66933 69801
69743 65842
68287 67744
66989 69713
68437 67526
68493 67438
69799 65754
79257 58358
79270 58231
88895 54393
104966 51745
89407 54272
89347 54354
57743 87716
57503 88989
57720 87831
57526 88874
81781 57066
58019 87189
58119 87151
93335 53515
94634 53292
93102 53528
89530 54267
89679 54240
81669 57106
90191 54137
88554 54568
87463 54845
86504 55164
88290 54597
55907 94766
90428 54034
60983 80034
60796 80449
60994 79993
60454 84346
60954 80133
60618 82022
60483 84247
61023 79894
60836 80309
60825 80350
62045 77788
60589 82121
55235 100486
87892 54652
86837 54992
107549 51603
85107 55728
74732 60542
93225 53523
75850 59975
79340 58192
79463 58187
68102 68128
70430 64963
74209 60874
91761 53732
67979 68133
92273 53629
80587 57430
79863 57860
84448 55978
82322 56979
89802 54235
70553 64958
68624 67335
68651 67122
82637 56834
73328 61492
70865 64607
71799 62975
85230 55723
69708 66008
71461 64127
69277 66547
90621 53990
85445 55665
92652 53598
71311 64345
69957 65438
74609 60547
68774 67117
76960 58656
80064 57762
87314 54872
68129 67915
81546 57111
90770 53963
84048 56229
91397 53858
70230 65215
70107 65220
91884 53727
67147 69397
75679 60005
68501 67340
84312 56200
74059 61092
89407 54272
87199 54874
69400 66542
73936 61097
91282 53860
92537 53600
83933 56231
93913 53383
73178 61710
69435 66231
86355 55191
95627 53057
89347 54354
88677 54563
69558 66226
77083 58651
70080 65433
84892 55912
82760 56829
92388 53627
93798 53385
74903 60512
80710 57425
119744 51136
101051 52277
89224 54359
70580 64745
69922 65749
100928 52282
67270 69392
110035 51486
85330 55667
74086 60879
90885 53961
109912 51491
86627 55159
119867 51131
102679 52209
85007 55910
84197 56202
68252 67910
70703 64740
71922 62970
69799 65754
73451 61487
94851 53189
90314 54132
86240 55193
70988 64602
80187 57757
55896 94871
55677 96503
55477 98262
55666 96608
55488 98157
55258 99894
55247 99999
94644 53285
91274 53863
86232 55196
90498 53995
83925 56234
85322 55670
81851 57027
79190 58410
79257 58358
79713 58078
55628 97167
113166 51285
68877 66992
88546 54571
88456 54588
64612 73400
64704 73375
56138 93274
56163 93187
87796 54673
88883 54421
88983 54375
88787 54442
93327 53518
85015 55907
56439 92085
94736 53191
90506 53992
91612 53759
95512 53059
91497 53761
62026 77877
87174 54955
69957 65438
73170 61808
66775 70117
66756 70894
66989 69713
69949 65536
68493 67438
68974 66865
73178 61710
68279 67842
68287 67744
68501 67340
94446 53295
80437 57648
87191 54877
85252 55709
80064 57762
86162 55235
83343 56741
80822 57385
86767 55031
79713 58078
83243 56787
82637 56834
103568 52001
81781 57066
79994 57801
102859 52131
82567 56873
79126 58417
104896 51784
82467 56919
83313 56748
82537 56880
79863 57860
82322 56979
80587 57430
79270 58231
83413 56702
102862 52094
81293 57337
80892 57346
98666 52575
114502 51231
79340 58192
80369 57678
83855 56273
91204 53902
82252 57018
81546 57111
79643 58117
80517 57469
97890 52707
97820 52746
86837 54992
99081 52531
60865 80210
55167 100728
103638 51962
99151 52492
93225 53523
86941 54968
66748 70992
58754 86147
58726 86340
91182 53906
56112 93346
57720 87831
59733 85172
56470 91935
55323 99401
55989 94210
55742 96010
57531 88796
55297 99473
55865 95146
58938 85759
56547 91696
57557 88724
55124 100863
56273 92672
59310 85595
55839 95218
56286 92323
56487 91872
56513 91800
55514 98085
56521 91768
56329 92188
56312 92251
57748 87638
55933 94694
56095 93409
55716 96082
56206 93052
55946 94345
55972 94273
57655 88324
55150 100791
57443 89165
55569 97400
58119 87151
57694 87903
59336 85523
55284 99822
56069 93481
59759 85100
55611 97293
58331 86570
56232 92980
58173 86886
56444 92007
58199 86814
55209 100558
57681 88252
57503 88989
58357 86498
55488 98157
59917 84784
56030 93902
56015 94138
56189 93115
58145 87079
55258 99894
55677 96503
56247 92744
57932 87250
55703 96431
58700 86412
58912 85831
56163 93187
56138 93274
59891 84856
57906 87322
66783 70019
80299 57717
80367 57687
68252 67910
68279 67842
102792 52133
102772 52207
55458 98552
55420 98609
102772 52207
102679 52209
55543 97472
56064 93559
58780 86075
57774 87566
55415 98687
55839 95218
57906 87322
57650 88402
55472 98340
56779 89335
57694 87903
56774 89413
56030 93902
55477 98262
55896 94871
56069 93481
55463 98474
56025 93980
55650 96872
55247 99999
55645 96950
56247 92744
57531 88796
57526 88874
57748 87638
55834 95296
57655 88324
57689 87981
57901 87400
56242 92822
57743 87716
55458 98552
55661 96686
55420 98609
55891 94949
55242 100077
56286 92323
56281 92401
55380 99054
55799 95663
55666 96608
55907 94766
56056 93830
57477 89061
57469 89093
56112 93346
56487 91872
56095 93409
55569 97400
55381 99030
56189 93115
55865 95146
56206 93052
55989 94210
55150 100791
55882 95083
55800 95639
55586 97337
57426 89228
55972 94273
56470 91935
56312 92251
56329 92188
57443 89165
95930 52978
82467 56919
95445 53061
96706 52846
90148 54181
90183 54140
97820 52746
97766 52769
62005 77928
62026 77877
61847 78244
55586 97337
103638 51962
99151 52492
79190 58410
64840 73104
64580 73755
64862 73059
67142 69565
67292 69347
67270 69392
64422 74071
64602 73710
64444 74026
88133 54636
94421 53312
98733 52573
103705 51960
119934 51129
105967 51667
107426 51608
94736 53191
114558 51228
96829 52841
95512 53059
96896 52839
97699 52771
97766 52769
108643 51543
97957 52705
106090 51662
102792 52133
108576 51545
105900 51669
99927 52360
114625 51226
98666 52575
97890 52707
107482 51605
99218 52490
104899 51747
102929 52092
96773 52844
119867 51131
100117 52353
104829 51786
104190 51877
100050 52355
106023 51664
99994 52358
104123 51879
79780 58026
79994 57801
55376 99108
55795 95717
57477 89061
57469 89093
56355 92116
98789 52570
103761 51957
98013 52702
106023 51664
96773 52844
107482 51605
99994 52358
97957 52705
100050 52355
114558 51228
107426 51608
96829 52841
105967 51667
67732 68813
103705 51960
98733 52573
55397 98991
55523 98041
55514 98085
60983 80034
60994 79993
60825 80350
60483 84247
60618 82022
60494 84206
60836 80309
60629 81981
79793 57899
56442 92055
56444 92007
114488 51267
55816 95600
55816 95600
61406 79611
88448 54591
91147 53947
72705 62185
71336 64173
72707 62144
55407 98958
55826 95567
55397 98991
69400 66542
69409 66509
94421 53312
104123 51879
104899 51747
104120 51916
56513 91800
56521 91768
88883 54421
66748 70992
55376 99108
55354 99126
55795 95717
55773 95735
68966 66963
82537 56880
83343 56741
90406 54038
82567 56873
83313 56748
85252 55709
85230 55723
88677 54563
88712 54562
56439 92085
56442 92055
71599 63227
69585 66013
73301 61705
82445 56974
94669 53193
