626 180.339
123422 125715
127484 119987
130546 107242
100007 137856
125184 121361
117144 116158
114073 131627
138124 125972
86338 143220
120810 113180
121116 139063
113132 141314
112252 127710
105315 155821
187043 146647
108412 141938
117236 156570
113332 122565
113137 153212
105298 145985
147734 152050
110339 145205
100041 141672
112335 140256
99459 137287
106404 167387
137253 173338
154399 162830
121654 120810
126255 118984
136293 117076
147858 129974
135769 134472
96486 138281
94134 144720
112798 139475
135574 122532
127930 130848
142233 136353
149427 119192
115687 127748
103435 130008
127228 121737
154063 152219
104163 144142
119226 132055
123684 146402
103773 133746
138672 140765
103819 147096
99139 125169
154676 141677
112065 145590
107249 151731
139136 151466
154784 135821
106082 145060
119828 127557
136069 145902
145719 126438
123472 149002
102088 144459
161809 136342
151219 144500
138668 142511
110431 154157
150888 169517
136635 123030
125869 141859
170687 146285
168286 138880
128411 113486
89968 125155
105562 145977
108204 153659
107172 143977
133115 140867
124245 128471
110506 144801
112461 146587
130024 136970
143746 128449
136579 125063
154077 141647
153081 170713
156435 146750
137822 119354
100354 154152
117293 150409
107753 151419
104763 135881
163214 152734
129355 122298
124308 137919
124089 116398
106127 146659
142327 123431
121964 113252
145072 129854
109628 172422
131511 114871
97265 143145
105415 143986
96635 155447
117337 144206
94212 143383
147407 135588
136407 115019
120404 143598
136256 151345
149620 132276
103879 152200
123599 121050
137397 122607
114305 166382
136212 136270
110963 147245
139194 128988
106099 142428
105312 139289
124433 127436
97732 142188
113510 155592
143940 124716
144047 122310
105923 148042
102332 157972
98826 148497
109524 168020
120172 151270
107793 142495
171302 158055
122074 141910
117415 123695
136278 124823
165190 156408
104362 143969
115306 158766
131809 129443
115961 117465
100561 150543
109907 166446
143130 130173
169882 147397
127757 123836
139228 128912
141616 120119
125491 117309
146547 137033
169258 151800
93521 145990
155051 125463
139896 131642
111710 148323
124530 121728
100558 155112
116992 150871
111444 141668
106173 156771
175838 146189
130248 117421
114027 166119
135841 137287
133372 120351
103515 137816
110443 139736
108670 166772
148617 116324
150930 128020
120543 153139
145901 129439
147175 121659
117071 151858
133111 138823
155495 159544
134930 125404
112268 163478
116877 158552
96188 126244
98887 141334
112505 157881
104025 151972
127677 123232
135117 124715
104558 155947
97425 155167
105053 161091
118749 142456
101495 151437
100591 136560
173539 160769
142016 179673
101573 152786
114167 169762
102450 147401
142453 126228
106008 160763
112524 155994
126682 137354
130209 129117
162172 158330
142220 149996
130694 154404
117777 127382
106150 156022
103251 160879
103204 163921
166855 149999
105123 157907
98086 145424
107600 151075
176164 161608
172878 170179
108214 139998
131401 131958
129848 127089
116327 150967
119473 115476
102983 158241
105713 146254
109124 140008
165493 141684
105638 170763
121157 150095
113081 160511
103366 152650
120530 167854
133748 117839
127095 152442
131047 135335
91215 139213
105618 158545
106337 155180
115348 148940
99188 153534
108865 165854
100774 144334
124281 117819
162604 144740
130003 121166
107674 138089
124358 141860
122039 132039
107496 154169
102822 157755
170549 161827
100120 160776
126511 140516
116265 158964
103664 138350
105876 139495
108053 157657
102106 148695
102072 161125
119049 123588
110523 143566
117831 174922
150262 168969
110454 139349
104772 167826
114937 142344
112315 148953
138585 119369
132840 141008
100915 147184
100874 154758
102239 151080
102684 174242
126045 122501
97786 155150
98139 161198
112793 155880
97978 165215
98165 152757
130925 152307
115374 166390
122588 150055
164899 140722
132140 119056
148351 130315
165112 148561
119252 167468
112830 163040
107710 159566
114457 145728
150760 128326
99490 152809
132295 127273
141839 122282
101993 144467
115816 176511
149127 129372
118237 141374
99356 154729
161451 169867
110930 135749
135976 129146
99343 168029
130455 123856
101434 158353
109160 142868
133581 114471
161841 160599
111763 153587
107840 164946
105688 148648
101658 169448
106437 155192
100232 129207
130227 127877
178033 163339
143720 123947
102667 166441
114701 160170
130884 125186
114899 158460
146053 131533
108636 152636
94565 145457
166318 172907
103528 163950
115034 172668
133584 131817
107980 159856
103011 154760
144377 145009
108461 151975
124063 155081
152155 162426
94975 154175
142803 126913
115714 128871
113679 121564
162132 140225
99858 159380
149176 175110
155272 130468
116128 157528
117840 146971
115505 132764
121718 144182
145142 110298
102009 151905
134980 137370
122872 130450
148413 137698
122460 143999
93699 151485
101996 144383
151891 123608
95262 156997
103833 141011
122066 143938
117017 119049
153138 146514
109885 137279
129422 144494
161516 176279
141672 122374
132445 145869
133074 158071
130002 156552
163914 144524
115626 123968
106880 163218
112612 154387
149941 147512
107682 142488
99538 155120
110666 149850
102312 162816
115371 158278
111516 154517
111873 145811
141345 111316
110525 156348
107264 157246
107837 154575
111550 155439
121549 160574
130805 124122
127426 133730
139425 154416
109236 160916
167315 167605
118069 145275
142966 148464
129673 138956
138704 136450
129695 145495
140880 122547
155319 137293
101967 161945
163664 155270
130099 119876
129007 125931
105342 148209
130629 136795
103406 162930
177079 160444
123002 112142
98100 157475
98400 157055
128922 122489
95757 158619
133992 146692
113460 142159
138064 144390
111061 139265
116622 158303
120042 137379
121193 138333
126265 110010
97804 151384
112547 146789
99728 158163
103610 168359
133228 139187
119545 123777
105969 139213
156825 128395
136427 123256
98120 147790
137303 138240
135571 133222
138199 160212
114593 179103
119566 158676
124193 138096
171803 154905
120184 144772
107820 161531
100419 174083
120845 113596
123209 139894
151991 136585
111863 153975
103210 148749
116930 166541
103289 163279
99463 144865
155514 146034
157542 150212
130903 158420
158831 121469
121520 123582
118967 130102
129207 139359
112109 119343
129320 130447
171170 151815
133940 157062
103745 173338
90024 160833
153605 137424
98004 140257
100805 146908
118960 124191
119953 150190
107142 165778
134712 138719
114397 132342
106389 143958
112359 113774
120115 113003
126620 142712
115229 157380
102195 151179
108266 112838
110935 156778
119529 139429
168089 155459
132109 121458
100392 155835
142557 169934
103194 135868
139801 136162
98808 150341
129689 138076
160120 157269
130656 125498
131780 159456
106851 159806
112055 137221
111241 124580
122538 117383
101246 148660
107948 154554
105766 163826
137112 122311
133312 149189
120975 144460
143960 146157
102985 157523
151067 138252
106901 144192
172109 147386
104809 154013
107747 145249
104723 154785
105845 141446
106482 155547
128836 142855
111421 151171
139183 123373
132738 120886
109822 137705
131848 120465
106707 160434
155842 131272
158253 143414
115588 141766
129415 138981
99766 162108
103595 151258
139935 146653
104625 137184
150794 147161
161575 143614
124865 108169
136223 154317
105983 161033
150816 128922
114392 156607
127277 147505
102409 161415
135667 166702
133836 122346
101107 153899
101657 162503
109074 141880
172046 168073
113213 163115
94054 159461
169285 160707
107843 148922
106210 141313
154753 113961
127054 132311
107720 155982
106686 152747
117798 139431
97568 159123
137986 146786
110276 171924
171142 167986
115572 154226
104650 141554
144835 141868
93186 150058
124179 132661
100412 161559
112883 153419
126866 131648
143655 119666
138134 135868
95032 142055
115476 152649
109170 129180
169404 166184
101847 145072
137949 125913
107377 169593
114363 166150
168340 157983
106058 127583
167276 155665
112117 151500
153840 133498
133091 133030
107274 158779
176957 143659
107307 149869
167486 159698
123158 147869
143520 151294
151817 128356
137342 150482
123533 160060
103476 151320
106337 169163
141520 130966
130248 148658
106652 135273
98634 177960
132725 121191
117839 135014
104069 141932
112597 159733
111177 138310
112489 144384
109489 172037
94459 160120
100619 176402
115182 149180
138190 128909
135771 117774
107134 145951
102722 176413
97022 158934
145710 123167
134934 127962
108465 151118
119621 138058
164235 145877
103394 166905
122766 143851
108897 161974
98078 157430
100820 156304
144353 134368
162374 138857
97857 165239
107951 144028
105410 160038
128707 123836
111366 159123
136116 144331
175344 142069
111520 157928
155456 137811
112294 132232
110213 153157
153544 149299
116235 118614
132941 138287
106519 135616
138302 130580
131969 122989
99488 148471
120938 149528
120456 130765
133380 136412
108726 134688
159082 134811
108319 129299
154814 160039
103947 165969
154880 127241
99162 138679
118949 152965
107542 147385
118723 152911
139237 117895
111459 139370
103525 154142
118167 129465
95022 155382
114071 152166
108930 148898
126686 120032
115519 141527
101864 161387
101034 159287
99068 144975
125752 137693
97888 171332
152731 143976
145342 145248
144203 116693
139306 151783
174748 162749
110620 141903
127708 125372
112300 136647
114527 140167
146727 147481
110330 159375
106209 147090
97649 163756
102156 166134
119359 151902
108848 141534
97105 158416
135860 128955
92815 136162
106803 153657
112900 137046
118926 125571
108076 163774
103607 154435
114505 141275
129404 115805
123167 125143
131548 126169
100540 158173
170079 149938
112602 154243
113276 155227
130097 113684
95743 158829
148039 138663
94344 151357
92551 162238
137962 127152
119097 140237
156519 145991
124371 163863
117602 153816
118634 147115
121702 158751
165524 169986
109627 159005
115305 153191
115400 153360
147615 130386
127394 131153
139598 142780
114830 151681
108654 160415
108143 156508
156967 154417
126269 126799
130993 122123
114681 147737
106459 144351
122241 131692
151004 118725
126600 124880
145290 148443
129212 124686
122839 108425
150029 148700
111041 129237
127407 137146
130441 123199
103709 184138
167349 161672
104460 139857
93385 177355
109322 146448
118000 128977
107585 153560
110803 148153
150310 125417
119581 171688
153968 136416
133384 137648
129603 152264
101227 140040
155533 152021
101667 147712
147313 152152
130500 138615
114237 161564
160030 160064
120814 126972
106130 160104
129110 151353
135593 146774
122840 126283
124294 130676
131996 132693
104829 121671
103791 141958
108556 140963
168060 174721
110197 150611
109565 163909
141031 136461
136947 137007
106159 160218
113084 147078
107145 143430
155341 121611
142500 129453
118692 141035
120448 154490
127109 129028
99945 138943
134301 121631
139997 120965
163780 159905
118975 162224
109757 164066
94054 163066
134730 128049
110955 173540
104957 160824
106533 155078
128215 143780
105567 159368
145999 124849
109150 135055
106836 164258
121151 150885
150958 139620
123944 130694
124931 169840
108604 153846
125310 140615
164754 147781
110459 158172
136402 132461
117813 134205
110620 158773
133493 135215
117228 118641
127841 135983
113415 137669
158647 179586
141840 130186
100099 148258
148834 128923
105828 149213
156897 150622
120795 113621
166437 154847
103033 148341
119511 129142
136466 142861
154122 143708
144646 135197
98764 154389
121531 152748
136162 134757
101452 141803
108881 162961
115898 153037
108808 160504
105470 151512
147418 125912
131245 159673
111944 166795
126636 129106
162643 155313
128851 154240
155276 129716
174544 154888
164360 155997
109584 140783
103080 155614
150102 141976
103010 152752
124173 119493
100241 159850
98982 130150
167378 149725
92267 145400
110964 157534
101859 170588
165759 178287
136588 122262
143898 108593
110439 157588
118002 131003
130469 144865
105002 164149
142453 127295
109811 175861
98425 139242
110727 165560
142437 141797
116991 127674
125987 124276
111799 161227
109293 166610
103018 150438
122513 155964
109893 160227
120554 155589
150012 149771
118019 166326
111234 131563
168811 148187
166550 138530
136685 140455
140106 132700
111796 174506
126829 146552
160955 172444
118611 146622
107555 127214
132686 154846
126536 112050
96364 171135
101427 144169
105254 149585
125872 134113
132748 121203
108194 144933
124373 127562
117393 130761
174452 146312
147716 151577
106216 168486
117178 143685
135243 127421
140410 125358
151510 159351
123702 142189
154667 140433
94421 167223
99913 157016
118007 155527
150622 146362
159391 172077
120878 125631
124863 138091
145183 139390
160226 151592
123046 148899
155128 171843
109464 148818
137756 139326
115931 141343
139502 136803
115138 141092
167481 150287
116550 153771
98321 157986
114616 149681
127475 131450
107597 170831
111052 144705
130142 145134
94741 166798
139523 125515
120924 127806
109156 153319
121138 159004
122464 136522
114807 159929
137290 141740
130343 128386
166036 157875
119753 158284
107864 142948
174035 150409
140365 132587
103922 161838
115125 141470
106726 152924
106484 135406
104064 170179
116709 148327
94381 135459
148302 149864
105647 141253
135748 132875
99109 146310
129688 123184
117702 150156
139477 123929
110280 150443
119399 124186
135035 149989
124468 124091
146246 156130
110084 156507
131114 142289
122010 131648
117082 145646
130497 139453
173139 142009
99899 144012
136336 122212
101052 158972
133494 124367
140431 155686
125855 118111
173518 163207
123786 120326
142777 130197
112600 134911
158779 146199
131472 132022
120764 144527
97366 168249
99727 151007
133679 135726
109451 124926
91237 145368
101138 139903
136442 144909
159714 176258
144157 117048
134629 132770
131178 116265
105606 154855
114532 116789
112070 157885
114208 166586
104316 159883
134658 126679
107010 148325
139446 134595
120759 131198
106285 149930
108711 116435
144936 150709
170668 154331
99285 121466
125795 160796
106455 164765
157366 122363
108941 153830
159065 146320
129804 149113
99960 157757
