35574 2521.39
125899 133529
122860 146097
150496 123321
144055 130000
148444 124083
138767 131922
134953 132683
147538 126485
122087 163088
125487 142523
122647 160336
167003 122782
122840 157350
167876 122358
118261 167205
167885 120328
126316 141818
123486 154184
170033 122348
158609 123780
122911 159192
134062 133555
151232 125901
132975 134360
129416 138754
156903 124813
149750 127147
128917 139581
148120 128374
144249 131643
140061 132493
147617 128861
132648 137049
139467 132769
146174 130150
163702 123745
150873 126535
145271 130725
145656 130304
142588 132399
125625 150195
126158 149335
125563 150461
125542 152295
156114 125862
145546 130643
145244 131441
177214 121901
122510 167374
127414 152211
136016 134115
133486 137724
147206 130191
132169 150791
144473 132315
145284 131685
146543 130411
146027 130976
133285 149517
135568 137335
134137 137653
123926 160030
161968 130133
177710 170310
157371 161286
167777 169737
164937 153666
176815 151315
163075 157664
166065 166316
178662 144662
179674 162800
163808 168499
176281 164003
170028 157013
166062 154307
155914 174074
150710 155040
153614 145988
168691 161405
168841 164713
154985 178260
165628 157692
180829 168121
161662 160345
163532 167279
166317 157731
176492 187360
176370 153886
162198 163350
166440 162945
173201 170378
169639 176520
167951 158892
164735 168543
168537 158979
154160 164075
163128 152940
161281 160007
159045 160468
167185 146370
163078 160674
167458 166038
153157 174881
156332 158408
183056 163703
153246 156943
162990 152381
170847 165823
166504 171765
159456 164660
156823 170492
156809 146483
158960 169895
151398 157231
174958 162152
165303 154377
161187 163969
170167 172242
155931 164423
169911 149526
168338 161755
167279 168548
154544 166655
164557 174478
170218 161338
167479 155700
141145 163658
180223 165875
168350 167320
165684 167478
164739 155179
148546 170497
167075 157134
151211 164711
157961 168662
150646 155319
165290 164527
144626 154674
166190 178340
152420 162015
171220 150400
165933 159971
169899 158024
162132 161525
139873 167669
165467 151817
162042 165554
154668 168766
154297 169757
166108 163805
155803 151353
162035 163398
156753 160070
166515 165017
164159 167217
149866 166298
157859 157213
180292 151091
176204 163145
166419 152573
155324 164038
168659 160228
167240 151815
156853 157166
156200 163409
165188 170104
156847 168303
163862 169987
175823 159428
167181 178156
151189 177853
150512 171319
175119 159351
163380 163966
168564 162224
163871 164497
160833 169101
171143 164159
164367 150487
176805 168293
173697 170046
164605 150335
164915 164357
156937 161774
160566 155896
167829 147548
180540 161184
170618 179308
160954 171875
152015 154228
165005 165024
163762 169530
161726 164792
151319 169464
156564 169539
157243 158394
164755 165911
159102 162873
157103 151994
176218 164378
161445 154899
158164 150172
164878 154897
170581 167028
179616 164050
174352 157274
162086 156673
154567 164703
154332 171837
150046 165390
151643 160927
173075 144448
154652 161977
163368 177824
172981 163528
153170 160357
165532 154881
169327 165292
158422 175496
155759 147632
168787 165973
166099 176605
163771 164996
150888 177187
161741 161689
166269 171726
170547 153202
166385 177128
148846 162295
148388 166441
164551 177043
161300 178345
168015 166285
172204 149198
168217 166041
153524 177101
152511 168865
156704 164697
158343 157789
170699 167215
161689 180383
166215 156470
185874 171819
171263 168837
159630 169797
157348 165168
165899 149298
172793 155877
151284 162711
156604 164075
156322 170201
169355 182845
150960 163549
156670 174204
175705 166438
176768 170771
170027 161514
158762 167677
172752 156733
146901 147599
167392 168752
158722 163427
160793 153788
177951 166242
154748 153908
165456 154234
165564 175481
158215 168850
167904 162073
159833 166056
175587 144408
154993 156604
163493 153077
160262 163933
155349 165295
167733 150729
168722 160859
176209 169385
176409 154277
156450 167450
172563 159024
168393 160974
178837 168582
160585 154573
156269 171234
167720 163263
161491 159300
164635 160068
176366 164794
163490 152443
171988 155554
170816 156348
158620 165419
173346 165913
159989 153859
147083 159578
162060 169276
173197 159702
161637 159967
174246 173002
158642 173187
156299 166113
170050 161119
173968 157517
163641 150906
156043 163293
169117 173144
164221 166317
152673 162676
171857 159896
155726 156578
180591 167952
161695 157814
166867 167883
180627 170505
162928 165036
175282 172500
168288 168756
173528 158904
159338 152704
172967 165276
159279 156970
158182 165617
158197 166116
160952 164503
159684 160421
158849 167541
164919 152855
151375 166970
168878 164006
164093 165562
157339 161329
168756 173504
178568 165189
190220 173220
169248 158857
152606 164461
165465 157479
156620 153850
173549 158673
164597 167466
170047 162388
169238 165867
164898 164840
157073 170714
169350 152175
166307 174891
160725 151625
171832 154233
177213 168599
156660 168920
157324 158872
174205 163185
171797 155417
166998 158941
159925 156775
166466 158040
171696 152252
167649 159384
169726 168177
176319 163268
166272 165861
163303 172434
162775 156667
165082 161267
161927 178337
181505 184770
172050 177750
170935 161517
166876 166437
160783 157650
164574 164711
180663 165029
164474 159956
169903 171106
163902 149588
166234 150798
146058 170038
151634 155325
164460 173003
164055 158884
169051 186084
185204 164620
157949 162268
161450 165713
157131 152392
165163 165715
161128 163564
161396 155539
160229 177170
166898 158842
167083 147434
171255 156129
163982 154972
165401 176496
178688 159339
143378 164206
162019 153297
167802 160647
164557 175505
166883 151363
151415 157977
169210 166791
161425 159757
163751 174831
170452 157240
167959 169025
185927 170063
168392 167585
160077 156408
165229 160649
174336 174283
150161 171122
158175 156061
178005 159082
166653 158507
164755 165782
143074 165105
169151 168725
156297 156698
156973 150994
165095 157791
163093 156681
155211 169934
170549 164897
164470 139613
180509 151319
159563 144177
175917 160772
144967 164339
159279 156457
161559 164323
154013 155541
168032 171446
156374 156368
172432 149031
153578 166292
164609 169518
184079 159775
163734 171392
170616 157552
166118 175795
160641 158862
157645 167277
162281 164383
150655 161784
158783 152717
177256 169032
158015 172334
162131 153648
146458 171930
140035 162177
162843 155259
156194 162304
162719 168628
147680 141320
162052 167276
159788 151611
168248 151273
158484 163190
177598 169164
169313 163057
167144 154604
173045 171951
170219 164620
149716 161416
168583 171432
171184 164573
171143 155747
150126 164395
182388 177544
144993 167313
144780 163833
171114 162180
160424 155098
171831 162980
156398 146317
158534 172248
163494 168897
157620 158122
163500 165553
179336 156630
156707 166145
190678 159811
161095 167098
161872 165818
158272 169709
159592 164381
156356 168299
155660 172349
168377 175111
161762 171209
167470 166022
161869 163006
164694 158140
166075 162878
164450 163168
166929 160178
169932 167722
163229 156038
156992 155001
161315 137970
167287 169856
144337 157946
166714 162057
176854 151672
149678 149843
166016 159133
177593 159100
164327 153465
182878 178629
156873 165644
171620 159072
158295 154714
157478 161694
167030 165951
178350 174418
164191 161929
180390 160677
170548 161854
170804 157313
158876 157353
167607 169735
156853 153352
156185 151127
165246 162069
183948 155536
144498 163038
160176 164559
168286 147627
161224 159641
175614 160705
157924 167133
167448 161218
158192 170962
153380 158960
161243 163940
166571 162911
175874 157817
172201 173689
154939 163313
173700 173758
156933 164909
181151 167551
156978 139418
182054 150960
165946 165648
166174 161310
160737 157414
162961 152654
171522 172390
152346 161250
181133 165661
151647 164366
167964 168853
153469 166238
163500 163664
162305 154316
160889 155171
158778 165925
155888 160250
170449 150438
153097 155254
167406 174146
168038 174545
163185 156964
155982 164932
164685 145625
157496 149982
171624 147693
163900 157563
174460 161803
164309 162511
163939 173178
171997 154617
153292 148438
155183 164437
174154 170949
171291 152545
175581 179129
165999 165440
167919 169817
152518 164438
163436 168260
168407 159418
164066 150113
174742 159926
163528 163053
161581 163713
164225 157417
155536 161259
186695 164229
156306 167940
164243 166461
147630 163692
166637 148216
165276 165468
165644 166819
181955 165298
162359 164476
156712 169065
161111 163471
167003 138507
161766 168700
172166 161626
169192 172357
172030 175472
164628 164916
159981 152036
168426 171480
160751 159459
156992 157845
144743 152893
171703 166979
158605 162234
153353 163691
170895 153821
164098 168631
170239 161311
166864 151735
176369 151999
155489 167627
179523 153234
168445 178867
161286 179079
169929 161527
163299 158221
161342 155444
162971 159618
161787 168011
180926 173533
162505 167276
170539 168018
164700 165642
161302 164609
158026 161817
161881 162641
182894 166474
169253 160486
172769 148814
153515 166314
162540 171621
172120 156838
174145 161769
153694 165279
156602 160590
152210 159247
154902 160217
169732 180731
154929 159994
173604 163587
157215 151003
175097 153408
148801 160065
173545 157445
161069 168419
158668 157245
177416 152173
163095 161714
159386 164833
161956 145311
170425 158505
156116 163194
168439 151485
162179 142075
166755 143404
163576 149379
170588 162133
178259 156509
155107 157938
183700 170022
154883 168987
166887 171798
173829 160593
167950 164087
152072 160585
154775 161480
166777 167965
166475 162447
151745 168982
166036 158709
166785 169477
167114 175068
150001 158148
165127 165715
162493 150219
181154 152455
169571 172048
160634 166169
162048 163918
171058 165848
178641 158279
169466 165175
173959 162775
154964 152685
161805 162229
171560 167081
155680 153570
165818 161038
149925 149366
157101 163358
180696 159957
154768 176661
165639 155638
165124 159223
160305 163796
167211 169401
148998 150119
154603 165318
151188 166360
154256 167496
170167 159838
168519 163001
174495 164153
180061 159632
161742 153434
165958 159962
183059 150356
155461 150438
161609 159813
163364 161046
162297 168249
184078 164818
166700 156924
167196 159937
151860 164368
168733 163804
160295 162946
155013 157930
164179 159780
164721 165560
156550 158620
172213 172736
176343 165482
143944 171031
164075 167321
155211 167518
176906 165077
171520 173233
165694 161440
160954 154815
163304 163689
159639 166827
175834 170529
154027 154753
171834 153670
172184 167303
173499 162223
166951 164915
163235 171276
158283 156718
154765 153714
157348 172324
170013 150471
173375 152440
161492 171634
168648 153936
156161 154296
170529 164109
161218 169366
176302 146487
153859 158041
147124 168748
176627 168368
167462 166741
156655 167858
170712 167526
164150 174236
154711 164775
162575 159813
142240 163178
163551 164322
168025 172366
167809 154067
163307 158133
164003 171120
160031 162128
176950 144933
175166 156236
167848 169910
165333 169753
153788 148049
182277 170221
161361 161501
163148 151740
164832 151150
157836 174546
163787 156595
154322 156564
159161 170504
167487 149884
160791 164669
156858 164121
156734 160972
163884 148941
171197 153610
162863 158953
169132 154461
177685 154982
153750 153150
163246 167470
161408 175700
160951 157154
158867 175745
160252 155362
143148 169873
159615 165359
156439 159795
161744 163529
145327 169691
157569 157448
157441 160955
161739 165783
171158 154751
149502 158845
150126 154396
152095 156834
162113 157123
168226 162239
163499 166159
158016 150970
153139 174112
168928 167498
155934 157520
164872 169539
155468 179446
162622 174407
164593 174075
149329 157029
158701 158594
164647 174296
150854 161285
173742 155748
168628 153373
160963 152226
154048 157598
154189 153388
159606 175445
162052 154998
168918 140591
167934 160093
168649 165514
160117 161055
164328 162710
165588 156345
172581 156172
159736 158728
161159 172604
167196 167035
177526 157634
159577 162505
162995 169708
162602 158455
164059 172720
158898 168336
168627 164941
150297 154648
161941 148880
159324 164885
170130 165295
175660 167633
171004 163490
168037 168971
168329 177657
171121 163875
161119 153904
171805 163635
166187 158716
166331 163841
159392 158441
153770 176936
165868 166132
164397 173590
156012 168007
158550 157776
149532 160784
169376 149533
160081 161706
154393 158842
155850 161543
160842 150488
178485 164570
157375 153789
167292 162497
163917 150664
163564 168581
164130 175393
164590 155977
150173 172109
175290 166102
164244 148861
175422 177418
171767 160351
157944 159244
167311 153500
153049 154411
168473 181429
157885 153554
179264 170117
159136 179705
158106 157041
156813 172246
179780 162896
172162 160646
173672 159475
164489 170717
171004 174168
165367 164008
171754 171401
158732 165843
174787 173270
165286 154509
160827 161009
166578 171903
152519 160982
157236 170412
172813 157573
158506 158080
166265 153301
178062 158969
184509 151410
172920 156464
143723 160591
157515 158706
164148 161306
165911 164382
160927 156323
175960 166315
162285 160018
173677 151221
178769 162898
168130 164307
156341 162310
176662 169282
162341 151591
157102 165324
162546 147169
163065 157934
171328 161431
164066 177087
157685 180343
157182 168557
165102 171065
144764 155883
144510 153772
171801 155306
155583 166798
135530 146534
163943 172475
170946 172084
162262 156475
164049 161729
182047 179378
179823 171673
163133 173112
160331 149938
161715 161824
173336 157213
165523 162309
156022 160346
159842 166651
171219 152611
164485 155940
164053 165106
154110 174446
174640 166283
170769 159587
142526 160251
162309 163071
174049 169163
164962 166652
150274 165118
176599 172231
163710 172207
161122 161558
158410 161431
163998 158620
166073 172852
163422 148546
158585 158459
163484 167066
183172 153676
167947 161013
176078 160155
170654 161152
177201 152457
178365 156850
160769 165207
159530 156794
169856 145171
163232 153670
169827 160137
165563 164720
154709 161160
172803 159530
165708 155046
154171 161954
165040 159634
164131 165782
