5301 1082.11
104847 40989
103581 41025
102589 41089
102554 41158
102370 41163
101562 41222
101343 41296
101136 41384
100347 41435
100347 41435
99467 41520
99432 41589
99332 41640
98440 41653
98221 41727
98221 41727
97687 41820
97225 41866
97006 41940
96987 41948
96472 42033
96210 42071
96210 42071
95957 42153
95579 42234
95457 42238
95219 42320
94942 42358
94826 42401
94723 42432
94311 42521
94311 42521
94092 42595
94092 42595
93747 42693
93747 42693
93524 42786
93352 42840
93305 42860
93305 42860
93128 42983
92788 43012
92788 43012
92565 43105
92565 43105
92346 43179
92242 43255
92169 43302
92019 43348
91946 43395
91800 43422
91727 43469
91727 43469
91283 43574
91283 43574
91060 43667
91060 43667
90841 43741
90841 43741
90841 43741
90829 43893
90456 43940
90456 43940
90222 44031
90076 44060
89614 44106
89614 44106
89561 44180
89376 44188
88861 44273
88861 44273
88861 44273
88623 44355
88346 44393
88346 44393
88108 44475
88108 44475
88108 44475
87902 44592
87808 44648
87664 44674
87387 44712
87387 44712
87149 44794
87149 44794
87149 44794
87149 44794
86849 44967
86779 45004
86779 45004
86541 45086
86541 45086
86541 45086
86541 45086
86241 45259
86241 45259
86241 45259
86241 45259
86115 45418
85720 45492
85720 45492
85720 45492
85497 45585
85497 45585
84954 45658
84954 45658
84954 45658
84735 45732
84735 45732
84340 45806
84340 45806
84121 45880
84117 45899
84047 45947
83898 45973
83898 45973
83513 46040
83513 46040
83294 46114
83290 46133
83162 46199
83071 46207
83071 46207
83071 46207
82905 46332
82554 46359
82554 46359
82335 46433
82331 46452
82331 46452
82112 46526
82112 46526
82112 46526
81946 46651
81946 46651
81727 46725
81723 46744
81723 46744
81504 46818
81504 46818
81504 46818
81504 46818
81504 46818
81376 47042
81376 47042
81203 47111
81203 47111
81110 47219
81037 47236
81037 47236
80818 47310
80814 47329
80814 47329
80595 47403
80595 47403
80502 47511
80502 47511
80502 47511
80372 47609
80368 47628
80149 47702
80149 47702
80149 47702
80056 47810
79846 47821
79777 47830
79777 47830
79684 47938
79469 47949
79469 47949
79469 47949
79376 48057
79238 48113
79169 48122
79169 48122
79076 48230
79076 48230
78873 48285
78873 48285
78873 48285
78862 48381
78642 48449
78573 48458
78573 48458
78573 48458
78480 48566
78342 48622
78342 48622
78342 48622
78266 48717
78266 48717
78173 48825
78173 48825
77966 48890
77966 48890
77966 48890
77873 48998
77873 48998
77822 49048
77822 49048
77729 49156
77656 49173
77656 49173
77437 49247
77433 49266
77375 49326
77214 49340
77214 49340
77214 49340
77121 49448
77060 49509
77060 49509
76841 49583
76841 49583
76837 49602
76618 49676
76618 49676
76618 49676
76525 49784
76525 49784
76525 49784
76525 49784
76349 49924
76349 49924
76130 49998
76130 49998
76130 49998
76130 49998
76130 49998
75969 50175
75969 50175
75969 50175
75850 50294
75850 50294
75841 50399
75761 50444
75761 50444
75693 50513
75693 50513
75693 50513
75574 50632
75574 50632
75509 50717
75509 50717
75509 50717
75474 50833
75474 50833
75381 50941
75381 50941
75117 51029
75117 51029
75117 51029
74959 51116
74959 51116
74959 51116
74959 51116
74959 51116
74502 51288
74502 51288
74502 51288
74502 51288
74401 51354
74351 51408
74351 51408
74265 51469
74265 51469
74265 51469
73907 51609
73907 51609
73907 51609
73694 51644
73694 51644
73694 51644
73607 51711
73007 51743
73007 51743
73007 51743
73007 51743
73007 51743
72920 51810
72920 51810
72920 51810
72892 51918
72504 51939
72504 51939
72504 51939
72504 51939
72417 52006
72399 52035
72312 52102
72312 52102
72302 52181
72284 52210
71896 52231
71896 52231
71896 52231
71896 52231
71809 52298
71809 52298
71781 52406
71781 52406
71694 52473
71681 52522
71622 52527
71535 52594
71535 52594
71535 52594
71507 52702
71420 52769
71420 52769
71407 52818
71382 52861
71309 52899
71309 52899
71292 52993
71268 53056
71254 53085
71181 53123
71181 53123
71153 53231
71153 53231
71066 53298
71066 53298
71066 53298
70908 53415
70908 53415
70835 53453
70801 53502
70728 53540
70714 53569
70641 53607
70641 53607
70613 53715
70613 53715
70526 53782
70526 53782
70524 53842
70437 53909
70437 53909
70398 54006
70398 54006
70396 54066
70240 54123
70240 54123
70167 54161
70167 54161
70167 54161
70167 54161
70112 54347
70039 54385
69949 54441
69949 54441
69949 54441
69856 54531
69856 54531
69856 54531
69856 54531
69353 54727
69353 54727
69353 54727
69353 54727
69353 54727
68990 54760
68990 54760
68990 54760
68990 54760
68990 54760
68897 54850
68897 54850
68659 54932
68659 54932
68659 54932
68487 54956
68487 54956
68487 54956
67839 55023
67839 55023
67839 55023
67839 55023
67839 55023
67839 55023
67839 55023
67839 55023
67734 55119
67734 55119
67734 55119
67541 55241
67541 55241
67541 55241
67231 55315
67231 55315
67231 55315
67231 55315
67231 55315
67231 55315
67231 55315
67193 55527
66933 55533
66933 55533
66933 55533
66933 55533
66629 55613
66629 55613
66629 55613
66629 55613
66629 55613
66629 55613
66629 55613
66331 55831
66331 55831
66331 55831
66331 55831
66331 55831
66331 55831
66331 55831
66331 55831
65983 56117
65983 56117
65983 56117
65983 56117
65983 56117
65983 56117
65983 56117
65983 56117
65983 56117
65983 56117
65977 56504
65756 56566
65756 56566
65756 56566
65756 56566
65756 56566
65756 56566
65756 56566
65756 56566
65756 56566
65713 56966
65506 57019
65506 57019
65506 57019
65506 57019
65370 57077
65370 57077
65370 57077
65212 57164
65212 57164
65212 57164
65111 57264
65111 57264
65111 57264
64762 57369
64762 57369
64762 57369
64762 57369
64762 57369
64762 57369
64604 57456
64604 57456
64604 57456
64604 57456
64604 57456
64566 57713
64566 57713
64408 57800
64408 57800
64408 57800
64408 57800
64408 57800
64408 57800
64408 57800
64368 58125
64368 58125
64273 58231
64273 58231
64273 58231
63914 58352
63914 58352
63914 58352
63914 58352
63914 58352
63914 58352
63766 58423
63766 58423
63766 58423
63766 58423
63766 58423
63766 58423
63766 58423
63757 58832
63757 58832
63458 58948
63458 58948
63458 58948
63458 58948
63458 58948
63458 58948
63458 58948
63458 58948
63458 58948
63165 59312
63165 59312
63165 59312
63165 59312
63165 59312
63165 59312
63165 59312
63165 59312
63165 59312
63165 59312
63156 59721
63156 59721
62744 59858
62744 59858
62744 59858
62744 59858
62744 59858
62744 59858
62744 59858
62744 59858
62744 59858
62744 59858
62744 59858
62735 60267
62436 60383
62436 60383
62436 60383
62436 60383
62436 60383
62436 60383
62436 60383
62436 60383
62436 60383
62436 60383
62436 60383
62200 60903
62200 60903
62200 60903
62200 60903
62200 60903
62200 60903
62200 60903
62200 60903
62018 61241
62018 61241
62018 61241
62018 61241
62018 61241
61999 61490
61999 61490
61967 61572
61967 61572
61967 61572
61817 61828
61817 61828
61817 61828
61785 61910
61785 61910
61595 62007
61595 62007
61595 62007
61595 62007
61595 62007
61595 62007
61297 62310
61297 62310
61297 62310
61297 62310
61297 62310
61297 62310
61297 62310
60923 62503
60923 62503
60923 62503
60923 62503
60923 62503
60923 62503
60923 62503
60923 62503
60923 62503
60625 62806
60625 62806
60625 62806
60625 62806
60625 62806
60625 62806
60625 62806
60625 62806
60519 63139
60519 63139
60519 63139
60255 63211
60255 63211
60255 63211
60398 63255
60255 63211
60255 63211
60218 63423
60218 63423
60218 63423
60028 63660
60028 63660
60028 63660
60110 63828
59991 63872
60028 63660
59991 63872
59740 63984
59740 63984
59740 63984
59740 63984
59740 63984
59705 64046
59705 64046
59486 64170
59486 64170
59486 64170
59486 64170
59486 64170
59437 64365
59437 64365
59249 64387
59249 64387
59249 64387
59201 64475
59201 64475
59201 64475
59041 64681
59041 64681
59041 64681
58964 64692
58964 64692
58946 64768
58946 64768
58946 64768
58738 65062
58738 65062
58738 65062
58738 65062
58661 65073
58581 65095
58581 65095
58581 65095
58581 65095
58555 65381
58373 65389
58373 65389
58373 65389
58296 65400
58296 65400
58278 65476
58278 65476
58278 65476
58169 65691
58169 65691
58070 65770
58070 65770
57993 65781
57993 65781
57993 65781
57993 65781
57942 66030
57866 66072
57859 66102
57859 66102
57859 66102
57651 66396
57651 66396
57651 66396
57651 66396
57574 66407
57574 66407
57556 66483
57544 66618
57544 66618
57348 66777
57348 66777
57348 66777
57271 66788
57271 66788
57271 66788
57271 66788
57161 67021
57161 67021
57144 67079
57131 67174
57054 67185
57054 67185
56953 67315
56953 67315
56876 67326
56876 67326
56876 67326
56850 67487
56749 67617
56749 67617
56672 67628
56672 67628
56650 67696
56573 67707
56573 67707
56573 67707
56446 67998
56446 67998
56446 67998
56369 68009
56369 68009
56369 68009
56340 68306
56263 68317
56263 68317
56204 68389
56164 68396
56164 68396
56164 68396
56037 68687
56037 68687
55960 68698
55960 68698
55901 68770
55901 68770
55901 68770
55880 68991
55880 68991
55818 69203
55818 69203
55672 69285
55672 69285
55595 69296
55595 69296
55595 69296
55595 69296
55531 69552
55454 69563
55454 69563
55424 69672
55424 69672
55394 69883
55263 69974
55263 69974
55263 69974
55186 69985
55186 69985
55186 69985
55186 69985
55049 70380
55049 70380
55049 70380
55049 70380
54993 70562
54821 70634
54821 70634
54821 70634
54821 70634
54746 70761
54746 70761
54708 70867
54613 70928
54613 70928
54536 70939
54536 70939
54518 71015
54518 71015
54456 71227
54310 71309
54310 71309
54310 71309
54233 71320
54233 71320
54233 71320
54233 71320
54127 71628
54127 71628
54109 71704
54109 71704
54032 71907
54032 71907
53901 71998
53901 71998
53824 72009
53824 72009
53824 72009
53824 72009
53824 72009
53700 72585
53700 72585
53623 72596
53623 72596
53623 72596
53623 72596
53623 72596
53510 73151
53510 73151
53433 73162
53433 73162
53422 73316
53345 73327
53345 73327
53345 73327
53309 73738
53232 73749
53232 73749
53144 73914
53144 73914
53144 73914
53144 73914
53144 73914
53069 74666
53069 74666
52992 74677
52992 74677
52904 74842
52904 74842
52904 74842
52854 75211
52854 75211
52791 75264
52791 75264
52703 75429
52703 75429
52703 75429
52653 75798
52653 75798
52616 76044
52616 76044
52566 76413
52566 76413
52555 76677
52555 76677
52514 77006
52440 77213
52440 77213
52363 77224
52363 77224
52363 77224
52313 77593
52276 77839
52276 77839
52276 77839
52226 78208
52215 78472
52215 78472
52165 78841
52165 78841
52128 79087
52128 79087
52078 79456
52078 79456
52078 79456
52039 80251
52030 80357
52030 80357
51968 80895
51968 80895
51943 80972
51939 81171
51889 81540
51889 81540
51851 81838
51802 82155
51801 82207
51801 82207
51801 82207
51714 83197
51714 83197
51714 83197
51664 83566
51664 83566
51664 83566
51536 84458
51536 84458
51514 84472
51410 84615
51410 84615
51388 84629
51190 85048
51190 85048
51190 85048
51190 85048
51064 85205
51064 85205
51042 85219
51021 85455
50978 85591
50960 85740
50917 85876
50756 86002
50756 86002
50756 86002
50675 86045
50654 86167
50632 86181
50588 86660
50507 86931
50507 86931
50285 87078
50285 87078
50285 87078
50285 87078
50263 87092
50263 87092
50198 87693
49977 87875
49977 87875
49977 87875
49977 87875
49918 87904
49896 87918
49853 88054
49831 88519
49788 88655
49636 88991
49636 88991
49636 88991
49577 89020
49534 89156
49512 89170
49393 89487
49393 89487
49291 89652
49291 89652
49267 89835
49047 90077
49047 90077
49047 90077
49047 90077
48966 90120
48945 90242
48891 90426
48864 90720
48704 91200
48704 91200
48704 91200
48602 91365
48602 91365
48580 91379
48515 91980
48493 91994
48493 91994
48442 93069
48420 93083
48356 93514
48291 94115
48269 94129
48239 94742
48207 95068
48148 95097
48105 95233
48074 95950
47988 96461
47988 96461
47520 96754
47520 96754
47520 96754
47520 96754
47520 96754
47520 96754
47520 96754
47520 96754
47462 97716
47435 97868
47209 97670
47209 97670
47181 98061
47181 98061
47039 98363
47039 98363
47039 98363
46766 98613
46766 98613
46766 98613
46766 98613
46734 98783
46624 98915
46624 98915
46536 99565
46514 99579
46394 99867
46394 99867
46340 100051
46206 100601
46206 100601
46162 101129
45986 101397
45986 101397
45986 101397
45774 102335
45774 102335
45774 102335
45742 102505
45701 103424
45447 104943
45447 104943
45447 104943
45447 104943
45203 105104
45203 105104
45203 105104
45171 105274
45130 106193
45074 107280
