5456 1563.97
81713 131513
92726 116379
80538 113262
84612 109798
85060 112336
83890 125802
124109 150498
92283 128628
110661 114509
82395 111434
106298 89482
89293 111770
130806 111739
95807 104551
94501 102420
78773 127027
77199 101054
169591 102742
119943 114836
98974 91308
160380 110529
93578 110040
92633 98647
82337 124044
115178 112792
86156 118461
86844 127152
94876 148344
102900 83914
115114 112443
119634 84470
79363 115364
99453 124826
149147 107333
103452 93082
120359 152801
116700 113572
104320 96471
99790 119306
88543 86442
122777 104570
116071 94993
116509 100943
121887 100204
116020 104547
85066 86653
85878 115880
104084 135453
91493 159415
83404 134364
91488 169242
86915 131833
100297 147076
98404 161042
78837 115579
98673 95486
87477 119268
105123 86134
90325 111716
94187 103431
85048 111541
107296 111073
125352 122545
85051 90322
114081 113303
105529 96146
79838 86641
98307 104007
80409 125755
88279 110826
123547 96397
82648 154599
112988 100475
88833 108636
123671 95596
84444 112995
86465 137454
92247 138316
84480 123464
131024 132633
96268 87342
141134 102215
92279 118673
77139 98549
106560 109976
75791 93359
94092 92778
127579 102390
99470 123196
133894 99256
90925 120413
133502 105432
107423 158917
93205 98306
94956 134279
101283 94170
78050 124734
132462 123661
94521 102184
101878 98843
131227 146930
77592 124185
81809 120100
91035 89539
82925 95364
102352 78132
97082 122923
110107 111633
128928 142706
81196 86609
102962 143981
105094 90242
114145 117494
103878 91825
86250 118379
90235 93895
91985 152601
88942 118138
81438 109268
95262 89098
104096 103132
117411 101110
79226 127103
105561 89344
80847 131416
113561 92558
136134 89550
91452 71955
96414 121572
81974 81515
79427 83485
109427 127165
99602 112287
127776 143787
99340 85968
102853 116608
127124 137490
81668 117841
98297 103639
88119 91264
99039 86606
122331 152374
90917 86599
95454 89623
118459 88205
96010 161395
118090 130247
105877 96315
98346 99504
93324 138707
126204 112035
109242 96112
104620 90408
98284 80400
108355 102832
85419 153888
116207 148887
76612 79634
88447 88032
104249 151269
95241 111201
94740 87273
126774 101239
92841 122574
85593 123191
81357 108515
88755 101866
81215 124607
139710 109644
99380 113286
79611 132470
88085 110858
100063 140654
89841 103723
82115 138578
116716 98709
114500 96058
92481 81820
102440 115953
89764 154808
89830 123169
119318 100428
101661 107370
84454 123011
100244 93094
99650 93600
91593 89514
88533 91853
106750 103493
92568 75567
94921 137146
147925 98264
110036 80928
149171 101048
87333 89920
84901 143160
85825 76599
85650 103196
101656 79901
99091 88371
92364 110185
128888 132661
102885 157006
127246 121918
119404 109299
99749 84391
100174 126603
104884 102616
84720 111370
106784 127923
86002 158804
125005 100578
89600 120795
89666 95856
78109 112510
123373 148924
104311 90960
123262 139743
109365 83475
98713 100107
133580 101085
91394 134397
122990 135603
78216 90997
83487 101255
91651 81743
77330 114868
125303 119670
94295 135607
89552 144410
84112 155204
144966 114285
124204 111387
85730 115343
84215 118867
94082 83200
85461 90200
109672 93459
110551 121935
88475 125685
116293 129863
101036 132840
96675 121563
89175 126916
122416 98723
83809 119721
104740 92942
80106 109561
96057 112989
99411 152853
80946 86410
96101 92468
106816 100855
103383 113236
85364 122073
82649 99155
89712 93781
95966 107465
98820 91714
138984 142610
95328 107684
105819 125977
88140 96420
111862 82492
93005 108984
163905 102928
105147 89399
96025 97575
97260 86332
88772 112632
97729 121610
111883 84465
98616 97254
98805 99103
107407 119697
84132 124059
132748 105090
125141 120049
89325 101836
122689 92064
117663 105245
90598 118006
95472 106426
79759 120073
91658 135389
93026 117595
113660 87265
92827 120205
95060 101828
77131 130158
114496 106101
114764 89027
86447 120036
108348 107722
95693 91621
90775 135828
75441 125615
94533 126319
87893 119559
99200 118294
91586 148656
123477 122561
127150 140169
95122 98756
106079 123051
106103 78026
99307 110000
120909 141266
86959 124670
110988 94038
107509 113733
93556 122228
94141 106559
106633 94700
94704 88144
137192 105414
103964 127226
81808 109770
120873 105381
80018 128149
86590 86145
95483 87407
92561 131614
104750 81652
80439 112315
109493 97807
114990 94657
97700 159479
94123 151898
87110 110411
118676 104925
85151 119617
108000 116897
136691 90877
98181 123123
112426 94570
94137 85222
79008 80001
101631 154507
99963 98106
76987 85146
94603 128666
92431 126891
108975 90940
127410 92358
93862 145120
89570 110579
91555 109607
95983 100957
81651 91506
87042 104760
84835 91370
105623 85974
91042 133502
135164 147716
109620 75494
111943 120647
92313 91733
89601 109011
94844 113424
97176 89435
121372 141746
100191 147888
87084 120155
114231 114526
92241 128729
108985 118024
99151 99787
82808 89146
100922 129703
101368 92406
94845 122817
104647 125994
137513 100601
103506 103565
126949 153528
89866 94484
109381 105665
93657 98593
122862 90016
91350 104647
117693 108988
87146 98843
106492 103023
105566 93492
114981 101086
100245 97993
91474 90351
79814 115546
89075 119719
141368 105867
120241 106789
132754 140346
100367 121750
115512 140089
98236 89575
76140 109149
98215 148229
79605 113496
88238 86831
97152 156986
79811 101014
92729 119290
79523 91648
106637 120855
104675 101726
89641 113348
130991 102750
119877 106980
100046 87290
109634 96852
91926 94407
95791 113630
95596 105789
136258 116933
89684 152934
84390 83701
86184 124107
83293 153198
109847 128773
121535 124095
119117 105248
96571 144626
121476 106815
96873 92925
116415 106825
121245 148394
112595 88266
103857 96468
93424 103165
118736 153826
120605 110752
158277 97353
89087 127477
112891 103721
83700 117252
120474 147441
140267 107482
101970 88389
97306 141695
96776 124747
90544 143173
137772 133172
122312 106953
123397 153029
105854 80957
94166 108799
92678 107857
90498 101454
122497 148162
131951 106119
116078 116888
108101 105854
85190 109431
103899 115724
95806 90078
111335 109763
163131 112785
99386 129198
124125 107237
91706 91149
78374 97294
141455 90568
84216 119057
99563 91625
88486 114151
101645 94685
90426 111818
125591 96357
117360 105638
80684 100959
99924 89442
90683 86272
128459 112712
80995 107731
112931 108038
94077 131456
115992 118547
84626 121415
92645 157080
113688 86461
117062 79316
111646 134679
85460 88440
96197 107839
112767 105121
89797 136548
104185 148875
119035 147990
107062 93258
108737 109660
101246 82676
119778 113511
101715 118844
88696 121732
84772 92672
95075 88903
86561 138709
93049 101367
96879 141504
88671 116528
84461 88282
129603 124954
89699 100365
93098 103538
86059 128845
102551 79705
102123 92893
82417 100291
84612 92108
98714 135959
113130 128663
102118 129539
122579 106242
118228 99451
122641 117638
97115 138649
87339 96931
122675 97997
88794 143079
111916 135761
83796 100290
83641 84807
105241 101132
124148 146999
88383 134894
98789 158411
91569 111665
109495 141193
98379 154461
95548 100878
169749 104977
85104 109781
91692 93898
121550 122532
131958 118073
103059 91792
131584 101135
90959 83117
146051 107112
125589 127155
88778 118889
121291 99911
143896 91591
104477 85969
103300 153479
121427 136506
119969 156609
101815 101371
105492 93523
117825 156411
106047 111488
153051 114657
101330 88869
120351 107180
162628 98271
96547 86417
101908 94685
123048 138467
83739 124538
95653 94971
116822 87409
96767 147323
97481 111423
129449 113401
85660 135981
90276 90273
111928 94195
94059 91619
79624 115798
114156 137925
89215 101534
121219 96303
84942 124980
103817 92137
118962 111587
129983 97470
134167 106411
87635 137572
88216 87257
95336 128628
93554 159740
82004 117424
84405 100464
85294 143349
81950 86137
112867 95300
89002 114330
99088 87471
83142 109995
109631 122454
79329 84126
138690 100112
82545 148766
122895 152392
78407 90296
102171 94285
80689 131152
118606 146695
119617 95623
105311 106259
92542 124626
88215 106140
109437 104779
157164 110696
97879 118579
87930 128620
101618 82660
102223 103673
85441 136792
105931 97085
104954 85683
116622 89782
87840 104947
103324 90149
105984 115109
145658 103121
84427 122828
134633 111234
96612 99160
117522 126400
91006 89768
79686 118193
104425 124005
184418 111951
88240 112602
77533 125128
141694 129393
95998 136031
118318 150542
174929 118743
146844 105728
79949 100541
99880 92196
82174 86963
120307 111250
94953 84620
125376 119475
119048 85799
109365 128627
152994 101371
123399 145834
107461 107312
91427 113220
116482 102708
85351 95185
93499 128287
99900 116453
114324 98554
96587 111315
122653 131891
85927 126729
118519 139329
103926 117265
119460 117563
76104 109649
86188 125884
104209 122907
101260 93610
98161 108606
112887 87964
120876 100135
102661 109665
80994 124005
74846 121289
129162 105403
84025 118580
117146 154119
146482 105475
95056 155584
122761 157717
94934 145123
121282 136757
113247 92223
77076 105970
145864 117032
102951 116979
109000 121175
78501 136109
89212 92211
160082 100412
107145 109338
107783 107845
140846 105352
90793 166911
120604 92282
91123 123032
97840 80224
108569 88328
99119 93431
87184 124680
80007 147901
93720 81766
106308 95073
126617 152740
99352 96322
107191 109378
90044 137958
104729 105983
99327 88387
87308 95956
127760 139559
130280 104188
83787 106513
99343 121923
104568 106749
93806 113452
85580 167004
91062 116537
109185 99171
155427 106514
94420 115328
117196 131458
150603 114768
113493 105928
91093 105657
100282 151656
94029 146481
96277 128383
97503 122323
95479 129597
97687 126783
94944 118062
86248 111092
93106 118175
99396 87340
118882 130928
105247 105361
119136 144520
92538 106859
121971 95831
126972 114188
119006 85158
92627 100415
83464 115370
85987 117616
111264 100530
109925 126775
99360 142201
133697 150208
129627 91904
93005 122290
109413 103436
142912 109031
109493 116601
97394 122931
102384 83209
107223 81995
128521 152857
88090 135431
118730 147342
117340 135999
122559 93757
93754 98746
78774 121159
129306 100850
106787 157709
75123 119022
138065 98064
88429 117702
128269 158391
127907 86211
85206 103687
91783 118758
86159 87064
96904 91899
98797 93098
125505 106763
79567 116435
96492 78435
117229 104637
92431 113279
128814 142907
83354 102660
83278 108485
109490 88562
114690 83009
98413 115716
91663 120228
106805 120947
81151 95144
93246 83897
123791 124498
98673 104866
108964 86503
94300 114363
104901 89362
97426 101729
98153 85469
87321 88961
91380 106219
79350 90907
84193 116868
115482 130217
120994 83723
101962 82952
97875 104793
92035 165705
103691 100180
116159 92969
120254 143445
95129 89751
163854 103392
103028 109350
103300 98184
112143 103608
164370 111130
122349 146722
102421 106129
99287 103838
104570 113761
91912 122024
89567 160296
117307 103223
112457 80769
101257 127010
85566 141915
81623 116933
92631 137703
79694 117123
87635 105207
81311 113856
88706 94283
98284 133019
88143 116442
83808 136489
101548 108853
131728 133468
83992 110972
93249 141782
92142 101867
112946 89341
89628 109412
108773 98634
154704 117883
125425 89580
93295 147626
94479 83691
102167 91936
100469 157570
106430 101364
106483 81720
103817 99370
109378 122035
91486 93581
90793 154393
89185 78927
112522 101171
149328 93784
115127 99074
115575 110821
94176 151815
90922 104194
88074 99786
102305 90052
126544 115025
88998 137074
95031 117964
104660 142424
105069 105100
96499 99683
107013 91060
85804 128902
138495 101721
118712 136693
112511 105182
113707 133832
88055 132212
97787 120921
132066 97696
90273 139606
97892 102734
100209 81330
116270 112668
106148 106912
133921 115153
91261 92362
97195 123974
81395 95723
79439 114239
107067 88751
94707 125178
113963 88198
88973 82701
109091 120105
104505 81735
85103 89488
133606 98158
101475 89762
103447 100911
90289 112874
104600 95019
89528 85210
87094 87498
87534 95652
83509 109297
96725 123448
99443 110009
118551 91894
91066 90567
106431 97677
127053 126000
114394 110877
122733 103152
93257 144164
88616 113570
108131 103771
92030 109704
89587 145799
90864 131500
167875 94645
132888 146364
105008 86655
117300 89167
120666 113986
109942 79077
95406 100381
98650 93154
108636 115646
80970 115246
92765 174906
103026 129228
119643 123303
95496 69146
110622 106634
86881 103492
90739 104470
99476 88722
127298 141210
107855 96844
113523 140895
161610 105201
96533 151376
116074 128057
122017 95435
86278 95152
92554 155425
85133 134193
117851 111471
131758 118791
91279 158879
87433 120234
129306 122202
85393 115575
93216 78590
79371 103860
88919 122109
85472 120188
161206 105971
117680 91738
81364 107007
77059 99985
145531 93840
109122 93046
117560 95599
96118 141553
94261 94656
126874 86835
128391 93702
109678 111909
121576 110507
98854 95670
128514 148316
101409 92710
85019 98084
133215 92187
87149 99653
96310 95676
118723 110064
115000 154964
122876 131965
140897 139255
82862 91725
109613 102753
86083 84505
111920 118382
87896 138916
95079 126629
131330 143574
93397 109098
104113 106009
105521 109898
97605 87896
127893 136804
111505 107938
136305 97919
88269 133580
97688 86784
173896 98416
102574 122920
98280 83526
115829 118834
133460 102917
101090 98714
86097 109777
87394 111265
108767 131593
102060 114574
92351 107575
113689 99186
