33899 2401.42
139612 124142
155180 121642
128860 143762
133119 140383
126822 146904
135563 138584
125558 153193
137313 136615
126465 149178
138360 136127
132823 142865
133084 142402
162807 118972
125517 155912
163572 120793
143209 127774
147806 124589
157166 122010
131910 145190
129476 147989
135972 140390
141173 133797
126915 160387
127540 151757
153012 124253
135058 142600
134557 143754
140571 135386
128754 150669
138238 138654
138610 136715
137887 139593
128198 151324
127503 154552
140158 136382
143104 132815
138609 136938
135948 142540
126573 164125
187191 120748
131252 151618
148374 125350
135248 143542
138307 138708
152830 124985
143943 129961
141573 134285
132819 147727
143255 131541
136769 141056
133209 147073
134295 146608
140131 136830
140339 136469
136621 141688
141363 135432
145151 129900
138074 140635
143135 133725
143103 134135
128003 173800
160176 124061
148751 140593
163343 159420
162038 149117
169728 167813
189514 166603
157031 169624
176008 169088
165344 165078
172175 170033
166419 174435
152744 154864
173043 160564
158758 162829
173124 157576
184670 172746
173393 167590
163684 161227
195169 177062
155298 155659
162948 168540
163708 160662
176937 163439
167342 169426
165151 164946
183134 157964
170761 165198
162132 156618
183185 152787
163082 158939
180362 172893
183405 167363
159574 170307
178706 172812
162879 154173
165610 155730
162722 171982
172547 169761
178449 162049
165958 169788
166602 156372
171880 165324
175243 163221
181704 153011
158601 155912
159059 156360
170981 154324
162082 163196
161889 164617
168201 164751
166783 175042
171137 171421
162843 149122
166602 161903
157314 151256
174218 170935
175624 171053
171739 158822
171033 162162
177583 169464
163696 165792
170152 162719
177978 157344
177925 158370
162869 158244
176789 167889
176766 167036
170998 154824
169657 171221
166689 164630
171955 170995
166808 150672
156588 160165
163978 163597
173588 144843
165519 152446
161345 146204
156142 180867
168759 167971
165228 152702
173629 147477
169278 168155
175692 169892
169223 160264
167006 153691
173189 154356
178892 153627
158426 148158
185178 161059
177941 149424
171105 155631
164834 165172
176842 170863
175393 159310
166261 163319
165445 154741
160368 167025
176234 164575
167429 154344
156704 173551
166146 156769
184115 162772
175510 158362
151925 159576
163843 152037
175424 166728
166895 162769
149998 158171
174543 171867
188138 151383
162471 162514
182417 158962
167940 170485
175245 166403
159619 155671
163730 163946
170442 168420
161574 166068
160147 165240
172585 146263
161557 174537
172765 164943
176065 162057
173033 150274
163638 155705
183840 155204
167504 150227
168428 161484
168742 163403
169003 163257
158402 170692
174797 160414
151206 154386
174824 169942
180471 162225
176091 169189
161781 171873
180629 152694
172209 153649
175706 168722
178416 179411
157907 170717
154157 167813
169622 161223
175247 161976
169643 170531
172233 168090
164553 166657
184999 169492
183847 145917
175919 154545
169444 146511
161812 152438
174547 169768
180998 164909
168918 164138
177269 158850
177756 161013
163133 157142
196850 156224
167179 172618
162020 156515
165957 163157
156864 167210
187759 178474
157452 169211
152855 152897
164418 173207
165549 155619
172348 161145
167019 165962
172990 171312
184512 161408
151923 156714
161441 157783
189664 155680
181231 150037
175247 166012
174692 170235
180227 155658
184390 155532
170643 163868
157957 162535
163013 169783
173383 166431
164175 160217
170774 167319
161438 180584
170924 164590
160089 163646
174902 167484
169850 163447
169921 153296
172992 167235
165793 157698
152734 173486
155435 154083
177530 159770
164808 172088
176902 165558
165355 174191
173855 156093
166987 159395
163986 156740
166635 165996
174935 166046
183721 171614
169008 155427
178215 173245
162223 174431
169147 146470
165746 163569
188580 170421
158389 168813
166117 162745
164138 160491
157656 154730
167057 162974
184036 158680
176628 169083
169190 172873
170176 165423
161360 168408
169302 158949
166842 168538
171577 148075
175025 155846
172305 152342
162364 160399
175066 149793
174252 165292
172828 167893
163642 161723
166329 159729
161648 148348
172149 160455
154228 165453
181222 172354
165696 153669
161866 161217
165247 160777
175153 167169
169382 178153
176935 157549
162197 161366
170275 146851
173692 155887
158246 168872
161413 174865
173523 172915
173344 147708
173515 168835
166933 160547
182359 168693
168306 167206
153226 179569
168630 158268
175071 162971
182008 172858
169219 157009
179987 153412
168860 152145
149547 154933
157550 165213
182057 175313
149433 166198
178714 153600
158264 170315
179067 166003
168210 161758
162118 151247
182591 161883
149070 160053
166275 167823
161883 163483
182174 162937
158379 154874
175704 171231
174723 179003
169260 159447
146177 163089
158795 171043
169138 155017
173924 157875
165944 164087
153854 166370
158534 165710
175264 160161
178135 151498
191525 159845
185092 163590
151425 171458
174351 162074
169123 165917
171246 162428
163928 159295
155415 162500
180671 166651
168969 171301
166067 160348
173907 160741
163174 164086
173563 153994
171257 175323
169360 153358
179989 161801
168448 163816
188706 172940
162663 165575
175221 166053
180943 166996
188948 169208
176077 163615
163901 167074
179044 166476
165683 156379
158301 164399
166057 164877
176715 152673
162612 171147
162005 171173
183313 165967
164497 163588
173762 159033
180698 165187
160519 161945
186314 165405
177824 159083
160273 168721
167505 158569
163934 168998
162429 157957
155642 163776
183842 165706
169561 165400
170041 159980
176223 164582
161520 160614
184297 162255
187994 158233
183802 156967
165350 174174
153382 168124
167985 164694
158187 167002
165308 168846
172838 156513
177042 164500
165774 165977
161034 160955
162951 171165
166011 156865
168628 168577
162280 161937
157784 183097
176423 154137
156652 161812
183562 159834
171463 175129
172903 156674
157656 162170
175069 168187
172557 162230
153534 167856
172495 178940
170301 166217
158385 159875
148704 155146
169494 153547
177791 159647
164681 174900
179863 159866
181601 179116
165026 166508
172848 164675
189620 160343
164107 163735
162664 168435
173845 162467
157684 163225
175455 159465
162401 153958
168130 167984
158782 160302
161829 166072
167088 166054
164427 156900
176936 160855
180993 164529
173893 158208
173276 152292
174148 165107
180685 171692
173997 169623
177885 162516
157935 153035
157165 171048
180121 170300
173071 163748
183717 154747
171999 153631
155339 162994
170550 175706
176232 177006
172821 151496
165943 158389
167005 158996
179659 163655
171834 166642
171269 157629
173543 153130
186738 162487
176267 154914
169622 162628
159728 152212
169118 159022
179519 172428
171496 164415
162856 158435
166263 164224
172953 154041
173669 163681
175822 157011
173673 158771
153425 165084
177517 166363
175683 153721
170667 163718
172814 162031
150183 168686
169125 170567
176389 161360
176427 157117
174623 153362
168626 162072
179493 169029
178624 162379
173126 150821
158132 164170
161664 174933
165728 165645
156860 178184
153068 170409
178172 165100
164343 157422
170562 179081
164763 170692
157481 165592
178416 178008
176493 157192
168203 158892
159577 165337
168943 161749
174524 162014
172691 158124
166273 153086
179479 158849
167721 163046
170937 171144
179849 167482
163604 170765
169174 171131
162987 162302
178026 156642
158467 156691
167357 160127
183399 150754
157515 164579
170604 162284
176763 147200
164292 170892
158147 174917
173903 162540
162249 156580
181130 158757
168732 176639
161671 172636
171109 157860
150263 154008
173090 183419
161235 162756
169569 167219
164267 167166
163110 165410
170498 162220
174834 157950
170010 163686
158835 167711
177569 158541
166076 175713
169747 153906
176316 145656
165263 159272
165292 168477
140556 162899
157834 156020
180217 168500
192733 154418
174214 167082
190064 170115
163204 168458
182066 172500
161969 158597
174916 156626
172807 160531
160092 153537
183312 172724
167504 149341
173887 164518
169408 176929
166257 153358
171381 164544
184084 164737
171363 159304
164295 160483
166107 166347
169321 163930
183026 156477
168137 177203
169414 156009
180013 165810
169640 147220
164862 166343
158424 161189
171625 161438
171530 167928
156331 168113
175149 167318
185651 153304
179866 157079
167687 164222
158946 172398
153566 176202
170983 179187
177726 161195
158886 165038
159971 179629
159593 163962
167270 183062
161034 170490
176520 163168
178096 161107
169459 152844
164824 183259
165447 175805
167858 156630
162947 160002
184366 154992
177900 169493
171911 157031
166060 179460
160212 164185
164974 167593
170294 168441
156923 165536
158806 160714
182469 159793
168391 151551
177128 164618
163765 155879
183122 177342
182650 171648
173029 142818
173859 166315
160704 158370
171012 164158
154091 172566
169744 157357
173364 160160
172204 165191
167161 157762
165571 168052
180803 158359
173129 169612
164478 149823
169434 144508
172713 160038
178906 162747
164151 158052
148072 168351
176655 168314
172925 163106
165845 162404
176067 164303
172872 170371
172285 147955
176789 160108
166850 171936
183316 164817
178628 159478
171277 176140
161701 159825
178128 176839
182340 150468
165631 154729
166913 168346
172078 177332
154677 177549
168826 149069
171171 173787
159985 167130
174465 172248
176705 158136
159767 161042
164406 171887
177784 161653
169435 155389
157410 161423
172517 159012
156221 151455
156711 169754
160268 150686
169851 165956
175612 159559
178045 167078
168669 159467
164843 181245
181734 168893
178983 153132
172166 164287
158147 165735
171138 167617
182760 158930
169892 167112
185041 158513
149710 163788
160594 158490
160039 171252
166366 167362
166538 167530
183909 158685
180513 162960
186932 160286
151310 169539
174064 159246
170668 167680
171289 164820
161024 156005
173088 160029
158612 171876
167843 156992
175162 141035
159316 149596
163567 169968
181134 162805
165120 165448
165573 161855
175493 181395
144916 159398
165428 159841
163363 165421
175381 174309
161017 159673
164296 157002
186728 174093
163871 177235
157865 172884
172531 158467
164869 166903
163482 151895
176820 167001
171603 163034
175248 167296
159838 161982
175294 174222
167441 149944
171186 163179
172932 160195
156139 166190
162794 163274
175015 177930
187166 169923
178977 167126
166746 157893
178310 167910
164097 171719
170002 148660
158124 151543
172442 165048
173161 166790
159415 173212
174879 164881
170434 164150
161515 156426
171067 159736
164010 174803
170587 152049
169545 156782
166377 170543
176105 167788
170521 158452
184881 159871
156290 173944
176810 159141
166473 147443
159171 161276
152259 161098
154076 167414
184652 165125
168918 163112
182761 156671
167290 167995
181598 172276
162220 152963
161121 170854
176478 166476
174949 154626
173214 161551
171060 166591
173807 165427
182139 153594
171865 171668
196414 158933
174626 147994
178832 161869
164194 159915
178192 167028
179439 171893
165370 171317
178973 171541
180988 158510
150881 167772
171591 166599
160243 163547
175395 147417
172019 148679
171680 168511
160445 154189
168569 166436
160650 178653
188706 174081
164385 168439
180366 159074
171488 150081
173401 151739
171939 152612
178911 177597
178350 165695
172027 156711
156992 165897
152337 165227
177388 160665
178613 162318
167467 168865
170453 155294
173721 156715
166816 172248
157490 175090
156804 181398
163046 172762
179512 160929
160277 165204
177321 166385
166352 166725
185340 155398
175023 150989
168604 169729
165228 153696
179405 175115
179131 170270
171224 163422
167185 159074
179237 171240
163882 171044
180704 174531
184003 169667
170738 169481
177010 143120
179128 171395
161693 160359
172654 162974
171997 162842
160090 167021
169458 174763
169112 154237
165827 153549
169075 155763
166699 160267
179570 170993
169016 164452
164603 163510
161628 157638
163951 161710
171992 165887
187417 166456
174502 158915
173384 167461
159376 157792
181423 170252
180157 172189
174124 164326
165835 156590
168199 164358
183175 162441
183980 157904
177913 168614
175863 169193
166204 171652
182861 175848
165889 170770
163509 171428
188861 157519
186842 161525
165826 154046
175218 161462
176960 161802
169104 166982
172347 179897
173623 160311
159227 173720
171802 167227
180864 167499
156793 162977
157449 167847
162285 165997
162486 144820
176277 162620
164076 155364
160232 148782
165572 170270
181134 156155
172876 178060
173554 158708
173547 153747
159377 171308
165825 146601
171248 170019
168726 171006
169605 166009
170481 172950
160855 155164
161921 152532
177976 158412
173129 165856
156599 169713
177272 145085
168602 156299
158891 170257
165695 148704
162918 145255
184308 168275
166616 152593
169666 168796
169042 169052
170722 154606
182850 157458
172034 161449
169762 161807
162124 162894
161453 164391
165972 179381
188398 154290
168857 166124
174924 159805
172145 161911
167358 164124
155544 164941
156537 174758
177287 169737
161603 162311
155031 171679
171232 161533
184560 159969
171046 162912
174080 158352
181583 175695
181488 157829
173417 162539
160572 170550
159676 145755
178689 160156
181062 158876
171663 153111
172075 159927
167935 170110
170646 162820
169178 174922
176098 167788
173440 152679
173865 158909
171956 165866
160262 154181
164224 163861
175276 157514
186396 166463
175624 173019
173045 164534
178346 155994
174089 170018
177600 156105
163259 162877
167662 154232
165546 166361
155256 183107
173992 166332
162259 162739
177777 164508
159286 155212
166874 164361
171760 171281
179827 169818
167504 162187
174345 163519
177003 152911
166421 156730
166752 157182
162662 170512
151135 171786
170235 162992
164049 150193
188256 178084
178640 167884
162771 166836
175339 161454
171370 161849
172317 161161
156891 176243
169749 164018
186848 182611
163360 146833
174161 160613
184302 163444
168605 156113
173226 146833
175654 160847
178078 155387
171117 157453
159758 171217
179424 160195
170220 173292
171461 157571
160937 174730
160404 165139
171669 163617
161911 166120
159595 170631
189443 169805
167220 173220
164353 161049
