7918 2225.74
130718 43744
49308 124940
49419 120112
49308 124940
57775 88491
58484 84507
58623 82193
58484 84507
128079 43810
126425 43812
126114 43838
62987 64965
130407 43770
122456 43884
129077 43776
123786 43878
124784 43844
115457 44253
114295 44263
86560 48881
49492 119055
107725 44718
108737 44683
106982 44828
105980 44862
120459 44010
117224 44136
116200 44143
119527 44011
112387 44419
111538 44442
99238 45842
100028 45829
97765 46029
98551 46017
63668 64890
104483 45020
105240 45002
118522 44086
117841 44111
124784 43844
128390 43784
129077 43776
124097 43852
102041 45440
101384 45466
50073 113071
87033 48719
62334 66504
61100 70645
58628 81961
58654 81408
62961 65518
62815 65815
110171 44565
113443 44322
113984 44289
109630 44598
62107 67264
62317 66962
58682 81040
51234 106211
58791 80998
50017 113368
65294 62178
65055 62391
50211 112235
49846 115377
87566 48571
50321 111318
50101 112572
50349 110819
86268 49102
109319 44624
60733 71675
57361 89639
61306 70052
88544 48288
88983 48226
59080 79074
61987 67432
60149 73716
60187 73270
49576 118259
49548 118706
110482 44539
112836 44392
110931 44512
103317 45272
102881 45308
112387 44419
54027 96887
57159 89804
62671 66279
60293 72661
59706 75548
81098 51400
80706 51467
59475 76746
59052 79442
58995 79842
102586 45392
61171 70371
60382 72377
57033 90021
59581 75771
59741 75213
60222 72935
51213 106491
62961 65518
54849 94405
92020 47247
102337 45396
56784 90088
56003 91267
56252 91200
49739 116859
87985 48556
50459 110482
49800 116074
60769 71292
61752 68308
50908 108031
121849 43954
52967 100318
52877 100532
62540 66479
54376 95976
54460 95610
51388 105501
50594 109552
120770 43984
117224 44136
121168 43979
119129 44016
117622 44131
54270 96163
54014 97120
54566 95423
55253 93196
119527 44011
57434 89315
59120 78440
61334 69684
59928 74836
59546 76106
59052 79442
62692 66169
58654 81408
58849 80272
58821 80640
59148 78072
59956 74468
49901 114724
49581 117977
49753 116272
121457 43976
50220 111960
50468 110207
49812 115802
92293 47161
68994 57728
66016 61115
84041 49763
69730 56872
60992 70809
60948 71142
49896 115006
52016 103399
61529 68791
61504 69059
52204 102853
54625 95111
51918 103731
51868 103944
53830 97532
54575 95324
61369 69349
60187 73270
61334 69684
59546 76106
59094 78993
60108 73957
59518 76474
57352 89738
52541 101623
52367 102520
69902 56706
69488 57162
65773 61519
66494 60298
95619 46405
95958 46381
87323 48647
84395 49669
87033 48719
96623 46267
60609 71850
66996 59819
81239 51319
69347 57243
92276 47240
58821 80640
74117 54164
77060 52881
72687 54820
96759 46227
55726 91930
50064 113170
51656 104780
49837 115476
49821 115703
50477 110108
50769 108562
50496 109884
50229 111861
74616 53929
79158 52013
74534 53974
77471 52648
61306 70052
64156 64055
61171 70371
61440 69075
61947 67589
61369 69349
63785 64703
60453 72103
62699 65911
61593 68775
60021 74275
64513 63224
63792 64445
61600 68517
64506 63482
61876 67863
51486 105169
86151 49192
67232 59593
57649 88708
57775 88491
55994 91366
55877 91484
57124 89976
75887 53345
67137 59738
90762 47533
64043 64388
115593 44213
104347 45060
105844 44902
118682 44082
104187 45064
50938 107652
69805 56763
70263 56326
79575 51823
65875 61196
130407 43770
120551 44004
114295 44263
123786 43878
126425 43812
107414 44744
111227 44468
124097 43852
113984 44289
128390 43784
130718 43744
122456 43884
122145 43910
118818 44042
116200 44143
111538 44442
113443 44322
109630 44598
110482 44539
119129 44016
107725 44718
128079 43810
110171 44565
113132 44348
115889 44169
51065 107121
70360 56226
66736 60008
70188 56392
53414 98983
67269 59406
55207 93395
53656 98130
54197 96423
54698 94851
64261 63872
57434 89315
66280 60639
54387 95870
65632 61600
64126 64162
54091 96726
57507 89055
54261 96262
66353 60379
65559 61860
57640 88807
53839 97433
55538 92476
54449 95716
64982 62651
64991 62407
55680 92129
54813 94565
55474 92637
64270 63628
54634 95012
70458 56185
49896 115006
93948 46717
91458 47349
95057 46507
91321 47418
49984 114149
49985 113928
60948 71142
60769 71292
89803 47793
75683 53458
61823 68034
52868 100631
51115 106823
51764 104441
51927 103632
51769 104257
50505 109785
51477 105268
52788 100765
52007 103498
52622 101545
51323 105978
51397 105402
51278 106014
52195 102952
93252 46901
59461 76874
75486 53615
87502 48603
60027 74194
59460 77051
60102 74038
58914 80079
58930 80035
59380 77111
74064 54243
72828 54739
75872 53451
126114 43838
52521 101810
49748 116554
50801 108344
100514 45674
81375 51317
88450 48374
91031 47490
121457 43976
50412 110680
69018 57583
66040 60970
66811 59942
64083 64315
66898 59860
71459 55550
63856 64429
64577 63208
56775 90187
56575 90637
56585 90565
59860 74962
49994 113829
49910 114625
49646 117529
59115 78739
59120 78440
51853 104208
80388 51674
80565 51548
73414 54512
68091 58671
70992 55831
72631 54896
72101 55137
64334 63612
64442 63498
100276 45733
95329 46477
94220 46687
91730 47319
51367 105781
50615 109272
54992 94002
54895 94206
54100 96627
54188 96522
108737 44683
109023 44668
59518 76474
78421 52310
78659 52248
97202 46160
60670 71701
49628 117779
50982 107455
59315 77304
100407 45705
98841 45945
89263 48004
89166 48203
77888 52458
79832 51784
92567 47139
65406 62109
82287 50718
55134 93655
55616 92290
54776 94665
94766 46608
53209 99714
121168 43979
52375 102394
53236 99527
55465 92736
55395 92849
59806 75020
53268 99402
53780 97745
93522 46829
51181 106709
64918 62667
64197 63888
61664 68501
49576 118259
49748 116554
50012 113650
82400 50560
83170 50195
83315 50054
88387 48443
78145 52419
60518 71910
78935 52139
52437 102088
83451 50014
60149 73716
67773 58878
59287 77672
59213 77879
53665 98031
61720 68349
80108 51675
80388 51674
72011 55181
70902 55875
51859 104043
49665 117181
67424 59198
69321 57354
67470 59107
112996 44388
63721 64719
59115 78739
76768 52996
73913 54277
76527 53029
73672 54310
73354 54517
76209 53236
68221 58360
68178 58589
60992 70809
84259 49709
83542 49998
83034 50235
82952 50249
84177 49723
82703 50447
82816 50289
82040 50848
81511 51277
81624 51119
81927 51006
96094 46341
62174 67062
59646 75578
60287 72742
60447 72184
52249 102634
55735 91831
55065 93742
54707 94752
55547 92377
52729 101077
52779 100864
53912 97173
94510 46615
68689 57905
68853 57809
59645 75755
60286 72919
59148 78072
59956 74468
60446 72361
58995 79842
59213 77879
58849 80272
59805 75197
65874 61310
55386 92948
52976 100219
52512 101909
52446 101989
67410 59325
73032 54626
52713 101310
50792 108443
51190 106610
52729 101077
55171 93555
54895 94206
49928 114446
50164 112433
49539 118857
50274 111516
50321 111318
50421 110581
49590 117878
49492 119055
49762 116173
49957 114427
56261 91101
76919 52962
50248 111637
53373 99042
62253 66978
61823 68034
92713 47083
53561 98496
50973 107554
51367 105781
50659 109075
50615 109272
51680 104490
96333 46339
51092 106942
53300 99302
67201 59681
81760 51079
81791 51046
82567 50487
117841 44111
120770 43984
117622 44131
76269 53231
73531 54391
76386 53110
58628 81961
69960 56555
51567 105013
53574 98443
64877 62834
55322 93109
53479 98814
52249 102634
53740 97933
62476 66495
51036 107320
51585 104856
79076 52058
64764 63167
50713 108940
50736 108925
55861 91614
53497 98657
53543 98653
57576 88968
55370 93078
56511 90798
55653 92190
53903 97272
53357 99169
53592 98291
53065 99986
64816 62995
64764 63167
61876 67863
63678 64872
82536 50520
87323 48647
64867 62852
56649 90404
74892 53820
71220 55668
72828 54739
70057 56455
78800 52167
68221 58360
77612 52567
67991 58733
71928 55244
67305 59333
75627 53534
67557 59025
72329 54974
79967 51756
81098 51400
74393 54055
75033 53739
67688 58962
70761 55956
79019 52102
69236 57438
69105 57501
78659 52248
77248 52774
73672 54310
66258 60825
68473 58052
75542 53539
76386 53110
66353 60379
65632 61600
65537 62046
77888 52458
68362 58279
71079 55749
68853 57809
70819 55938
72188 55055
78280 52391
73531 54391
67860 58796
66127 60888
76028 53264
76527 53029
69599 56935
71870 55262
80108 51675
80706 51467
80565 51548
78421 52310
77747 52539
74757 53848
77389 52693
73173 54545
59308 77514
71700 55407
71567 55491
70589 56122
79434 51904
74258 54083
79299 51932
90625 47602
71372 55632
52101 103216
53228 99653
50828 108165
50585 109651
89690 47863
53137 99854
62763 65895
52419 102245
52115 103086
56511 90798
56387 90884
50764 108766
73173 54545
72329 54974
76028 53264
72510 54946
65547 62028
66268 60807
56374 91038
83959 49888
86268 49102
51671 104589
51074 107022
50828 108165
50911 107831
91167 47450
89689 47892
91457 47378
88983 48226
89166 48203
53137 99854
73032 54626
50911 107831
101248 45506
99000 45901
98943 45926
102745 45348
53762 97897
50349 110819
50164 112433
50101 112572
92567 47139
82151 50758
82040 50848
105536 44958
104051 45104
105548 44946
109183 44664
55804 91744
93116 46941
93409 46899
52101 103216
49975 114248
49664 117350
50012 113650
61947 67589
66518 60153
75184 53693
75033 53739
55180 93456
56710 90321
85082 49489
49730 116958
64816 62995
59928 74836
68604 57989
66605 60071
90471 47634
89399 47964
52407 102269
75184 53693
75359 53675
70591 56101
53309 99203
50659 109075
51036 107320
55028 93958
71220 55668
50764 108766
75359 53675
100940 45562
88138 48553
101225 45510
91168 47421
94920 46576
94374 46655
97629 46069
84549 49637
95483 46445
89553 47932
98551 46017
85376 49412
98705 45985
85222 49444
97067 46171
97475 46101
103453 45232
96469 46299
100650 45634
84928 49521
92962 46973
95329 46477
96913 46203
94767 46579
91730 47319
103607 45200
83678 49958
85908 49268
104039 45116
93811 46786
94220 46687
93658 46789
91884 47287
100804 45602
89939 47753
85086 49484
76903 52968
73913 54277
93415 46865
88275 48484
92719 47049
65358 62162
85755 49296
66280 60639
65559 61860
49728 117042
88544 48288
79575 51823
59287 77672
59308 77514
59379 77288
97475 46101
103743 45160
96913 46203
97321 46125
101089 45550
53042 100139
56352 91056
83959 49888
89938 47782
83823 49928
85512 49372
101094 45538
81511 51277
115889 44169
95619 46405
84549 49637
86045 49224
103453 45232
95483 46445
89553 47932
94374 46655
100650 45634
107414 44744
102881 45308
99102 45882
106982 44828
93125 46937
84792 49561
122145 43910
101384 45466
122009 43950
83315 50054
84928 49521
102201 45436
105684 44906
111091 44508
111227 44468
115753 44209
90626 47573
81927 51006
94510 46615
105980 44862
95056 46536
93812 46757
85619 49336
83669 49960
107278 44784
82703 50447
82415 50559
96093 46370
83170 50195
113132 44348
97629 46069
98705 45985
92962 46973
85376 49412
93657 46818
86015 49232
96333 46339
100935 45582
100033 45809
88274 48513
97765 46029
93947 46746
85755 49296
104483 45020
90761 47562
107118 44788
102745 45348
103743 45160
118818 44042
91031 47490
90335 47674
88139 48524
94921 46547
100164 45789
82816 50289
92826 47013
90228 47710
96469 46299
81624 51119
90092 47750
85222 49444
91884 47287
89263 48004
103607 45200
105400 44998
103317 45272
82151 50758
51567 105013
53479 98814
83823 49928
78145 52419
103897 45136
84685 49597
72510 54946
49664 117350
53766 97757
53592 98291
66508 60171
68376 58152
65787 61392
69502 57035
68604 57989
68689 57905
67698 58944
69246 57420
68178 58589
66605 60071
71700 55407
71382 55614
66117 60906
69095 57519
67850 58814
70678 56019
72188 55055
70047 56473
68463 58070
69589 56953
65797 61374
69512 57017
69970 56537
68386 58134
67547 59043
71787 55325
71079 55749
79434 51904
79299 51932
100169 45769
89399 47964
87985 48556
56387 90884
71567 55491
103897 45136
102041 45440
110931 44512
105240 45002
111091 44508
102201 45436
118522 44086
105684 44906
115753 44209
122009 43950
112896 44389
107118 44788
109023 44668
105400 44998
107278 44784
121849 43954
52630 101390
62174 67062
52711 101312
79967 51756
79832 51784
74892 53820
78800 52167
74757 53848
76768 52996
77248 52774
77113 52802
77747 52539
78280 52391
74393 54055
77612 52567
68001 58715
49548 118706
49637 117628
49539 118857
52630 101390
57576 88968
57507 89055
90092 47750
53065 99986
97321 46125
82287 50718
100804 45602
99238 45842
52115 103086
56710 90321
50274 111516
50248 111637
56649 90404
84685 49597
55868 91583
53042 100139
70678 56019
71787 55325
95958 46381
97067 46171
115457 44253
55037 93859
55056 93841
55804 91744
85909 49264
90335 47674
85619 49336
85512 49372
84792 49561
90228 47710
92826 47013
68362 58279
74258 54083
109183 44664
90471 47634
77113 52802
77389 52693
60518 71910
99102 45882
