12216 2826.48
142777 40603
140106 40649
138760 40769
136497 40881
135186 40931
133770 41038
125237 41148
125237 41148
124601 41261
122906 41366
120941 41458
120941 41458
120305 41571
118610 41676
118610 41676
118572 41815
117145 41872
117145 41872
116509 41985
116509 41985
114773 42189
114773 42189
114773 42189
114576 42366
114576 42366
113404 42491
113404 42491
111105 42663
111105 42663
111105 42663
109383 42839
109383 42839
109383 42839
109075 43024
108798 43091
108798 43091
108146 43174
107666 43274
107666 43274
107628 43413
106253 43504
106253 43504
106253 43504
106157 43621
105121 43687
105121 43687
105083 43826
105083 43826
104656 43983
104656 43983
104064 44100
104064 44100
103524 44166
103524 44166
103486 44305
102984 44372
102984 44372
102946 44511
102467 44579
102467 44579
102116 44706
102116 44706
102116 44706
101387 44851
101387 44851
101349 44990
100574 45013
100574 45013
99956 45105
99801 45180
99645 45193
99080 45255
98234 45281
98141 45299
98141 45299
98103 45438
97956 45539
98049 45521
97956 45539
97177 45694
97084 45712
97084 45712
97046 45851
97046 45851
97037 45998
96915 46082
96602 46125
96509 46143
96509 46143
96500 46290
96500 46290
96047 46416
96047 46416
96047 46416
96009 46555
96009 46555
96009 46555
96009 46555
96009 46555
96009 46555
95270 46996
95270 46996
95270 46996
95270 46996
95270 46996
95270 46996
95195 47338
95195 47338
94760 47514
94760 47514
94532 47589
94282 47593
94060 47655
93905 47727
93776 47771
93683 47789
93602 47898
93507 47909
93428 48005
93130 48043
92908 48105
92815 48123
92815 48123
92641 48250
92641 48250
92641 48250
92552 48412
92362 48509
92207 48581
92207 48581
91985 48643
91866 48694
91711 48766
91489 48828
91489 48828
91339 48915
91117 48977
90998 49028
90998 49028
90843 49100
90621 49162
90621 49162
90621 49162
90621 49162
90400 49394
90119 49482
90119 49482
90111 49570
89742 49616
89742 49616
89602 49729
89602 49729
89251 49816
89251 49816
89111 49929
88874 49950
88874 49950
88734 50063
88734 50063
88734 50063
88693 50242
88693 50242
88677 50366
88289 50422
88289 50422
88149 50535
88149 50535
88034 50652
88034 50652
87894 50765
87855 50790
87584 50839
87500 50848
87229 50897
87042 50940
86958 50949
86686 50994
86415 51043
86285 51061
86144 51095
85873 51144
85789 51153
85518 51202
85471 51207
85200 51256
85116 51265
84845 51314
84658 51357
84574 51366
84303 51415
84303 51415
84046 51494
84046 51494
83930 51578
83814 51595
83581 51642
83310 51691
83310 51691
83053 51770
83053 51770
82937 51854
82821 51871
82821 51871
82705 51955
82571 51997
82300 52046
82300 52046
82068 52147
82068 52147
81927 52209
81849 52221
81572 52263
81522 52278
81301 52312
81030 52364
80946 52370
80759 52413
80675 52422
80525 52464
80404 52471
80254 52516
80170 52522
79899 52574
79761 52587
79628 52623
79406 52645
79406 52645
79385 52715
78864 52746
79162 52819
78621 52838
78621 52838
78621 52838
78621 52838
78536 52993
78421 53043
78421 53043
78293 53085
78293 53085
78145 53242
78145 53242
78044 53332
77773 53381
77773 53381
77773 53381
77514 53483
77514 53483
77243 53532
77243 53532
77243 53532
76996 53647
76996 53647
76758 53729
76758 53729
76758 53729
76758 53729
76613 53909
76613 53909
76613 53909
76399 54057
76399 54057
76128 54106
76128 54106
76128 54106
76049 54252
75863 54312
75863 54312
75774 54329
75592 54361
75536 54411
75354 54443
75354 54443
75331 54512
75254 54582
75093 54594
74983 54631
74801 54663
74801 54663
74745 54713
74563 54745
74563 54745
74563 54745
74519 54916
74370 54947
74188 54979
74188 54979
74188 54979
74144 55150
74144 55150
73579 55249
73579 55249
73579 55249
73579 55249
73397 55281
73397 55281
73397 55281
73353 55452
73353 55452
73353 55452
73353 55452
73306 55740
73189 55742
72972 55795
72972 55795
72804 55812
72658 55855
72490 55872
72490 55872
72441 55908
72273 55925
72273 55925
72273 55925
72194 56071
72106 56155
71962 56172
71962 56172
71792 56215
71743 56251
71575 56268
71575 56268
71575 56268
71496 56414
71496 56414
71264 56515
71264 56515
71074 56597
71074 56597
70924 56648
70760 56657
70760 56657
70718 56705
70543 56710
70435 56741
70382 56749
70235 56766
70184 56821
70029 56823
69893 56842
69848 56865
69693 56867
69693 56867
69402 56926
69402 56926
69355 56956
69185 56979
69159 56983
68860 57027
68860 57027
68860 57027
68643 57080
68643 57080
68326 57143
68326 57143
68326 57143
68109 57196
68109 57196
68109 57196
68094 57244
67877 57297
67877 57297
67806 57358
67489 57421
67489 57421
67489 57421
67489 57421
67272 57474
67272 57474
67257 57522
67040 57575
67040 57575
67040 57575
67040 57575
66827 57757
66827 57757
66791 57764
66574 57817
66574 57817
66285 57858
66285 57858
66285 57858
66285 57858
66120 57940
66053 57959
66053 57959
65888 58041
65888 58041
65888 58041
65809 58187
65587 58201
65587 58201
65587 58201
65422 58283
65422 58283
65355 58302
65355 58302
65190 58384
65190 58384
65151 58426
65013 58506
65013 58506
64848 58588
64848 58588
64831 58574
64479 58622
64479 58622
64479 58622
64479 58622
64314 58704
64314 58704
64314 58704
64235 58850
64235 58850
63955 58894
63955 58894
63954 58905
63781 58965
63781 58965
63781 58965
63616 59047
63616 59047
63616 59047
63549 59177
63379 59193
63379 59193
63197 59225
63197 59225
63197 59225
63032 59307
63032 59307
63032 59307
63032 59307
62681 59536
62681 59536
62681 59536
62681 59536
62499 59568
62499 59568
62499 59568
62334 59650
62334 59650
62334 59650
62334 59650
62157 59808
62157 59808
61975 59840
61975 59840
61974 59851
61974 59851
61931 60011
61930 60022
61750 60109
61750 60109
61749 60120
61749 60120
61706 60280
61506 60348
61506 60348
61505 60359
61382 60421
61382 60421
61200 60453
61200 60453
61200 60453
61200 60453
60875 60613
60875 60613
60875 60613
60875 60613
60693 60645
60693 60645
60693 60645
60693 60645
60649 60816
60649 60816
60468 60914
60468 60914
60468 60914
60468 60914
60424 61085
60224 61153
60224 61153
60223 61164
60223 61164
60180 61324
60179 61335
60179 61335
60167 61523
60167 61523
60083 61659
60062 61662
60062 61662
60062 61662
60019 61899
59858 61928
59858 61928
59837 61931
59837 61931
59803 62090
59614 62167
59614 62167
59593 62170
59593 62170
59559 62329
59559 62329
59389 62436
59389 62436
59368 62439
59368 62439
59334 62598
59334 62598
59334 62598
59312 62798
59157 62889
59157 62889
59060 62944
59060 62944
59039 62947
59039 62947
59005 63106
58941 63198
58835 63213
58814 63216
58814 63216
58780 63375
58780 63375
58780 63375
58588 63588
58588 63588
58567 63591
58567 63591
58533 63750
58533 63750
58469 63842
58363 63857
58342 63860
58342 63860
58308 64019
58308 64019
58264 64190
58264 64190
58207 64311
57900 64350
57900 64350
57900 64350
57900 64350
57900 64350
57900 64350
57900 64350
57774 64621
57774 64621
57651 64721
57651 64721
57630 64724
57630 64724
57596 64883
57535 64987
57535 64987
57496 65100
57323 65113
57323 65113
57323 65113
57284 65226
57135 65244
57135 65244
57135 65244
57096 65357
56923 65370
56923 65370
56822 65437
56822 65437
56812 65487
56643 65530
56643 65530
56482 65564
56482 65564
56482 65564
56482 65564
56422 65694
56243 65787
56243 65787
56243 65787
56082 65821
56082 65821
56082 65821
55967 65920
55967 65920
55967 65920
55928 66033
55923 66091
55877 66169
55762 66268
55762 66268
55762 66268
55723 66381
55624 66441
55624 66441
55613 66550
55585 66554
55377 66695
55377 66695
55377 66695
55377 66695
55262 66794
55262 66794
55262 66794
55223 66907
55197 66943
55082 67042
55082 67042
55057 67142
54991 67177
54846 67187
54846 67187
54846 67187
54775 67276
54731 67286
54526 67296
54526 67296
54526 67296
54526 67296
54487 67409
54482 67467
54443 67580
54321 67644
54321 67644
54259 67727
54244 67765
54183 67817
54183 67817
53956 67901
53956 67901
53956 67901
53956 67901
53912 68072
53912 68072
53728 68219
53728 68219
53728 68219
53728 68219
53458 68366
53458 68366
53458 68366
53458 68366
53313 68376
53313 68376
53313 68376
53290 68470
53145 68480
53145 68480
53145 68480
53019 68660
53019 68660
52889 68666
52889 68666
52874 68670
52744 68676
52744 68676
52721 68770
52576 68780
52576 68780
52576 68780
52537 68893
52310 68916
52310 68916
52310 68916
52165 68926
52165 68926
52165 68926
52142 69020
51997 69030
51997 69030
51997 69030
51958 69143
51958 69143
51937 69368
51792 69378
51792 69378
51634 69418
51634 69418
51634 69418
51634 69418
51466 69522
51466 69522
51466 69522
51427 69635
51427 69635
51406 69860
51261 69870
51261 69870
51261 69870
51222 69983
51184 69991
51145 70104
51114 70169
50969 70179
50969 70179
50969 70179
50968 70334
50940 70452
50786 70468
50786 70468
50786 70468
50764 70527
50687 70648
50687 70648
50558 70749
50558 70749
50558 70749
50510 70878
50504 70937
50375 71038
50375 71038
50353 71097
50327 71167
50305 71226
50228 71347
50228 71347
50170 71386
50170 71386
50122 71515
50045 71636
50045 71636
50023 71695
50023 71695
49840 71984
49840 71984
49840 71984
49840 71984
49840 71984
49784 72343
49663 72361
49663 72361
49663 72361
49663 72361
49663 72361
49607 72720
49607 72720
49576 72976
49576 72976
49504 73211
49414 73236
49414 73236
49414 73236
49327 73449
49327 73449
49214 73600
49214 73600
49214 73600
49051 73715
49051 73715
49051 73715
49051 73715
48916 73885
48916 73885
48916 73885
48753 74000
48753 74000
48753 74000
48753 74000
48711 74233
48608 74308
48608 74308
48548 74348
48548 74348
48458 74494
48458 74494
48310 74593
48310 74593
48282 74593
48253 74714
48225 74714
48160 74779
48132 74779
48132 74779
48048 75062
48020 75062
48020 75062
47966 75234
47859 75423
47859 75423
47831 75423
47802 75544
47774 75544
47671 75600
47671 75600
47578 75665
47578 75665
47578 75665
47466 75948
47466 75948
47466 75948
47426 76174
47402 76302
47305 76309
47277 76309
47248 76430
47220 76430
47155 76495
47127 76495
47127 76495
47043 76778
47015 76778
46998 76967
46951 77027
46941 77088
46876 77188
46848 77188
46713 77272
46713 77272
46713 77272
46656 77393
46656 77393
46586 77657
46451 77741
46451 77741
46451 77741
46451 77741
46284 78151
46284 78151
46284 78151
46284 78151
46227 78272
46227 78272
46022 78620
46022 78620
46022 78620
46022 78620
46022 78620
46022 78620
46006 79306
46002 79528
46002 79528
45922 79963
45922 79963
45918 80072
45831 80277
45831 80277
45831 80277
45747 80821
45747 80821
45747 80821
45714 81264
45663 81440
45623 81578
45623 81578
45579 81984
45579 81984
45539 82122
45539 82122
45455 82741
45455 82741
45455 82741
45428 83073
45371 83285
45371 83285
45344 83617
45184 83988
45184 83988
45184 83988
45092 83990
45092 83990
44929 84041
44929 84041
44929 84041
44876 84130
44791 84242
44738 84331
44738 84331
44460 84549
44460 84549
44460 84549
44460 84549
44460 84549
44407 84638
44407 84638
44375 84993
44294 85074
44154 85129
44154 85129
44154 85129
44009 85379
44009 85379
44009 85379
43978 85517
43935 85743
43865 85953
43703 85959
43703 85959
43703 85959
43650 86048
43648 86121
43595 86210
43580 86258
43506 86622
43451 86784
43274 86838
43274 86838
43274 86838
43274 86838
43221 86927
43166 87089
43166 87089
43148 87801
43060 88008
43060 88008
43013 88228
42974 88325
42919 88487
42894 88705
42721 88816
42721 88816
42721 88816
42668 88905
42636 89260
42573 89333
42520 89422
42465 89584
42465 89584
42438 90100
42375 90173
42322 90262
42267 90424
42255 90662
42235 90779
42112 91340
42112 91340
42057 91502
42025 91857
42025 91857
41959 92616
41906 92705
41906 92705
41833 93313
41757 93421
41757 93421
41696 93783
41666 94121
41613 94210
41564 94334
41527 94767
41468 94961
41415 95050
41348 95400
41342 95658
41285 95811
41232 95900
41155 96313
41083 96616
41083 96616
41006 97029
41000 97317
40926 97523
40854 97826
40786 98041
40786 98041
40709 98454
40637 98757
40634 98995
40560 99170
40501 99755
40466 100158
40426 100296
40352 100471
40333 100918
40258 101459
40184 101634
40184 101634
40134 102613
40127 104138
40008 104932
40008 104932
39958 105911
39951 107436
39869 109451
39794 109541
39749 109662
39669 109758
39624 109879
39493 110995
39493 110995
39416 111180
39383 112229
39285 112296
39240 112417
39162 113587
39057 113814
39012 113935
38857 114121
38857 114121
38812 114242
38734 115412
38660 119376
38615 119497
38550 120610
38452 120677
38383 121585
38305 122755
38228 124284
38151 129430
38073 130600
