14305 3125.67
105137 41983
105137 41983
103912 42077
102405 42154
102404 42186
101180 42248
100981 42321
99757 42383
99684 42421
99215 42484
99141 42554
98701 42593
98352 42660
98159 42694
97080 42725
96849 42794
96849 42794
95822 42886
95587 42955
95421 42966
94959 43062
94814 43112
94558 43142
94352 43208
93968 43261
93951 43288
93506 43357
93361 43407
93105 43437
92899 43503
92873 43538
92498 43583
92478 43612
92266 43684
92246 43713
92082 43778
92036 43829
91850 43879
91830 43908
91830 43908
91620 44024
91399 44084
91334 44129
91015 44154
90818 44214
90517 44250
90406 44305
90133 44320
89946 44379
89654 44426
88376 44441
88376 44441
88375 44473
88375 44473
87769 44587
87768 44619
87768 44619
87504 44716
86923 44736
86903 44765
86801 44815
86653 44874
86316 44882
86296 44911
86296 44911
86107 45020
85953 45072
85910 45115
85457 45147
85437 45176
85304 45229
84928 45235
84850 45293
84830 45322
84500 45367
84438 45407
84438 45407
84290 45478
83851 45524
83831 45553
83831 45553
83683 45624
83621 45669
83283 45728
83283 45728
83263 45757
83115 45828
82881 45869
82861 45898
82861 45898
82515 45985
82495 46014
82437 46043
82347 46085
82269 46143
81901 46187
81901 46187
81857 46223
81837 46252
81328 46311
81328 46311
81250 46369
81160 46411
81160 46411
81082 46469
81008 46528
80682 46573
80682 46573
80662 46602
80662 46602
80487 46706
80467 46735
80467 46735
80353 46828
80333 46857
80333 46857
80072 46953
80052 46982
80052 46982
79904 47053
79904 47053
79759 47155
79759 47155
79617 47208
79413 47251
79339 47288
79339 47288
79191 47359
79049 47412
79049 47412
78814 47482
78814 47482
78814 47482
78669 47584
78669 47584
78525 47643
78417 47679
78251 47690
77993 47715
77827 47726
77526 47762
77526 47762
77432 47829
77432 47829
77296 47907
77292 47928
77126 47939
76825 47975
76815 47985
76707 48021
76541 48032
76541 48032
76401 48131
76235 48142
76100 48167
75934 48178
75934 48178
75840 48245
75840 48245
75704 48323
75507 48344
75507 48344
75233 48391
75233 48391
75233 48391
75207 48508
75041 48519
74939 48548
74831 48584
74665 48595
74665 48595
74665 48595
74520 48697
74473 48723
74435 48740
74368 48820
74290 48842
74226 48854
74118 48890
73952 48901
73927 48955
73761 48966
73761 48966
73722 49046
73716 49052
73655 49126
73571 49154
73359 49159
73193 49170
73193 49170
73193 49170
73048 49272
73048 49272
73003 49358
72900 49366
72900 49366
72822 49424
72646 49465
72480 49476
72480 49476
72480 49476
72480 49476
72254 49628
72254 49628
72187 49672
72187 49672
72109 49730
72051 49779
72051 49779
71956 49836
71861 49866
71861 49866
71541 49934
71541 49934
71541 49934
71541 49934
71405 50041
71405 50041
71338 50085
71260 50143
71213 50169
71213 50169
71213 50169
70966 50300
70966 50300
70966 50300
70692 50347
70692 50347
70692 50347
70692 50347
70692 50347
70398 50520
70398 50520
70398 50520
70337 50573
70337 50573
70304 50640
70192 50675
70113 50694
69830 50724
69830 50724
69830 50724
69830 50724
69685 50826
69685 50826
69624 50879
69545 50898
69545 50898
69418 50994
69418 50994
69117 51030
69117 51030
69117 51030
69117 51030
69117 51030
69114 51194
69114 51194
68887 51289
68887 51289
68887 51289
68698 51352
68698 51352
68698 51352
68698 51352
68698 51352
68695 51516
68695 51516
68468 51611
68468 51611
68468 51611
68414 51681
68414 51681
68414 51681
68414 51681
68411 51845
68411 51845
68184 51940
68184 51940
68184 51940
68184 51940
68184 51940
68026 52112
68026 52112
68026 52112
68026 52112
68023 52276
68023 52276
67796 52371
67796 52371
67796 52371
67796 52371
67796 52371
67796 52371
67796 52371
67796 52371
67684 52654
67684 52654
67684 52654
67684 52654
67486 52825
67486 52825
67486 52825
67486 52825
67486 52825
67483 52989
67483 52989
67353 53084
67353 53084
67067 53147
67067 53147
67067 53147
67067 53147
67067 53147
67064 53311
67064 53311
66934 53406
66934 53406
66934 53406
66783 53476
66783 53476
66783 53476
66679 53578
66679 53578
66679 53578
66679 53578
66650 53735
66650 53735
66529 53823
66529 53823
66395 53907
66395 53907
66395 53907
66395 53907
66395 53907
66329 54121
66329 54121
66329 54121
66329 54121
66141 54254
66141 54254
66141 54254
66141 54254
66138 54418
66071 54451
66071 54451
66029 54537
65851 54593
65851 54593
65851 54593
65550 54629
65550 54629
65550 54629
65550 54629
65550 54629
65550 54629
65547 54793
65484 54843
65438 54912
65438 54912
65296 54976
65296 54976
65296 54976
65296 54976
65293 55140
65293 55140
65088 55244
65088 55244
65088 55244
65043 55311
65043 55311
64769 55358
64769 55358
64769 55358
64769 55358
64769 55358
64769 55358
64480 55536
64480 55536
64480 55536
64480 55536
64462 55614
64161 55650
64161 55650
64161 55650
64161 55650
64141 55730
64083 55756
63782 55792
63782 55792
63782 55792
63782 55792
63782 55792
63782 55792
63782 55792
63697 55966
63697 55966
63475 56048
63475 56048
63475 56048
63174 56084
63174 56084
63174 56084
63174 56084
63174 56084
63174 56084
63037 56235
63037 56235
63037 56235
63037 56235
62845 56363
62845 56363
62786 56377
62786 56377
62786 56377
62683 56479
62598 56494
62598 56494
62429 56527
62429 56527
62324 56541
62324 56541
62324 56541
62237 56655
62237 56655
62237 56655
61990 56786
61990 56786
61990 56786
61990 56786
61716 56833
61716 56833
61716 56833
61716 56833
61716 56833
61716 56833
61713 56997
61713 56997
61602 57079
61602 57079
61328 57126
61328 57126
61328 57126
61328 57126
61322 57149
61311 57247
61257 57265
61257 57265
61224 57361
61208 57395
60934 57442
60934 57442
60934 57442
60934 57442
60934 57442
60703 57539
60703 57539
60703 57539
60703 57539
60703 57539
60632 57678
60632 57678
60632 57678
60631 57767
60315 57832
60315 57832
60315 57832
60315 57832
60315 57832
60315 57832
60187 57968
60187 57968
60187 57968
60187 57968
60116 58107
60116 58107
60031 58161
60031 58161
60031 58161
59799 58261
59799 58261
59799 58261
59799 58261
59799 58261
59728 58400
59728 58400
59708 58467
59434 58514
59434 58514
59434 58514
59434 58514
59434 58514
59434 58514
59363 58653
59363 58653
59363 58653
59320 58760
59046 58807
59046 58807
59046 58807
59046 58807
59046 58807
59046 58807
58975 58946
58975 58946
58975 58946
58923 59080
58923 59080
58762 59136
58762 59136
58762 59136
58762 59136
58632 59266
58632 59266
58632 59266
58632 59266
58535 59373
58504 59402
58504 59402
58464 59512
58433 59541
58433 59541
58251 59590
58251 59590
58251 59590
58251 59590
58116 59695
58116 59695
58116 59695
58116 59695
58045 59834
58045 59834
57967 59919
57967 59919
57967 59919
57832 60024
57832 60024
57832 60024
57832 60024
57761 60163
57761 60163
57761 60163
57761 60163
57761 60163
57602 60413
57602 60413
57602 60413
57552 60472
57467 60518
57467 60518
57417 60577
57417 60577
57396 60657
57396 60657
57183 60735
57183 60735
57183 60735
57183 60735
57183 60735
57048 60840
57048 60840
57048 60840
57048 60840
56977 60979
56977 60979
56977 60979
56795 61166
56795 61166
56795 61166
56795 61166
56795 61166
56660 61271
56660 61271
56660 61271
56645 61363
56589 61410
56589 61410
56589 61410
56548 61554
56311 61587
56311 61587
56311 61587
56311 61587
56311 61587
56257 61656
56257 61656
56257 61656
56178 61846
56178 61846
55923 61880
55923 61880
55923 61880
55923 61880
55923 61880
55892 61909
55892 61909
55892 61909
55790 62139
55790 62139
55759 62168
55504 62202
55504 62202
55504 62202
55504 62202
55504 62202
55504 62202
55504 62202
55504 62202
55371 62461
55371 62461
55371 62461
55371 62461
55116 62633
55116 62633
55116 62633
55116 62633
55116 62633
55116 62633
55116 62633
55116 62633
55004 62916
55004 62916
55004 62916
55004 62916
54875 63146
54875 63146
54875 63146
54875 63146
54875 63146
54803 63374
54803 63374
54763 63429
54763 63429
54743 63539
54743 63539
54691 63657
54691 63657
54671 63767
54537 63807
54537 63807
54537 63807
54537 63807
54537 63807
54425 64090
54425 64090
54425 64090
54405 64200
54405 64200
54364 64331
54364 64331
54293 64483
54293 64483
54230 64500
54230 64500
54176 64569
54068 64632
54068 64632
54068 64632
54068 64632
53842 64793
53842 64793
53842 64793
53842 64793
53842 64793
53811 64822
53680 64925
53680 64925
53680 64925
53649 64954
53649 64954
53423 65115
53423 65115
53423 65115
53423 65115
53423 65115
53423 65115
53261 65247
53261 65247
53261 65247
53261 65247
53237 65306
53237 65306
53011 65467
53011 65467
53011 65467
53011 65467
53011 65467
52849 65599
52849 65599
52849 65599
52849 65599
52818 65628
52818 65628
52592 65789
52592 65789
52592 65789
52592 65789
52592 65789
52582 65902
52430 65921
52430 65921
52430 65921
52430 65921
52430 65921
52412 66104
52366 66187
52340 66229
52302 66242
52178 66361
52178 66361
52178 66361
52140 66374
52062 66384
52062 66384
52024 66397
51978 66480
51978 66480
51978 66480
51902 66680
51902 66680
51824 66716
51786 66729
51786 66729
51756 66854
51711 66858
51711 66858
51594 66960
51594 66960
51549 66990
51528 67026
51424 67024
51485 67118
51424 67024
51398 67204
51360 67217
51360 67217
51236 67336
51236 67336
51236 67336
51198 67349
51120 67359
51082 67372
51082 67372
51036 67455
51036 67455
50998 67642
50960 67655
50882 67691
50882 67691
50844 67704
50844 67704
50841 67868
50773 67963
50732 67987
50732 67987
50712 68097
50668 68170
50661 68246
50490 68365
50490 68365
50490 68365
50490 68365
50490 68365
50490 68365
50318 68588
50318 68588
50318 68588
50318 68588
50280 68601
50280 68601
50206 68871
50206 68871
50168 68884
50148 68994
50148 68994
50148 68994
50074 69264
50036 69277
50036 69277
50036 69277
49982 69482
49866 69505
49866 69505
49866 69505
49820 69588
49820 69588
49744 69788
49744 69788
49628 69837
49628 69837
49628 69837
49628 69837
49516 70120
49516 70120
49516 70120
49516 70120
49496 70230
49440 70421
49440 70421
49324 70470
49324 70470
49324 70470
49324 70470
49212 70753
49212 70753
49212 70753
49192 70863
49160 70929
49148 71074
49080 71146
49080 71146
49048 71212
49028 71322
48976 71363
48760 71367
48760 71367
48760 71367
48760 71367
48760 71367
48760 71367
48648 71650
48648 71650
48648 71650
48628 71760
48628 71760
48516 72043
48516 72043
48516 72043
48516 72043
48470 72314
48470 72314
48399 72525
48399 72525
48379 72635
48379 72635
48267 72918
48267 72918
48267 72918
48221 73189
48221 73189
48221 73189
48217 73453
48159 73644
48090 73730
48090 73730
48044 73813
48032 73888
47908 74010
47908 74010
47908 74010
47792 74033
47792 74033
47792 74033
47746 74116
47702 74161
47702 74161
47656 74244
47554 74365
47554 74365
47554 74365
47404 74464
47404 74464
47404 74464
47358 74547
47358 74547
47282 74747
47282 74747
47166 74796
47166 74796
47166 74796
47166 74796
47054 75079
47054 75079
47054 75079
47002 75255
46990 75262
46900 75390
46900 75390
46890 75538
46788 75673
46788 75673
46602 75693
46602 75693
46602 75693
46602 75693
46602 75693
46602 75693
46490 75976
46490 75976
46490 75976
46298 76326
46298 76326
46298 76326
46298 76326
46298 76326
46186 76609
46186 76609
46186 76609
46166 76719
46054 77002
46054 77002
46054 77002
46054 77002
46000 77430
46000 77430
45957 77657
45797 77850
45797 77850
45797 77850
45797 77850
45797 77850
45664 78359
45664 78359
45664 78359
45664 78359
45448 78733
45448 78733
45448 78733
45448 78733
45448 78733
45415 78955
45316 79126
45316 79126
45316 79126
45283 79348
45254 79550
45171 79631
45171 79631
45171 79631
45117 80059
45091 80176
45071 80286
45042 80488
44959 80569
44959 80569
44905 80997
44905 80997
44862 81224
44785 81482
44785 81482
44765 81592
44653 81875
44653 81875
44653 81875
44599 82303
44573 82420
44553 82530
44441 82813
44441 82813
44441 82813
44387 83241
44344 83468
44274 83604
44274 83604
44220 84032
44177 84259
44177 84259
44123 84687
44008 84970
44008 84970
44008 84970
43973 85016
43917 85443
43782 85548
43782 85548
43782 85548
43728 85976
43728 85976
43610 86452
43610 86452
43610 86452
43516 86914
43516 86914
43398 87390
43398 87390
43398 87390
43301 88045
43301 88045
43266 89075
43249 89712
43169 89730
43152 90367
43134 91524
43046 93421
43046 93421
42979 93426
42930 93712
42734 94145
42734 94145
42734 94145
42734 94145
42680 95585
42569 95668
42569 95668
42390 96343
42390 96343
42390 96343
42390 96343
42293 96998
42237 97143
42225 97702
