13658 3487.19
110143 61513
52785 149284
108645 61566
102913 61623
99868 61626
102913 61623
52793 148894
52798 145130
95268 62136
109595 61545
97746 61720
96326 61781
93877 62191
90901 62745
52902 140843
52887 142476
87746 64217
98370 61679
99320 61658
108645 61566
65218 82666
93399 62277
92535 62338
88439 63530
53174 134540
53486 127043
64290 83188
63681 83466
53088 137220
53281 130887
53487 125896
53089 136073
52983 138579
53175 133393
52878 144013
53381 128402
53280 132034
52879 142866
53380 129549
52982 139726
90232 62793
53567 124779
53597 123795
65784 82643
91477 62693
87863 63582
95778 61813
110143 61513
81379 67446
92535 62338
97822 61711
98370 61679
80831 67478
90232 62793
91987 62370
89684 62825
96326 61781
87701 64953
78154 68643
78587 68539
89031 63096
80398 67582
80831 67478
88598 63200
78615 68453
99792 61635
99320 61658
93877 62191
79061 68374
82715 66631
89608 62834
91554 62474
82358 66726
79137 68365
79494 68270
95702 61822
95345 61917
91911 62379
89251 62929
62491 85233
62137 85332
87863 63582
67650 79368
64999 82913
64609 82944
93475 62268
73624 72506
80310 67832
64999 82913
88516 63311
76107 69907
76381 69758
74782 71082
75144 70673
75056 70933
75418 70524
64291 83013
64609 82944
62844 84843
58581 95688
71488 74495
84660 66019
52954 139779
53146 134593
66618 80897
65820 82606
71850 74086
71711 74363
53905 120202
68899 77398
71303 74699
63678 83828
54451 114726
71080 75056
71292 74903
71850 74086
70698 75295
70921 75163
72073 73954
71685 74460
58584 95221
73925 72205
53934 119686
53718 122159
53729 122110
72329 73922
87240 65129
55732 106134
66582 80934
67655 79017
69083 77235
63352 84015
63097 84068
61553 85934
61808 85881
54718 112443
53450 127486
53244 132477
58054 97398
57825 97487
86976 65160
83678 66258
85962 65544
85698 65575
83942 66227
68452 77927
72940 73201
72778 73387
68614 77741
72477 73712
84378 66043
53389 128012
83083 66519
83340 66487
72073 73954
53089 136073
53094 135657
53942 119296
68082 78659
67240 79810
66167 81727
66361 81606
67434 79689
79495 68175
79658 68011
52887 142476
62077 85556
77229 69239
80091 67907
77032 69311
79658 68011
79877 67936
77633 68997
53330 129978
53352 129602
54110 117778
73630 72291
53913 119812
52798 145130
54646 113170
55301 108123
54223 116532
52991 138189
53605 123405
54047 118440
53183 133003
53770 121591
53737 121720
53495 125506
53289 130497
66159 82117
53646 122886
54055 118050
53536 124987
66577 81285
56350 103529
54231 116142
52910 140453
57339 99663
53528 125377
53638 123276
54118 117388
53252 132087
53975 119167
56342 103919
53710 122549
53983 118777
66167 81727
53850 120474
54654 112780
54938 111027
57331 100053
53597 123795
54946 110637
55073 109929
55293 108513
54443 115116
53175 133393
53094 135657
53487 125896
52850 144066
52902 140843
55081 109539
54726 112053
52793 148894
53458 127096
52983 138579
54151 117259
53138 134983
52879 142866
54159 116869
53381 128402
52946 140169
53102 135267
52806 144740
53778 121201
52842 144456
68773 77605
68232 77980
68106 78187
67033 80104
65946 82399
67691 78980
66744 80690
67028 80455
72558 73440
75144 70673
75056 70933
53281 130887
69484 76800
52785 149284
73404 72559
73992 71882
69666 76422
68452 77927
72558 73440
74212 71829
69304 76831
73339 72849
73119 72902
69886 76369
68232 77980
73404 72559
73339 72849
73710 72231
53843 120852
54550 113961
54497 114630
54586 113628
77414 69072
81530 67405
80398 67582
81542 67164
62845 84668
63011 84143
61467 86009
55370 107863
55388 107508
57408 99403
58671 94606
59950 90699
56437 102914
58653 94961
56419 103269
57426 99048
63479 83829
68773 77605
68614 77741
59958 90391
89175 62938
89031 63096
60054 89859
54586 113628
54613 113299
72399 73905
55806 105886
55575 106662
66159 82117
66069 82338
68101 78538
68106 78187
67033 80104
74777 71433
74782 71082
62646 84898
80015 67916
55902 105354
54099 117827
68899 77398
71080 75056
70921 75163
53882 120254
69264 76853
69138 77060
52910 140453
52946 140169
53102 135267
53138 134983
53224 132484
53430 127493
52842 144456
53032 137670
52806 144740
95269 61926
91478 62483
72778 73387
70207 76047
53308 130276
53330 129978
67159 79897
67434 79689
67511 79476
66574 81324
74513 71528
77010 69314
75548 70431
77750 68885
77251 69236
76511 69665
74374 71643
78099 68818
77907 68848
70281 75879
70336 75704
84880 65852
67515 79432
85262 65759
85103 65836
56836 101353
71488 74495
69209 77028
57105 101242
56922 101278
59544 92027
55479 107194
57215 100547
57522 98516
54817 111739
60336 88978
56506 102654
58767 94074
56081 104772
57495 98788
55875 105626
55172 109225
58740 94346
60332 89227
60027 90131
56533 102382
57188 100819
56054 105044
54322 115828
86323 65431
86756 65327
72455 73715
73984 72082
56226 104413
56136 104585
55663 106394
70643 75470
57119 101079
53414 127770
53208 132761
54514 114355
76489 69668
75526 70434
76893 69426
77368 69124
76628 69553
77633 68997
70559 75572
70416 75644
54055 118050
53809 120993
83440 66424
81618 67155
81761 67089
82167 67020
66452 81422
55009 110266
55033 110022
54514 114355
54538 114111
53208 132761
53183 133003
53414 127770
53071 137243
52991 138189
59770 91456
59668 91580
67159 79897
67940 78712
76763 69519
77772 68882
53016 137947
54014 118569
85529 65648
61971 85857
61808 85881
55971 105094
55484 106976
60359 88955
57167 101030
56588 102195
57522 98516
60428 88695
60892 87286
55823 105820
56492 102727
57591 98256
57267 100390
59293 92815
60460 88531
56278 104256
58767 94074
54781 111866
57756 97747
60664 88155
58836 93814
55957 105167
58891 93627
59981 90368
59215 92973
59647 91728
59112 93272
55388 107508
55443 107321
58281 96704
54726 112053
57646 98069
56712 101800
61466 86184
58097 97239
58373 96421
59183 93137
56350 103529
54286 115955
59871 91006
54874 111364
57701 97934
59362 92555
58226 96839
56602 102122
57426 99048
58822 93887
56533 102382
58194 97003
54231 116142
57825 97487
58584 95221
58639 95034
55539 106789
57577 98329
55718 106207
56405 103342
56767 101613
59091 93420
56657 101935
56437 102914
60733 87895
59488 92337
56081 104772
55229 108850
56136 104585
54379 115453
56781 101540
60947 87099
67009 80576
66867 80629
53851 120462
60820 87645
53016 137947
76069 70077
61102 86764
61246 86721
74293 71690
74212 71829
70140 76112
62008 85816
82282 66735
82270 66976
70698 75295
78099 68818
69083 77235
78154 68643
60946 87274
69487 76721
54654 112780
53677 122678
53778 121201
53567 124779
53536 124987
54685 112572
53052 137663
53983 118777
54159 116869
54190 116661
53646 122886
75418 70524
76381 69758
53389 128012
58735 94502
67817 78773
53289 130497
53308 130276
72957 73088
69886 76369
69971 76249
73042 72968
65946 82399
66744 80690
66867 80629
66069 82338
85454 65719
55136 109352
67940 78712
76628 69553
77907 68848
75745 70316
62931 84593
86107 65448
58460 96105
54822 111521
57215 100547
54327 115610
55177 109007
58512 95948
56226 104413
88598 63200
58445 96215
75665 70319
85027 65845
58123 97138
53063 137462
81837 67080
81975 67060
79877 67936
87863 63582
70639 75512
84787 65916
55902 105354
76107 69907
55484 106976
55177 109007
54327 115610
54822 111521
58068 97325
59826 91146
86183 65439
69666 76422
69646 76614
86616 65335
71292 74903
71303 74699
59771 91281
57701 97934
58249 96816
59489 92162
59238 92950
56712 101800
57646 98069
59270 92838
56657 101935
53063 137462
59022 93610
58891 93627
70333 75840
86347 65377
83007 66528
82983 66582
87333 65065
86900 65169
73931 72099
60164 89454
60391 88791
59325 92651
60013 90204
58405 96257
60095 89714
59394 92391
73992 71882
70048 76183
91477 62693
55129 109490
66361 81606
67240 79810
66442 81519
60569 88433
60264 89337
59926 90819
82907 66591
84111 66154
84227 66123
82051 67051
85338 65750
57770 97674
57481 98861
55630 106475
58336 96517
60077 89836
60146 89576
67817 78773
62941 84578
56922 101278
60734 87720
63393 83904
60546 88456
61102 86764
61016 86839
60201 89389
61553 85934
62560 84973
63097 84068
62646 84898
60483 88508
85580 65637
83602 66267
87282 65076
84829 65863
83585 66322
86013 65533
84035 66163
86849 65180
84018 66218
54410 115245
59826 91146
86423 65368
86540 65344
58671 94606
82194 66985
55356 107936
57394 99476
86807 65233
83509 66331
59434 92349
59599 91840
55009 110266
55001 110450
79061 68374
93475 62268
74675 71451
63680 83641
63679 83653
60961 87026
62942 84403
63010 84318
67817 78773
56295 104153
57298 100182
56336 104028
55260 108642
54905 111156
58567 95761
82791 66622
84735 65948
84302 66052
84227 66123
58157 97099
59146 93233
59613 91767
57105 101242
70048 76183
69971 76249
73119 72902
73042 72968
62519 85093
62491 85233
62519 85093
62560 84973
70416 75644
70559 75572
54795 111793
55457 107248
55553 106716
55150 109279
54300 115882
75665 70319
59668 91580
87625 64962
87550 65027
53954 119293
54151 117259
54190 116661
53770 121591
53638 123276
54118 117388
54685 112572
53528 125377
53495 125506
53737 121720
54932 111136
53822 120978
54437 115207
54613 113299
54646 113170
57325 100162
53605 123405
53710 122549
53677 122678
54223 116532
55287 108622
55861 105699
69646 76614
69540 76629
56054 105044
63010 84318
62136 85507
61300 86709
61397 86444
60610 88167
59598 92015
60609 88342
63681 83466
64291 83013
61301 86534
59771 91281
62137 85332
60734 87720
59489 92162
61016 86839
60891 87461
61398 86269
61015 87014
60665 87980
64290 83188
62942 84403
59770 91456
74777 71433
63352 84015
63393 83904
69540 76629
86780 65273
74374 71643
74293 71690
75822 70282
76785 69516
54550 113961
54538 114111
76047 70080
55301 108123
54992 110541
54478 114688
57385 99567
54946 110637
57339 99663
58740 94346
55347 108027
75930 70192
76019 70167
58281 96704
56836 101353
53975 119167
54027 118554
53923 119735
53842 120864
74586 71490
57481 98861
55630 106475
57770 97674
58336 96517
59881 90959
59940 90746
60295 89323
60851 87631
55073 109929
55033 110022
60405 88718
58350 96444
59339 92578
58171 97026
60309 89250
60123 89599
59160 93160
60609 88342
75800 70285
67019 80482
68101 78538
74586 71490
74513 71528
57174 100892
73710 72231
82791 66622
74673 71465
81379 67446
81454 67414
62008 85816
85454 65719
77414 69072
54047 118440
61301 86534
61343 86456
58529 95845
54718 112443
69178 77038
84378 66043
62082 85519
72940 73201
72957 73088
84660 66019
71711 74363
60865 87558
60891 87461
80310 67832
58460 96105
76847 69478
75884 70244
63479 83829
55644 106402
76019 70167
56281 104226
58529 95845
54382 115423
55232 108820
58512 95948
54877 111334
57270 100360
78615 68453
78587 68539
57284 100287
55246 108747
54891 111261
54396 115350
80091 67907
83340 66487
86616 65335
83678 66258
81761 67089
86976 65160
95702 61822
87409 65056
81454 67414
81975 67060
93399 62277
86423 65368
83942 66227
81837 67080
82270 66976
87474 65036
85027 65845
89251 62929
85622 65584
99792 61635
95345 61917
91911 62379
82907 66591
82715 66631
87625 64962
85698 65575
87550 65027
91554 62474
99868 61626
95778 61813
83083 66519
85103 65836
97746 61720
89608 62834
84111 66154
85338 65750
84302 66052
79137 68365
91987 62370
82358 66726
83509 66331
89175 62938
87701 64953
97822 61711
86540 65344
82051 67051
85262 65759
83416 66478
81618 67155
89684 62825
82282 66735
59057 93459
86183 65439
72351 73919
55081 109539
75930 70192
75884 70244
76847 69478
76893 69426
77368 69124
60178 89412
87409 65056
87474 65036
70290 75851
70187 76068
54938 111027
55293 108513
56336 104028
57331 100053
56342 103919
85622 65584
86055 65480
70155 76086
59895 90886
66452 81422
66442 81519
58735 94502
86055 65480
84735 65948
59022 93610
59043 93532
55347 108027
67009 80576
57385 99567
55001 110450
54992 110541
58405 96257
59394 92391
54443 115116
61971 85857
79494 68270
79495 68175
52878 144013
53458 127096
53252 132087
53280 132034
52982 139726
52850 144066
53352 129602
53380 129549
87240 65129
61343 86456
59598 92015
61015 87014
61397 86444
60679 87907
61300 86709
61412 86196
62136 85507
61246 86721
60610 88167
58653 94961
58836 93814
57174 100892
58054 97398
60027 90131
60665 87980
57756 97747
56405 103342
55718 106207
55443 107321
58639 95034
55539 106789
55957 105167
56588 102195
54781 111866
60391 88791
60013 90204
56781 101540
54396 115350
57284 100287
55246 108747
56506 102654
60109 89672
55861 105699
56602 102122
58822 93887
60865 87558
61398 86269
57591 98256
59043 93532
57577 98329
57495 98788
59895 90886
54286 115955
56492 102727
55370 107863
56295 104153
56419 103269
60679 87907
56767 101613
59325 92651
54891 111261
61412 86196
57408 99403
55875 105626
57188 100819
58570 95720
