8601 1862.99
99107 44005
97985 44056
96819 44107
95697 44158
95459 44217
95459 44217
95150 44298
94912 44357
94912 44357
94912 44357
94682 44533
93494 44586
92802 44636
90134 44652
89602 44672
89602 44672
89421 44755
89186 44787
89186 44787
88282 44904
87755 44930
87755 44930
87472 45032
87339 45045
86804 45124
86804 45124
86804 45124
86380 45238
86380 45238
85975 45322
85964 45353
85799 45417
85429 45432
85126 45497
85024 45516
85024 45516
84848 45611
84778 45666
84485 45698
84485 45698
83904 45758
83802 45777
83499 45842
83397 45861
83323 45937
83025 45951
82923 45970
82849 46046
82507 46068
82405 46087
82102 46152
82000 46171
82000 46171
81824 46266
81824 46266
81563 46334
81461 46353
81461 46353
81285 46448
81134 46505
81024 46539
81024 46539
80950 46615
80848 46634
80848 46634
80848 46634
80848 46634
80570 46804
80570 46804
80394 46899
80394 46899
80394 46899
80394 46899
80394 46899
80357 47101
80255 47120
80041 47158
80041 47158
79865 47253
79818 47283
79716 47302
79642 47378
79540 47397
79540 47397
79540 47397
79469 47517
79469 47517
79293 47612
79293 47612
79032 47680
78930 47699
78930 47699
78754 47794
78754 47794
78754 47794
78754 47794
78694 47964
78584 47998
78433 48032
78294 48058
78184 48092
78184 48092
78100 48162
77990 48196
77942 48249
77924 48258
77868 48325
77766 48344
77471 48394
77471 48394
77162 48440
77162 48440
76972 48508
76938 48535
76834 48555
76724 48589
76644 48623
76251 48657
76251 48657
76036 48673
76036 48673
75846 48741
75708 48788
75708 48788
75598 48822
75518 48856
75408 48890
75208 48928
75208 48928
75018 48996
75018 48996
75018 48996
74770 49077
74770 49077
74580 49145
74580 49145
74580 49145
74404 49240
74404 49240
74281 49331
73956 49352
73956 49352
73956 49352
73766 49420
73551 49436
73551 49436
73518 49501
73361 49504
73361 49504
73113 49585
73113 49585
73113 49585
72923 49653
72723 49691
72723 49691
72723 49691
72533 49759
72533 49759
72285 49840
72285 49840
72285 49840
72095 49908
72095 49908
72095 49908
71919 50003
71919 50003
71919 50003
71919 50003
71919 50003
71764 50196
71504 50212
71504 50212
71394 50246
71394 50246
71099 50296
71099 50296
70989 50330
70913 50366
70913 50366
70803 50400
70684 50436
70378 50445
70378 50445
70268 50479
70268 50479
69973 50529
69973 50529
69863 50563
69863 50563
69797 50624
69687 50658
69687 50658
69687 50658
69686 50750
69671 50809
69409 50828
69264 50829
69264 50829
69154 50863
69154 50863
68859 50913
68859 50913
68749 50947
68749 50947
68683 51008
68683 51008
68573 51042
68573 51042
68572 51134
68572 51134
68295 51212
68295 51212
68295 51212
68295 51212
68119 51307
68119 51307
68119 51307
68118 51399
67841 51451
67841 51451
67841 51451
67841 51451
67665 51546
67665 51546
67416 51557
67416 51557
67306 51591
67306 51591
67240 51652
67240 51652
67130 51686
67130 51686
67130 51686
67129 51778
66852 51856
66852 51856
66852 51856
66852 51856
66676 51951
66676 51951
66630 51954
66520 51988
66520 51988
66454 52049
66344 52083
66344 52083
66344 52083
66343 52175
66323 52210
66066 52253
66066 52253
66066 52253
66066 52253
65890 52348
65890 52348
65890 52348
65890 52348
65889 52440
65889 52440
65834 52525
65834 52525
65537 52607
65537 52607
65537 52607
65537 52607
65361 52702
65361 52702
65361 52702
65361 52702
65360 52794
65360 52794
65305 52879
65305 52879
65134 52969
65134 52969
65129 52974
65129 52974
65128 53066
64977 53130
64977 53130
64977 53130
64977 53130
64902 53241
64902 53241
64902 53241
64901 53333
64772 53377
64691 53390
64691 53390
64691 53390
64596 53472
64515 53485
64515 53485
64514 53577
64514 53577
64422 53652
64422 53652
64422 53652
64246 53747
64246 53747
64246 53747
64245 53839
64245 53839
64190 53924
64190 53924
64190 53924
64014 54019
64014 54019
64014 54019
64013 54111
64013 54111
64013 54111
64013 54111
64013 54111
64013 54111
63912 54366
63786 54378
63786 54378
63786 54378
63786 54378
63786 54378
63747 54569
63747 54569
63746 54661
63746 54661
63706 54726
63706 54726
63705 54818
63705 54818
63705 54818
63656 54979
63656 54979
63563 55064
63563 55064
63563 55064
63373 55132
63373 55132
63373 55132
63373 55132
63317 55265
63317 55265
63127 55333
63127 55333
63127 55333
63127 55333
63127 55333
62970 55494
62970 55494
62970 55494
62970 55494
62895 55605
62895 55605
62895 55605
62895 55605
62738 55766
62738 55766
62738 55766
62738 55766
62738 55766
62680 55936
62680 55936
62472 56019
62472 56019
62472 56019
62386 56050
62386 56050
62282 56087
62282 56087
62250 56134
61985 56149
61985 56149
61985 56149
61985 56149
61982 56225
61982 56225
61882 56340
61882 56340
61882 56340
61753 56421
61753 56421
61481 56439
61481 56439
61481 56439
61481 56439
61481 56439
61479 56564
61417 56607
61417 56607
61366 56665
61249 56711
61249 56711
61079 56724
61079 56724
61079 56724
61079 56724
61079 56724
61038 56860
60913 56897
60913 56897
60862 56955
60862 56955
60726 56983
60726 56983
60726 56983
60550 57078
60550 57078
60550 57078
60550 57078
60550 57078
60550 57078
60550 57078
60470 57318
60323 57345
60323 57345
60323 57345
60294 57413
60294 57413
60233 57507
60233 57507
60137 57550
60137 57550
60091 57617
59961 57645
59961 57645
59961 57645
59961 57645
59880 57766
59880 57766
59880 57766
59704 57861
59704 57861
59704 57861
59704 57861
59704 57861
59547 58022
59547 58022
59547 58022
59547 58022
59477 58128
59472 58133
59472 58133
59360 58245
59360 58245
59278 58284
59278 58284
59278 58284
59208 58390
59203 58395
59203 58395
59203 58395
59128 58517
59051 58551
59046 58556
59046 58556
58976 58662
58976 58662
58976 58662
58864 58774
58864 58774
58864 58774
58819 58823
58801 58846
58801 58846
58789 58976
58632 59046
58632 59046
58632 59046
58632 59046
58632 59046
58580 59164
58580 59164
58546 59244
58546 59244
58393 59387
58393 59387
58393 59387
58393 59387
58393 59387
58389 59546
58307 59585
58288 59592
58288 59592
58244 59683
58244 59683
58215 59786
58120 59808
58120 59808
58019 59854
58019 59854
58019 59854
58015 59935
58015 59935
57946 60048
57946 60048
57787 60126
57787 60126
57787 60126
57787 60126
57758 60229
57758 60229
57714 60320
57714 60320
57714 60320
57684 60474
57489 60491
57489 60491
57489 60491
57489 60491
57489 60491
57489 60667
57489 60667
57257 60763
57257 60763
57257 60763
57257 60763
57257 60763
57257 60763
57257 60939
57257 60939
57221 61065
57140 61105
57140 61105
57140 61105
57140 61105
57068 61280
57068 61280
57068 61280
57068 61280
57068 61280
57032 61582
57032 61582
57032 61582
57032 61582
57032 61582
57032 61582
57032 61582
56872 62042
56872 62042
56872 62042
56872 62042
56808 62103
56808 62103
56808 62103
56808 62279
56808 62279
56772 62405
56741 62445
56741 62445
56741 62445
56741 62621
56705 62747
56705 62747
56661 62861
56661 62861
56661 62861
56661 62861
56661 62861
56625 63163
56594 63203
56594 63203
56594 63203
56594 63203
56594 63203
56547 63516
56547 63516
56500 63607
56407 63621
56235 63622
56235 63622
56235 63622
56022 63651
56022 63651
56022 63651
56022 63651
56022 63651
55852 63729
55852 63729
55852 63729
55852 63729
55808 63848
55808 63848
55731 63912
55638 63926
55638 63926
55518 63941
55518 63941
55518 63941
55348 64019
55348 64019
55348 64019
55348 64019
55304 64138
55304 64138
55214 64181
55214 64181
55134 64216
55044 64259
55044 64259
55044 64259
55000 64378
55000 64378
54968 64421
54830 64456
54830 64456
54830 64456
54709 64561
54709 64561
54709 64561
54539 64639
54539 64639
54539 64639
54539 64639
54539 64639
54405 64801
54405 64801
54405 64801
54373 64844
54235 64879
54235 64879
54235 64879
54235 64879
54235 64879
54069 65084
54069 65084
54069 65084
54069 65084
54069 65084
54069 65084
54032 65303
53920 65402
53920 65402
53920 65402
53920 65402
53786 65564
53786 65564
53786 65564
53754 65607
53616 65642
53616 65642
53616 65642
53616 65642
53616 65642
53450 65847
53450 65847
53450 65847
53450 65847
53445 65986
53413 66066
53413 66066
53275 66205
53275 66205
53275 66205
53275 66205
53275 66205
53141 66367
53141 66367
53141 66367
53109 66410
52971 66445
52971 66445
52971 66445
52971 66445
52805 66650
52805 66650
52805 66650
52805 66650
52805 66650
52805 66650
52768 66869
52768 66869
52768 66869
52732 67171
52732 67171
52661 67291
52661 67291
52661 67291
52651 67424
52624 67510
52485 67629
52485 67629
52485 67629
52485 67629
52485 67629
52448 67848
52448 67848
52441 67966
52441 67966
52412 68150
52404 68185
52404 68185
52365 68438
52365 68438
52365 68438
52328 68657
52321 68775
52321 68775
52284 68994
52157 69010
52157 69010
52157 69010
52157 69010
52083 69168
52083 69168
52040 69206
52037 69309
51900 69323
51900 69323
51900 69323
51854 69464
51854 69464
51854 69464
51788 69657
51728 69681
51728 69681
51640 69768
51640 69768
51605 69812
51333 69857
51333 69857
51333 69857
51333 69857
51333 69857
51333 69857
51333 69857
51193 69974
51193 69974
51193 69974
51162 70007
51022 70124
51022 70124
51022 70124
51022 70124
50909 70254
50909 70254
50909 70254
50878 70287
50738 70404
50738 70404
50738 70404
50738 70404
50738 70404
50738 70404
50605 70727
50605 70727
50605 70727
50291 70774
50291 70774
50291 70774
50291 70774
50291 70774
50291 70774
50291 70774
50151 70891
50151 70891
50151 70891
50151 70891
50007 71054
50007 71054
50007 71054
50007 71054
49867 71171
49867 71171
49867 71171
49867 71171
49816 71397
49816 71397
49770 71538
49770 71564
49647 71695
49647 71695
49647 71695
49644 71755
49596 71921
49596 71921
49475 72027
49475 72027
49475 72027
49456 72038
49335 72144
49335 72144
49335 72144
49335 72144
49284 72396
49284 72396
49284 72396
49284 72396
49284 72396
49063 72978
49063 72978
49063 72978
49063 72978
49063 72978
49063 72978
49063 72978
48953 73385
48953 73385
48929 73440
48929 73440
48929 73440
48929 73440
48920 74065
48715 74285
48715 74285
48715 74285
48715 74285
48715 74285
48616 74305
48640 74250
48616 74305
48616 74305
48616 74305
48608 74815
48436 75050
48511 75085
48436 75050
48487 75140
48436 75050
48436 75050
48428 75560
48428 75560
48365 75894
48345 75951
48345 75951
48298 76136
48242 76226
48242 76226
48242 76226
48208 76600
48179 76745
48088 76745
48088 76745
48088 76745
48037 76971
47985 77020
47965 77077
47965 77077
47918 77262
47862 77352
47862 77352
47850 77645
47828 77726
47799 77871
47727 77977
47727 77977
47676 78203
47676 78203
47610 78427
47610 78427
47563 78612
47559 78653
47507 78702
47507 78702
47456 78928
47447 79117
47420 79230
47372 79327
47372 79327
47321 79553
47290 79744
47243 79929
47243 79929
47187 80019
47187 80019
47153 80393
47133 80450
47108 80554
47052 80644
47030 80725
47012 80787
47000 81235
46951 81260
46895 81350
46880 81368
46740 81485
46740 81485
46740 81485
46673 81727
46673 81727
46617 81817
46617 81817
46546 82028
46540 82143
46479 82270
46423 82360
46423 82360
46360 82611
46360 82611
46293 82853
46293 82853
46237 82943
46223 83018
46166 83154
46099 83396
46099 83396
46043 83486
46037 83601
45966 83812
45966 83812
45899 84054
45843 84144
45843 84144
45843 84144
45742 84760
45742 84760
45686 84850
45686 84850
45657 85203
45517 85320
45517 85320
45517 85320
45512 85365
45457 85861
45317 85978
45317 85978
45317 85978
45312 86023
45227 86388
45227 86388
45166 86435
45087 86505
45057 86543
45020 86747
44990 86785
44956 86865
44877 86935
44792 86994
44792 86994
44762 87032
44701 87079
44652 87111
44622 87149
44585 87353
44555 87391
44499 87481
44454 87713
44424 87751
44368 87841
44351 88167
44272 88237
44242 88275
44205 88479
44175 88517
44119 88607
44028 88643
44028 88643
43888 88760
43888 88760
43888 88760
43665 88887
43665 88887
43665 88887
43665 88887
43598 89129
43598 89129
43550 89279
43525 89438
43477 89588
43441 89835
43393 89985
43320 90294
43320 90294
43284 90550
43247 91019
43199 91169
43159 91547
43107 91570
43062 91724
43014 91874
42947 92116
42905 92430
42857 92580
42838 92672
42790 92822
42746 93159
42695 93586
42647 93736
42603 94073
42573 94588
42532 95057
42471 95260
42427 95597
42386 96066
42342 96403
42299 97554
42210 97590
42166 97927
42134 98760
42113 100217
42113 100217
42113 108439
42113 108439
41995 121522
41971 121637
41889 122278
41754 123110
41721 123468
41615 124224
41602 128657
41496 129413
41434 129708
