0 0.0185439
166199 182217
160349 195079
173565 168968
166315 158160
182572 166003
180487 176016
171618 174340
163067 153549
170607 174879
164050 184572
162106 172110
166247 169248
172184 183487
184287 174330
168296 184779
169507 175118
164856 173232
157206 180424
188216 170520
176197 160066
173636 166003
168240 185049
177756 187685
166696 162395
171171 147439
178377 155559
168254 169263
181367 180476
164430 179270
175449 166842
169251 162837
175292 172756
171978 175137
178178 170874
159256 177573
175658 174904
175181 173932
171192 160457
161328 178713
168643 185960
168186 157903
174960 172919
194022 157468
173491 160226
173792 181250
159991 168213
170679 170609
165340 177308
164710 176257
149107 167123
166820 185271
169813 169207
173069 185090
164806 179313
181773 175061
168578 191010
158248 177992
175680 177331
164522 174611
171356 171217
168321 168426
173940 165065
163463 171711
167269 163316
158400 171912
172808 161420
151021 174011
165506 177345
163473 166139
166429 169737
158430 167706
146849 166715
176292 175766
163328 154751
169892 165345
163202 164689
179341 170196
161419 176963
179637 161973
176423 162904
156925 178367
169748 185974
164107 172997
175461 172248
176440 176960
175239 148987
170614 175692
161064 186113
166635 163678
165161 176577
164545 170894
168292 164639
169213 171306
172425 160214
173754 166980
184482 156879
169690 173932
171997 173284
177389 176991
156340 178844
167609 182912
171301 180184
175533 179959
170661 176535
172792 174408
176911 161635
171649 190508
177267 172344
165973 189268
185043 165207
158853 178529
157863 170217
167146 170501
166807 177321
170815 161952
170956 169274
158111 177859
178790 193680
178681 170143
158600 171042
170653 169073
157837 173827
168022 180049
175209 183463
195285 175470
174945 170827
173121 176613
162713 156262
165808 179168
185697 171393
179771 152384
157224 163198
168859 163204
172868 182789
175406 175024
186817 179624
176602 185359
177503 174063
155909 179555
181490 180358
178808 195491
161571 174932
172248 172945
176260 187829
172124 160345
163390 175554
166882 178715
162601 179136
178346 174005
183216 173111
168046 168233
167713 174664
168412 188380
170897 171176
168239 180489
165201 169511
176351 172113
163115 159201
172527 167797
180988 173386
172289 160406
176965 173824
174988 169537
178590 175511
174257 189399
171892 169618
156914 182160
178458 158797
172421 166075
171150 183168
174800 177091
182025 177417
169862 169324
164899 180467
179328 168620
177781 177183
179774 191213
175091 175766
182270 152115
177372 170885
168589 177537
165557 179187
161914 173475
163027 187647
166529 168648
173122 177109
184408 162649
172306 180452
155504 182145
183640 172832
187699 174043
151405 187220
170804 193044
172424 175163
177250 171293
170447 182244
168484 179369
172331 180120
181482 185087
167406 176569
162585 186053
162025 174177
173703 168969
177495 174285
166511 168376
174739 167183
173861 167503
166406 166274
175014 172598
171326 160515
174350 176672
170443 182630
171384 152355
171718 166736
158270 169200
166492 161184
175403 178816
171992 182764
174995 165698
164496 194194
165538 168738
177527 164188
175238 172009
175004 174280
172898 171624
157132 167679
163139 182898
157233 163401
175295 171858
167143 152974
175424 184627
168040 170799
179769 182671
152255 170915
174532 176829
180163 187180
167661 177713
177635 175846
176253 172101
173611 170144
172863 163024
175533 183554
166793 170098
180195 158415
167081 199438
160640 188810
158370 174189
179734 166601
168160 175841
168302 183818
160369 172578
159253 189670
160827 185028
171926 172038
164130 171249
170028 162340
180216 159707
158809 179736
169627 190296
174320 174345
188494 175592
173076 167290
168733 169596
182506 163009
179760 169483
183418 161387
161386 171329
170306 187099
171227 168242
163371 174784
166347 181780
176057 167409
164577 162427
178097 170159
157421 161340
163386 172344
158551 174563
168334 171633
163025 172625
172505 172200
174557 182412
159082 183174
179635 166725
170939 176096
179846 174149
180981 178971
162433 155863
168811 169032
165299 188427
165547 173006
164456 164565
169762 185313
166719 173009
170239 170694
177668 168374
163170 188494
163924 183033
186819 179508
174041 185342
156827 163473
170564 173880
179151 181080
178168 178369
176454 173294
166187 164188
174474 182563
163013 178481
166336 179118
181467 196719
174116 176597
165181 179694
170146 159865
170913 171202
172604 153561
167075 175115
176540 175903
160098 178920
163056 187667
161819 171833
169136 166175
154544 166719
166452 179249
181468 171114
166589 180373
170227 184753
168426 188179
164318 169660
186344 177664
181067 164005
171778 172871
172092 168417
168241 183137
182388 166553
177187 178020
170395 179265
179998 177860
178328 166775
175945 175487
163318 167528
173387 176297
175732 159602
182737 190653
173479 172741
165285 180599
173500 180077
163346 174057
176880 182473
171364 187546
170243 168441
183146 171669
161536 158922
170323 166685
163902 184200
168943 191775
161331 157934
157725 175223
179562 180227
169805 161166
152085 174069
169837 169492
160475 176369
170857 167801
173077 180510
172094 165906
185240 167089
166504 164778
173068 176352
170791 169107
165947 174604
174247 176345
164002 175026
171645 172817
187941 167789
163648 163811
172227 168113
169485 180246
177470 186224
171172 166267
167948 175306
159727 184821
188541 168711
172031 175568
161738 184713
171082 175179
160262 178405
174282 176102
181023 174762
158535 169735
163558 185766
178601 171242
171791 169938
151266 189174
179884 167592
168024 169217
174416 167415
167053 178063
155898 172391
174718 187387
184513 165093
177016 169706
170817 188910
173571 175842
173334 173457
165776 175510
158715 173537
163145 165580
178575 177305
154894 182516
176575 182962
185974 169192
171459 174244
175750 174648
162310 171918
180727 159478
175830 179863
164057 174879
155931 185985
186561 183669
158908 157205
181892 164360
168846 179782
178243 173118
178011 180247
166940 165734
171068 176924
173846 164095
163224 174329
152211 173418
162144 184138
156526 183856
160293 172749
163288 169581
167702 173763
158552 179480
165655 184713
167199 181088
174541 173742
181264 166972
160018 168784
160350 185121
171296 171614
163419 168565
173236 164815
179044 170798
169679 190981
164540 180038
167635 171878
159589 162736
171385 164127
171404 183456
170914 179909
174926 172024
176107 162795
157122 171587
155917 185234
172705 172442
170919 171070
167580 166622
166172 184232
177264 183565
150404 165836
164070 178179
188552 176886
151432 171759
161294 181856
157253 183012
164279 176130
173837 182361
171291 176012
169021 188661
162497 161215
184769 174996
161555 163708
175520 166743
170167 168018
167186 182425
174721 165433
149081 161294
163899 174528
163360 164072
170523 168414
160264 160731
169407 171338
165783 181823
155703 168660
152467 179416
176734 185069
192179 171209
174938 187713
182094 174288
164917 178638
182380 171574
178592 151134
161304 161764
184274 175608
162753 173127
166644 185483
163282 164768
185533 167232
165286 167551
163433 170172
168606 185138
170330 170708
180132 165073
156368 165283
170414 174476
186581 167215
168247 176187
162739 170084
173232 181354
181175 167893
171465 178382
168869 168345
185908 185829
173640 164360
154822 175634
167315 156369
176649 167510
170099 181675
175371 154519
180763 180051
162592 171142
174109 164321
161274 160312
181562 155449
167891 174303
178322 171919
181897 163464
150785 170338
170960 177538
156831 170030
181050 183173
154004 180371
160031 161567
167192 175761
173166 188861
162181 162821
168944 174816
185552 177323
165069 173804
163389 157933
167610 169740
172816 173745
166204 185977
172607 177219
169106 173660
181427 170627
170923 163772
164281 177391
152894 189114
175119 175916
189626 172434
159479 180146
165792 158269
174214 174725
184273 190377
178036 169851
163003 179239
162157 181291
174040 178774
166202 170615
163722 175165
165911 158549
182329 170486
172695 173508
171864 167125
165974 168282
172086 164099
177185 168222
169254 178263
166897 166237
174223 173135
152969 177664
182335 173309
175525 178043
176677 170888
159180 177533
172080 175381
180058 182984
173720 187775
160256 164760
181597 159060
177471 172748
154595 178144
178885 167005
179018 159207
182915 188051
168863 165536
167660 193441
181627 176593
154268 184675
184386 164524
180796 163996
157015 169475
181589 183677
170530 170258
171005 180373
160102 163620
164504 173609
165883 162419
176281 174999
171346 180677
169779 180046
175170 173021
176502 165540
169337 167283
171432 170601
175790 172367
173288 161780
171905 169285
168515 168853
172846 177048
175517 174744
167369 169355
158173 185875
165832 166861
166133 175824
167193 180362
182395 179174
167370 177867
167910 177267
177413 160259
178696 180807
184964 174245
184555 188145
170619 183434
177719 162286
167000 173175
165193 178449
158579 168121
173999 182179
178564 166911
179166 172307
170975 155655
169751 174374
171050 174121
159407 184264
178343 153084
166857 173101
173095 184948
163092 171124
166799 176114
161031 190960
164812 177047
152129 179616
164234 179068
177166 166233
162875 164835
178342 170323
165671 163151
166779 177451
160019 185237
179690 164285
163034 180779
173684 168563
176348 176488
178435 173791
168533 179758
150928 168863
170205 174493
171738 168654
164338 158712
181043 169938
170795 186411
184712 180550
184757 168285
177882 177103
168915 184519
152688 177627
169166 172855
163821 181833
157014 166998
182684 168928
178142 184507
180860 177280
172278 180924
173445 173549
175052 177384
161852 167883
167292 178340
172873 184091
169715 172154
164680 161877
166933 181795
167535 160661
156388 174304
175568 168496
176753 170104
167573 165264
182243 178474
181435 154120
170413 171775
170345 167965
161027 183252
178285 180428
183864 167134
154526 167024
180766 173795
169154 177547
177302 168256
175124 200151
171859 165199
185050 184174
170165 167702
170522 165860
175616 173501
178111 172030
173000 175805
176230 173485
180649 178195
186598 165371
161894 162029
180653 174711
175017 175025
179292 179244
175368 173293
173838 167434
183711 181888
170739 178067
175823 184041
156593 165171
179963 189547
162837 169514
179490 177494
167729 173604
170130 159498
175202 157240
161080 168502
161946 164013
185628 173452
183340 181085
154919 182747
167071 173120
171348 182575
160934 166575
161389 171887
165867 180709
159400 157155
162921 167665
150728 186524
159014 172353
182656 165540
169626 183162
181777 178322
161404 178744
147899 190990
171833 170264
168941 175346
162321 162607
172571 179545
159239 173196
152497 180487
180753 164297
163325 170636
162419 199219
170382 179285
178450 173549
163768 168661
165739 179883
190408 155499
171430 181655
171661 166502
145126 166996
160877 171865
177391 171934
174240 173031
175325 162688
164338 181092
168589 176014
160945 172326
165028 168375
170202 176190
168629 171405
177864 172687
180039 181470
165064 179935
159597 171706
164544 168262
170074 176033
160804 163038
172245 170678
186584 170398
168277 169721
170973 174517
169243 164150
162679 161798
182120 166221
155177 171322
177135 180078
166962 174126
176865 180967
163656 165779
176270 168361
170099 171290
173299 161887
172039 162947
153786 165960
174629 179580
161376 170276
173584 176400
156003 166048
170905 164921
168450 167657
163576 167557
185834 171339
169395 169155
173057 162525
167591 180460
170673 172634
176594 168213
169817 158541
165811 175774
168960 171689
174320 188023
163658 169181
172237 195007
173573 169942
182770 163128
155311 181568
169166 171050
173497 176060
178195 160869
157515 177185
169097 181148
180532 179838
167024 195599
156556 166464
169725 167121
178271 194056
162976 194161
183216 170934
163692 187299
164824 163323
177676 169581
156711 184852
160574 183041
164986 191576
170821 170682
184964 161404
168143 162233
182830 189002
151800 179323
185911 192780
163923 173654
167210 197062
177421 184233
185986 187553
166704 187213
180046 191434
173263 178894
178920 192910
165157 189569
163560 173972
178415 169191
163465 171954
153759 180011
178238 172242
172884 166598
154272 174970
169711 180966
168547 176649
160241 177169
172269 160854
170312 186086
179274 172351
179456 169464
152074 168294
179049 183144
183199 178761
167037 168813
164746 168194
185507 171569
179672 156648
159394 155738
162617 178135
174187 178857
172851 177967
157905 173933
173696 189020
165493 177357
153918 164153
172557 184780
171138 183875
168115 179043
164913 166426
161774 166833
170367 158008
167195 160618
172124 157289
162037 167824
186898 187891
174316 185144
181581 157096
161452 185163
165868 179025
161789 176255
161454 165945
157735 179565
162818 184357
163943 164133
164450 182041
165588 176455
158529 173040
162919 165985
172308 181293
171774 180761
166056 163162
163243 183329
165359 181503
180660 178065
164139 162968
168948 172357
169728 180026
169580 190149
170506 179984
153446 175248
172698 184904
177652 169581
167838 187301
175141 170281
166937 180920
175017 185411
167320 188847
165298 174171
161108 184268
170765 179267
173854 169653
163043 180311
158747 163555
161937 172053
175210 170196
166887 183259
169701 168158
159138 168422
174129 156104
174005 157281
172114 171225
182626 162808
161007 164424
160044 185735
169124 171658
175605 168273
178954 181967
174224 166989
166512 160357
173663 179114
157518 184448
163483 173562
165294 193175
184384 177740
168157 174663
167973 175361
157644 173070
175742 166677
152372 164143
184074 166899
175764 177524
168604 180777
158310 176100
169795 162953
187785 166928
168921 164256
171480 161114
167041 164941
178998 175539
176686 167782
174471 168089
168985 177011
176387 174149
178657 168555
164906 164308
179882 185650
181137 180280
170519 165930
174928 174826
166112 176051
164983 169991
170765 164623
166120 165073
179840 171586
168126 168844
173476 183614
183520 195158
169185 176602
163181 173622
173640 182442
180063 171913
175473 158929
171200 171674
182350 178724
174581 164236
163414 180774
178459 163243
162479 177908
175607 177995
168718 188305
165654 177966
182358 180167
169577 190011
160537 176459
