628 180.384
105871 133987
128713 103676
145381 103073
119683 146847
144097 101781
125670 101665
130586 115830
93946 140434
109502 126487
105618 171961
126767 105164
136496 143010
105458 169611
175669 106690
152303 97670
161895 114894
114451 162887
164068 104156
131482 165777
141494 99978
141226 114524
126875 160886
129586 112987
166093 113965
105064 123481
122254 176300
102453 154932
119088 151499
132206 96504
140413 110983
113926 154855
136636 138660
126705 161515
128155 115651
121523 106299
111540 123484
106574 154597
138087 133905
109439 99993
113091 106895
110480 127654
116895 175876
112311 134929
136204 99507
144997 108230
120920 146838
106597 128868
132733 137346
108648 152481
133354 122184
130224 110726
120842 102015
138988 154424
110508 119266
125549 154265
136678 105097
132914 116633
116711 121308
108809 177558
156114 105994
120233 110709
160499 110547
105203 163921
141877 121287
159089 166977
139424 165056
151142 129536
143650 118145
128153 137604
111231 162274
104474 154444
117290 155194
128189 156060
138925 139693
148550 115907
113082 168392
120989 118954
135281 113554
142778 122253
125871 128992
138752 108932
122196 173948
150943 106726
143391 109647
137047 128262
110024 136717
103375 120832
120006 125617
122845 122141
133318 103380
123395 174914
156780 158020
106307 168854
169300 133246
108172 162526
151499 141317
109253 149189
178739 99455
133062 122408
149693 133828
114581 136854
159655 112769
114429 110554
115717 110860
152139 118843
124070 145794
127602 134733
146023 146081
139231 174029
100405 155547
129020 97104
129638 130759
127135 113740
124993 113789
107806 132687
96788 137624
161499 119724
121667 161357
119661 139996
149722 107479
171120 110363
105736 165361
145023 119472
131087 139120
103626 132674
144569 141642
103953 156221
120618 136622
137098 143421
148769 106145
115429 161020
110736 155121
146658 133215
111349 137469
151643 119476
141630 119707
119859 159729
123710 142791
146471 181100
105316 115494
134988 145883
136020 147501
139370 149359
138067 154274
105176 151141
152490 107499
111644 152025
165933 114891
132991 110595
128456 140527
129837 93559
141538 169640
173799 119711
150198 153126
126497 108972
140339 110885
113472 156801
138735 136917
113821 154969
137933 105511
113101 103074
109812 147378
129999 117114
125755 120965
110488 168951
142262 131093
121065 132764
142063 111285
141401 127055
108355 104329
117897 126376
127109 141433
173761 107240
143441 106867
165535 117312
140463 164255
149036 105013
141446 139567
97305 162781
150412 120607
136056 168972
114997 104867
131735 127842
144463 172110
121613 115063
93474 141632
114622 117369
128196 137853
140534 109986
141689 119261
118751 108826
129473 164994
152991 133516
171561 105286
117582 148826
124611 151023
117442 190810
119650 132166
147483 127961
127810 113535
105470 126993
163372 113600
118828 156168
122461 164828
132340 103829
190153 115200
124958 99545
111266 131169
127789 164721
93622 142621
103097 124538
160995 176901
112766 145833
95388 144663
119269 127889
106379 150409
104599 135157
132142 111555
126289 117265
145240 111035
108650 171394
128814 146342
125214 150145
125559 164699
109742 141264
169744 104981
130692 111681
120923 134860
135359 166979
91708 150567
104390 155485
146748 116775
149461 119479
129346 143391
123868 101245
125182 156990
112835 128029
133143 124649
142644 120690
142031 106412
124472 108256
103386 143139
138711 125746
155028 102815
150316 103577
127117 121022
122580 151431
114244 128474
159232 160938
110250 90416
152794 162045
132530 103481
174960 117846
104096 160658
139499 104200
111711 148033
143754 167852
112876 130148
141174 117204
154787 123020
126859 94916
135796 102747
109872 105014
129794 107556
138226 151695
125122 109343
123082 143398
110056 116302
131952 175796
159864 114072
126389 99478
131200 118272
141930 118601
136039 142924
165915 108511
152370 106583
134226 99094
104120 167658
147596 169306
126617 161413
126794 123166
126461 159048
99196 139919
127388 138458
111171 159696
131251 149836
133301 124495
131687 134982
145154 134115
121228 129933
107245 157993
109939 167338
149233 129504
149218 163734
133034 113236
186458 101508
100980 141032
120387 165231
134993 162416
141753 109770
136699 152497
104195 163101
169242 113217
119232 126493
124491 106734
143249 139465
130319 138107
132102 147624
139371 114962
129219 102699
133936 126739
129622 153271
114885 142346
165118 119122
142485 118633
137773 156567
131169 113470
144579 111088
111815 163530
116653 166997
147249 115055
150658 130005
138091 109456
106116 151454
114455 154835
159667 107702
143361 96137
136216 106639
117208 158790
117520 160525
128157 145493
116066 151958
155317 105777
118472 156654
133321 151044
163361 113499
122561 165329
98092 145522
140879 106471
139955 165881
131030 159851
96483 152757
159258 111423
113216 145312
117873 133345
139927 130489
108750 166541
106409 135055
106353 156915
119529 166801
109217 148248
114701 164352
148580 129591
129593 103527
102813 137065
145591 119336
132884 144986
111868 139219
162605 122953
119371 148915
153039 129952
127970 162523
138743 128191
163122 111224
134832 130021
163918 104589
120531 138226
119992 137843
141145 163000
123876 119673
102285 162360
147245 116909
144032 134719
144882 116660
143013 126551
139322 143145
127150 152019
147919 137501
104121 110620
148660 167767
132604 141490
104552 154733
177902 129298
134375 102564
108815 177344
106901 168097
148610 104109
96785 152510
118053 102472
111302 154026
154209 119694
119502 121344
126824 113552
115662 159162
143762 101968
94107 159550
132703 154611
131820 157091
148173 152981
124857 135834
106479 148900
132355 121439
126961 136583
135523 125700
129283 130528
124076 123754
132781 103781
125582 107054
126281 104729
116289 101836
143644 117584
133640 143282
123005 141720
112806 151425
111359 157621
127686 127957
165741 113928
145987 103046
126402 105066
125505 177661
120443 154425
139207 120126
142923 107372
138601 100151
116261 138674
101154 140713
141569 117394
148062 143075
131483 142527
143883 98476
117244 113874
136876 102921
120900 141927
96269 160728
111491 134280
141334 117155
133665 171077
132413 103827
144214 118331
119960 147651
146549 137634
161563 107802
131154 148172
163235 107011
136043 122327
135417 105965
130855 105817
142572 135010
122989 108223
169105 133228
138445 106102
158275 109799
114655 104240
109210 153376
153572 106663
128371 164049
149762 121506
108637 145186
176763 115215
114936 172624
100393 158066
171591 96436
170031 111793
127363 136182
110231 150880
148022 108304
150001 105139
124388 94097
112869 174303
139308 130027
96574 150125
121957 158265
102364 115898
116955 162975
117112 160615
134652 138229
117377 161222
149317 142378
115763 142469
162172 99458
136250 117328
119686 163682
128226 154710
107761 144674
108611 107648
135561 150867
146038 153393
129558 107427
163003 114638
122844 160589
135646 144031
111816 166102
120781 145871
150447 143132
135031 160281
146732 114833
137973 100333
106709 132607
131878 107852
140215 111663
122117 99441
105587 132741
139921 123122
117010 115204
144837 109141
104584 138895
126514 102225
177000 111532
123707 139000
145328 132473
129460 142071
109183 189670
123064 123719
166012 105719
141205 110341
144217 158791
140244 146669
140443 138710
110436 148974
109741 163298
134422 172404
146064 114386
106138 174661
157852 109126
124787 112287
148625 131279
141697 112792
132022 122701
105698 137582
132227 142506
125987 121074
155780 149226
128674 153562
116740 116775
145417 109394
110231 164164
96621 151820
136792 152450
151703 131341
134110 144366
141007 98186
131104 120640
119298 102535
100571 141773
124445 107792
121090 155743
138894 110095
157569 118387
151544 106370
110589 103969
150585 131884
138590 136060
133029 103310
115129 133238
150452 133470
154510 110854
136357 137527
122725 145251
148593 127775
143697 110811
116798 110415
128063 109868
134567 125041
135054 145599
133835 125638
132357 121421
123582 134649
100486 158930
136406 168539
113605 154236
141208 107521
140859 119429
131071 99262
143151 163207
133074 143998
137671 165048
109151 153005
144506 115238
134147 104141
131596 106721
148650 157142
107594 165977
132761 95794
105251 107706
176622 115116
108881 128138
115109 162775
149308 105393
177551 111308
140829 173461
138066 105267
164271 97529
119092 147741
136149 122874
132818 140967
143557 127059
136866 127443
146023 130909
124817 130395
124584 139162
145723 148063
120898 148692
145763 99823
135635 150431
115071 156388
132137 112090
136853 108606
146003 143435
103081 174871
143973 98247
151345 102709
151934 116469
125553 134171
130857 106525
99105 160011
139670 115040
123451 146609
118154 136720
162241 112042
153929 139866
126608 161353
127910 112261
113462 133013
125316 150992
112533 142007
151843 110573
164161 108679
129191 104854
130215 109490
121513 145807
109073 122256
129892 134861
147370 100412
110518 122814
110307 133286
148463 152040
115707 159096
115667 115762
125768 115722
134895 164320
104261 125084
141246 159988
130261 118127
117792 153063
129000 123014
110415 140032
135958 153410
114136 142699
125236 149738
122940 171378
127415 137040
143220 138053
122255 141070
122852 146204
137004 103723
144154 128707
139901 139921
113807 118674
96563 144164
148848 148313
144569 150048
105585 161374
114975 160949
136178 128456
122345 109301
146479 109832
103623 173751
115772 152015
118614 104313
135966 146411
173437 117857
128296 170503
131082 129819
124368 137691
104841 166200
115951 153370
107710 136727
134413 114214
108093 170878
146479 141840
99056 164953
127294 122923
145005 131430
107858 135327
124663 153276
125671 127979
138691 160411
133024 154164
135411 112897
125965 154200
181384 112213
140476 146854
141888 147603
143660 177016
133296 111507
98150 172769
144249 107415
116000 152754
140834 136851
184817 100765
117492 139759
123038 112119
168992 107342
100398 100854
133806 162917
107607 155712
165788 100006
124507 155590
115032 100977
116235 144556
136944 105647
137189 130601
137331 138039
123576 149810
144328 116647
158086 136120
123780 129249
158633 107930
148311 107090
132662 135415
136890 109004
132457 112643
126319 111389
145507 115448
128315 117358
126045 111086
147254 133775
113140 157925
116931 140218
147135 155553
147459 108014
138731 105300
188042 110946
128459 136371
138106 143150
107596 123945
121166 151069
100824 151477
136888 109554
146613 122299
118748 140588
130192 124815
146085 122574
134516 147010
120910 112487
146922 162097
119781 127448
131995 125711
127999 128739
165485 110612
151193 122572
138913 113473
166044 136404
130273 150566
116458 134087
118974 139651
122823 150190
104278 118828
161612 156281
126814 142969
136352 132402
122631 164118
131075 112317
140261 120468
122835 118830
110319 152402
134149 104279
136627 102529
153085 107338
129333 124016
137112 146525
162739 142974
117904 142658
118507 146138
134967 170809
159872 128747
158015 114063
138271 101755
144623 97844
114630 140758
143925 100065
129934 144569
123915 126449
110162 123197
116095 145900
113027 161659
143320 143121
129055 145386
127985 121386
149673 108149
129911 121763
145881 89258
164637 107670
109413 148446
115120 158495
116538 135668
112208 148142
144683 136078
147945 108869
150084 117069
134467 126439
130174 131571
101721 143716
151734 111793
135050 104162
120445 143207
161046 107930
117146 137877
109892 152186
136019 109959
112081 168146
130930 139321
111778 133080
133877 117162
137840 148395
132154 134324
121303 171633
123464 134997
103454 136532
161847 118546
159676 111170
122619 99179
147109 138982
126018 99985
149690 117198
141782 135368
128053 122605
146819 168374
118880 135398
131491 94712
117766 141043
118092 146619
126390 171030
118547 164218
112333 110495
122472 102655
124008 127670
128452 120731
172192 120375
122343 116312
140377 125929
131679 114346
101990 145904
138093 132331
144355 146693
121647 110007
136247 140720
108607 154632
127161 132326
107122 144079
145458 103457
161966 108379
98333 169985
113108 155652
119339 175252
127551 144481
126131 154545
114301 118882
155631 152849
104632 172799
120381 142422
112932 168456
119637 131750
149856 129087
158243 129742
107058 132386
110197 99738
98939 134329
120522 111721
124098 123003
125706 123490
175258 107636
114904 143842
136219 132641
109275 137681
140216 166404
93295 147132
139669 122286
125287 96533
117640 115566
150984 157066
133984 115860
106899 165769
120191 155785
122815 120662
107914 142609
153842 165146
105330 141553
114473 134853
124043 135477
122996 117035
126827 145852
138091 124614
154481 150466
106187 143081
150836 108502
111834 146490
133030 157134
126665 148576
130677 141470
113331 159875
116228 149256
147780 120149
132337 107695
97576 139505
108667 148940
122118 157585
130977 151607
139596 104625
141403 96153
110799 171482
108703 156961
111475 116830
137812 106880
152561 159296
141378 128295
127471 141704
138883 172466
153831 108459
99888 141272
110282 117615
130688 132000
93403 163364
130409 107127
134845 125988
150167 111561
148170 108007
128787 136504
137115 127208
131864 137480
100360 154419
111589 141840
114712 149640
133690 150775
137106 150809
168333 117235
129917 108663
149028 126267
119781 105484
119480 152603
137119 96616
117286 91350
127073 134592
128491 149171
123449 172957
173331 110323
107197 149404
131659 156136
143917 115745
115308 160123
154418 105957
174646 122929
102487 165899
107449 131598
130297 107979
113245 144297
184924 107991
114148 133304
122890 159512
134509 95365
168350 109278
143093 136038
136724 115878
134730 123594
113165 154132
97268 115937
107548 163342
151105 126764
120899 113431
142931 129995
175621 119566
99074 157251
108439 138187
114310 139692
149106 111158
118247 150899
169170 110481
115596 147611
135796 131964
101314 149419
146004 124935
134999 139223
187887 121163
147110 132881
145559 130070
105322 123273
127169 140849
106875 166066
131901 133518
108185 118928
124156 154665
112819 123866
175343 114308
103641 157103
137919 146884
137592 153034
165041 111092
155235 131978
138393 103306
148146 147912
