21284 1501.11
129050 147939
128105 153176
144822 131014
138243 136998
136514 138725
135035 142185
149869 127773
143245 134266
152159 127263
132409 146175
149713 129781
132235 147136
134194 146068
148428 130962
155753 121178
123655 167208
163175 124132
129368 157235
146040 131720
135490 142939
139062 138623
143594 135058
131731 151450
160210 125795
151469 129308
150548 129650
166097 123956
130788 154822
157168 126942
149080 130998
155303 128426
133177 150299
134112 146831
141027 137347
156436 127514
144960 133782
139960 138109
135361 144050
138564 142209
133931 147364
159205 126552
132420 151248
145408 133657
131486 154574
140763 137615
173114 123939
144590 134913
147988 131678
159849 126462
139013 141861
133922 148766
156108 128394
130779 156522
140884 137606
128109 160436
176621 123847
141528 139322
140435 150011
139809 153458
142617 137573
142474 138170
133049 159367
143789 135853
168410 178500
178407 164359
181123 150076
166308 159413
178767 161167
155286 156085
162611 163879
168361 169632
174379 167033
182773 162785
172050 154468
178108 162847
187832 163934
177332 157959
160042 165018
163840 159991
176600 154045
168357 166313
167073 155736
169863 168767
158700 163227
162378 157611
168675 148520
170733 160654
174570 172900
169527 160231
199071 161105
160958 164405
177860 145994
163085 157891
161404 169710
161612 166230
164906 161416
174240 157923
174466 170742
156901 161940
169421 165207
153618 153227
175092 169188
180873 165444
176644 164670
167985 174111
168220 148298
155099 161174
176974 151599
163258 170248
166948 160681
177740 169885
173964 170039
158775 164973
173459 170871
170786 151829
174372 163747
166643 162439
172575 167574
174008 165543
189265 169481
171067 172572
175972 162836
152574 155393
174719 158048
167666 160839
170811 163261
169686 134382
171892 161806
155936 170786
170805 154679
164325 156191
162566 168393
170777 162232
162209 165615
179873 151889
169793 163558
178827 158115
163144 179442
166153 174005
158145 174265
158293 167632
169804 154907
177752 165504
161016 171133
153363 159865
173130 161940
162435 175957
177318 163521
173132 163045
156764 151905
146692 172809
161408 177206
163257 154536
179635 161927
171918 171023
164429 148573
174434 166703
171824 153241
163555 161162
167130 158084
170575 162958
178176 165559
184996 160022
170076 156648
165577 160417
160036 155930
173624 161613
166244 163597
171383 173136
159890 172613
176414 156356
162359 166211
171724 159234
154062 163476
176592 149070
161344 167386
184586 168600
159580 164944
171402 164683
184960 159926
161577 155833
184461 164182
169799 162368
172323 161428
170340 153393
171652 160851
174330 166705
160909 169074
170278 161821
170547 158795
172675 169195
163366 163523
177609 165495
167808 147962
162833 158129
166211 158465
157831 183201
178579 164544
192135 171819
167410 177662
171935 150859
163490 158880
171144 161980
167687 156090
173089 168944
174873 165010
170585 162680
165700 166039
170073 169057
175768 148919
168040 163184
174289 170906
175587 163631
194222 158488
170209 172207
181638 156761
179385 172035
176314 158450
167887 174273
187993 164747
166373 168371
158693 159246
170297 161669
168851 170221
174419 150703
175653 159572
171641 176765
171782 161506
175609 162335
164671 165591
163795 174041
184229 168482
173268 162245
163295 144616
172156 156693
181754 167298
168445 162520
168326 146677
160069 163880
162112 153165
167125 154835
176453 148829
159213 154382
165529 179605
155099 172832
152143 157637
165923 159384
170377 167802
165829 163144
165149 168208
166707 155954
155476 162571
160852 166902
163493 155010
157367 164521
177618 176360
173920 156418
183110 157298
177331 170645
171282 164981
164806 158617
173163 167652
161011 170088
181903 171113
167657 155775
173618 179848
177227 156003
184082 165179
154837 173610
163757 159099
162866 160793
174196 163176
156140 164053
158172 158267
178208 163095
175515 156659
182938 164216
167714 158613
187200 171158
167341 149187
169917 157640
162741 163031
170358 167770
173169 174188
165536 159403
168963 155893
153440 158555
166960 167665
166272 162984
164934 156990
184123 167551
149864 181513
173172 166638
174892 169916
174349 182658
177047 163526
186245 169964
169015 165657
157367 166070
182743 166457
187208 164930
178885 169071
170873 167830
176837 158556
175329 158664
172870 163169
192307 164945
171945 157028
169802 158485
171854 165235
163876 156568
167339 159244
174921 158658
160507 174115
172592 174915
171678 166045
182207 170815
179649 168799
166165 161173
160995 155949
171950 163349
181051 167356
170737 157553
194005 164579
176480 160741
172971 164249
187694 160187
168897 161411
165424 167820
163364 147010
162890 174703
175367 164050
172729 179822
169167 152845
155662 152708
167683 160971
177445 153194
164226 163158
173797 157326
165108 175985
158608 158885
160122 171037
166096 159790
168076 169383
168582 162858
169573 162757
171524 146305
170837 155918
181748 143165
188280 155191
146994 169657
152318 156606
169035 164393
176106 164552
184766 162257
162885 157373
168784 167016
190031 163908
160512 177660
176104 176177
177831 166266
170534 159942
142102 160340
155222 176869
182325 168094
162447 162150
168054 162311
166893 160187
172442 161221
170506 165875
168056 154040
192429 163889
162294 150664
182006 169670
149900 181958
150804 158452
160050 154175
165960 167385
166765 169400
177550 174211
168399 167756
165151 156929
163424 151922
164715 164884
155546 157422
166416 165011
177842 169859
183653 162203
162745 169753
174038 161751
162048 167797
169387 166096
168160 165452
173876 163219
182157 166208
163594 168018
164252 174800
165078 170711
151859 165963
168271 147854
168467 158488
170429 165853
165352 162467
182466 157022
165601 162596
157134 170029
171667 159937
173725 170720
171909 171392
160054 166037
164992 150870
165213 166924
159358 168616
182727 162187
159222 169416
177781 171914
180962 173516
175256 155881
174997 165409
161003 158781
177948 157858
169057 164050
167207 150233
173263 160820
166015 169587
168283 169634
159144 158214
177609 166214
167631 163824
169141 155580
172145 160818
172303 166359
183367 172925
178130 173213
161065 183838
180459 171245
174843 171581
168318 175581
171093 173790
173097 171066
164815 163045
176434 164087
177650 158475
151658 174203
171100 163960
150922 155165
171255 164623
175108 175877
168110 154836
176034 157057
179006 169379
171809 161748
160111 173675
164949 152437
172710 161304
175706 151401
179903 168167
165071 173847
155099 175302
153104 157982
152842 155276
160352 161866
171163 163652
159278 172955
178182 163697
191418 166218
153532 158501
172456 156202
173240 155112
163843 158872
166230 161028
170684 174797
177654 167644
167714 175830
165095 157782
177893 164874
174582 158465
176762 161928
154587 172746
173872 166912
163248 163970
172644 167385
172738 162100
173085 162299
170887 153513
171569 162819
165814 158576
177938 154705
179452 161962
168945 160101
169248 151958
170946 166567
174884 166193
171793 176867
173158 159549
178037 164619
166014 170517
170207 151550
169484 162487
168154 170996
157600 169095
162930 164984
168626 165842
165205 164374
174461 147974
186007 167033
166468 164941
173085 166501
177174 157788
157458 155890
166951 174385
169045 166443
180110 150293
171200 145958
160639 171447
172632 159214
163193 163374
175916 177261
182775 173769
167219 154710
182417 168479
160947 173053
174080 158127
171724 175559
173427 163025
179071 156401
159927 152704
165609 164728
172791 175468
184418 159717
175128 179485
164882 165376
171294 167364
166589 166331
166209 161194
178485 160525
176068 155686
164806 176872
173499 168725
178314 164428
169782 166302
173463 158229
174686 156813
180446 159425
156809 158160
158031 164944
180675 158698
167808 156335
169525 150588
158082 149349
160483 160705
184504 169581
164985 165215
178527 148885
180113 172826
163108 165718
168974 165336
177188 172143
171657 167794
167095 156158
154102 168725
157600 155842
160828 164805
179763 153990
170958 179968
183486 155365
165604 157573
161729 181819
183575 170638
172040 165435
175558 170739
159010 153074
158644 148681
193372 139920
179675 171012
186882 172800
174330 152814
155232 160406
168822 156244
170666 164799
161712 164801
179337 165117
178953 170308
176231 161925
166588 165278
168064 161412
172207 170712
177561 153462
168499 166503
169424 161964
183079 163647
159734 153725
188639 172648
160108 162692
166447 161259
165069 155118
163685 151012
170488 153071
155649 160345
178528 145971
167349 163846
160675 162926
168071 161441
163214 176160
177711 153572
167549 167425
165824 171398
156366 158883
168073 152608
178817 151963
172503 167986
185569 163035
181540 173681
190544 161595
173398 163791
158319 160699
184244 179583
173572 164834
177138 154390
172262 163420
150717 163830
155663 157476
168977 179316
171125 163225
165914 169504
182401 147556
164664 156569
173182 169992
164354 167166
174483 167967
161837 155833
176688 162656
163158 152650
166527 162880
178271 165091
171472 155908
175419 163709
168923 165740
176511 158025
166228 155054
164952 163693
172897 158458
172184 164856
179421 144538
164888 170119
174056 170226
160533 163511
156909 149809
156139 161912
176646 157351
164982 167164
167194 165287
174892 171795
180090 159595
165156 165128
170543 174170
161989 166811
159161 164787
172863 171370
175453 159326
161377 158940
163221 179834
168437 155675
172517 162215
178486 166860
168946 161387
156727 162859
166354 163260
183459 163291
179936 141264
166218 157156
160821 162042
173530 170333
176621 165106
171009 157184
149120 166416
180972 155077
155591 168356
157270 164591
165843 159733
169753 157897
169643 163512
170082 157108
174698 159535
174616 175288
163002 157122
179548 170774
190718 164518
177635 165452
181424 165732
175472 170884
160208 160916
191198 155613
173887 175431
157157 159061
175298 146071
177696 166662
168800 167034
147091 178125
171192 157396
169037 162834
184038 170903
165191 161717
168643 167646
168546 165192
164600 158068
162262 157526
160281 160803
167242 164659
177742 166488
168099 162597
152231 162592
169540 170724
163487 164889
163146 171165
167748 157091
168066 163510
160257 169743
173949 159182
172200 165614
156304 148171
163831 157333
159666 166385
159686 172700
164629 167295
157158 166261
154977 167452
166835 166838
174339 168061
173152 165713
169087 154139
169927 163121
181754 147860
172832 165002
166282 162688
158617 163953
154463 165870
170701 173354
171662 163143
169047 168205
163162 162389
164720 160597
165333 153952
168436 147376
179643 168215
158618 174998
158784 159275
171959 162397
180184 153330
170609 159201
173041 169121
165741 165475
165626 175477
167495 160461
168046 159616
179874 148154
171982 174825
169759 154899
159664 145927
172975 148213
150583 159615
160986 161378
172297 154935
163193 159486
169342 176253
171708 148882
174225 156717
175987 167437
180439 169710
166299 165938
175138 154440
167374 164505
164443 152415
165523 168940
158275 165580
185825 171167
163935 165402
165869 166874
175104 172490
156946 168465
160638 161876
164096 175646
169823 164463
155503 160471
173385 161367
171365 169151
159674 175666
157135 158382
161068 150591
160453 156519
159703 157785
167929 160932
162809 179994
159484 168760
168456 165496
167356 163614
174728 174213
177089 155633
170644 161499
169399 162076
180416 164353
161463 160509
185865 162919
187407 167409
163807 158073
167670 158325
181898 155415
179246 166686
177964 167649
168269 157862
184243 171517
174957 153045
165727 168832
168791 152508
161877 164585
180920 163486
145908 160235
164376 173138
168592 176684
168344 159967
169223 153084
158044 163352
162279 162681
177663 161185
173439 158467
177636 167735
170703 170494
173084 159205
171275 171662
174762 164977
171818 162656
172082 161859
161213 174507
166617 161662
172476 180633
187030 167392
170937 173564
165320 142826
170649 179041
154830 151391
173386 159594
165285 159154
181747 143266
163422 160064
167584 156336
178455 164100
166258 148509
165911 165180
170509 159073
167102 158265
170126 165291
145231 165134
172908 159213
163750 165036
182596 167909
150633 158320
167891 158072
166051 158212
160478 163540
160640 166404
177609 153320
190935 169330
179392 162485
176701 167021
173092 165952
190078 163530
172128 168941
174579 168514
171475 170611
168342 160013
174355 164162
165693 150313
171725 170024
156780 159161
186671 174345
171205 165837
173559 162427
162353 166326
159687 149387
169941 163620
172731 160477
179120 156032
172408 164361
173363 164830
153893 169515
170890 155178
179221 154286
162359 160979
175991 151713
163330 147841
177712 168268
167735 154091
179114 148722
166655 150637
167820 155357
168321 156298
170260 169221
175962 155284
179340 167103
176073 174314
163601 165047
160792 162138
163165 166961
164333 156057
182693 170115
163231 173032
151746 160627
156798 180177
174941 149190
178642 153466
163538 162889
167538 160704
160718 170902
169978 165431
160690 176326
165514 164109
174878 165085
169108 165311
163329 164196
153555 162898
178743 178333
175370 169973
157347 171007
195468 175661
161262 165471
165168 166052
180239 165347
168275 177703
179946 155017
171386 166576
170655 158679
173147 153674
167490 158984
162841 159220
173431 166585
175865 159260
178690 155300
191333 165417
167268 147457
185983 153969
178787 161958
174213 168504
166756 153922
162488 169358
163166 160829
171641 163818
169348 158219
187519 163819
177231 149750
172591 168186
166536 178019
172681 172725
180035 161011
163964 168545
167496 169502
160877 161944
169446 157603
178357 164003
166061 172639
175726 165091
182980 166707
173315 161816
158485 170703
168677 162331
171013 155179
166486 163972
165958 164403
170875 165336
150610 164239
181130 163784
177064 162520
171053 155415
158946 165388
185308 170630
171987 158563
170668 167789
183667 148465
177770 165443
167629 166159
166762 152051
161249 168552
154474 142587
164239 178537
178376 180255
168183 162782
171471 171138
161248 155733
165452 171673
187490 163892
175005 152183
168105 147228
152032 160664
184987 163529
176619 162705
166820 169630
169150 160144
177257 154517
169232 162867
174717 174794
167907 157525
