3994 781.177
100382 47305
102720 46829
102119 46927
97549 47340
96948 47438
102119 46927
98955 47418
97549 47340
102720 46829
97137 47512
95971 47645
95971 47645
97137 47512
97137 47512
97137 47512
95971 47645
95370 47743
95370 47743
95370 47743
95321 47838
95971 47645
95370 47743
96385 47802
95370 47743
94963 47905
94648 48015
94648 48015
96478 48054
95795 47940
93565 48570
93923 48503
95795 47940
96478 48054
94963 47905
95795 47940
93565 48570
93565 48570
96388 48646
93565 48570
93565 48570
91776 48794
90383 48783
90393 48759
88436 48842
90383 48783
88436 48842
88436 48842
88436 48842
88436 48842
88436 48842
88436 48842
88029 49004
88029 49004
88029 49004
88228 49099
88029 49004
88228 49099
87548 49197
87548 49197
87506 49338
87548 49197
87548 49197
87548 49197
87548 49197
87959 49472
86862 49522
87548 49197
87548 49197
87548 49197
87959 49472
85854 49851
85854 49851
86013 49896
85854 49851
85854 49851
85854 49851
85854 49851
85854 49851
85854 49851
85854 49851
85649 50234
85669 50129
85669 50129
85669 50129
85562 50266
85669 50129
84120 50508
85669 50129
85649 50234
86021 50047
84100 50613
85562 50266
85562 50266
86021 50047
85562 50266
85649 50234
83509 50868
83345 51100
85415 50853
83345 51100
83345 51100
85415 50853
83345 51100
85649 50234
83865 51105
83865 51105
83865 51105
83345 51100
83325 51205
83325 51205
83218 51342
83218 51342
82705 51385
83218 51342
82317 51499
82705 51385
82705 51385
82317 51499
82317 51499
82317 51499
80583 51682
82317 51499
80225 51749
82705 51385
79935 51821
81141 51604
81141 51604
81141 51604
79319 51914
80288 51872
79051 51920
80288 51872
78693 51987
79319 51914
79301 51927
79301 51927
79301 51927
79301 51927
79301 51927
79301 51927
79301 51927
79301 51927
78385 52072
79011 51999
79011 51999
78448 52195
77532 52340
78448 52195
78369 52358
77532 52340
77532 52340
77085 52469
78369 52358
77811 52436
77811 52436
76435 52592
77085 52469
76435 52592
77085 52469
76435 52592
76435 52592
76435 52592
76435 52592
76435 52592
76435 52592
76435 52592
76435 52592
76435 52592
76435 52592
76435 52592
76435 52592
76435 52592
76435 52592
75582 52860
75582 52860
76299 52898
75443 52898
75189 52953
75873 52732
75991 52983
75991 52983
74888 53161
75189 52953
74888 53161
74888 53161
74888 53161
74888 53161
74888 53161
75358 53250
74888 53161
74888 53161
74888 53161
75358 53250
74888 53161
74626 53422
74542 53441
75358 53250
75050 53335
74280 53702
75358 53250
75358 53250
74127 53873
74127 53873
74127 53873
74127 53873
74127 53873
74127 53873
74127 53873
74127 53873
74127 53873
74127 53873
74127 53873
74127 53873
74127 53873
74127 53873
74127 53873
73507 54222
73507 54222
74124 54109
74127 53873
74127 53873
73306 54409
73306 54409
73306 54409
73306 54409
73467 54420
73467 54420
73467 54420
73306 54409
73306 54409
73306 54409
73306 54409
73303 54645
73303 54645
73303 54645
73303 54645
73021 54813
73303 54645
73303 54645
73303 54645
72961 55025
73303 54645
73303 54645
72879 55274
72879 55274
72879 55274
72879 55274
72484 55402
72879 55274
72879 55274
72879 55274
72484 55402
72484 55402
72484 55402
72484 55402
72484 55402
72484 55402
72484 55402
72484 55402
72484 55402
72484 55402
72484 55402
72484 55402
72484 55402
72484 55402
72484 55402
72484 55402
72879 55274
72863 56100
72879 55274
72863 56100
72381 56400
72169 56464
72169 56464
72484 55402
72381 56400
72169 56464
72277 56490
72688 56469
72381 56400
71424 56647
72169 56464
71424 56647
72169 56464
71424 56647
71424 56647
71212 56711
71066 56714
71066 56714
71212 56711
71445 56737
71212 56711
71445 56737
71066 56714
70854 56778
71066 56714
71066 56714
71087 56804
70298 56885
70298 56885
70298 56885
70298 56885
69940 56952
70298 56885
70298 56885
70298 56885
70298 56885
69940 56952
70303 57094
70303 57094
70303 57094
69940 56952
69559 57156
69728 57016
69201 57223
69940 56952
69201 57223
69201 57223
69728 57016
69201 57223
69201 57223
69201 57223
69201 57223
69201 57223
69201 57223
68632 57456
69143 57242
68632 57456
68574 57475
69201 57223
68574 57475
69335 57308
69201 57223
68632 57456
68237 57584
68632 57456
68179 57603
68179 57603
67742 57712
67742 57712
67742 57712
67742 57712
67742 57712
67742 57712
67742 57712
67742 57712
67742 57712
67742 57712
67742 57712
67742 57712
67742 57712
67742 57712
67742 57712
67384 57779
67384 57779
67384 57779
67384 57779
67506 57980
67384 57779
67384 57779
67506 57980
67402 58070
67506 57980
67029 58104
67402 58070
66602 58242
66602 58242
66602 58242
66191 58263
67029 58104
66191 58263
66191 58263
66191 58263
66191 58263
66191 58263
66191 58263
66191 58263
66191 58263
66191 58263
66191 58263
66191 58263
66191 58263
66191 58263
66191 58263
66191 58263
65980 58429
65980 58429
65980 58429
65980 58429
65622 58496
65622 58496
65622 58496
65622 58496
65622 58496
65622 58496
65518 58586
65518 58586
65518 58586
65518 58586
65518 58586
65518 58586
65622 58496
65089 58905
65089 58905
65089 58905
65089 58905
65089 58905
65089 58905
65029 58966
65191 58913
65089 58905
64985 58995
64985 58995
64985 58995
64985 58995
64985 58995
65087 59003
64941 59306
64941 59306
64658 59322
64729 59350
64729 59350
64658 59322
64729 59350
64554 59412
64587 59481
64425 59534
64587 59481
64425 59534
64425 59534
64483 59571
64425 59534
64396 59583
64396 59583
64396 59583
63868 59792
63868 59792
63868 59792
63868 59792
63936 59790
63741 59893
63936 59790
63741 59893
63987 59927
63987 59927
63606 60053
63606 60053
63868 59792
63868 59792
63479 60154
63479 60154
63479 60154
63479 60154
63479 60154
63479 60154
63479 60154
63479 60154
63479 60154
63479 60154
63440 60351
63440 60351
63232 60423
63232 60423
63232 60423
63232 60423
62762 60493
62882 60429
62882 60429
62762 60493
62882 60429
62762 60493
62762 60493
62762 60493
62762 60493
62762 60493
62762 60493
62762 60493
62762 60493
62762 60493
62762 60493
62334 60802
62334 60802
62334 60802
62334 60802
62334 60802
62334 60802
62334 60802
62334 60802
62334 60802
62334 60802
62199 60962
62204 61011
62199 60962
62199 60962
62204 61011
62204 61011
62030 61118
62030 61118
62069 61171
61903 61219
61903 61219
61884 61235
61884 61235
61884 61235
61884 61235
61768 61379
61768 61379
61768 61379
61583 61443
61583 61443
61583 61443
61583 61443
61583 61443
61583 61443
61583 61443
61583 61443
61356 61730
61356 61730
61457 61760
61356 61730
61356 61730
61356 61730
61356 61730
61356 61730
61264 61959
61264 61959
61264 61959
61114 62095
61264 61959
61114 62095
61114 62095
61114 62095
61022 62324
61022 62324
61022 62324
61011 62346
61011 62346
61031 62450
61022 62324
60919 62575
60919 62575
60919 62575
60919 62575
60919 62575
60919 62575
60919 62575
60919 62575
60919 62575
60919 62575
60677 62940
60330 63082
60677 62940
60330 63082
60330 63082
60330 63082
60330 63082
60330 63082
60330 63082
60330 63082
60330 63082
60330 63082
60330 63082
60330 63082
60330 63082
60029 63290
60029 63290
60029 63290
60018 63350
60029 63290
60029 63290
60029 63290
60029 63290
59767 63551
60029 63290
59767 63551
59756 63611
59767 63551
59767 63551
59767 63551
59756 63611
59756 63611
59756 63611
59767 63551
59767 63551
59540 63838
59529 63898
59540 63838
59540 63838
59529 63898
59529 63898
59529 63898
59529 63898
59448 64067
59437 64127
59437 64127
59437 64127
59437 64127
59437 64127
59437 64127
59428 64434
59428 64434
59062 64590
59195 64492
59062 64590
59062 64590
59062 64590
59195 64492
58970 64819
59068 64632
59068 64632
58976 64861
58970 64819
58976 64861
58795 65028
58970 64819
58976 64861
58795 65028
58795 65028
58795 65028
58795 65028
58638 65085
58795 65028
58673 65242
58638 65085
58533 65289
58533 65289
58533 65289
58533 65289
58376 65346
58376 65346
58411 65503
58441 65518
58411 65503
58441 65518
58284 65575
58284 65575
58284 65575
58284 65575
58134 65711
58134 65711
58134 65711
58134 65711
58134 65711
58134 65711
58134 65711
58042 65940
58042 65940
58042 65940
58042 65940
57915 66080
57915 66080
57915 66080
57915 66080
57899 66277
57899 66277
57823 66309
57823 66309
57823 66309
57823 66309
57823 66309
57680 66646
57763 66621
57680 66646
57588 66875
57680 66646
57588 66875
57588 66875
57588 66875
57588 66875
57588 66875
57620 66958
57528 67187
57528 67187
57528 67187
57528 67187
57528 67187
57484 67484
57484 67484
57484 67484
57484 67484
57424 67751
57424 67751
57424 67751
57332 67980
57380 68048
57380 68048
57288 68277
57332 67980
57288 68277
57288 68277
57288 68277
57288 68277
57236 68594
57332 67980
57192 68891
57192 68931
57192 68931
57192 68931
57036 69252
57036 69252
57036 69252
57036 69252
56985 69429
56985 69429
56985 69429
56985 69429
56985 69429
56985 69429
56985 69429
56972 69695
56972 69695
56743 69794
56743 69794
56743 69794
56743 69794
56743 69794
56743 69794
56743 69794
56743 69794
56743 69794
56614 70242
56614 70242
56614 70242
56614 70242
56508 70360
56471 70579
56416 70589
56471 70579
56404 70630
56379 70808
56416 70589
56416 70589
56379 70808
56372 70926
56372 70926
56335 71145
56316 71264
56277 71267
56277 71267
56171 71385
56134 71604
56134 71604
56134 71604
56134 71604
56079 71614
56134 71604
55986 71859
55986 71859
56090 71901
55894 72088
55894 72088
55894 72088
55894 72088
55498 72162
55498 72162
55498 72162
55498 72162
55667 72151
55667 72151
55498 72162
55498 72162
55498 72162
55498 72162
55488 72180
55488 72180
55406 72391
55406 72391
55396 72409
55144 72652
55144 72652
55144 72652
55134 72670
55144 72652
55144 72652
55134 72670
55134 72670
55134 72670
55134 72670
55134 72670
55134 72670
55134 72670
55134 72670
54834 73792
54834 73792
54834 73792
54834 73792
54834 73792
54834 73792
54834 73792
54690 73900
54690 73900
54690 73900
54690 73900
54690 73900
54568 74230
54568 74230
54568 74230
54448 74265
54448 74265
54448 74265
54448 74265
54448 74265
54411 74484
54326 74595
54210 74763
54326 74595
54210 74763
54210 74763
54173 74982
54173 74982
54173 74982
54088 75093
54088 75093
54051 75312
54088 75093
54051 75312
54035 75455
54035 75455
53993 75753
53932 75806
53895 76025
53751 76118
53751 76118
53751 76118
53751 76118
53751 76118
53751 76118
53751 76118
53751 76118
53751 76118
53654 76777
53654 76777
53588 76882
53551 77101
53588 76882
53588 76882
53535 77244
53535 77244
53409 77322
53409 77322
53356 77684
53356 77684
53356 77684
53356 77684
53356 77684
53275 78200
53275 78200
53275 78200
53252 78710
53215 78929
53215 78929
53215 78929
53215 78929
53215 78929
53100 79539
53100 79539
53100 79539
53013 79750
53013 79750
52921 79979
52921 79979
52921 79979
52921 79979
52868 80341
52921 79979
52674 80722
52674 80722
52674 80722
52674 80722
52674 80722
52674 80722
52537 81033
52537 81033
52537 81033
52432 81087
52432 81087
52295 81398
52295 81398
52295 81398
52295 81398
52295 81398
52295 81398
52197 81653
52197 81653
52131 81746
52131 81746
52060 81964
52060 81964
51889 82111
51889 82111
51889 82111
51889 82111
51889 82111
51752 82422
51752 82422
51752 82422
51738 82663
51654 82677
51517 82988
51517 82988
51517 82988
51517 82988
51517 82988
51503 83229
51437 83340
51407 83635
51288 83775
51288 83775
51288 83775
51288 83775
51151 84086
51151 84086
51151 84086
51137 84327
51137 84327
51043 85174
51043 85174
51040 85183
50943 85418
50943 85418
50898 85500
50806 85729
50806 85729
50806 85729
50708 85984
50708 85984
50663 86066
50663 86066
50571 86295
50571 86295
50571 86295
50491 86647
50491 86647
50447 86944
50318 87279
50318 87279
50318 87279
50318 87279
50226 87508
50226 87508
50182 87805
50115 88215
50115 88215
50115 88215
50022 88801
50022 88801
49928 89154
49928 89154
49928 89154
49838 90232
49838 90232
49724 90447
49724 90447
49724 90447
49683 91106
49632 91649
49632 91649
49540 91878
49540 91878
49540 91878
49540 91878
49487 94266
49395 94495
49395 94495
49360 95179
49360 95179
49297 96440
49154 96587
49154 96587
49154 96587
49110 96884
49061 97916
49061 97916
49001 98228
48878 98723
48878 98723
48755 99107
48755 99107
48711 99404
48631 99593
48631 99593
48487 100574
48487 100574
48487 100574
48443 100871
48408 101290
48349 101773
48289 102085
48170 102448
48170 102448
48058 103438
48058 103438
47998 103750
47954 104047
47888 104628
47844 104925
47784 105237
47745 108755
47641 109364
47634 109462
