4231 1203.25
139392 84319
145474 119208
134320 116185
87513 148366
120237 104844
95063 116179
105109 95444
95969 101962
106204 87407
114781 83073
126225 124027
110177 84499
98799 81165
95719 123137
134659 102460
93830 136278
93715 97410
106590 118070
134748 110314
118769 87408
105595 93799
109497 96492
117826 110895
148175 107844
136515 116462
107785 108500
96266 94714
115276 115169
101544 146893
107443 74336
115933 110790
112492 86264
164083 104445
134626 129232
127701 118467
157049 124599
105229 84926
136468 85317
106323 82988
118288 82744
114721 86554
107452 93757
135049 115375
134032 93548
114500 74884
97469 83215
104255 105949
104015 89567
156713 96967
98379 110239
95745 101580
114038 103060
115787 117085
110863 114186
102058 114223
115220 94849
95883 84841
99464 88757
114960 85488
116162 113017
114892 156222
115517 100981
106153 117441
151183 126703
160543 101701
116305 84949
146136 101675
97008 133691
137489 121598
93821 98599
109323 89318
119242 90769
96477 109810
101869 101292
117038 93820
89404 120908
115995 104872
100414 105481
131972 109914
133420 95080
145155 104536
106704 91984
99970 93208
133179 77574
96514 126520
131065 96468
136925 123112
114020 147419
114975 125361
114904 84686
120741 94151
120494 86957
134757 86366
88329 111313
105936 91938
112027 87396
134104 145785
138589 107733
93342 115063
132784 110511
130749 99537
102023 94453
104272 87976
114395 76659
98865 167335
110079 88633
119979 116390
121459 96832
103016 87898
95614 127956
105363 82309
97858 90176
100842 91289
119058 81162
99187 95952
104139 97933
114795 92675
161969 113951
173705 91325
113026 81808
113644 86204
96091 97026
119578 96453
105932 81002
100465 85017
103424 154110
110819 78499
114083 105172
104963 92967
114863 103249
110027 112161
139070 110865
88867 125271
123277 86790
98141 162395
127302 92006
170470 95722
113414 119798
121328 85828
109234 88637
96614 117723
135804 110159
132084 90036
107744 88999
108926 104346
106729 97444
94570 116307
107792 111921
124162 117017
161427 101545
123004 92283
118964 88913
97310 89905
96324 112710
115023 93466
122625 97800
115865 121486
111635 74906
129678 118935
114760 82839
117731 114907
107718 129360
91823 121311
112319 98564
111892 113455
109510 93398
123684 92167
123848 93074
108977 116594
108183 83579
98064 96800
109594 85369
95334 107626
98878 89062
131702 118009
154690 86346
121848 99895
110814 97906
122612 111907
115890 90353
110219 86879
96696 82327
145937 92233
103118 101639
105871 104065
143243 122130
148545 97062
105008 96199
117737 92259
130889 90935
93459 127159
146261 108414
122164 124535
83949 114207
114905 124889
110004 93286
171531 90872
116803 104948
105047 81218
117871 107586
108329 90719
127863 94276
119507 87929
130313 90304
97944 113203
93555 105602
143214 111900
126462 104425
145002 91784
129734 96296
136219 99089
95028 100659
94998 96989
153597 87450
141499 95608
150039 92275
120978 80975
119473 89558
124997 119684
107058 77629
108966 115423
123408 91657
118876 107498
105160 99875
105754 90835
135133 97371
110795 104432
109656 88974
109341 78988
123009 90021
119538 97171
157110 111663
93871 120862
109459 89824
103046 122198
116043 127415
107827 97726
123109 131331
93124 122084
120243 97334
107399 114274
111241 95431
129231 90848
88280 115613
116278 98022
137220 124551
136477 121004
159258 88129
105076 116485
134857 102269
97122 101271
130551 140478
100019 127258
105599 98436
148714 109813
81349 101393
130159 81883
149101 95502
163938 109079
142946 95384
98403 94066
111289 93857
135321 91247
112158 97635
119432 92064
102572 103488
129384 113226
115814 82296
98846 106232
153319 110570
139492 85445
114007 92593
107656 102281
112353 96809
123492 100375
96453 77372
124145 97960
148233 94796
114449 96961
118815 109501
171602 92323
122470 108176
139238 108186
136017 135317
118398 92459
112592 81228
108375 108278
89194 137032
115533 85950
168138 86093
90719 98127
176436 107053
110265 115325
90922 101180
99391 103255
102308 92893
109238 99693
150258 130128
99253 113892
117519 108779
145815 120384
115842 97532
110072 96028
169494 98898
118450 96533
101181 148218
141706 104510
115774 136011
148265 136945
125327 113826
142170 87654
94789 113937
114148 88000
105102 153639
107449 89952
85776 110995
105243 92368
133535 138301
99566 145418
112153 101423
115161 83706
93920 87087
119640 91405
136480 93028
117802 95797
93053 117310
112331 130236
89007 112579
124721 97079
104466 97819
108562 106359
107619 95963
144468 95979
106794 105272
118026 114566
100896 100629
111376 83525
99655 86941
119437 102047
115829 106993
146045 138153
98735 129473
102569 100883
113174 92035
101973 81020
100108 86055
179207 119896
140117 101880
111460 104479
101323 78053
142644 121243
107289 141214
148505 85459
100792 121923
133217 124838
140490 106982
144472 112194
149085 103763
112124 114444
135298 112574
124476 98922
102133 89117
143721 131655
130006 103781
120148 108506
122412 97152
140038 92674
164345 103055
124150 107809
146258 106863
121831 101722
107649 116039
107210 97967
99454 124111
124478 112191
165147 94959
101386 118774
89216 106903
97368 116776
112950 85998
138485 111647
135205 115828
123498 91498
90178 152230
132694 109184
125614 90967
88613 130453
154906 132142
149014 108447
152972 109023
143755 129589
117456 99671
112955 126733
118114 108740
147427 94184
139789 95547
110404 102052
134955 118582
100963 110661
146601 92717
110518 97432
133002 122696
118134 95083
108354 131820
117080 85058
139462 103585
106384 100329
106838 110856
136194 141272
95306 106976
104309 108509
132550 82246
96630 124193
121507 76284
161505 95710
106784 121865
139488 136582
120514 95094
153981 111447
108021 87669
120499 89490
156176 93981
111418 102358
92086 106011
112197 97290
134240 119730
112060 81524
135961 105019
102725 99154
117595 89805
142287 139941
107532 94162
102991 88516
109935 84220
100275 131589
165909 101219
97036 112841
126582 119394
114890 85822
95622 116134
110487 82621
105316 94851
109173 88811
102347 114393
121728 99406
133887 90526
129709 131897
101501 84441
105973 110863
94938 129299
91060 109080
94837 148830
108407 90137
109681 121871
110402 98862
145038 115286
109863 93121
106367 112733
90868 109295
144013 120951
151970 111285
108648 88114
134978 91327
135111 132580
112350 134729
113319 132531
99213 97598
113834 105909
134817 114768
115199 101054
118180 89177
96689 110490
114351 108670
148176 96312
116313 113040
114834 100964
119206 91537
145202 113141
112613 99191
104807 121362
95857 132925
97365 104164
105432 96800
107770 120756
98117 84553
145005 102040
115112 96430
99325 115238
111512 105353
108714 110072
93558 115500
112125 115584
144627 129830
97369 86232
171674 115554
129244 125320
110361 104898
93458 113318
100199 94602
144675 113853
123911 122238
138348 107996
133954 88429
94923 98740
119668 114898
104404 99306
114542 84833
118158 99417
175209 107276
108717 115637
82979 105338
126353 137924
121513 112327
137417 106442
100905 120251
111772 101234
100440 125978
100857 83176
167493 77678
100227 119798
103357 102013
89290 120219
130980 110882
113278 114980
109519 95239
145765 108857
146069 95934
164059 95211
121641 140033
131264 108942
107085 155831
117102 97751
112464 110076
106557 160435
126382 95825
110715 88004
99808 104094
151981 95859
133054 101367
103669 126664
145585 133621
170877 107980
133035 85301
113868 114987
167268 104427
117483 113542
99736 93489
102138 141281
136261 138486
114154 100497
110396 110193
155917 103034
122693 97477
108513 123246
142534 128903
112529 125880
95908 110387
148987 82266
110193 118578
122457 89284
94130 87270
105817 87014
110888 103389
120836 108031
127166 88731
117586 86222
112423 94408
96953 111751
115170 96780
142463 96976
120000 95201
123908 99848
105045 126461
133673 129577
110651 121272
122811 112951
122930 126950
102657 100069
110274 112338
156646 98786
134209 127658
138536 87397
131415 107518
101360 114946
100802 92081
98788 80467
112786 88752
100932 95079
121370 91989
117871 113262
137662 139524
138881 100825
90227 104543
116565 126385
104364 93301
126872 129310
127840 92040
159552 92494
121370 116626
116696 115739
107237 100475
149788 94990
106827 93455
141746 122356
113142 104468
133342 99223
97467 99621
107276 131999
129888 113570
138373 119897
156115 94199
125176 110699
145897 98011
97260 134580
162652 102276
92725 140228
100397 130230
121889 138818
124332 93822
129324 103587
132312 111437
122478 112268
168649 106517
152638 98980
178360 89594
137336 81962
111012 134483
112955 85103
128698 101977
152761 75033
118064 100370
148676 84712
115787 115861
94199 110122
102272 107135
129361 134892
89569 96291
120905 97676
137071 89546
111957 108041
97201 106951
114693 107542
101565 137585
138162 96831
108840 85252
139036 99145
122628 94781
95277 112967
100295 99222
115464 95496
155498 80028
177963 96778
153263 97099
113469 97421
139027 92935
123539 114528
127158 106447
97906 103537
120195 103158
104247 115118
108518 88339
142474 125283
156272 112576
102585 79225
123465 78768
112310 100857
134125 104038
129584 113835
121691 118772
105535 141632
88778 92711
106082 85284
97615 99138
95095 105488
122879 105289
167923 113972
140119 105417
137605 116736
119763 123017
137417 132531
141354 100710
111979 103592
113702 82797
97746 111264
120229 97423
115241 99661
117282 102188
111161 83518
141713 125568
94992 92218
131312 103594
104762 127212
130050 118423
98320 103831
104611 137059
102531 138548
151968 96693
141820 99672
135236 133882
109109 127624
108153 147869
149784 141647
104995 142093
122237 80163
110565 94925
152427 142076
97833 113723
111426 103855
108420 117467
133341 105286
98959 126005
119823 117732
127037 100123
110849 106553
123748 97042
132620 125019
106651 148007
96890 132102
149225 87710
119970 116706
90685 148736
145996 100593
112046 127942
103618 132995
128969 118006
118472 117872
140318 133036
154307 80720
150048 96831
152577 118172
101431 121396
136469 107866
102964 106420
158502 91124
106322 111507
136690 120984
104189 97306
113770 109847
115233 72849
114244 85432
100967 80410
151325 104877
115947 91445
103544 127492
84966 130095
126958 102396
174948 98305
132433 97814
91412 128401
127589 103977
149240 120886
112826 121625
90899 96139
131952 122952
137567 112967
127577 104657
99212 110792
96944 75628
107040 126828
75526 104568
115251 87860
113976 98539
95831 114934
96015 91919
105834 92678
153275 114133
144756 119751
97976 97910
133742 89776
173999 106295
124301 94675
127099 116141
135563 125027
129629 105580
153014 108998
110937 99307
120456 112859
121741 90006
101753 94147
135760 130881
150053 87780
90742 121622
97406 100229
153862 81330
102160 156345
133228 131019
139349 89986
104031 147338
101287 105430
95707 88168
103256 134514
106871 91826
117569 107823
115408 114619
125125 80839
138101 109800
123637 74142
148495 135365
92863 140179
104526 114212
94438 132692
145587 125193
120179 101848
100774 83630
149536 100565
116684 90742
117472 95209
140414 108762
136151 119097
155666 89913
112008 105668
93674 129242
109034 87202
110522 121136
107745 79689
86983 112034
156354 111238
128060 99373
95875 108968
122170 95164
101884 90818
136287 99868
111213 105837
89222 115241
128870 90924
102523 95638
125188 119693
142842 140846
116974 85748
117030 98879
95530 84040
147811 93150
133509 100552
95315 144020
102726 91670
107743 145163
124015 97757
126609 119766
89850 143065
104534 95767
98810 109058
102587 107552
94701 97010
140133 95104
88152 83740
103026 95303
120382 118408
96051 102922
105919 78829
94619 116171
122927 86406
106833 98415
148199 119848
128493 116382
93476 140828
136760 139767
130391 105693
108856 95705
119278 108832
158806 83679
124657 120161
136260 100914
96892 133185
116570 100207
120320 81929
119370 110721
101938 130833
136253 123836
121419 89619
108449 79972
98554 92454
85706 128971
93104 118591
142429 126502
160971 93357
116176 97794
150915 130688
113608 87142
129502 122150
92694 139900
136595 101175
119899 91071
90122 151638
103376 105212
153917 88105
149950 85606
139478 83836
133808 114608
125761 101225
99169 129354
92891 136737
131313 92370
131964 123532
131537 114636
126187 83649
98965 149812
144111 123712
147325 81010
92689 129818
126458 111927
143389 127434
102476 100190
128214 121763
120441 101826
136117 90486
101123 142810
91842 114825
120225 106980
111506 85623
162954 92151
143800 89340
140506 81004
129003 119953
114708 127941
121745 104087
115728 128493
127025 106944
108296 94098
129736 111192
87354 132778
149226 95220
94000 96011
121652 91577
149258 127373
108975 93616
144253 109687
124196 110802
94742 125971
119311 100721
132383 94405
93329 124615
98573 82606
124552 104046
134285 118009
161681 101399
102511 76989
108773 97848
139874 142181
100726 135448
145654 95511
117682 92756
136327 93441
95455 98037
115118 124522
125568 94355
111493 99533
86308 82652
105778 88742
156270 85540
139918 106511
96439 149618
98884 94597
97804 112721
128108 98702
134672 128827
99345 85868
142478 88814
98741 118570
126176 107388
125704 121130
104551 136492
105389 97120
132928 131835
106076 125706
100493 102084
106686 90756
98952 108622
129400 96433
116806 84204
103828 124479
106977 83450
111439 128791
136520 84982
116326 119639
114555 88236
146374 126344
112869 101050
121075 87642
95950 89077
155940 89750
160850 97216
96111 120364
138041 126544
124757 138310
94793 155673
143026 118049
141723 130358
96477 106167
106827 93870
108026 111267
129563 105471
124438 107979
103843 148633
94349 151459
110681 137596
150631 125041
109463 104417
98874 97279
113762 93872
123917 130076
