3763 1082.51
93517 114049
91333 121042
97306 88441
83129 98799
114261 131654
148998 143734
86554 122138
121844 104471
112245 132969
97951 90190
80639 84069
95098 111852
109567 101328
106205 97540
85714 124660
108365 109223
87253 88578
125653 108643
108119 90884
81661 115237
111952 129329
99554 117643
86088 96389
114734 85785
96428 95015
80650 96909
84578 104005
113337 115705
103607 124794
97139 115880
100035 138121
87053 99988
88710 137660
95996 118229
88957 107188
119396 90352
156052 141928
132454 83367
82488 112162
122472 121301
99782 99840
84711 117481
134848 132092
92474 108480
101043 80630
99546 106763
94692 86704
85647 86349
83769 112320
97337 106832
131791 103672
103823 85483
121010 137655
72508 111408
115492 88565
85585 97702
98254 87425
93777 102528
94883 105056
94688 86225
88295 104718
157377 142889
79046 95906
83165 113519
136779 81691
94238 108058
102503 111010
127151 84287
99076 86544
96231 115517
116069 141450
80815 95883
151473 141953
105127 100341
92595 106690
88799 116643
127595 95672
110165 87644
101590 101166
107210 84834
110969 84302
134331 87804
141634 163078
127413 107686
109400 90391
78882 92211
114054 109602
73629 101743
110886 109312
107924 94232
92537 115889
95217 92228
111757 116377
90781 130424
103560 125242
86018 93028
104670 75993
120225 118681
89329 106401
79614 95173
104891 102498
102569 88580
89416 118866
84800 84579
151582 112351
108094 105074
139225 134204
74549 103954
142561 115684
100149 99155
134137 120830
103857 87144
137578 128424
109339 130224
94852 109438
89415 104651
109072 94577
120525 107418
101635 139025
113749 130748
85485 150459
109571 102850
87809 73130
140665 152315
91429 113467
119826 85524
118418 109693
104706 117392
127129 122344
94278 107267
147686 134021
85614 89216
90577 107631
131258 106287
131171 95801
126665 102646
119365 84909
100170 116036
95440 102086
138810 160802
111754 131378
82980 89286
145509 147225
96261 132160
91493 106118
102539 91499
82210 95338
97974 87952
120482 121727
88605 111530
127629 124491
85895 105404
94464 126678
121856 131885
98980 117583
107852 89938
98320 97790
107092 77023
112485 94057
111897 154983
79666 95909
108735 125689
86633 109204
87119 105966
83063 136296
82596 92579
80777 100755
134691 105205
83301 115018
87797 93851
107773 120089
92944 109785
116077 101541
117284 133536
109022 105516
111695 93040
100948 90428
84354 97502
96783 88997
96349 90418
120886 109737
104582 93105
82420 123022
95161 95334
95309 92560
107261 86193
88052 91013
147254 95834
111506 95062
98551 98793
93588 81589
93318 92107
102721 105695
107359 94445
93980 132341
132089 104617
115452 95827
112162 108315
129227 128768
114363 96902
84467 108895
143597 132150
83031 94044
92514 132228
80416 99185
109193 93564
84373 100341
106158 132311
130816 146682
143355 130573
96496 105135
127992 90806
108768 89541
107217 136879
127842 129239
88003 107377
158517 159806
88177 93343
116878 91594
125623 135583
95435 105751
87511 84281
93281 122923
137336 127912
95327 92779
120224 94837
107527 124338
132561 109076
107645 84388
101198 79607
130764 124009
113267 141455
98083 100242
93440 107466
80042 120706
123108 138840
79820 126451
152758 142554
81839 99009
88516 89184
116737 95377
84235 92044
91769 103592
83035 111285
94208 114274
125179 128455
144178 130730
98691 96423
108882 104084
152559 148349
141861 156614
135023 91010
94151 103891
90930 108376
92247 112275
107124 132407
87899 148332
90486 118925
93848 134741
120951 97268
131780 148636
114968 129703
99659 116200
86547 98662
142302 148794
110333 123236
94274 121240
95787 82893
99244 102376
101779 94076
85137 94021
121930 130444
111759 129755
128329 101232
105768 114506
93728 124322
96822 118605
96594 101985
143945 133185
109307 128013
107855 128359
125888 106807
88907 82576
105270 138826
85836 115948
129146 102328
105448 115588
122219 104082
140536 95535
104968 121012
106208 99252
139076 132899
115908 83474
123428 115185
90959 120969
91006 120098
113475 119510
136002 96018
85121 127843
91592 90695
107631 180452
84325 117769
106498 119555
99561 105221
111924 84543
100410 139513
100717 93594
141096 145619
120169 101213
91796 95062
122611 92790
103626 95627
119637 115571
128497 126685
99241 142567
82515 147912
126809 129749
107966 104641
119527 119538
91826 105496
90459 79312
144623 160961
140348 128317
89610 113008
100075 107524
157299 104093
113023 130325
129608 92916
111220 106291
91594 111197
88558 120777
116000 86723
91881 99214
149351 132982
88049 117110
103776 137350
119316 88736
103450 99497
113371 110666
96900 127303
90746 94546
113814 118211
84982 107759
106867 83096
84991 81138
134651 117211
109286 112249
119892 95850
138035 124807
101386 102074
88877 112212
124858 129984
140452 84296
118425 101246
131408 102408
82676 128405
116118 132048
99498 125582
119050 109907
132444 114306
132962 122412
79007 81167
93249 142229
98784 94005
158751 162103
97082 98101
129274 136877
84688 115014
85429 94028
107051 117233
94146 84438
98957 92149
133324 134232
86595 103258
97968 83866
111776 132290
134966 151093
81773 111513
77979 105752
95641 89440
94972 87318
127813 114637
126514 89197
83941 144068
86251 117771
104368 130194
90764 122015
93219 123921
120135 134015
86609 92303
147924 159716
83903 111879
83435 87028
121682 101751
165613 161296
95764 85804
101921 91658
101192 154115
83284 106752
84811 92938
92719 80883
142067 157976
114129 103977
125764 86083
88430 94732
81415 82215
140554 140555
139594 152101
106397 95040
110512 95071
132872 111388
105481 115911
126907 85383
95132 119708
118439 137748
88891 112500
82924 129544
127098 109845
125020 89767
105307 151447
128387 105297
116107 100333
86789 121641
135012 115528
134326 87533
151527 125505
136251 105556
96923 127495
110397 107225
86282 103797
97244 132799
98743 110179
90910 87700
97363 111970
91551 83543
112075 135710
115059 86227
91061 120379
95918 99604
128130 151101
138791 108558
90214 113173
92076 122656
113509 110918
82520 109906
105949 135114
141602 128120
133381 111780
111056 126467
143512 149813
124916 93979
134337 140719
90183 120705
101778 91784
89092 89557
143806 163707
105278 135244
106322 133311
150039 134418
107487 96949
80323 99504
105864 122054
116968 91950
115927 101414
107233 96714
79896 99040
107292 83626
97600 119790
103897 87283
102312 110348
139077 145014
160760 153283
99384 110728
87471 135687
106986 89079
150924 148970
85437 87635
120837 147251
119793 107599
137536 133703
140472 114637
143381 161583
92331 127873
119925 106576
95621 115893
98533 90527
86793 151358
120786 91999
137127 101206
128758 124360
107836 132318
97866 120384
121088 96632
89491 135189
94621 94858
105847 89787
96818 127373
85922 112637
144526 146332
113551 162189
137245 117731
84725 110075
105984 115195
80379 96624
85221 98417
104575 138479
114025 93985
92449 142576
116960 89257
110248 82025
160164 152390
106801 141610
112275 112302
99811 117001
88678 133024
115409 135745
87121 81353
91514 118040
90311 132009
91715 96306
81608 101943
90600 121478
89856 93233
86341 97533
114964 130623
108371 141744
138369 136839
112360 119715
108348 116844
112655 91670
104713 97674
112948 104274
99288 105669
135051 123311
132077 133633
135114 78263
93295 97231
111603 118884
150723 128030
135029 94904
107316 94452
136204 112681
136309 150910
96438 119138
126094 88922
95374 143587
101014 145554
96481 130595
97348 110728
103291 100987
92575 120619
92175 95983
82979 84227
133734 119744
130859 105163
97718 121866
140146 124355
108986 109427
147796 142558
104172 101979
133722 121818
118481 118236
83534 128625
144423 106552
93052 112976
85991 114137
91798 145277
74227 119169
140899 122932
118761 93501
139509 155556
79328 112159
109548 106906
130511 138397
113945 92365
86522 78867
102750 116155
109263 127626
106032 89710
80317 95019
118163 100489
115881 86416
102489 119502
95923 120638
110956 85904
87995 106563
131684 151170
139418 123673
143638 118663
134325 102005
84012 96914
135418 149143
112349 105467
109173 109788
105065 106526
111416 122346
105162 125720
128954 111485
150949 134414
91438 159779
94695 105259
113495 125257
121850 133815
144069 129311
104216 112186
102212 133693
98596 111804
105701 83698
95758 89268
116701 89242
90311 123156
95010 100784
132180 150400
125455 88671
130466 106813
143769 155778
100762 80607
89095 115845
115205 93681
102366 79212
93741 129027
95070 124194
88657 112382
116261 91101
141454 150557
73813 84952
99613 115791
137768 158843
88640 118804
99219 118752
89687 121979
89351 86303
99672 118900
108133 124532
83733 115565
96045 94631
106757 101564
99850 124501
126903 136246
116658 140853
127802 153986
113917 96804
107853 107395
83363 86877
97054 127155
118293 141950
139360 122908
150673 138683
133664 147124
115036 107085
151703 140331
98762 128613
73672 87211
135412 104219
95498 126845
87315 93082
117009 129872
87216 112992
91809 81258
80705 115089
132486 91101
106750 156062
131728 129900
88923 113335
82880 89956
117690 102728
97708 104913
99473 144145
101679 125369
116969 95571
84351 104396
123917 132917
92530 130043
117975 134056
91754 136617
150382 162216
105673 91165
119264 108548
134371 149317
109302 126918
89609 130196
85884 86848
147434 154530
119659 93038
108783 109033
110263 130308
103418 107765
88460 119277
144262 102345
106191 154443
129241 135257
88477 146954
110641 108839
115754 153245
82207 138667
106365 123360
85074 97589
85745 114768
92025 147906
144224 100263
96095 96723
115723 86366
117271 109538
107610 144429
129023 115640
112560 129266
108429 101428
112064 113470
112927 165031
99503 146333
101547 104928
96693 151904
95564 137783
91751 105314
94822 108055
127287 134518
134667 109373
91949 136458
127894 151933
90002 155542
109652 139724
95239 136555
109283 114134
160560 117925
99391 103047
98253 117086
115139 131207
86803 89694
136141 121213
88931 87952
114911 92275
130899 95581
96105 81550
122305 123046
107041 120614
123400 115661
100966 76882
97827 103489
103031 115514
116501 118473
138130 141961
125893 118398
151806 130672
93053 101769
116596 95130
90142 117990
115250 83446
102885 106832
104521 88531
91041 133373
107221 97926
84148 91187
111826 117819
141087 103255
128605 107029
106991 136572
123196 99521
87470 126543
135877 107029
120803 88948
137623 107638
119820 93608
127604 97421
93148 87202
99141 97160
99693 103283
92089 117094
90283 105070
135838 112706
94372 143869
158991 97482
117525 99695
119324 100642
133667 100706
85695 142785
91806 90137
108341 117684
116734 135915
98292 150794
134928 86298
133596 122014
113295 126526
114580 97277
108694 98841
77539 113156
123457 132489
121546 106954
79836 92116
88576 108942
91416 107911
82521 98289
131422 144140
103507 107632
109757 120631
123232 84435
97430 149208
100370 131000
113247 89502
83587 121247
101221 114139
104753 121162
88677 134795
143590 156692
94266 100550
94119 95538
119153 101942
139004 115211
100877 106263
89867 112630
104782 92212
128221 114292
135408 117766
88731 121334
94301 96877
84402 126059
154198 115261
96641 85146
102982 116981
105032 127543
102309 101152
87031 88900
94682 119935
104687 113562
88757 110190
86896 91799
112299 89812
105981 110124
114550 88336
89518 97851
97343 102373
91377 94454
99851 127763
125823 120427
96602 113888
94215 94914
93536 101105
145860 153599
105695 118798
111685 107436
111136 111625
108013 105520
135183 128449
93967 90438
106613 147327
93446 106533
113774 87701
117485 97043
105200 78267
114113 114787
99568 101474
148488 124097
105718 132368
113535 101712
83370 124252
74038 112330
130996 146035
92630 105146
98315 128895
93453 99526
130770 102156
108683 122107
112105 87479
136522 114159
112349 100994
84323 118177
89564 158620
91507 130704
80825 97869
87133 124518
113550 131417
127932 95570
101325 95188
99366 138277
102070 94265
94031 90385
113602 133626
104029 119097
93372 102172
106452 136688
88061 110574
88300 106012
97590 90062
86290 107591
125477 139277
150784 157221
121195 129057
129618 93648
127619 114060
147800 146941
84873 95677
107802 97218
98813 89811
91584 108925
104181 107827
95117 94906
99987 107430
99767 130893
98932 97314
92409 108132
101815 98741
135824 119354
162009 152360
125460 114633
97803 104007
80697 101757
81657 92072
100026 114454
93210 122049
96539 135625
115378 95139
108898 99173
101137 95752
108869 100059
91867 84816
102927 127186
81659 103551
97838 106665
137267 89961
91154 82188
127898 151352
93376 116388
136910 102789
115359 119898
83272 106316
87885 90769
103677 116268
129158 114313
107673 113166
106484 115159
119709 122600
90253 97256
74127 114173
87004 93664
88965 87960
94575 96707
92608 96802
111934 108476
78741 103288
136030 115604
113119 127745
89899 97803
120597 99511
103793 85782
94382 107965
117134 102946
113286 130542
88832 110304
118608 137522
99395 129635
117405 111067
99694 118259
105511 90372
81403 126230
107031 95116
97571 95254
136793 104655
114005 102211
103202 123789
96729 121545
92521 93575
89326 95824
117935 114862
142277 101284
108921 113813
98362 94115
96267 105606
160062 145698
93129 91519
82622 100735
121341 147745
80123 123243
104662 144985
125947 98783
89986 138094
84196 98548
125289 96767
125879 125458
127067 127300
122088 156845
102568 132669
117502 85105
93404 111911
140331 122698
99254 125689
140787 97716
96592 124335
99791 99044
109439 116468
105832 105029
155383 151165
149962 119535
93858 131590
141111 145419
80017 101237
120779 138315
123100 88584
86319 84807
137124 126459
116200 134690
126629 104017
