11187 3427.74
109560 51986
48407 131830
48437 128793
48434 130471
107259 52086
106161 52087
48507 128728
48407 131830
48434 130471
48511 127422
48582 126584
48584 125679
50888 105737
107858 52040
105594 52113
109560 51986
108425 52014
104459 52141
108993 52012
106161 52087
105026 52115
51089 105201
108993 52012
105026 52115
108425 52014
105594 52113
70339 64816
56320 89013
68347 67128
70076 65223
70645 64309
49114 118103
68834 66480
49249 116560
49241 117131
52148 100508
55583 91070
50794 106526
48991 120116
56127 89950
55752 90920
50344 108099
50486 107520
102691 52279
103086 52254
49738 111808
50484 107931
53122 97846
70159 65072
56199 89383
53786 96102
55762 90583
60327 79127
56141 89500
53116 98143
52349 99972
48655 124841
70682 64232
68061 67139
69790 65234
68953 66137
71921 63427
49604 113266
65506 70507
90904 54344
96322 53007
90541 54370
96685 52981
60938 77881
68916 66214
60796 78104
49062 119278
48944 120875
55523 91394
52523 99538
67105 68385
67068 68462
66902 68598
67960 67460
54515 94267
54716 93731
69239 66126
94438 53453
94100 53484
79571 58126
52718 99299
48734 123563
51032 105596
51594 103053
51786 102411
51471 103675
48707 123666
50536 107457
49035 119381
48582 126584
51793 102079
50543 107125
51464 104007
48598 125236
51587 103385
52025 101130
48525 126979
50831 106132
48786 122388
48843 121993
70550 64654
49753 111411
72889 62642
53930 95961
54081 95513
65282 70699
49342 114839
48677 123958
48584 125679
48525 126979
48887 121270
48786 122388
48598 125236
49249 116560
49612 112826
49263 116117
49328 115282
48511 127422
48873 121713
49100 118546
48772 122831
49626 112383
48663 124401
49005 119673
52522 99782
52005 101242
52062 100847
51644 102990
48772 122831
49328 115282
48663 124401
49320 115722
49612 112826
48764 123271
87513 55288
50333 108404
51263 105023
75744 60399
50831 106132
51736 102474
86272 55671
49069 118944
48990 120222
49100 118546
75925 60364
70389 64739
58837 82760
64904 71449
64984 71271
103465 52212
88381 55023
100648 52467
49227 117431
71442 63652
82514 56977
54165 95095
49469 113867
49454 114264
54602 93841
49574 113558
63444 73605
67344 68343
72133 63099
61772 76225
80948 57602
61828 76093
93080 53762
48655 124841
51236 105105
65636 70220
62171 75509
56400 88847
58987 82232
56402 88640
84799 56076
84744 56178
82670 56884
60271 79259
58419 83867
58095 84486
58199 84096
56039 90115
61359 77116
60375 78869
58505 83589
84965 56065
53932 95829
61702 76532
60670 78543
58494 83770
64598 71956
94528 53404
65251 70996
50206 109376
71635 63438
70968 64221
49943 110646
54538 94081
78280 58906
74511 61316
48960 120514
64796 71462
96930 52951
54332 94900
49860 110953
50283 108467
50084 109441
58636 83296
71970 63366
51670 102701
64309 72280
57070 86806
59246 81579
48926 120951
48887 121270
89275 54723
92835 53792
92627 53889
57162 86745
57539 85783
59338 81518
60183 79424
95720 53162
98095 52778
59420 81145
57244 86372
59045 82115
77062 59604
82244 57110
80606 57672
74329 61396
75680 60490
74045 61685
93689 53525
84333 56219
79737 58115
91131 54283
79285 58267
73877 61706
98261 52767
88657 54816
95911 53048
91256 54206
82269 57007
98286 52664
95886 53151
94719 53290
86472 55572
77372 59415
79762 58012
74139 61465
90130 54411
81400 57450
92216 53930
80581 57775
74634 61237
90105 54514
76237 60108
78729 58632
85618 55839
92191 54033
93664 53628
81425 57347
87803 55083
84308 56322
86497 55469
85643 55736
87778 55186
49171 117708
77373 59370
60090 79586
73783 61926
86306 55583
66379 69438
66758 68838
65427 70609
51414 104070
78754 58529
91065 54320
95655 53216
98030 52832
62586 74871
51935 101819
51939 101469
72958 62430
54133 95293
67794 67596
69607 65661
72516 62836
91322 54169
50466 108034
49164 118040
49189 117488
92382 53919
85888 55706
91488 54158
85809 55725
79928 58001
84578 56189
87969 55072
93001 53781
91567 54139
96156 53018
101718 52380
92461 53900
86742 55439
84499 56208
88048 55053
90375 54381
88823 54805
96077 53037
89521 54648
101743 52354
86663 55458
94964 53260
89442 54667
90296 54400
93855 53514
99305 52567
97256 52899
96851 52970
93934 53495
98531 52634
88902 54786
99226 52586
97339 52876
94881 53283
81234 57461
51843 102016
73575 61956
60595 78640
52198 100445
63834 72889
55126 92413
49683 111988
49810 111016
82735 56864
80772 57661
80289 57915
78914 58516
64173 72399
74762 61169
49069 118944
72656 62680
49170 117826
55878 90481
72554 62714
69689 65555
59889 80122
80007 57982
85039 55997
100724 52451
78563 58643
51320 104628
53965 95615
53555 96931
63101 74189
87347 55299
87282 55320
73574 62001
65903 70102
52062 100847
48960 120514
48677 123958
49581 113292
49005 119673
48764 123271
64615 71773
61054 77779
62070 75775
59906 79892
57730 85119
51032 105596
53523 97010
55322 91930
50593 107062
53349 97444
76186 60168
69753 65311
68024 67216
69726 65478
67997 67383
100969 52421
67365 68315
82975 56785
65774 70156
75459 60638
55352 91899
54599 93993
100969 52421
61303 77248
86959 55423
89068 54775
50744 106589
65113 71060
56550 88319
58726 83092
56460 88523
61407 76858
58151 84354
68715 66663
64652 71696
48873 121713
48843 121993
49241 117131
74330 61351
58363 83999
51863 101821
78007 58980
77182 59484
62413 75121
74773 61075
51297 104737
77593 59342
65909 69921
55982 90354
51521 103612
51939 101469
51537 103448
63790 73095
97667 52858
99691 52552
98697 52623
100419 52481
98926 52609
104380 52180
103386 52251
60397 78820
58221 84047
69416 65854
67687 67759
88466 54930
63686 73217
63636 73383
86054 55695
49524 113687
85353 55941
64129 72536
66172 69698
67538 67979
71563 63630
52343 100269
63134 73976
66795 68761
66865 68675
66528 69218
67718 67723
72926 62565
76491 59948
57551 85606
101193 52414
86908 55428
71080 64186
61973 76003
62316 75419
87115 55376
74068 61592
65592 70323
83289 56729
71149 64159
70550 64654
85187 55952
83123 56740
102691 52279
102492 52313
100253 52492
100220 52515
80344 57863
63079 74238
53306 97631
57365 86002
59541 80775
57655 85466
57186 86489
59362 81262
79000 58506
62995 74344
99471 52556
101963 52350
103685 52208
101498 52384
107431 52085
107651 52081
104252 52182
104032 52186
61139 77520
61228 77345
67501 68056
68430 66977
54913 93111
92010 54086
92025 54044
50070 109674
76006 60303
50212 109095
80821 57608
57176 86576
56809 87666
59352 81349
73411 62075
49318 115937
79476 58244
71600 63553
53612 96536
60539 78772
66135 69775
82078 57121
58757 82926
52783 98922
56581 88153
73854 61799
76377 60054
52919 98763
95292 53242
95493 53223
65946 69844
60196 79356
84142 56333
81916 57189
81188 57523
83980 56401
63356 73736
62294 75468
61552 76768
65319 70622
61951 76052
62990 74414
61429 76809
62694 74858
63942 72876
63211 73826
93246 53695
57355 86089
59531 80862
77125 59558
77712 59267
62756 74537
62731 74781
57645 85553
59928 79843
60010 79752
59821 80326
50689 106711
50687 106984
64085 72639
89849 54574
89687 54637
53203 97717
89276 54678
87116 55331
60681 78362
62488 75107
59122 82043
56946 87270
79451 58256
58564 83463
67454 68160
59599 80658
58905 82605
58985 82439
56603 88104
57423 85885
59188 81696
56342 88964
58779 82877
57012 86923
59715 80556
69267 66074
55061 92597
78120 58919
68610 66721
55148 92364
55982 90354
51670 102701
63614 73432
70158 65117
68429 67022
97094 52906
54810 93196
53013 98228
52805 98873
52897 98812
55501 91443
53724 96474
54401 94377
55208 92040
52604 99409
67622 67908
63708 73168
54799 93221
59166 81745
56990 86972
52740 99117
53002 98253
54943 93080
59154 81907
52951 98600
53726 96426
56978 87134
59519 81024
57343 86251
53590 96585
53388 97258
51396 104276
51359 104483
76655 59907
81792 57262
65013 71157
53987 95566
55856 90530
60982 77848
55386 91690
60740 78236
100054 52526
102492 52313
57713 85349
49454 114264
49469 113867
49626 112383
49808 111231
49957 110413
49681 112203
49915 110773
49397 114659
49342 114839
49733 111925
49399 114444
49263 116117
50269 108700
50212 109095
50226 108862
49952 110437
52752 99088
72096 63280
100038 52530
57321 86300
59497 81073
99700 52542
103685 52208
101963 52350
102138 52329
91844 54097
91733 54128
75197 60879
75291 60754
75552 60558
78538 58718
68594 66770
63356 73736
55011 92660
72395 62858
65233 71020
66559 69182
56661 87987
58905 82605
68524 66856
54278 94999
53312 97527
71336 63756
64331 72231
101193 52414
101364 52396
83579 56524
83729 56480
82885 56820
54140 95237
74571 61283
102310 52328
62357 75253
102310 52328
52263 100311
85166 55991
83102 56779
71279 63919
71336 63756
88214 55042
88215 55034
61574 76719
53377 97283
76846 59793
76934 59672
75553 60513
76934 59672
81072 57529
81826 57224
83895 56469
52604 99409
90904 54344
69351 66003
66693 68987
71245 64084
72394 62921
63979 72799
77593 59342
63506 73473
64465 72036
51396 104276
50009 110042
50027 109836
72096 63280
72254 63077
103860 52187
83856 56474
95126 53253
95130 53249
84142 56333
90541 54370
97505 52865
99471 52556
87612 55197
93498 53639
99060 52597
97501 52869
85452 55850
80415 57786
92835 53792
99866 52531
81591 57336
92627 53889
96322 53007
89939 54525
88632 54919
94100 53484
82435 56996
100419 52481
98697 52623
79040 58388
96685 52981
89687 54637
98452 52653
89068 54775
86054 55695
79206 58377
54401 94377
54366 94559
65076 71137
64696 71559
66452 69345
67794 67596
69523 65691
69447 65818
62850 74434
62756 74537
107431 52085
104032 52186
102138 52329
99866 52531
107259 52086
103086 52254
103860 52187
103258 52253
50134 109378
93246 53695
78460 58771
82078 57121
65816 70131
50007 110257
80129 57927
53214 97692
83298 56673
87612 55197
85452 55850
73149 62316
73819 61914
74138 61510
73220 62189
62014 75837
97094 52906
95292 53242
95493 53223
97868 52839
94690 53397
93408 53688
50226 108862
50269 108700
50027 109836
49681 112203
49397 114659
49399 114444
49320 115722
49808 111231
50007 110257
50009 110042
77749 59168
52979 98439
55409 91504
55185 92226
53411 97072
55208 92040
54776 93407
55386 91690
54739 93545
66271 69646
80129 57927
53578 96747
72292 62955
79260 58370
75372 60693
68752 66586
63491 73501
64424 72188
83488 56604
54341 94701
52437 99877
58985 82439
56811 87459
71279 63919
75077 60900
76655 59907
78119 58964
76490 59993
76768 59846
78347 58832
74964 60961
77928 59078
76378 60009
77816 59094
53411 97072
59831 80239
56550 88319
54978 92734
54947 92900
58726 83092
52437 99877
57914 84813
57985 84700
64439 72160
60573 78764
58578 83413
61337 77165
60774 78153
58151 84354
53758 96263
56729 87832
63189 73875
60703 78313
61080 77646
61713 76351
62112 75635
61139 77520
62527 74997
62850 74434
66666 69154
66693 68987
56052 90047
76093 60248
77929 59033
50687 106984
74886 61014
71241 64101
49753 111411
83489 56559
57824 85066
52953 98552
53758 96263
51359 104483
61713 76351
55677 91017
61228 77345
56105 89999
58020 84583
62112 75635
64696 71559
64155 72423
49547 113661
50689 106711
57892 84862
57713 85349
57856 84930
58620 83331
56199 89383
56869 87342
60068 79635
60032 79703
56811 87459
56767 87757
59876 80190
56661 87987
59727 80379
64014 72661
66452 69345
61627 76629
101364 52396
97734 52851
97868 52839
101498 52384
98926 52609
99060 52597
54739 93545
54776 93407
55185 92226
73314 62134
73149 62316
73052 62375
73411 62075
62357 75253
54947 92900
63992 72710
49318 115937
70968 64221
55409 91504
69351 66003
50070 109674
64490 71997
83980 56401
59132 81956
56956 87183
57834 84979
73220 62189
73314 62134
73052 62375
75197 60879
75077 60900
53578 96747
66341 69560
68524 66856
59693 80605
59727 80379
57445 85836
57752 85070
55677 91017
59621 80609
54366 94559
54341 94701
63152 73952
56869 87342
81665 57268
83729 56480
66341 69560
79040 58388
80415 57786
54278 94999
107651 52081
103258 52253
104252 52182
107779 52079
75373 60648
76092 60293
66666 69154
72656 62680
61080 77646
75291 60754
94438 53453
89939 54525
89849 54574
93412 53684
61627 76629
67454 68160
81591 57336
81665 57268
83388 56638
56729 87832
49915 110773
74886 61014
58020 84583
57985 84700
78347 58832
77815 59139
62527 74997
71635 63438
65592 70323
66062 69840
81072 57529
93498 53639
48484 128781
91733 54128
91844 54097
67622 67908
66062 69840
76768 59846
74964 60961
78469 58768
76846 59793
51297 104737
83388 56638
81916 57189
82885 56820
83579 56524
77182 59484
77713 59222
52979 98439
52343 100269
56787 87715
94690 53397
66271 69646
107779 52079
104459 52141
85353 55941
69523 65691
88632 54919
56141 89500
62014 75837
63790 73095
100724 52451
55061 92597
