2133 601.897
92877 167995
137796 90808
134104 111072
111320 148348
121431 112827
136098 114826
107325 103619
121306 100586
132813 107966
117134 106133
128473 128886
159480 99023
103801 128420
96867 121239
158519 101809
175324 93537
109810 128518
135984 78321
128602 140949
123061 89682
112768 107299
155402 134434
161191 108140
145558 139016
142429 93864
149691 102147
90759 104624
118617 104516
137141 106790
109594 127553
101895 98843
113849 97804
131229 126978
162265 85512
126448 143435
123196 101082
112674 131662
163702 100567
134360 105442
117125 135688
105901 86421
97948 127145
126230 101041
131083 126851
142539 135271
154587 115109
94368 132777
115635 123802
164538 90650
147402 91043
127325 103041
112860 111354
143534 98615
121440 141110
152075 135562
111702 121335
113244 95481
137082 123238
90319 106815
164962 97315
138090 114034
106434 151911
123399 99732
141814 88424
123354 107860
101911 117973
142530 122028
111098 111405
110240 86947
115276 102949
148086 120839
137440 130617
110030 115570
116632 123348
112557 99839
92560 130578
145421 101180
110816 115926
158106 107937
153776 119279
122289 125244
113818 106661
158381 92550
102064 112394
95967 151365
135878 96621
107269 113665
105296 129510
105315 114465
113661 98370
184264 110602
123980 98759
106681 115792
116980 107346
98683 108706
133125 135521
107990 98420
98178 109193
117599 128053
165804 91303
98545 130607
125039 108962
97739 129317
96963 143415
122782 92005
108158 124099
107843 131238
115161 103714
119351 126683
135551 126680
104651 126090
124705 129759
150642 138923
110134 124603
103482 121793
161325 97901
96601 158813
107337 116225
109864 112843
92978 152144
94909 115123
97474 113019
150520 95603
108095 124635
112771 134195
122979 105534
125026 132019
138724 98024
142029 106067
141387 108862
127669 97253
143558 109995
97285 118462
144982 94551
121015 94440
120691 101091
132264 100656
121560 94764
98694 151430
130738 125462
106526 139243
136386 105224
117106 93082
123952 110524
93587 126496
120793 110859
134635 100422
131038 141875
148579 119850
97158 136528
134605 100516
136047 121985
124736 122260
115456 100357
158701 105767
121637 86508
132466 101068
105213 108311
154939 119524
117630 134048
157050 95954
130680 99428
144498 85782
99305 152439
121734 100630
103505 114868
126232 87066
149902 105694
138594 129811
129362 110293
119683 112872
136473 92813
121186 136050
92864 135220
141375 132149
132952 89435
135757 97976
130996 115530
106290 114123
143364 95260
104383 138776
132821 103856
160843 97186
127448 95794
166171 98916
161384 99032
132481 111687
102114 123076
134081 104877
107095 121284
131828 118973
134487 141954
136100 125132
156989 90820
121767 106620
147062 103982
128536 95077
160681 102798
106840 110155
110673 132924
96388 152628
106748 112651
160230 95381
96936 123758
149256 93555
107951 104970
117322 119985
130081 122512
132019 109066
143286 134788
104917 113697
106827 103545
115348 147299
108994 103315
102915 145897
94448 118647
146380 144676
108126 112448
141101 122234
126954 105177
128010 145910
92272 123775
147665 129908
104766 156416
135406 96440
97506 144190
158499 108371
123450 95459
122672 106202
114233 147851
169214 94241
118915 106572
101497 126907
147895 113860
136716 101491
134025 112653
134338 138745
137956 109170
110131 135234
143478 126576
109359 108593
105613 110068
143003 97853
160766 111527
95696 124144
88848 111482
116406 106602
119468 136296
144113 95878
153479 136664
144708 94194
163500 85768
106288 156158
138667 102831
135995 107650
163113 99285
142351 115824
114183 129006
106167 140951
96238 118771
138647 105876
130117 105235
151288 96750
102262 152460
135850 127085
100849 121563
124582 103771
141634 94053
114222 145887
116595 128096
144997 109745
102930 145340
119804 105544
131959 167447
148788 99706
141686 132142
106701 140608
145452 138486
98690 126904
134738 124455
164687 101960
114297 99767
143434 86381
138705 144620
124019 107614
95165 133799
113855 100679
142584 125970
100874 112015
140426 134079
87919 164891
106100 142921
102565 141787
125931 124952
95368 115992
111500 102543
114372 104482
93099 136436
134388 111038
128385 102081
115831 91615
118611 116379
157180 98004
113311 122298
130184 122819
115711 131324
125046 109987
130394 123517
145585 135608
126006 97233
146594 122721
133219 97036
92495 136961
128285 154893
139351 121629
139699 130239
105447 129501
134721 93714
104126 121365
132817 138153
143215 101102
110523 130027
116066 94089
137439 97312
165207 99894
112664 123320
148839 104154
139369 103255
152300 104050
123858 89316
138922 112602
122888 97010
113689 135785
127134 91837
149710 133894
131710 155983
166400 96072
104447 124485
176636 103058
116313 104408
119748 101941
98452 134531
167869 95587
158451 133661
107089 114190
162128 87416
124257 97551
140126 110265
148241 132809
104909 122309
139648 117557
124464 127311
142762 112353
102721 146003
145369 132741
94140 160663
133717 100857
129649 101170
134667 108531
160540 88333
111969 97758
126174 107563
159859 97306
144504 134260
113542 105612
116715 124797
166734 88878
133219 101347
145458 107842
126461 101879
126625 113821
109536 109017
146820 125062
102659 124508
146234 85593
99362 146391
122918 135255
119278 110614
124982 93162
106957 125460
145336 114624
134629 106456
102179 112683
157931 108546
166611 111204
167548 87868
134724 104404
124999 119902
131370 92999
106215 126834
138247 104274
120042 134156
191581 113921
129181 113172
111107 124826
141004 99937
114800 159214
152038 143026
87778 150725
135960 116320
140724 134816
161250 101311
124688 100047
146103 133882
112450 131392
95762 133560
173838 115172
112887 94566
118742 89039
132740 112605
185294 102190
101712 134117
161901 106751
97271 121183
107538 111727
170498 110091
140495 129118
119096 126969
140764 128182
138068 137233
99767 135569
131997 142413
121568 96668
134018 105486
145410 126297
113666 140010
100028 121654
114299 110796
123895 145541
158540 133482
117054 158937
113235 112497
104458 156894
153870 125794
144438 103708
121502 107307
97744 166954
108893 137696
143569 137968
118769 116328
115042 102607
117024 125017
134970 100695
113302 97505
149767 87842
126923 105801
104146 147451
118021 97758
132027 107526
150421 110940
141669 103461
103345 123583
105832 114902
127705 92692
120829 101322
173339 97334
140909 108076
128670 110479
123263 97280
174048 102068
105645 105250
149086 103681
104601 118976
97332 128071
133794 93707
156425 94300
119409 110249
135395 89546
131240 138850
138577 133724
131306 99411
160109 100446
112081 174749
121691 100638
129696 123616
119842 104313
139058 107787
122860 96179
133896 103540
106890 159020
105982 125972
137413 141127
135992 134802
137301 119423
147086 112365
123950 107767
126265 127840
91847 138534
122239 97364
113977 92485
101525 163349
110251 107673
108471 125036
116329 110766
104851 113236
117000 95947
101306 107450
133125 109393
88416 132507
93714 131908
105791 120622
130820 107366
176083 113045
161659 116548
128129 88291
121365 106421
134213 111618
117498 111733
138125 123033
128379 97895
131256 108383
92571 145796
108681 138890
149549 121949
137781 95113
114769 97948
131900 92493
181311 103524
175867 106634
126437 113035
127744 88381
126412 99144
112360 104170
135960 99694
128678 94709
93881 116368
127712 92765
137597 111934
158835 90743
133993 120367
141066 129188
148179 110696
148042 104999
102182 116127
134420 127501
135927 106073
138569 128213
101904 138846
114996 127692
141275 130121
153847 143050
124810 106497
114634 127164
145007 127183
166286 127953
144354 118018
125956 129788
139385 137148
136634 153410
140856 104960
141792 107186
117274 119108
127782 99902
128166 119887
119325 106776
109988 128804
135915 95199
113118 139570
137900 96856
91614 158059
120650 114391
111341 111831
121819 159303
132700 124971
122957 101900
110736 135134
149353 94591
99953 123228
102479 161291
107707 108563
139694 125553
103831 105206
111087 163976
107586 150432
134197 97831
161712 105970
148426 100324
97747 156664
106564 112696
126020 131222
105113 115362
142984 114385
131241 113759
134234 108304
138781 94816
106488 131640
119841 118544
95752 116544
150286 102782
156350 130333
140826 116385
128401 109655
102338 140441
125467 103193
110406 129483
129938 125628
160066 112494
114587 155065
149101 136078
132722 115964
143024 106848
136506 106532
99925 127543
140943 106172
116836 133653
137072 130104
143874 125625
170843 110962
109193 101420
113278 140720
131494 96859
99546 120252
128166 139649
128347 103482
121322 89633
129024 125577
111531 137667
92624 130937
166859 98280
163010 92231
128250 98516
98930 120505
134225 114152
155918 99319
126198 122348
122684 106374
104674 97424
152061 127749
122403 102877
127371 109098
107283 102896
112465 89719
91819 131602
113220 156582
178095 104506
105317 121523
122748 107332
122675 109044
105515 136748
136332 104780
112490 112985
99565 134104
130666 125844
136267 130466
114731 149248
98521 129024
108109 106576
137690 130418
112062 117523
103284 102963
128381 83459
170598 88771
145716 103084
160605 137072
95924 121987
138753 133470
130674 140984
126738 97383
106424 162506
134057 107033
107787 115190
102845 112926
125356 101486
94195 119352
141505 145670
118001 114276
161041 100785
123013 103503
163137 95431
110557 109331
143642 101049
122282 109121
119374 107475
122506 130412
166247 109642
138265 108287
106153 135457
100811 142775
122816 111627
129886 112364
91482 134682
136609 102785
147795 99839
128490 142340
178329 113195
155959 106284
114422 162463
148596 97332
146266 104190
113395 128102
111484 94762
105557 171996
103966 151069
124964 138395
133832 94036
135141 111953
117867 102475
118428 122728
131259 146211
107782 163000
165802 96667
138665 116282
180210 99544
125924 106981
112857 116947
131586 112559
119904 118487
107265 116867
129462 120259
176282 98096
99047 117050
90638 143986
168977 98241
136506 144658
102318 122245
136506 86212
148363 139192
136098 95081
100259 126997
124127 137172
103254 141916
127192 128009
127444 135268
99732 116276
114512 119709
147212 106021
130070 93138
163153 109939
109249 100599
126833 130170
150057 142764
121876 103000
124072 107985
100013 133372
133163 102328
142818 105918
109094 144039
144700 96313
141130 113263
121887 135937
147806 95800
120092 140528
134482 86646
126898 123036
97962 132231
146814 139343
141621 89281
94944 135368
98814 130310
119726 101620
127436 112606
101373 165463
94668 137968
155842 128760
107359 108242
95106 129420
107288 153587
125509 133855
123812 111653
113110 106646
99464 124855
92974 129779
97163 143933
105911 130779
116227 120924
134537 96453
99620 141730
122562 109436
155206 99372
118104 126089
94717 135134
143320 118711
122228 108362
101216 152039
110870 96376
131150 103998
126120 105141
159668 95773
132141 91244
161960 103542
143019 88084
116062 94216
163196 98957
112450 99471
128907 107406
158457 112915
143638 122757
138429 133913
143630 102526
106237 160449
147710 87553
103855 118262
131317 110106
152523 123107
126604 128475
162624 106871
105551 112659
146399 130190
134090 96689
161817 115275
108571 152372
105309 162072
108223 139634
123603 123514
156527 102071
127706 101250
114170 126051
175137 100028
124687 139600
99237 157893
121023 111850
154060 108757
113504 140631
133190 107395
148280 112332
128478 134815
98193 115098
125606 89498
125745 112744
161011 105157
119144 138324
126185 105029
107649 159661
120316 113977
117955 132819
129270 131365
89559 110454
117566 159825
130202 105744
119342 95715
166892 100430
157975 122640
148948 104763
140995 108074
119101 133346
137703 115332
143104 111840
139533 146493
110503 124494
160866 102864
110103 106705
108573 127304
131252 132851
113104 141238
126723 106901
126807 89670
159479 110402
136502 97733
112743 111007
131962 100463
108966 109728
163691 94126
140391 123814
142061 137579
143814 120395
132216 118398
140988 100605
108422 136129
159030 108898
129396 101619
102719 166379
105624 115773
122879 101275
134830 125491
156812 103257
129923 121149
146916 128974
109841 136717
115620 101740
130637 111581
165527 100828
133903 117014
121288 110813
114652 115473
141043 143308
139616 103988
154528 95430
122355 123661
109054 113846
138005 104482
118615 122213
126208 100910
102771 127755
107077 115216
114946 121419
102588 102728
134097 117606
132119 94998
117522 117705
178170 96421
141553 121599
109947 135078
96468 118358
136170 90284
147366 93882
116800 97839
126477 136457
102751 99134
168829 98914
135204 116240
130213 105585
107983 120525
126853 106930
136244 126920
145024 112867
92277 143182
144931 104774
139094 106380
130670 118992
112607 155831
136745 98488
133139 140729
111886 123236
168452 104252
138865 118119
148460 90655
142115 115927
142615 131237
137398 125841
116476 122147
130058 107541
124091 130147
170037 91889
144775 105249
152226 123765
155952 106332
120181 113160
125554 108492
137541 140351
145017 88359
137954 155462
141728 107779
133319 86218
133974 109471
140974 108564
166719 102833
156677 99384
111939 126184
143185 129858
140538 129911
162480 98339
116477 97456
113072 131214
128832 98020
138278 112329
96597 133213
102761 152550
93734 132965
113796 109170
98960 141082
167438 106943
143791 87816
121893 129629
98259 154134
150715 90188
105975 119367
144085 97260
115164 134888
108629 123451
124945 107459
114270 128239
139798 90617
115341 156930
102642 138715
126247 105832
120638 120980
99242 146732
125259 113323
154912 125869
151002 106313
161310 108772
125237 98916
110232 115356
105947 158346
145475 102337
133918 144216
130024 116693
99871 127509
141146 116978
119529 126714
95037 140611
105105 118444
140660 125293
127090 117656
145211 114629
141365 105164
169695 105899
108979 164930
100771 144202
118752 100637
95982 92660
132674 115567
154897 102756
99762 133409
163086 97306
172018 118473
125893 120067
119603 94005
173201 101337
146802 120871
