9807 2887.54
50167 125943
149017 54662
50315 124734
50394 122117
50884 116868
50869 118134
87632 71009
51032 115659
51118 114550
86095 71011
78020 73546
78833 73201
51460 112236
85192 71061
83550 71439
82689 71628
79814 72986
78953 73175
51494 111354
82569 71654
50671 119628
50663 120467
74810 75624
84331 71250
82013 72011
83670 71413
149017 54662
148017 54666
72110 77600
85312 71035
67455 80238
67877 79957
75794 74908
51601 110774
50991 116288
51032 115659
50274 125363
50315 124734
51642 110145
51225 113970
51749 109565
51601 110774
50778 119048
50991 116288
50671 119628
52506 104463
51494 111354
50274 125363
52852 102613
51642 110145
50884 116868
50167 125943
52613 103883
51118 114550
75891 74630
84331 71250
50531 121079
50515 121676
72209 77063
86095 71011
75162 75380
146016 54713
146807 54710
141452 54879
142243 54876
76682 74262
77735 73865
52932 102114
54971 95736
77900 73572
72306 76785
65165 82459
75355 75177
66010 81838
147137 54696
74299 75714
54960 96181
68308 79906
81466 72353
52068 107796
52179 106818
52076 107210
72594 76488
77358 73879
74419 75688
76980 74124
80716 72577
80960 72408
76318 74457
73379 76266
67047 80561
62999 84481
53351 100859
53535 99888
66134 81584
73259 76292
81080 72382
53360 100520
87902 70694
144159 54801
147680 54687
139052 54976
145679 54734
141115 54900
137541 55047
129149 55970
136998 55056
52506 104463
52072 107398
52502 104861
143616 54810
145136 54743
140572 54909
101229 62783
50585 120737
138518 54989
53055 101946
128797 56015
65333 82188
67312 80444
52673 103439
51809 109121
57808 90530
103218 62015
69435 79188
50531 121079
139810 54956
112738 58970
63360 84140
112946 58894
80174 72884
88559 70244
130030 55820
69908 78861
126578 56356
135899 55124
60317 87371
72060 77670
122760 56951
51836 109040
71320 78184
70111 78767
73927 75813
72966 76389
69613 79038
59143 88610
52465 105092
95184 65746
128317 56062
67997 79931
79934 72960
92215 67583
51373 112761
63949 83705
80596 72603
91113 68228
98501 63886
95702 65416
114253 58617
121069 57255
90306 68802
72209 77063
72497 76766
53526 100227
124158 56700
77224 73955
80350 72882
131638 55666
136668 55070
134148 55382
140242 54923
136188 55117
131349 55673
129581 55937
129268 55945
143286 54824
102266 62326
73639 76110
66375 81379
64373 83303
63337 84320
65022 82665
66923 80815
75232 75343
100338 63099
119242 57631
120752 57357
68850 79599
53483 100352
53954 98633
54629 96708
53904 98835
121710 57141
56401 93036
75655 75145
50813 118750
50819 118419
51266 113341
51367 113092
51260 113672
101898 62441
54441 97531
68391 79739
71440 78158
108650 59977
124920 56575
71688 77881
56496 92905
100706 62984
59311 88339
88767 69971
89711 69210
88988 69802
89581 69346
89359 69589
97771 64427
54296 97661
50515 121676
50437 121946
50663 120467
92688 67193
55481 94701
64099 83630
115252 58391
50778 119048
51260 113672
51225 113970
50813 118750
51408 112463
88397 70315
107542 60373
54720 96535
93102 66979
51266 113341
51367 113092
63510 84065
63648 83843
60823 86939
50869 118134
50819 118419
53877 98916
116314 58204
92979 67175
69071 79345
115604 58346
110318 59540
113155 58891
99460 63444
106788 60534
51794 109400
97896 64373
51988 108295
55157 95476
56224 93397
112173 59136
67335 80264
60175 87492
66398 81199
65045 82485
64396 83123
50585 120737
76184 74533
72714 76462
67167 80535
62948 84691
60708 86981
142573 54862
91641 67967
118999 57665
114443 58607
111625 59263
89211 69690
58899 88890
89412 69507
132118 55619
53658 99720
122540 56998
55719 94323
101466 62560
65512 82141
54454 97340
93797 66586
131781 55640
136331 55091
139398 54959
55381 95054
52422 105360
52031 108027
55692 94502
56619 92429
135742 55165
121421 57210
119451 57553
128519 56051
121278 57252
105659 60954
118769 57687
115391 58371
118304 57796
124645 56645
101675 62557
118073 57830
130360 55806
56847 92093
54210 97963
51373 112761
52825 102694
52377 105525
93345 66929
56018 93637
52228 106465
103097 62026
110987 59328
105060 61068
91022 68261
94243 66360
53090 101678
92567 67204
94257 66176
93811 66402
55476 94923
90667 68454
55800 94192
52780 102859
52239 106374
52346 105794
51916 108541
52658 103718
51901 108820
52765 103138
52335 105885
90174 68958
108549 60041
109414 59674
88625 70102
142854 54857
114585 58549
103403 61861
123132 56932
82013 72011
81636 72025
124138 56779
93035 67126
81529 72232
81636 72025
62062 85633
58611 89187
89490 69379
99662 63425
94378 66165
102683 62148
127610 56164
111748 59198
104798 61349
68951 79371
69493 79064
66274 81453
58179 89964
58052 90050
92357 67426
121630 57207
55986 93888
101818 62515
107023 60481
109147 59873
107278 60399
104848 61279
55995 93817
107588 60300
111202 59315
114039 58666
89120 69723
95334 65680
96820 64862
132406 55615
109026 59884
95122 65891
134500 55337
124840 56641
129950 55886
132457 55593
110910 59399
68478 79698
52331 106073
51901 108820
52748 103334
139068 54973
110534 59437
113371 58788
59785 87948
107220 60415
100272 63174
107666 60189
99778 63273
112251 59025
98947 63660
106328 60612
102344 62215
51433 112317
144614 54773
121979 57121
138188 55003
140140 54942
145686 54727
126107 56426
136566 55089
132016 55638
141122 54893
147687 54680
133644 55443
95490 65627
70280 78762
97266 64636
71822 77761
126848 56289
127548 56195
54193 98111
54535 97139
133168 55490
115038 58440
95065 65929
96148 65190
92266 67459
62651 85078
120496 57378
113250 58799
110413 59448
64516 83097
64921 82739
63236 84394
66518 81173
64684 82826
62711 84778
66686 80902
66923 80815
61701 85974
52498 105049
52035 107839
90955 68408
91808 67835
90576 68487
90564 68637
100899 62797
53028 102027
53449 100510
54089 98475
53981 98552
94142 66387
71068 78257
69865 78965
72887 76391
59220 88512
93932 66391
91401 68182
90919 68444
133033 55500
61594 86039
91505 68023
90473 68670
91717 67868
90397 68769
116057 58237
134910 55257
114817 58491
138518 54989
102465 62204
143616 54810
141452 54879
147016 54709
134580 55271
142949 54845
148017 54666
106003 60827
106449 60601
140572 54909
127178 56275
146016 54713
110109 59543
109535 59663
142452 54875
130517 55765
111416 59266
137996 55019
126848 56289
101020 62786
107787 60178
112372 59014
124488 56686
139398 54959
133818 55396
145136 54743
144806 54757
61831 85952
58996 88717
104406 61423
104061 61424
58228 89788
135499 55183
61860 85837
75655 75145
64661 83006
62976 84661
66663 81082
101338 62615
64115 83499
60535 87236
120265 57412
105181 61057
88255 70446
58959 88728
62414 85285
60434 87310
98060 64174
98289 64097
61313 86415
111980 59140
70533 78486
76802 74236
76860 74150
80418 72715
126459 56381
70653 78460
62350 85336
70874 78356
71068 78257
54998 95655
56045 93556
56592 92510
59645 88079
55354 95135
54693 96616
55827 94111
102918 62095
93688 66614
54121 98293
136998 55056
71568 77907
62175 85557
123874 56781
133520 55445
62002 85716
130949 55732
128669 56017
125979 56428
96540 64985
64159 83427
113747 58750
120092 57439
123285 56925
118425 57785
115705 58282
117050 58049
59869 87874
54323 97580
144374 54790
137756 55036
53208 101265
91414 68056
108018 60144
54166 98192
88346 70413
89802 69177
88716 70069
57489 91039
103615 61650
61571 86219
62531 85104
59672 87998
66161 81503
93615 66763
99068 63649
98735 63871
105882 60838
97468 64617
119330 57564
57006 91870
96421 65168
61147 86621
59497 88245
57033 91789
96699 64873
97136 64693
96661 64974
88127 70630
116698 58094
54274 97871
111859 59151
114696 58502
93254 66962
113824 58679
61980 85811
89853 69079
90121 69049
96986 64759
88245 70584
96979 64803
106997 60531
99226 63630
54796 96368
59957 87751
58719 89082
117759 57919
100507 63002
96269 65185
53874 99132
71490 77976
73927 75813
125627 56473
117859 57879
71822 77761
73877 75995
103983 61535
69228 79255
80418 72715
117432 57973
117272 57974
109378 59839
102674 62201
56766 92224
55545 94609
58292 89696
58307 89633
57538 90863
57617 90708
57249 91393
58520 89360
57857 90354
57298 91217
57537 91018
58206 89883
115026 58488
56967 91970
132681 55545
118526 57721
53090 101678
52765 103138
53107 101482
99261 63566
53319 101041
129755 55890
134305 55341
57988 90142
122712 56997
125602 56516
127830 56117
128097 56109
125140 56528
94619 66155
94649 65971
57151 91647
53779 99265
53346 100960
54116 98394
53747 99447
62243 85401
68663 79668
53702 99548
53253 101100
116484 58143
116627 58127
117952 57841
111295 59277
102098 62382
69228 79255
50394 122117
50437 121946
93622 66698
53779 99265
53874 99132
109372 59857
107996 60175
113586 58775
116885 58087
119682 57519
120444 57394
122183 57085
125140 56528
125407 56520
128097 56109
127830 56117
54616 96899
135262 55212
130719 55754
55891 94019
93405 66773
55714 94432
56761 92333
52780 102859
52658 103718
51749 109565
52422 105360
52183 106630
52613 103883
103976 61579
103530 61805
95624 65527
98780 63856
96070 65301
98423 63997
98289 64097
95936 65401
61572 86134
62688 84958
64684 82826
62711 84778
60558 87056
66686 80902
56528 92602
65634 82050
60846 86759
120924 57347
92032 67647
104941 61178
64633 83036
66635 81112
60146 87607
54552 96991
92553 67388
70332 78663
70450 78554
119682 57519
119922 57498
130997 55718
108880 59950
127340 56231
73821 76106
117624 57929
52350 105606
52243 106186
52031 108027
52502 104861
52076 107210
52183 106630
52179 106818
52072 107398
92032 67647
91820 67685
57151 91647
144469 54778
137851 55024
87836 70836
55209 95358
55290 95227
56793 92143
56337 93128
56256 93259
118878 57676
61182 86590
108197 60086
56505 92782
63798 83768
94619 66155
97537 64442
95936 65401
103849 61635
58783 88990
58872 88971
116413 58176
104612 61388
104406 61423
60846 86759
60996 86684
65650 81919
63648 83843
60558 87056
63510 84065
65800 81844
117553 57962
102918 62095
119922 57498
139905 54944
87775 70964
94859 65961
92553 67388
65627 82099
122399 57075
58371 89541
57681 90616
58498 89455
57362 91125
102098 62382
52270 106105
65333 82188
51794 109400
98869 63771
56109 93464
88988 69802
104612 61388
77224 73955
76184 74533
76318 74457
129700 55912
133818 55396
87817 70961
60996 86684
143184 54843
108880 59950
63798 83768
131192 55714
126316 56407
57218 91527
57921 90262
104941 61178
110749 59424
113945 58668
51928 108419
96070 65301
98423 63997
104061 61424
103537 61761
97974 64262
96487 65084
95624 65527
106250 60723
100784 62873
103608 61694
54948 96199
115826 58271
115910 58263
81529 72232
144166 54794
137548 55040
68893 79495
122399 57075
95455 65669
99906 63218
100108 63199
51408 112463
68663 79668
100507 63002
94859 65961
94649 65971
93405 66773
56256 93259
127335 56234
97504 64578
97537 64442
52700 103358
54508 97220
54481 97259
100784 62873
91820 67685
106658 60598
135067 55216
65800 81844
116929 58060
72497 76766
125829 56462
130712 55761
57249 91393
57218 91527
53562 99807
53203 101395
53631 99801
53107 101482
52932 102114
53526 100227
57538 90863
55062 95563
55209 95358
51988 108295
135547 55169
144806 54757
138181 55010
112581 59011
131206 55699
135060 55224
134250 55363
127178 56275
130382 55775
124488 56686
106658 60598
112581 59011
109744 59660
105450 60957
106212 60824
132681 55545
132860 55521
133347 55466
108361 60058
123841 56802
123354 56857
123522 56826
120144 57423
146807 54710
142243 54876
73829 76055
97145 64647
97974 64262
98060 64174
122047 57120
103403 61861
103849 61635
99332 63499
105322 61012
101338 62615
99906 63218
105450 60957
60498 87259
64272 83377
63236 84394
64921 82739
61470 86293
123706 56812
123522 56826
62688 84958
105322 61012
108197 60086
108361 60058
62447 85163
133347 55466
132860 55521
60029 87668
109887 59618
109744 59660
105802 60912
125407 56520
135262 55212
100108 63199
65650 81919
125829 56462
62243 85401
98869 63771
134910 55257
113602 58754
110749 59424
54860 96276
61249 86507
56505 92782
87836 70836
57681 90616
56528 92602
57921 90262
58756 89071
58025 90131
54274 97871
57298 91217
55290 95227
56337 93128
57362 91125
57857 90354
55891 94019
59247 88431
59284 88420
58584 89268
54860 96276
58371 89541
55062 95563
57617 90708
59581 88171
54616 96899
58547 89279
55508 94620
54796 96368
117151 57985
118526 57721
109887 59618
109988 59554
70822 78455
70874 78356
70332 78663
60174 87577
91401 68182
73639 76110
68893 79495
69865 78965
60029 87668
88767 69971
89853 69079
55476 94923
59581 88171
59497 88245
120924 57347
53203 101395
53747 99447
53702 99548
122168 57109
77735 73865
116031 58252
105802 60912
96462 65096
61357 86343
64272 83377
61470 86293
88127 70630
51916 108541
51928 108419
90157 68984
61249 86507
126316 56407
106212 60824
106250 60723
56967 91970
70450 78554
70822 78455
71490 77976
62175 85557
134580 55271
62447 85163
99707 63340
