8533 1983.81
118311 51481
118311 51481
116513 51593
111522 51678
111522 51678
109724 51790
108872 51897
108872 51897
108600 52004
108600 52004
108600 52004
107581 52212
107076 52278
107076 52278
106181 52402
106181 52402
105329 52509
105329 52509
105057 52616
104890 52717
104385 52783
104038 52824
103533 52890
103291 52954
102858 52992
102858 52992
102586 53099
102577 53172
102136 53247
102036 53266
101864 53354
101184 53373
101184 53373
97484 53491
97484 53491
97484 53491
97378 53570
97378 53570
97378 53570
97378 53570
94718 53791
94718 53791
94718 53791
94612 53870
94612 53870
94361 53973
94314 54021
94314 54021
93984 54139
93163 54210
92746 54235
92155 54254
91738 54279
91738 54279
91632 54358
91632 54358
91381 54461
91381 54461
91340 54542
91004 54627
91004 54627
91004 54627
90161 54787
90095 54797
89673 54818
89324 54855
88907 54880
88907 54880
88801 54959
88801 54959
88530 55046
88424 55125
88424 55125
88324 55227
88324 55227
88121 55312
88073 55330
87967 55409
87967 55409
87526 55507
87526 55507
87526 55507
86627 55643
86627 55643
86579 55661
85879 55705
85831 55723
85409 55744
85361 55762
85361 55762
85255 55841
85052 55926
85004 55944
84890 56010
84630 56040
84309 56049
84261 56067
84261 56067
84261 56067
83952 56231
83904 56249
83904 56249
83904 56249
83575 56397
83527 56415
83527 56415
83527 56415
83251 56600
83203 56618
83203 56618
83203 56618
82874 56766
82826 56784
82826 56784
82826 56784
82370 56920
82370 56920
81900 56959
81900 56959
81553 57013
81505 57031
81367 57076
81319 57094
81319 57094
81148 57213
81148 57213
80962 57276
80219 57281
80219 57281
80054 57294
80033 57344
79868 57357
79868 57357
79677 57460
79565 57470
79379 57533
79379 57533
79379 57533
79379 57533
79379 57533
79379 57533
79379 57533
79379 57533
79251 57888
79251 57888
79139 57983
79139 57983
79033 58055
78965 58118
78734 58146
78734 58146
78628 58218
78628 58218
78628 58218
78628 58218
78628 58218
78571 58460
78513 58514
78465 58532
78427 58600
78379 58618
78321 58672
78273 58690
78273 58690
78273 58690
78273 58690
78152 58920
77444 58935
77444 58935
77444 58935
77174 58953
77174 58953
77174 58953
76656 59058
76656 59058
76200 59077
76200 59077
76035 59090
75895 59109
75624 59120
75624 59120
75624 59120
75412 59200
75247 59213
75247 59213
75247 59213
75025 59315
74860 59328
74860 59328
74450 59380
74450 59380
74402 59398
74402 59398
74402 59398
74093 59562
74093 59562
74093 59562
74086 59647
73500 59599
73716 59728
73716 59728
73668 59746
73651 59780
73500 59599
73136 59866
73136 59866
73136 59866
73136 59866
72797 59963
72797 59963
72749 59981
72749 59981
72749 59981
72662 60116
72440 60145
72440 60145
72392 60163
72392 60163
72392 60163
72063 60311
72063 60311
72015 60329
72015 60329
72015 60329
72015 60329
72015 60329
72001 60563
72001 60563
72001 60563
72001 60563
71848 60787
71848 60787
71848 60787
71848 60787
71636 60940
71471 60953
71471 60953
71471 60953
71471 60953
71413 61110
71248 61123
71248 61123
71235 61210
71077 61238
71077 61238
70939 61287
70891 61305
70891 61305
70810 61394
70720 61420
70720 61420
70514 61471
70514 61471
70514 61471
70391 61568
70343 61586
70343 61586
70343 61586
70343 61586
70343 61586
70343 61586
70010 61868
70010 61868
69962 61886
69962 61886
69839 61983
69791 62001
69791 62001
69791 62001
69791 62001
69783 62208
69618 62221
69618 62221
69480 62270
69432 62288
69432 62288
69309 62385
69193 62385
69145 62403
69145 62403
68902 62461
68902 62461
68902 62461
68515 62576
68515 62576
68515 62576
68467 62594
68467 62594
68467 62594
68467 62594
68138 62742
68138 62742
68090 62760
68090 62760
68090 62760
68090 62760
68090 62760
67874 62982
67874 62982
67826 63000
67826 63000
67826 63000
67826 63000
67826 63000
67826 63000
67826 63000
67826 63000
67826 63000
67826 63000
67552 63526
67552 63526
67552 63526
67552 63526
67552 63526
67552 63526
67478 63787
67430 63805
67430 63805
67430 63805
67430 63805
67430 63805
67430 63805
67322 64103
67274 64121
67274 64121
67274 64121
67274 64121
67156 64331
67058 64343
67010 64361
67010 64361
67010 64361
67010 64361
67010 64361
66922 64618
66922 64618
66922 64618
66922 64618
66922 64618
66865 64885
66865 64885
66865 64885
66865 64885
66865 64885
66727 65136
66727 65136
66679 65154
66679 65154
66679 65154
66679 65154
66679 65154
66652 65451
66546 65518
66498 65536
66498 65536
66498 65536
66498 65536
66469 65723
66458 65754
66458 65754
66458 65754
66455 65979
66396 66050
66348 66068
66325 66118
66277 66136
66277 66136
66277 66136
66277 66136
66183 66361
66135 66379
66135 66379
66135 66379
66135 66379
66135 66379
66135 66379
66002 66743
66002 66743
65954 66761
65954 66761
65954 66761
65914 66979
65914 66979
65914 66979
65914 66979
65914 66979
65914 66979
65832 67326
65781 67343
65733 67361
65733 67361
65733 67361
65733 67361
65733 67361
65651 67708
65651 67708
65651 67708
65651 67708
65361 67833
65361 67833
65361 67833
65239 67895
65239 67895
65156 67939
64943 67972
64943 67972
64943 67972
64860 68016
64731 68050
64731 68050
64435 68127
64435 68127
64435 68127
64435 68127
64334 68166
64230 68233
64230 68233
64038 68243
64038 68243
64038 68243
63934 68310
63934 68310
63833 68349
63833 68349
63537 68426
63537 68426
63537 68426
63537 68426
63524 68489
63228 68566
63228 68566
63228 68566
63228 68566
63228 68566
63228 68566
63172 68723
63172 68723
62950 68853
62950 68853
62950 68853
62931 68875
62931 68875
62894 69010
62875 69032
62778 69102
62759 69124
62759 69124
62671 69196
62456 69193
62456 69193
62468 69240
62468 69240
62320 69341
62320 69341
62203 69354
62071 69356
62071 69356
62071 69356
61923 69457
61923 69457
61662 69485
61662 69485
61662 69485
61530 69487
61530 69487
61530 69487
60800 69556
60800 69556
60800 69556
60800 69556
60800 69556
60800 69556
60800 69556
60800 69556
60800 69556
60800 69556
60800 69556
60491 69696
60491 69696
60491 69696
60491 69696
60491 69696
60491 69696
60258 69863
60258 69863
60258 69863
60212 69892
60193 69914
59968 69981
59968 69981
59968 69981
59968 69981
59949 70003
59949 70003
59759 70102
59694 70153
59694 70153
59694 70153
59450 70242
59450 70242
59450 70242
59450 70242
59450 70242
59450 70242
59450 70242
59450 70242
59317 70572
59317 70572
59317 70572
59262 70657
59262 70657
59064 70739
59064 70739
59064 70739
59064 70739
59008 70896
59008 70896
59008 70896
59008 70896
58985 71140
58985 71140
58985 71140
58933 71302
58686 71318
58686 71318
58686 71318
58667 71340
58667 71340
58630 71475
58366 71495
58366 71495
58366 71495
58366 71495
58366 71495
58366 71495
58366 71495
58343 71739
58343 71739
58291 71901
58291 71901
58291 71901
58291 71901
58268 72145
58268 72145
58028 72317
58028 72317
58028 72317
58028 72317
58028 72317
58028 72317
58005 72561
58005 72561
58005 72561
57953 72723
57953 72723
57897 72858
57897 72858
57842 72943
57644 73025
57644 73025
57644 73025
57644 73025
57644 73025
57588 73182
57588 73182
57588 73182
57588 73182
57565 73426
57565 73426
57513 73588
57513 73588
57513 73588
57414 73826
57414 73826
57306 73847
57306 73847
57306 73847
57250 74004
57250 74004
57250 74004
57250 74004
57227 74248
57227 74248
57175 74410
57175 74410
57175 74410
57152 74654
57152 74654
57040 74822
57040 74822
57040 74822
56984 74979
56984 74979
56984 74979
56984 74979
56961 75223
56961 75223
56909 75385
56909 75385
56909 75385
56886 75629
56886 75629
56838 75830
56838 75830
56838 75830
56798 75996
56798 75996
56798 75996
56775 76240
56723 76402
56723 76402
56723 76402
56633 76582
56633 76582
56523 76635
56523 76635
56324 76722
56324 76722
56324 76722
56305 76744
56214 76775
56214 76775
56195 76797
56195 76797
56058 76998
56058 76998
56039 77020
56039 77020
56039 77020
55996 77295
55886 77348
55886 77348
55867 77370
55867 77370
55730 77571
55730 77571
55711 77593
55711 77593
55711 77593
55694 77898
55675 77920
55603 78016
55584 78038
55525 78131
55506 78153
55428 78174
55409 78196
55409 78196
55409 78196
55407 78539
55394 78622
55322 78718
55303 78740
55244 78833
55244 78833
55147 78876
55128 78898
55128 78898
55081 79104
55081 79104
54945 79258
54945 79258
54945 79258
54945 79258
54945 79258
54891 79603
54891 79603
54755 79757
54755 79757
54755 79757
54755 79757
54732 80001
54732 80001
54664 80177
54645 80199
54645 80199
54645 80199
54464 80454
54464 80454
54464 80454
53919 80549
53919 80549
53919 80549
53919 80549
53919 80549
53919 80549
53919 80549
53919 80549
53919 80549
53919 80549
53610 80689
53610 80689
53610 80689
53610 80689
53610 80689
53610 80689
53610 80689
53531 80895
53531 80895
53222 81094
53222 81094
53222 81094
53222 81094
53222 81094
53222 81094
52825 81210
52825 81210
52825 81210
52825 81210
52825 81210
52825 81210
52825 81210
52825 81210
52825 81210
52681 81507
52681 81507
52681 81507
52681 81507
52602 81713
52602 81713
52526 81789
52526 81789
52293 81912
52293 81912
52293 81912
52293 81912
52293 81912
51896 82028
51896 82028
51896 82028
51896 82028
51896 82028
51896 82028
51896 82028
51896 82028
51798 82248
51798 82248
51741 82310
51741 82310
51565 82415
51565 82415
51565 82415
51565 82415
51405 82553
51405 82553
51256 82555
51256 82555
51256 82555
51256 82555
51256 82555
51101 82837
51101 82837
51101 82837
51072 82966
51072 82966
51044 83127
50980 83175
50980 83175
50822 83361
50822 83361
50822 83361
50705 83490
50705 83490
50705 83490
50648 83626
50648 83626
50550 83772
50550 83772
50550 83772
50550 83772
50493 84062
50335 84094
50335 84094
50335 84094
50218 84223
50218 84223
50218 84223
50218 84223
50161 84513
50161 84513
50152 84653
49997 84935
49997 84935
49997 84935
49997 84935
49997 84935
49997 84935
49897 85548
49897 85548
49872 85588
49853 85610
49755 85717
49755 85717
49717 85764
49619 85871
49619 85871
49600 85893
49562 86046
49464 86153
49464 86153
49445 86175
49441 86297
49343 86404
49324 86426
49324 86532
49250 86593
49212 86640
49188 86686
49114 86747
49095 86769
49095 86769
49048 86998
48974 87126
48955 87151
48936 87173
48838 87280
48838 87280
48819 87302
48745 87469
48726 87491
48628 87598
48628 87598
48609 87620
48492 87752
48492 87752
48473 87774
48446 87969
48375 88004
48356 88026
48310 88123
48216 88285
48216 88285
48197 88307
48170 88502
48099 88537
48080 88559
48034 88656
48034 88656
47959 88868
47936 88886
47917 88908
47878 89107
47800 89149
47781 89171
47761 89359
47683 89401
47664 89423
47664 89423
47598 89708
47579 89730
47465 89946
47465 89946
47443 89993
47422 90213
47345 90223
47326 90245
47326 90245
47263 90494
47244 90516
47146 90746
47146 90746
47127 90768
47127 90768
47053 91437
47053 91437
47034 91459
47007 91908
46893 92013
46893 92013
46817 92102
46817 92102
46755 92122
46716 92151
46584 92153
46584 92153
46584 92153
46502 92296
46448 92307
46448 92307
46364 92405
46345 92427
46193 92436
46193 92436
46193 92436
46057 92590
46057 92590
46038 92612
45902 92767
45902 92767
45902 92767
45883 92789
45766 92921
45766 92921
45747 92943
45649 93282
45649 93282
45630 93304
45513 93436
45513 93436
45471 93522
45406 93633
45387 93655
45324 93901
45305 93923
45244 94085
45225 94107
45153 94148
45134 94170
45092 94256
45055 94550
45019 94560
44964 94613
44858 94749
44858 94749
44839 94771
44711 95128
44711 95128
44711 95128
44570 95420
44570 95420
44570 95420
44536 95623
44400 95777
44400 95777
44400 95777
44381 95799
44283 96138
44264 96160
44147 96292
44147 96292
44128 96314
44084 96661
44035 96731
44014 96787
43948 96815
43878 96941
43859 96963
43836 97254
43807 97693
43749 97785
43671 97847
43671 97847
43592 97995
43573 98017
43550 98261
43501 98665
43366 98923
43366 98923
43366 98923
43321 99454
43234 99697
43234 99697
43195 99981
43169 100439
43033 100593
43033 100593
43014 100615
42963 101156
42944 101178
42895 101423
42843 101673
42792 102163
42675 102295
42675 102295
42656 102317
42560 102881
42560 102881
42464 103207
42464 103207
42404 103754
42379 103932
42289 104340
42268 104443
42193 104666
42174 104688
42078 105252
42078 105252
42023 105846
41907 106310
41907 106310
41831 106736
41812 106758
41782 107528
41745 107920
41686 109203
41656 109973
41580 115208
41580 115208
41520 115505
41341 115516
41341 115516
41257 116012
41257 116012
41179 117126
41095 117622
41022 118914
40938 119410
40938 119410
40847 124196
40810 124246
