6724 1924.23
92612 174095
141291 127551
125670 100349
77380 124366
120669 114559
100744 96992
97707 112542
108037 112532
78804 138695
108189 163916
94887 99819
95542 176059
140552 124049
83881 126537
80469 120237
80041 110160
88180 143815
87250 146131
101338 133116
138943 143164
83711 144215
133170 101035
88605 169891
94122 163205
129412 103188
117897 119669
122345 131686
94610 129007
125474 132585
82111 168830
76858 115808
90777 120611
109094 95355
151325 101607
121923 88184
104970 114562
98693 91501
108173 180933
118730 111334
91403 106885
94631 110991
96609 159080
97599 163700
92323 157272
80663 107479
84868 118681
124465 108982
114376 102358
93277 133842
114068 127780
132412 130138
77316 149749
118646 102305
131227 118450
100403 136532
120188 126573
101632 120310
86252 134710
116254 92526
151379 97403
99002 114431
118076 109877
90366 124605
80390 139725
96751 129350
111344 144961
99232 115514
123215 108269
102108 138740
111861 98894
95046 116098
103438 117115
107183 182025
121940 99739
145970 105391
85645 122464
93700 105503
130004 114142
84919 172481
93369 117102
113138 99502
120662 136312
93963 99070
108911 103297
153802 124915
93511 108172
121637 107814
92608 140265
92262 163060
92429 155514
99247 121487
87699 108657
130952 90170
114592 93984
126589 110893
92384 157476
84492 118073
103691 160394
101962 99772
109026 95390
97854 166439
125211 113458
110409 103027
86976 119048
92711 121086
92879 143585
100643 122060
100583 118104
94664 140772
83950 110490
78894 112196
93625 133243
154341 118373
127305 90927
90338 121431
90578 121459
100502 112622
125375 103816
91728 157116
123686 133714
105157 127377
96195 118147
101043 141560
90257 123583
90547 109689
97433 109491
128202 135392
86620 110089
147199 144313
82958 116338
86490 118428
78359 134932
130402 146739
93020 120423
110466 108466
100621 122598
98491 93213
88311 137693
124899 127211
89886 154589
102553 101999
91913 103015
106687 116563
77320 141559
126605 109297
117707 102385
86717 118597
85785 138630
89608 129898
122599 135709
87980 97758
95888 127990
100320 120075
114354 104784
83437 156793
108407 108879
136845 105788
112797 89987
107255 97490
98008 119417
102812 129554
91541 115170
126453 100879
126235 100456
105496 115335
88493 109417
138746 122145
99461 112067
91129 108464
136541 106823
126556 104077
107487 109767
144036 90664
125517 123842
85930 132264
94908 120316
86378 136437
115101 120332
125973 100385
105872 108983
114666 87978
113138 119430
129402 130608
131935 105932
137166 95596
113844 90263
108844 119836
120819 127505
98216 134036
87987 125670
103851 104964
101665 131660
91250 106100
152509 113076
104902 126332
94898 114718
92570 100955
89387 118997
127909 111772
126338 132885
106165 119565
126935 141385
123369 137226
116003 105933
136864 136982
88633 137673
76730 133488
159900 111055
114533 103464
100971 142992
102233 115328
128112 133506
124750 111951
81651 126218
113136 103714
95553 110490
119510 153058
93986 115226
144790 135364
95979 107907
126456 106347
164499 110954
115481 89105
128053 89753
86653 154550
129017 96309
144795 101323
90872 124174
87035 141297
99882 116268
79331 139086
116754 140820
110682 105619
102918 128804
100687 95943
101316 109708
134051 113932
144576 138693
108678 114449
93148 160020
98722 122891
91592 134445
114227 125193
156533 110869
144234 140596
87054 147423
85239 118820
95005 105951
97413 120312
90652 114337
133022 131229
83975 157318
113811 135626
109703 117193
128829 115749
97708 119939
126034 137942
114997 98623
122875 132637
87792 151492
109698 129022
128190 127678
94220 157087
119533 116975
127128 135227
104641 119925
87922 120832
102862 120279
104796 141778
115175 114495
130699 136456
103851 94200
87713 150372
106953 140291
109436 118921
124800 132281
124847 93154
90232 137338
119932 119345
140744 106014
112319 106886
128913 141641
113869 103718
86638 108641
103070 99028
88803 156298
82454 109996
94862 161151
127450 111625
135309 123694
95189 106533
124299 142402
119824 91940
154596 105495
133314 138019
112507 92924
84442 136219
115135 135727
131811 100073
134907 118004
122869 92239
95972 140580
83015 120265
102433 115630
125153 98675
107875 105736
110608 119201
136212 102139
95990 115739
82430 121790
132896 138899
111101 93997
103928 138520
91734 115565
127889 122883
91015 107283
99576 126711
107064 114262
88102 124552
108624 119982
102308 134545
108966 153716
110097 123690
91828 160902
122531 127948
96134 125683
104510 101963
87536 139561
135084 98217
104845 136754
98854 107640
118551 117972
88086 117094
127750 117591
125186 102670
80627 117163
86308 114771
79919 137041
109338 111317
92149 117077
96978 132667
128027 137259
114477 138089
102085 118560
101600 153903
104070 156247
152327 139880
95697 133797
152792 125507
120648 123178
113120 106560
101015 111206
142862 96746
126424 106755
125484 115074
141642 113438
89479 127625
82732 127135
81085 118659
85386 145960
120854 109567
175035 106846
100811 105934
126200 105995
86937 125931
89236 163395
89514 113786
83825 123328
85532 109240
159154 101394
102607 128837
100430 111817
133937 135798
114069 106812
98180 125301
84856 113391
107665 97568
86961 161189
136609 136359
83857 106790
105693 172504
127415 94041
81025 136402
99625 119957
133330 108749
102344 105851
102015 107780
103278 101760
96491 162757
89172 123754
84284 133223
89417 164426
88583 107031
134313 111014
86041 156017
149035 101707
100602 116558
91031 118757
82254 118319
88709 115018
110928 104464
86940 96143
128734 104538
101182 109942
95828 104052
132548 153130
92409 142547
159755 109898
103596 167625
105766 118809
118715 101583
94770 112238
106914 104108
143358 100600
97949 100478
114103 105579
139042 124176
131510 121301
105423 167785
121818 102295
100875 108751
100592 125664
91925 101758
93649 116319
99041 126476
92602 108823
98643 116306
114907 100197
88750 106948
127589 142630
94362 125281
88867 114084
121914 122837
102776 107779
127249 98806
115257 106938
126203 95092
85979 142062
146334 105997
98248 145533
89843 112734
90108 138972
102403 94325
131683 98091
129179 128877
113557 87670
107885 100998
134131 100094
107598 106303
90780 154588
85811 109340
91339 115424
112529 112994
92431 115315
106130 107103
110259 100897
98457 125370
104137 140236
89755 137640
98043 138959
128989 100920
146845 101304
93802 108865
133190 95417
99964 134029
91424 156207
93708 103467
114455 125908
96071 123799
92719 135283
102665 111162
101586 112912
117919 136095
80501 118097
89500 108061
99648 115794
88976 113016
142087 92226
91389 122404
93999 117649
84259 144341
142900 143005
112468 112525
84941 102993
88929 131066
109267 113820
94041 112067
101679 107874
93386 100596
133970 121326
100847 145442
99613 138945
86739 119964
88697 103299
104196 135082
98497 157272
108273 130680
100769 131702
97028 145341
94906 150079
122065 124972
102792 139352
139014 114088
130611 141369
120574 107317
103035 114898
82308 100883
144207 104095
99393 98187
121201 101695
89929 106958
111723 114977
90145 158141
89224 115300
93253 121018
118382 117958
91542 134285
130219 135129
105595 88717
100909 138485
83602 117856
86251 108230
101156 122707
93950 131526
90648 125029
85703 114677
127582 139092
80339 124596
105597 107599
92913 109192
100980 119404
91433 157505
139109 101835
79154 139214
96360 111623
124782 124615
89720 146161
92658 149753
91803 156933
98631 127632
108576 115173
115621 108499
98265 118566
140637 138958
106514 122447
129962 136863
84294 133781
100245 147605
93482 112488
97564 110103
126259 100846
144720 134932
92287 141175
95414 161766
122594 123987
110557 103221
81043 161361
91689 136540
98419 116692
143451 115036
137875 107067
85446 117758
100962 110363
93894 116892
108200 136452
140600 105849
106965 107577
103704 118371
90886 146224
97956 104678
102519 130365
98359 110212
122391 114446
145572 121459
102866 109971
102392 120844
109115 109007
101959 143306
108587 140041
111891 104406
85250 142760
88729 134208
124716 104509
130097 126807
111781 106604
103438 154317
118444 103698
151138 97693
100162 96073
127665 143124
127077 130020
105876 146795
160034 100353
111883 105579
97074 128431
80474 112314
125580 138994
102235 131652
90544 114520
88345 116909
122854 129517
98633 141511
97150 117194
129976 94126
117443 102119
130589 117678
82074 120641
105084 118675
99040 121162
135033 133755
93756 154292
110521 142086
149396 104444
107407 99779
107770 151407
107314 107620
129182 106218
90381 135618
160140 106323
103330 106510
93553 109272
90687 100253
148138 97729
108104 141353
91336 123587
102774 111744
132194 118711
94097 113426
105053 123967
125887 134374
97162 120438
94269 102901
123671 122780
139116 94825
126288 105690
90561 152046
107913 94284
145682 147580
111676 103870
101852 115147
125780 122673
116748 134643
89754 126184
102783 123802
112454 141198
116187 113433
86729 112010
120392 94231
92599 160179
92936 118278
96052 133770
91368 117436
112995 96707
115917 111476
91715 165371
152748 93552
111293 94655
105117 107169
89529 131114
91331 94464
95478 121899
88583 118072
102688 136595
89959 150721
109555 120098
94826 113390
106161 157991
89154 97711
118603 116099
100380 125227
105249 160147
83601 120027
101452 99913
103969 141696
85343 108071
97699 163872
94961 121005
104280 178420
109140 100919
112826 121326
99487 131600
141388 93839
88140 123380
158865 133763
88867 116749
99849 103656
106339 107210
125675 103482
94224 104936
87148 148557
140740 141209
132675 116536
99496 105754
114081 107257
116827 119818
120286 98409
149123 110401
114604 130905
125859 100740
86571 134027
121461 128219
81597 153076
100081 105105
113678 90803
94942 135179
130560 107839
84778 153072
94324 141891
100980 114934
128339 103948
125635 98955
136521 143260
107965 114734
92530 150959
118559 112735
94880 123403
104142 134411
156543 96853
93123 165860
103597 113532
83503 156397
135167 95228
117959 106253
91131 110447
112204 101735
133807 147988
77175 137455
90867 138282
87773 155278
99266 151424
134838 145897
145499 102361
142655 122476
132853 114269
141435 135772
101753 111541
92099 122458
140041 135905
121024 117056
107678 97441
105820 150694
93993 116531
79772 146992
119388 121453
83845 124654
79614 137127
92750 108846
128112 96117
164406 119231
115350 118086
96973 161785
82917 121496
93518 104970
93637 124506
127372 95737
112771 101745
104273 148889
93898 113255
121067 118444
85477 141368
77008 132219
149000 141440
100471 157522
91058 146970
80449 112030
120774 156017
89042 157528
117127 115511
126831 136218
104060 93226
100994 102804
95319 131578
98959 153863
81837 131994
114636 100184
107012 161529
102979 104118
94000 101150
122812 99174
102634 111140
119800 106502
90082 171811
127776 163954
97080 158827
93444 125703
90186 119077
112424 128750
106235 121518
125251 96992
115079 102451
78322 105104
135977 92588
102757 131944
88445 115902
88924 139764
102823 157816
96914 129629
88085 143030
109114 136047
130379 120047
104517 122110
150215 122394
94794 118113
82197 119770
100111 110076
139556 143736
99564 103913
79615 135587
140914 145385
120784 136780
96373 123745
89618 117545
132082 131574
133279 112072
110197 118483
82509 106926
127136 90734
90137 167971
83601 112157
85387 128868
135578 100859
91600 129643
139343 102561
122252 101200
155217 94296
110857 127427
137930 138129
149674 106633
148097 129479
136535 137004
93613 110283
106926 145386
121201 95764
105876 120367
135555 142072
124629 99193
89709 121495
113663 124521
139939 124733
118880 102900
91250 156587
93511 122795
104598 140752
132551 121694
97577 120901
140665 134792
146991 98456
121137 97743
141863 142688
133173 133836
96270 120828
82273 117997
96057 113836
108712 126139
109675 89012
126206 128972
141162 134135
86839 133987
96409 158372
85147 109383
123174 109939
119650 159547
90718 120334
102264 128556
92851 116279
104548 103777
134902 96617
88581 130015
93115 139654
85390 114796
149446 109282
95477 148742
97647 128126
102489 122078
111574 122647
116191 142980
107596 125500
96515 118967
96888 119098
80077 133674
88001 146844
110156 97833
107137 139369
125563 113124
83994 133762
104234 119877
150482 124079
102146 91851
104801 98554
103054 139701
98913 129768
98854 110537
117862 110866
93364 126616
123908 92299
98749 124689
112295 90120
158349 103638
91717 119298
79755 107041
119301 147587
114841 129993
88189 166339
128506 117259
82854 110157
153984 115390
113191 138984
122697 118906
96139 94609
92415 152797
126590 116142
96007 116185
100198 114387
99127 110917
112162 147357
111891 98668
125998 110875
85000 127678
95085 123188
82666 101804
79608 118149
122256 110106
120462 143116
124163 118356
79321 114909
84949 155110
124012 107803
110387 102151
128521 119008
99541 104384
135502 142744
108884 94978
170413 119415
130446 91100
140238 128533
94720 122897
89429 131834
123666 112051
91868 124649
113797 141139
135754 129279
103826 120254
121683 131592
91526 121920
104897 119672
99317 127046
135534 86497
148097 93491
137477 90317
92735 119120
98137 91663
94342 129128
83584 177201
85034 112936
109350 139897
96920 160491
95239 116452
89948 112575
100513 142046
128502 99316
93670 111731
111072 103737
89597 124185
110785 95216
81619 108246
123827 134196
111907 123737
87559 149869
86020 137392
116090 121753
126444 90162
102211 133263
85450 163019
102710 148506
102294 100195
94673 126602
152135 98548
103910 103141
84691 125567
95822 132273
102995 157796
112204 123423
122973 97642
103662 138355
112240 123553
103204 118274
106207 156013
92093 122182
91016 108084
121514 141782
106844 110841
146507 111930
113220 100403
128096 147000
97872 147013
103853 129331
139362 138447
132325 149940
92836 116038
153761 134203
