4906 961.644
100523 45995
98522 46042
97952 46087
95951 46134
95900 46159
95495 46246
95385 46287
95385 46287
95385 46287
94865 46412
94787 46481
94308 46525
94198 46566
94198 46566
94198 46566
94198 46566
93701 46759
93701 46759
93479 46843
93085 46888
93085 46888
92832 46973
92832 46973
92832 46973
92292 47122
92292 47122
91823 47204
90962 47231
90903 47247
90903 47247
90459 47351
90201 47377
90201 47377
90092 47475
89554 47507
89495 47523
89495 47523
89260 47638
89014 47656
89014 47656
88718 47755
88468 47785
88308 47802
88308 47802
88199 47900
88024 47929
88024 47929
88024 47929
87395 48073
87263 48075
87263 48075
87263 48075
86938 48207
86837 48208
86837 48208
86837 48208
86580 48360
85613 48413
85613 48413
85380 48416
85380 48416
85380 48416
85380 48416
84708 48569
84475 48572
84475 48572
84475 48572
84193 48695
84193 48695
84193 48695
84050 48812
83521 48848
83389 48850
83288 48851
83288 48851
83288 48851
83129 49007
83129 49007
83096 49088
82863 49091
82863 49091
82863 49091
82863 49091
82704 49247
82704 49247
82504 49312
82504 49312
82453 49396
82453 49396
82345 49468
82345 49468
82079 49552
82079 49552
81596 49613
81464 49615
81464 49615
81464 49615
81464 49615
81281 49756
81281 49756
81281 49756
81039 49855
81039 49855
81039 49855
81039 49855
80856 49996
80856 49996
80856 49996
80648 50138
80648 50138
80648 50138
80425 50243
80425 50243
80425 50243
80425 50243
80425 50243
80425 50243
80425 50243
80425 50243
80425 50243
80326 50602
80225 50603
80225 50603
80225 50603
79793 50721
79793 50721
79793 50721
79430 50791
79329 50792
79329 50792
79329 50792
79082 50902
78897 50910
78897 50910
78786 50979
78657 51005
78629 51010
78050 51063
78050 51063
77949 51064
77949 51064
77410 51132
77410 51132
77410 51132
77410 51132
77410 51132
77406 51251
76505 51288
76505 51288
76505 51288
76505 51288
76505 51288
76505 51288
76505 51288
76501 51407
76501 51407
76501 51407
76501 51407
76235 51593
75963 51595
75963 51595
75833 51626
75833 51626
75760 51650
75760 51650
75493 51719
75493 51719
75091 51752
75091 51752
75091 51752
74999 51796
74999 51796
74999 51796
74946 51920
74796 51930
74796 51930
74679 51989
74277 52022
74277 52022
74277 52022
74054 52056
74054 52056
74054 52056
73876 52137
73876 52137
73876 52137
73876 52137
73876 52137
73876 52137
73760 52306
73512 52329
73512 52329
73289 52363
73289 52363
73289 52363
73178 52432
73111 52444
73111 52444
73068 52506
73068 52506
72957 52575
72890 52587
71393 52632
71393 52632
71393 52632
71393 52632
71393 52632
71393 52632
71393 52632
71393 52632
71393 52632
71393 52632
71393 52632
71393 52632
71393 52632
71393 52632
71127 52778
71127 52778
70549 52813
70549 52813
70549 52813
70549 52813
70549 52813
70549 52813
70549 52813
70549 52813
70258 52973
70258 52973
70258 52973
69855 52987
69855 52987
69855 52987
69541 52990
69541 52990
69541 52990
69541 52990
69541 52990
69541 52990
69541 52990
69541 52990
69541 52990
69541 52990
69285 53278
69285 53278
68776 53297
68776 53297
68776 53297
68776 53297
68776 53297
68776 53297
68553 53331
68522 53412
68553 53331
68522 53412
68146 53443
68146 53443
68146 53443
68146 53443
68146 53443
67923 53477
67923 53477
67923 53477
67923 53477
67923 53477
67923 53477
67923 53477
67923 53477
67890 53731
67381 53750
67381 53750
67381 53750
67381 53750
67381 53750
67158 53784
67158 53784
67158 53784
67158 53784
67158 53784
67158 53784
66937 53927
66937 53927
66937 53927
66937 53927
66937 53927
66937 53927
66839 54057
66839 54057
66839 54057
66839 54057
66313 54186
66313 54186
66313 54186
66313 54186
66313 54186
66313 54186
66313 54186
66172 54234
66172 54234
66172 54234
66172 54234
66172 54234
66172 54234
66062 54432
66062 54432
66062 54432
66006 54510
65916 54522
65840 54525
65630 54541
65630 54541
65630 54541
65630 54541
65630 54541
65630 54541
65630 54541
65630 54541
65520 54739
65520 54739
65205 54781
65205 54781
65205 54781
65205 54781
65205 54781
65205 54781
65205 54781
65205 54781
65205 54781
65095 54979
65095 54979
65095 54979
65095 54979
64919 55123
64919 55123
64919 55123
64919 55123
64919 55123
64919 55123
64919 55123
64919 55123
64919 55123
64919 55123
64919 55123
64919 55123
64919 55123
64919 55123
64776 55592
64776 55592
64754 55594
64648 55645
64648 55645
64648 55645
64591 55696
64591 55696
64591 55696
64471 55800
64471 55800
64347 55842
64347 55842
64347 55842
64347 55842
64347 55842
64347 55842
64347 55842
64347 55842
64347 55842
64185 56142
64185 56142
64185 56142
64061 56184
64061 56184
64061 56184
64061 56184
64061 56184
64061 56184
64061 56184
64061 56184
64061 56184
64061 56184
64061 56184
64020 56613
63813 56642
63813 56642
63813 56642
63813 56642
63689 56684
63689 56684
63689 56684
63689 56684
63689 56684
63689 56684
63689 56684
63689 56684
63689 56684
63689 56684
63689 56684
63648 57113
63648 57113
63524 57155
63524 57155
63524 57155
63485 57215
63361 57257
63361 57257
63361 57257
63361 57257
63361 57257
63361 57257
63361 57257
63361 57257
63361 57257
63246 57592
63246 57592
63246 57592
63246 57592
63246 57592
63246 57592
63136 57790
63136 57790
63136 57790
63136 57790
63136 57790
63136 57790
63136 57790
63081 58063
63081 58063
63081 58063
62918 58165
62918 58165
62918 58165
62918 58165
62918 58165
62918 58165
62808 58363
62808 58363
62808 58363
62808 58363
62808 58363
62808 58363
62808 58363
62808 58363
62808 58363
62767 58719
62767 58719
62767 58719
62767 58719
62767 58719
62718 58968
62718 58968
62718 58968
62447 59053
62447 59053
62447 59053
62447 59053
62346 59055
62346 59055
62346 59055
62346 59055
62346 59055
62346 59055
62346 59055
62346 59055
62305 59411
62305 59411
62305 59411
62295 59546
61974 59575
61974 59575
61974 59575
61974 59575
61974 59575
61974 59575
61974 59575
61974 59575
61974 59575
61974 59575
61974 59575
61933 59931
61933 59931
61933 59931
61933 59931
61821 60098
61821 60098
61821 60098
61709 60149
61709 60149
61709 60149
61512 60238
61512 60238
61512 60238
61512 60238
61512 60238
61476 60316
61476 60316
61476 60316
61167 60456
61167 60456
61167 60456
61167 60456
61167 60456
61167 60456
61167 60456
61056 60565
61056 60565
61056 60565
61056 60565
60999 60685
60999 60685
60866 60723
60866 60723
60866 60723
60866 60723
60812 60822
60755 60832
60755 60832
60755 60832
60698 60952
60698 60952
60698 60952
60698 60952
60621 61147
60621 61147
60596 61192
60596 61192
60564 61267
60476 61305
60476 61305
60476 61305
60355 61373
60355 61373
60355 61373
60071 61468
60071 61468
60071 61468
60071 61468
60071 61468
60071 61468
60046 61513
60046 61513
60014 61588
59989 61633
59989 61633
59989 61633
59960 61784
59880 61793
59880 61793
59855 61838
59855 61838
59823 61913
59798 61958
59798 61958
59798 61958
59705 62098
59705 62098
59680 62143
59639 62181
59639 62181
59470 62238
59470 62238
59470 62238
59470 62238
59330 62321
59330 62321
59330 62321
59330 62321
59330 62321
59273 62441
59273 62441
59273 62441
59162 62550
59162 62550
59162 62550
59162 62550
59081 62738
59081 62738
59081 62738
59056 62783
59024 62858
58999 62903
58999 62903
58964 62951
58964 62951
58853 63060
58853 63060
58853 63060
58853 63060
58853 63060
58822 63254
58648 63316
58648 63316
58648 63316
58648 63316
58648 63316
58537 63425
58537 63425
58537 63425
58537 63425
58397 63508
58397 63508
58397 63508
58397 63508
58340 63628
58340 63628
58308 63647
58308 63647
58251 63767
58251 63767
58251 63767
58251 63767
58119 63984
58119 63984
58119 63984
58119 63984
57979 64067
57979 64067
57979 64067
57979 64067
57868 64176
57868 64176
57868 64176
57868 64176
57868 64176
57848 64347
57848 64347
57779 64478
57779 64478
57779 64478
57670 64577
57670 64577
57668 64587
57559 64686
57559 64686
57559 64686
57559 64686
57559 64686
57539 64857
57539 64857
57539 64857
57539 64857
57468 65208
57468 65208
57468 65208
57328 65291
57328 65291
57328 65291
57328 65291
57219 65390
57219 65390
57217 65400
57217 65400
57108 65499
57108 65499
57108 65499
57108 65499
57088 65670
57088 65670
57088 65670
57088 65670
57088 65670
57088 65670
57088 65670
57088 65670
57084 66318
57084 66318
57064 66489
57035 66567
57035 66567
56995 66726
56995 66726
56951 66796
56884 66835
56884 66835
56766 66900
56766 66900
56766 66900
56766 66900
56766 66900
56766 66900
56669 67153
56669 67153
56638 67154
56638 67154
56618 67325
56566 67362
56566 67362
56566 67362
56546 67533
56546 67533
56544 67726
56544 67726
56524 67897
56524 67897
56524 67897
56524 67897
56524 67897
56476 68355
56451 68400
56451 68400
56431 68571
56379 68608
56379 68608
56379 68608
56359 68779
56359 68779
56359 68779
56359 68779
56359 68779
56323 69275
56323 69275
56303 69446
56303 69446
56303 69446
56303 69446
56303 69446
56224 69948
56224 69948
56180 69953
56112 69979
56112 69979
56012 70059
56012 70059
55915 70088
55915 70088
55900 70090
55803 70119
55803 70119
55803 70119
55746 70239
55746 70239
55746 70239
55746 70239
55746 70239
55709 70691
55709 70691
55652 70811
55652 70811
55652 70811
55459 71073
55459 71073
55459 71073
55459 71073
55362 71102
55362 71102
55362 71102
55150 71213
55150 71213
55150 71213
55150 71213
55150 71213
55053 71242
55053 71242
55053 71242
54996 71362
54996 71362
54996 71362
54996 71362
54996 71362
54799 71841
54799 71841
54799 71841
54799 71841
54784 71843
54687 71872
54687 71872
54687 71872
54687 71872
54687 71872
54687 71872
54593 72444
54593 72444
54593 72444
54593 72444
54593 72444
54593 72444
54571 72980
54509 73097
54509 73097
54509 73097
54509 73097
54417 73504
54417 73504
54417 73504
54341 73765
54341 73765
54341 73765
54303 73910
54206 73939
54206 73939
54206 73939
54095 74048
54095 74048
54095 74048
54038 74168
54016 74169
53959 74289
53959 74289
53959 74289
53937 74540
53840 74569
53840 74569
53840 74569
53729 74678
53729 74678
53729 74678
53650 74799
53650 74799
53513 74860
53513 74860
53513 74860
53488 74905
53488 74905
53247 75095
53247 75095
53247 75095
53247 75095
53247 75095
53222 75140
53190 75215
53165 75260
53165 75260
53093 75468
53093 75468
53093 75468
52881 75725
52881 75725
52881 75725
52881 75725
52881 75725
52856 75770
52784 75978
52784 75978
52784 75978
52723 76247
52723 76247
52723 76247
52690 76550
52690 76550
52629 76819
52629 76819
52576 77027
52576 77027
52564 77133
52515 77296
52515 77296
52482 77599
52482 77599
52421 77868
52421 77868
52417 77913
52356 78182
52356 78182
52356 78182
52323 78485
52262 78754
52262 78754
52262 78754
52262 78754
52262 78754
52262 78754
52184 80028
52184 80028
52184 80028
52184 80028
52154 80501
52090 80600
52090 80600
52090 80600
52081 81198
52017 81297
52017 81297
51987 81770
51987 81770
51987 81770
51899 82261
51899 82261
51871 82467
51807 82566
51807 82566
51805 82833
51772 83062
51713 83138
51713 83138
51663 83516
51599 83615
51599 83615
51599 83615
51564 84111
51505 84187
51505 84187
51505 84187
51461 84840
51461 84840
51395 85417
51395 85417
51318 85722
51318 85722
51259 85798
51195 85897
51195 85897
51195 85897
51160 86393
51101 86469
51101 86469
51101 86469
51055 87522
51055 87522
51039 87751
50995 88404
50951 88660
50951 88660
50935 88889
50857 89232
50857 89232
50841 89461
50797 90114
50797 90114
50760 90553
50711 90698
50711 90698
50671 91662
50607 91761
50607 91761
50607 91761
50607 91761
50559 93302
50559 93302
50436 94105
50436 94105
50388 94326
50275 94586
50275 94586
50187 94614
50187 94614
50145 94703
50074 94874
50032 94963
49944 94991
49944 94991
49831 95251
49831 95251
49831 95251
49751 95665
49663 95693
49663 95693
49550 95953
49550 95953
49483 96353
49483 96353
49415 96685
49335 96792
49335 96792
49281 96977
49202 97055
49202 97055
49067 97787
49067 97787
48987 97894
48987 97894
48933 98079
48891 98361
48852 98626
48773 99132
48700 99370
48700 99370
48638 99864
48638 99864
48553 100690
48553 100690
48450 102080
48450 102080
48450 102080
48264 104203
48264 104203
48264 104203
48133 104569
48133 104569
48045 105004
48045 105004
47926 105694
47926 105694
47821 106027
47821 106027
47771 106557
47702 106717
47647 106770
47597 107300
47528 107460
47440 107895
47377 108814
47377 108814
47268 112523
47121 112542
47121 112542
47121 112542
46959 112922
46959 112922
46896 113841
46808 114276
46661 115881
46689 114966
46661 115881
