9646 2765.54
141259 101451
128377 120127
132829 134303
117376 154458
95646 96931
118456 113305
108302 108501
109237 100255
132390 93327
115177 133145
111343 103759
126321 139779
132614 124418
102509 101224
100097 123104
100294 106083
94071 95361
107561 101822
137436 105632
122828 87357
155465 103527
122098 123958
107396 114313
102801 99699
122305 94845
158727 141987
125138 110767
134611 97092
146731 136849
113885 99834
132123 94317
135628 92790
107962 91825
94001 113891
84018 99601
81416 98281
112080 106945
95127 105076
90655 102517
145673 123048
102054 93750
107245 139432
85849 120773
115503 91292
121247 97818
104264 113462
116365 110785
110598 120924
142631 134775
86533 101938
109896 101175
92434 105558
148248 134994
103529 125199
101168 115219
76484 126935
142294 121490
118288 95198
116503 88278
111554 97137
110616 88255
140653 124715
121323 89767
121642 121055
161159 112903
95451 139317
104681 131894
111925 85996
127184 102173
112474 78482
126741 103505
122803 89521
110925 88221
79519 113008
132184 150358
102754 106959
108422 115585
133572 102474
109440 89044
113110 126167
141674 105915
76982 101782
108234 151983
108756 135010
102823 105750
133381 141030
110761 128920
107679 142618
109251 101000
123191 107195
115893 105163
122291 143996
108250 99883
81215 99908
120890 93283
117505 89522
100978 92586
114935 105785
104894 131205
126780 92169
84678 131449
98684 119829
126066 117381
75249 119231
83832 148641
105587 133612
112323 91404
110777 89082
87405 148053
128396 102284
123109 90910
149284 105859
107622 148031
97428 125305
98328 120578
141859 147632
116469 110579
141533 120802
145719 142383
127547 125975
104063 110216
121268 105113
106786 114562
109466 136502
128653 109677
104364 118914
127972 91811
157829 171716
98183 101687
142765 99664
106357 98629
99829 80487
93781 104568
136588 88737
88350 129587
123719 121248
103071 133221
101363 107827
87430 117046
148995 139344
83228 88741
122366 153156
110692 98907
101421 138053
106048 90002
117048 123886
100323 138467
117524 105974
131519 94158
121621 109543
126287 79790
84889 139837
102786 100653
141587 115977
98255 90859
106944 101548
115889 100780
112132 109948
123366 102018
91482 101369
110191 102560
122905 112311
97074 162234
116786 109901
108327 98088
126533 127476
86501 119692
155899 157495
105960 101862
104326 103683
113084 85643
110237 123264
112601 100128
103430 125598
118141 95818
136765 127002
86863 108055
119151 121966
150414 100901
86053 116987
136691 121571
142419 102550
82440 152915
135318 107177
129381 122015
98075 121013
105581 86990
85671 105136
96365 128932
108150 99729
115761 157327
101881 134690
132928 119474
119417 87631
116630 100572
103085 123596
92437 126263
118063 104761
86862 123811
112362 114864
103511 94858
138046 108246
126667 102329
99788 132022
126569 103843
83252 122139
104285 101854
106720 124314
100258 99609
90798 151252
120798 162866
113952 83248
123071 161485
127653 83189
118388 97796
119734 102348
119470 97273
123191 111703
144938 115042
138575 143754
109431 101296
142057 131606
103096 176586
77817 128874
118624 90862
121599 98507
92759 136310
121587 103308
113878 101003
138429 128083
98519 102730
153414 133645
105609 110705
95660 89671
106484 137737
144394 102323
111309 102528
106627 130886
124762 109237
114555 87580
117751 100014
112501 99631
116582 106316
108218 89803
110366 104141
155668 138142
106428 95162
123633 107133
106119 115272
118168 108156
130741 137957
116388 112895
120468 92859
126617 141464
106831 115160
85514 100849
96380 112986
109326 105326
109964 124963
97625 119375
110730 96407
132554 98913
142379 97653
107679 119991
102727 108509
98117 115690
102654 124734
96987 136384
77558 122463
126863 86356
135917 120623
115159 113091
134952 101123
92450 89319
92749 127015
151914 129743
131511 91623
123795 116550
120305 84833
128188 101686
125343 136998
101953 96666
128195 97400
109380 133376
103303 103603
112596 153876
85458 149629
84850 123243
103260 127628
138739 128559
119114 108569
122040 110261
128930 110534
100396 93993
95821 96897
97166 133326
102733 100440
134370 115727
154561 134583
115044 104368
126829 105436
136511 94758
118327 149972
98798 139551
90117 135659
106317 126709
103651 97247
106001 123324
101817 137874
137565 139987
99581 105598
119094 82276
140715 99638
142004 125186
95863 120119
128633 102189
101718 127211
135650 95498
123766 85989
119349 103437
82676 116340
93326 125307
113398 125425
121433 110697
118377 135513
139719 128889
144868 169103
140190 119704
92702 118445
99733 119260
139390 136536
90003 95952
133883 115505
118269 110588
151353 133166
113010 101265
92140 123903
108175 94072
152362 130236
109275 98522
113677 99486
100923 103764
137554 143093
105622 102423
111766 99665
104741 114022
85909 140883
126910 111115
116593 101676
97437 110383
129162 100786
145873 138747
115581 129417
105347 120645
158675 172743
86840 121863
119694 112371
134200 95085
114078 110902
115596 112008
149070 89299
124054 98508
111534 99307
137706 104380
114097 108407
144916 181997
128395 100664
99922 158842
131146 110364
108508 150068
135832 119382
118515 83848
102614 115063
115676 118927
136667 126974
106351 106873
127620 91680
132561 123052
142308 99169
105082 106412
126590 119263
165050 156529
93024 91492
118577 117482
117397 91248
95748 86553
130416 100567
126298 124893
145167 123045
103433 110624
136241 124884
121702 121066
101629 131439
111227 115922
110250 128841
143996 139348
89708 97453
91079 100979
126943 105819
105521 93768
91524 94030
91978 121170
104197 110317
138056 95427
125713 97624
101419 128622
106295 112010
121121 93338
138180 86281
140962 112049
104407 94988
120053 100130
146514 159102
101712 144996
111029 107145
128061 95700
95050 97399
120963 115603
99208 163868
103327 100881
97730 95929
105691 112643
148144 140788
84039 119992
149512 116750
148938 116252
140379 102009
94541 114490
91437 129291
93483 119667
97703 97345
91669 113376
113371 96190
83507 104278
132471 98032
106700 148280
143904 133838
105295 124695
83979 113114
98448 108617
131059 125171
106159 129278
99043 135991
133236 122369
98847 153324
143676 108016
140964 134414
112742 120008
103010 94036
97085 141431
95165 118596
99211 129507
141681 115416
102465 101104
116667 93045
113327 131256
118876 102142
137585 131127
91593 106454
81928 109424
118629 91442
149496 86676
97822 116921
130691 128607
114920 106372
114918 94475
131539 90631
137175 104167
109652 123834
88086 117222
88612 119339
111715 106862
89592 96713
102342 109232
119007 104910
132590 132745
111722 96758
101274 137000
126932 142286
127951 112495
97152 133753
150726 132343
106391 92720
110100 95016
102728 130539
118304 104672
113376 92779
92337 127592
111109 99465
155033 102553
105487 115893
89699 106209
100526 132916
130581 101860
140706 135729
118613 101007
116047 101073
134348 112887
107895 101783
96839 125604
144663 92987
101884 173776
74514 110092
105985 145002
103951 127171
113723 100878
92183 105307
104055 158940
125131 167150
106503 128015
84170 115764
108638 101633
118134 125109
111564 74823
97976 101175
128040 92665
117322 105403
95232 104195
84580 127613
112659 148405
93270 140272
115316 89894
140720 133138
116900 89915
119998 80073
107065 125083
144225 133703
93893 148387
93861 113418
109756 122366
148227 124813
135866 90384
128670 123154
100333 109726
106429 112362
107287 110568
122541 89969
91024 93311
102658 87504
136642 97970
126990 109874
135590 104054
86650 139861
97914 92626
93623 110734
99202 116645
86711 116923
149323 123250
138919 115197
111179 91806
102350 123002
112170 104465
115616 96366
104389 114730
81219 124695
113886 94496
85228 121041
110899 105986
99819 100728
142246 92052
104307 154143
97784 100396
99676 127030
147007 113468
109881 93398
103973 94083
93645 140856
95995 97791
130974 100907
144811 89900
135584 91341
128734 102297
121883 98822
85967 141444
109877 93969
96725 157892
98238 107693
153166 150094
122763 117792
140375 147510
109330 90492
114115 131916
148186 107888
114720 86753
110540 95337
113261 101295
127608 103752
84352 121172
99684 148458
87889 125773
125656 93080
107512 108287
113699 121405
109850 83495
87969 131469
103482 120804
119681 107395
103763 128681
116888 77287
101574 141305
117025 91052
128782 99497
111207 146332
117373 103749
139602 98626
140000 141233
129299 123554
103539 94770
89051 125540
107303 103544
134509 125651
112254 106360
124063 131701
131063 142288
99875 115618
111057 126303
107852 93447
98482 101870
85467 104024
141084 107968
128295 137003
103087 103085
87437 118238
102046 97306
143524 90273
130882 111976
98674 84339
116355 92116
127638 87387
110301 129231
116649 100748
91616 111091
126423 98444
135838 101438
116887 97874
147912 136025
111636 95748
133794 99214
108682 132522
114120 132960
125829 103336
89781 109928
94401 128165
91914 114148
107929 150296
94650 151715
118879 147407
125483 104300
98087 121735
100633 135405
142607 101493
99519 116844
125117 121945
95618 87736
149785 125908
100490 161418
123316 97416
136385 105565
126374 114739
96756 141341
88846 122751
107613 161367
89450 126081
114746 96989
140862 95344
84365 106697
120880 95815
110938 95807
109045 100707
129099 108528
149140 112287
98060 150766
82459 112633
124061 92630
108084 96898
90214 153844
110741 117277
100247 93600
135459 114488
101625 120564
101118 100311
100040 132431
108266 104630
136510 113252
129870 119912
114925 144865
127561 100347
119221 104628
124522 87329
118361 87766
88647 129572
133435 94530
133957 98906
87438 104994
109022 102709
153699 141274
127273 97731
140232 87708
150468 110290
119690 79208
150445 138351
94480 100726
115130 125155
143934 134369
129509 100437
114583 97705
94482 101398
113263 106095
107591 104989
108976 120554
152423 129035
121299 111774
104413 133641
106514 112731
83456 104870
117995 111610
119468 105976
133308 97738
140018 111997
89495 111855
116232 97116
108015 100048
129462 109930
119536 92745
87531 117557
88915 95876
112299 110632
91800 99157
108278 95327
104568 123199
151615 151340
103839 107333
144676 141747
112706 108315
98642 89409
104072 130960
121429 102834
117299 88419
120406 96146
133877 115077
107852 142841
111955 107663
97118 133342
120628 87722
132023 113299
112267 98068
126439 149687
119883 91865
131266 135359
127128 102894
98667 107590
143903 121655
115414 111769
96592 159094
86711 113153
95924 132845
103560 133754
123065 152677
108321 116411
124579 100562
122045 139368
86734 98123
98141 98874
110893 92297
90681 124161
89899 148771
122870 108174
111740 87826
92164 118193
110325 114948
132190 122297
146141 122233
108526 99685
120118 126848
123282 93266
115752 91850
100226 102629
130003 126386
132914 97137
132480 124818
87482 129461
104410 133636
139646 85354
139566 99183
130731 100022
115036 92366
137246 137146
117587 95877
100415 152809
110866 145275
132209 106635
106188 95182
149333 150508
109258 118588
92031 116886
118209 116128
87057 136123
108566 132834
86758 138928
120445 99650
87204 95612
104405 140998
144273 132140
103515 79953
96456 139599
94683 113539
122975 100810
104136 121953
135508 117987
101236 115626
138939 135869
113090 104908
129832 90920
131306 106736
116926 113108
95794 120827
138278 124968
137339 104441
124904 105680
112596 122753
134015 123755
139427 106204
133889 85666
109972 91296
97976 107273
94564 97773
94925 90422
107834 114442
117025 90920
140631 105020
113593 155248
138486 128673
157770 101936
128916 93004
112260 92275
109954 145454
117413 150532
110029 86834
126981 110115
124663 86604
124584 104726
115028 96708
89710 111124
146246 130939
103339 108363
113833 131483
103659 116658
90674 119043
123690 104724
111215 90860
124054 90095
116853 118835
118944 115762
125707 145855
106460 134058
150290 99223
137782 124545
101173 146800
141242 124568
98672 106010
105367 95088
93384 102841
84152 139024
99901 105133
119457 86515
105581 126609
96368 142609
117226 115296
110174 97964
106206 92265
100004 101013
158775 179583
126800 125391
139980 108761
114390 102089
119205 153297
113905 122879
117128 108192
146224 112039
148149 113547
151951 139693
73980 129900
136562 101659
116232 92064
114330 141785
124257 105282
114493 91554
118506 142854
95201 156002
101871 98799
148819 143717
127911 98780
122988 120414
147196 113049
144963 102380
124238 146530
111338 122971
142696 113816
108022 122373
96505 124508
118566 100012
115035 116700
94606 111664
88008 103004
144050 106015
132329 93972
125791 116443
117243 100192
102045 122644
148216 127019
117809 96783
110554 109783
121258 94211
114773 111087
126818 137532
102387 86998
128891 102483
99422 91360
99910 122583
94580 90395
119428 127007
88389 123118
107603 93097
123105 98750
99915 136917
111108 152463
110311 159583
118899 114653
130045 108119
134547 120291
119583 99285
105543 109755
101510 110130
94075 98303
89988 99147
85247 104565
92633 122167
92525 145747
104435 106944
152755 113820
82806 103071
98930 104302
110675 84086
145915 142412
137729 101477
86046 129629
119396 101665
92339 142657
110085 130170
130900 94103
120909 88351
119993 106833
146558 124589
135483 94706
143445 138073
102748 132990
87793 137973
114976 99827
103009 110142
122229 102517
96225 160077
125533 92481
106463 89090
105208 136300
93393 119999
106116 107781
116384 94212
134597 132512
141301 118774
102828 109080
126983 115805
153005 141459
139471 126633
125539 119651
91789 105689
120542 92677
130604 135648
126888 139608
98044 138478
131317 113288
102984 90149
128683 97827
143333 94538
143136 156375
136499 116082
135610 161290
104319 98293
89340 119633
105546 154046
79963 110000
92896 130574
137019 126031
137281 105089
113956 102144
103637 159356
98826 120185
112484 83376
115744 96386
136125 144464
96067 135990
