9128 2586.1
112359 103640
75580 129977
130033 122420
103181 143409
118746 112493
89773 122484
96061 130832
81131 123389
119265 122153
123883 127919
108354 123855
89644 124084
98094 123791
97500 109217
78582 139625
99236 131229
95502 151031
67824 125071
96166 144656
111603 124547
94838 173171
112273 108744
86151 125233
81742 133644
89876 99562
74956 137998
90032 117437
101319 120580
94293 175380
93451 139312
89506 106416
80531 114083
89138 111857
94289 128156
87551 158502
77702 136607
110600 169402
76459 119756
133127 128306
86355 119497
126565 127112
120009 102948
86944 141716
95319 107090
122308 108775
102321 121783
91790 128624
97030 152696
84691 110280
108945 122780
90322 125910
77676 121720
96424 159624
96359 118741
110511 126225
131175 140652
80530 129272
90798 140681
110273 110139
80194 113839
117773 127049
104070 123247
134248 105912
88134 107663
83811 136460
80829 107251
105785 133934
125243 158497
87900 121145
94395 146689
84036 142917
80051 106965
92998 145780
81129 135545
86864 122588
83390 118647
131087 120141
91410 134693
121724 159931
81636 110240
135898 107540
114483 100526
112856 141454
120180 123529
79680 132560
101299 123318
122268 91067
129261 99622
96705 151794
91721 123882
92384 127854
98338 111938
121065 124095
81718 136802
80308 131242
118786 105470
87450 123195
140521 127780
111111 115147
128497 115147
141680 125120
83047 137115
91664 145327
126068 95642
123944 127219
100399 160290
84275 147865
88969 129164
124254 120682
80749 128282
104083 115228
86118 117779
87242 117641
102349 122925
84138 149792
84300 142052
116954 141550
123393 101134
79655 126269
82675 107866
98160 113719
143135 133763
99832 158873
85680 109076
102203 132731
83739 141718
89702 121200
86575 125931
84909 139032
103751 154808
111372 131245
79615 129006
92501 125213
85194 125789
116387 103390
106666 111474
124805 129255
114568 114029
131227 118196
87267 161273
100341 117704
123342 124927
117269 101299
91812 140574
87121 146726
141628 138897
136114 138034
95780 134270
107820 138845
109066 137477
99267 146232
77937 124803
118950 138410
87273 112821
88307 125979
94165 120591
89131 130651
128170 101188
86229 113069
96893 162514
77395 153445
99504 95173
96833 127608
113364 125677
85660 122109
90317 119731
86793 152460
94207 160331
99189 94015
74025 112239
108282 133257
83588 122213
84191 129092
145177 128534
80501 144371
83230 106849
98483 105508
87339 137818
105774 127952
89513 124620
81648 122015
115293 133915
89865 131009
102873 138286
95589 124847
126927 111106
85830 125570
122200 97684
87983 118383
109223 156041
88385 140732
110512 120807
88224 139081
92109 115947
89668 147482
86906 103006
83643 129057
84245 121551
93460 131461
95423 110333
91164 129117
98475 137535
129824 116818
76211 121765
96474 100665
131701 93601
78065 139050
81768 119262
90601 126513
86867 129598
88278 126617
71394 136109
124531 110282
104724 112236
87976 131266
81269 116331
118053 109407
108832 97658
107399 126930
84859 118641
120703 134874
83427 128801
117248 152853
111996 103158
109945 129974
89812 157025
103944 129337
99123 125076
78705 136039
82585 135866
80929 119688
87995 123122
113239 139184
101519 137881
103839 111978
95983 128678
79658 115041
86691 112220
82311 117818
83504 134669
82738 122227
94517 137649
111820 112608
128153 107279
92936 103313
86122 111691
69590 132370
118552 115612
103697 159764
90158 150041
130950 111463
104868 109082
96727 120573
143490 131602
109978 104021
79529 125159
100630 148718
82562 113657
126323 122905
91131 106508
100128 116357
86445 133245
88917 144281
90783 159652
98328 117403
109650 133539
130997 107937
95953 133739
92350 114253
88077 140616
103192 128859
81583 117454
106584 119769
88104 140110
96703 131500
84008 138711
85987 130789
101839 99283
127690 139608
113266 154247
76052 138376
98050 141867
93635 131795
120487 126346
123852 126142
93748 139706
103571 118116
124183 103188
109768 132236
111230 107813
82871 135815
86832 165400
92083 147631
86573 141678
82119 125383
79042 109896
102975 129914
116183 146147
100488 115749
71876 102382
90991 104077
80878 107313
88767 114590
92911 122704
88247 115784
105529 137449
99563 114382
125425 112744
96119 102527
99004 136429
83491 120059
125728 122644
89073 117840
77336 119004
88142 133136
80688 114578
83801 113064
94529 153900
80012 139290
82771 131503
94173 153473
104004 117157
82282 131128
94001 137023
88771 105085
108907 97015
89108 132448
108432 103093
125749 113956
109984 134202
92842 117748
89143 128924
115257 99280
87556 138982
80449 120248
91779 125459
93193 123787
120959 99401
89770 114166
111747 152312
91697 116762
105100 129217
95097 133097
102209 142347
79320 125181
86960 126306
98703 135251
93854 129464
103687 135416
96140 117528
142141 125655
92143 162302
138753 114640
81025 141359
99460 134808
94963 119445
131348 91790
136369 97057
95346 157753
79629 112377
106524 138764
86839 139156
122092 118806
94881 161450
123563 122849
93017 120779
103855 112685
121062 111753
123670 121115
104814 95159
124885 102715
84605 133817
78447 131984
102143 101682
98703 132089
99725 120492
117546 99889
87268 130912
92729 121138
117929 119452
97804 125782
90913 164640
97025 116359
97395 129925
105179 134023
92176 135970
95545 114203
88469 121777
77413 121763
77662 135478
123642 122660
116069 126893
145016 131372
103896 133264
95820 146289
95207 139178
95519 121610
100643 111450
86115 136639
76126 126583
121219 123850
87435 115341
127485 122043
91967 132956
99328 142073
97912 116467
106558 122489
78797 114278
129051 114986
96189 127414
106133 130070
95921 132493
74994 126777
121082 116465
106192 114571
116744 131713
95897 171159
100406 140342
124264 115869
82271 166510
79679 123976
127670 93288
80929 121382
135832 99793
145298 141439
136001 112491
116706 119648
110013 150634
82106 148742
143693 126842
88554 119310
108462 147066
79137 148080
118986 108583
144882 137470
91485 113103
100750 162577
97624 157501
102919 138141
115886 125666
121694 109407
130245 138527
125930 131052
109026 134874
85498 135135
93855 152470
100973 154768
123533 118077
107743 142273
92280 120797
92663 169774
81127 113449
125512 96758
94963 119882
98776 112083
103264 134246
123079 110466
77569 120080
86332 125567
103546 110380
126231 134113
89439 123677
81229 124060
91342 120733
129524 137667
108986 102960
132061 136834
104370 147155
113806 130734
95602 108603
92272 148861
99076 130360
90640 126856
87335 109260
89498 118062
76643 119074
94955 119295
127582 124063
116710 129324
112040 130029
87299 135609
90473 158669
102111 138319
122403 137692
120855 142004
92765 106061
101913 142973
92428 113188
107927 120895
87107 179082
92784 128307
142592 126734
102159 121235
98689 123449
93266 119457
89168 127090
126808 132939
130937 128053
121559 93176
77442 102918
95202 140054
133012 141032
97616 94384
105353 141671
109596 103711
106909 116475
143413 116258
118624 108012
119028 114257
104342 126023
112441 119752
79029 146622
79629 117516
87988 155838
92126 159009
117985 143210
127981 116413
80391 111383
125589 117305
90417 125806
104279 120496
122908 99240
133038 131941
113228 126880
131888 121632
81024 133492
138927 132914
111298 105143
94281 150321
133107 144367
100160 131441
92627 122341
99738 93855
85276 117619
141016 133518
81449 108399
85312 117991
88753 169271
99879 153909
70181 112750
96319 172900
102405 134451
94669 141090
108068 110088
85156 117201
85878 134598
87519 121374
102745 151656
104777 118179
83678 136236
101151 122139
136180 118110
80051 123309
114096 109621
120379 126646
97098 115972
106430 149300
115119 160659
112689 125794
90345 131645
79506 106306
109187 114127
91697 122800
89336 137507
92728 137535
101801 120523
109843 125646
141583 91167
102127 158138
94179 127194
116251 111738
97217 112454
141265 129488
80455 109467
90405 127058
112463 122189
118854 102928
135623 134405
86013 108616
136626 102869
112252 135941
91650 110513
71808 116004
97969 127820
98390 117711
99751 136037
78440 124107
108226 91460
84773 107657
144109 122893
132822 112327
87533 108991
97062 153228
84070 128864
107472 109949
114626 133917
85749 131668
79459 111168
79755 136913
119355 129520
140663 120555
109930 112714
83004 127901
91430 138242
93694 119832
115286 113918
76247 130148
139731 108121
86946 152553
81506 128837
81737 125760
132622 127732
119232 100431
89452 129646
83211 113679
126080 144699
107927 124278
92592 159513
98093 136026
99780 168917
103266 138179
100684 110368
102322 97366
122466 114702
82029 115230
110522 148106
108912 125336
80843 136144
72070 134498
106266 117164
76611 124698
108198 123215
134168 140818
82272 129628
115507 117887
102305 144274
105186 109927
116033 107536
100671 136258
92870 110841
92638 141690
115685 137905
95090 141640
95078 133624
141352 130500
88206 133413
145777 101127
95787 114253
111676 122244
90156 142230
92059 146239
85087 136052
84086 128971
98885 122903
120769 102287
123079 129336
80503 115775
83255 152372
100680 116963
112902 148121
91246 126410
108777 162310
105842 135203
127178 140093
106925 131741
85466 122247
77976 116753
131004 141852
132923 115497
90648 166314
110184 139219
86290 114163
88774 120604
107036 143108
99448 135502
133975 125181
131983 111031
93131 129356
79388 103602
89453 123428
115891 126844
114939 131510
138915 136254
97580 139666
103733 156719
116964 110572
129608 116594
125901 106403
95772 98482
81354 143185
96377 104882
101207 152498
99914 126638
134398 135564
69381 145486
85051 127597
117734 126874
76493 115763
86975 114980
76184 120134
147375 133050
103654 125548
87107 137566
101582 154298
107327 109124
96639 117253
79690 125537
76873 107500
90441 119207
113323 133257
71969 136547
111225 108473
88202 136694
94829 127517
78172 104285
89069 111683
92749 144177
89677 117659
106181 141009
122240 122975
95183 131444
92467 145181
88878 126394
88105 120137
89518 160689
89121 131121
122037 108325
106015 110128
146867 96673
103438 143677
137666 119577
97937 106849
88090 108964
94583 141422
89434 123978
107581 128672
138625 127508
88847 136450
101296 117379
107670 106024
85893 152679
142434 119568
87502 159154
97443 148530
89006 112669
90371 121728
132741 130897
87172 125486
84173 149814
100220 126754
104386 98153
107271 128568
133921 113160
98422 147875
120047 122009
106089 119769
90870 117081
102344 128083
138241 101893
92178 99266
95557 129784
88481 100702
99381 161640
102759 125475
113128 102456
102497 156860
95668 152406
135171 100827
101386 149585
102820 124571
126109 124490
105225 124928
80378 112743
102418 136223
94410 111054
134213 108325
95103 117042
108256 143519
82527 126263
115440 100690
86703 107685
86082 158759
93669 137088
115935 102564
108458 118060
156771 133087
84855 134072
109865 106231
93539 152402
91124 165854
93412 166189
80308 127718
103623 138900
110818 119674
131247 137195
114116 115602
119925 134209
113282 116421
105443 128388
80926 124090
95305 93761
95586 146301
137006 133126
98249 139708
98864 167070
101809 133569
78517 121313
76854 118440
103645 125633
102669 141858
90337 119716
90080 143809
117319 112965
119810 103691
88619 111794
109301 135568
92055 146894
118847 120673
104057 138692
90893 160879
84664 133828
107731 118879
98141 137114
81421 110982
106816 120747
121061 112462
96647 134697
92614 112686
102848 123061
98183 126787
89213 106670
103685 116147
77500 112006
105625 157202
85435 125565
94750 172452
80429 164333
113568 117777
112101 137261
107672 117497
103550 138600
82447 102078
97076 132876
85908 121116
119360 140108
86112 142130
94417 137846
121188 123277
122827 114119
100598 122474
119505 157741
87229 148215
140643 130290
97683 130970
92470 165927
91858 147942
85487 105523
81973 119853
84669 117107
101402 133995
83734 109654
135160 116295
113649 132766
93732 95928
102542 121357
107164 149204
88311 133690
134533 140670
100394 161002
115083 126417
81977 113155
114925 119285
100106 121113
103931 136988
88895 110164
87069 110258
83274 127452
96830 125663
85385 120286
90339 138031
138767 107669
78226 136505
84038 127516
104624 131311
139170 124209
134468 133865
83182 105021
127457 114824
94117 136432
107640 105104
85495 157635
119337 135222
93776 117799
131459 140457
130268 104511
126218 95907
117960 118147
119204 121935
143488 146956
128602 116888
78749 128745
92765 113267
116077 112663
111824 128699
109421 140509
120254 157888
104424 104030
96575 120901
113467 129240
74014 116462
79856 105319
121828 131048
114097 131694
109442 117298
91419 108434
100494 131276
78249 122415
106028 150500
73508 109107
108160 159595
103462 181765
75596 122987
91441 108470
102570 127873
93854 124384
79199 104223
83057 112372
97582 138526
94070 130411
89077 114591
89600 133651
90439 136930
96304 145861
91182 113370
93508 128168
111049 129650
106341 123252
104475 119722
97487 145051
87556 126842
117988 132587
82163 120352
81635 116155
107096 124681
109025 147344
80312 141156
129826 137190
128238 152780
112561 131101
137685 128220
123743 134121
107097 118128
124971 173223
127586 138501
88428 147444
104456 145155
96753 127514
80674 152172
92565 143238
88948 145986
93117 165153
79732 103591
90627 149366
87025 158005
101932 146206
86901 162546
109790 125606
95232 137083
84350 119696
141164 139667
81199 127564
110209 138129
119745 136896
107092 123135
88495 161438
111310 100195
146642 121725
128100 132984
114722 114370
83797 135144
89166 165011
124117 117722
116494 170418
124858 122506
149445 129269
85828 140575
137111 121065
99481 134607
95792 129851
97435 127043
87935 118309
150882 135167
87078 115029
97903 150220
85665 109248
90342 163386
99130 108424
96118 128007
134909 130465
100965 99166
