6115 420.314
119412 143765
116857 153026
134085 134998
140465 133547
129673 138883
129122 139940
115549 169290
114934 174340
115296 171690
116227 168134
116650 167665
146176 129775
113203 177259
134303 135031
119448 154942
117518 161123
116560 168236
124942 145939
142825 133895
122099 152828
129821 143969
127987 145066
123574 149834
151000 133632
141257 134661
133910 141537
131986 143000
123865 149615
132518 142879
134244 139754
131820 143497
154295 130196
116368 180569
119007 163621
130346 144250
126190 147602
124047 150008
122215 154034
123702 150797
134702 140929
128352 146317
132720 143196
135819 139083
129041 145285
120275 156264
119773 159557
119900 157541
120896 155984
132303 143579
125742 149498
121919 155386
136815 138719
127029 147500
137338 138639
129697 145150
135489 140694
123096 153921
136340 138998
120148 157354
134695 142111
135799 140456
116777 169575
138702 136957
147745 175492
145273 172138
151531 183513
136665 173376
153937 173677
149337 170592
145883 173471
155243 162683
142254 170123
139237 177530
138315 185273
154562 179929
155036 183179
144369 163546
158307 165507
160633 161778
147477 171784
142835 157770
143244 169873
140843 159195
144359 162762
147920 174255
160130 182337
137404 160945
151956 157389
134975 186889
149647 167568
145282 176660
150175 181069
128175 164264
141171 153982
144308 165259
140847 174126
156267 185190
144540 167244
156595 167706
151659 169452
158440 171883
140183 165289
145171 163849
153492 158844
146465 170767
138042 177965
144253 154950
144989 178141
137639 174303
164271 168116
145299 167521
144527 174791
145835 183750
135503 178976
154822 173893
149292 178691
141694 182087
143437 166035
150001 158426
159815 173490
150710 169713
155124 176075
148757 167439
150923 162284
153201 176316
143253 175548
151056 170911
142269 157015
157026 166825
162852 175707
149652 161653
158653 189216
153660 160092
140734 171232
129999 162023
160978 172976
154279 161334
146743 176666
136004 182593
158304 166774
154408 184852
154012 184138
148959 180370
139226 186652
149421 170374
145604 165715
143826 173091
154780 173280
144534 164233
138981 162664
146143 183944
142072 162810
146374 176213
150424 165464
152466 151233
143857 163978
157021 173425
144512 166034
150432 161763
126692 167425
141938 181133
151385 171870
154138 168428
158730 173427
152942 180448
160344 167798
146564 165327
147092 172329
154941 173605
130968 176483
156818 169979
153216 164334
144371 176655
165883 171301
146645 163653
156220 177071
140300 172552
152028 168682
153491 171492
153741 178495
142764 184869
152045 180302
149446 190836
153827 160094
156443 170810
148574 180410
151838 166465
150902 169315
153775 144937
148785 176973
151281 169555
137731 150102
151913 167892
149741 154064
154730 186377
161710 176069
143543 182088
143253 173941
152954 178830
139993 175997
145979 176775
155448 171162
145609 170191
162526 167117
130236 162834
150186 168797
160977 175558
149671 179052
147392 159998
151592 181274
148717 162626
146846 164476
138646 174115
138022 164323
151117 185650
152106 188380
140401 201609
154701 171898
153917 177487
158391 168459
140651 181364
171781 184617
166070 156686
130145 162476
158394 179994
156791 172320
153550 164642
152988 180175
146811 181609
156093 164592
150202 178147
134128 176569
152208 172787
137960 168182
159265 170869
147826 170904
146778 180937
143581 166554
141990 164984
158195 176695
146101 177921
152841 176963
149909 178800
155975 165474
145100 164554
150593 164425
147863 158184
139441 179033
150791 181737
149661 172931
151278 175977
154878 187839
147578 168355
156425 168154
144662 180632
152369 178474
154586 174772
147017 181473
143812 178216
146012 176860
150669 181724
153287 173225
147380 177145
151016 167893
147097 169297
147227 164525
163306 171587
127639 200839
146568 183736
152782 179090
145541 150963
155495 165513
146605 173224
156574 171856
147288 195318
151324 176098
144393 175325
159917 182295
140615 183663
140532 161031
146444 168287
162659 167749
151623 162940
159532 172304
143042 183635
152616 181705
152110 159508
128635 181343
154551 175381
149365 165263
157987 175627
140212 179897
155261 171392
148284 169201
149913 175855
167814 179470
144677 184258
147745 162259
153733 180608
158012 174446
147204 159562
153236 167548
160215 170403
150685 173083
132293 174886
151921 181584
155069 179377
143414 169155
143280 160809
144932 177071
152753 167865
136388 165928
141844 184706
142248 181880
151213 174020
163694 171274
148708 175512
147384 180975
141186 186218
151199 162872
141058 174668
158816 163456
150442 175864
139888 164836
147626 174300
156373 161240
151760 170286
162061 159816
165211 172695
155631 161269
157046 190921
150497 162736
146397 186408
154633 159913
154252 181738
161298 173386
148209 162758
130821 159868
155269 189156
155263 167579
146415 162794
139407 157973
148115 171508
165194 173186
144659 171425
143682 169413
142880 166533
148060 168285
148416 172223
146349 167380
139523 169993
147074 162002
146507 166904
146025 173431
158364 168133
148953 174202
148589 177262
151004 170617
150653 157220
148206 170505
154523 161457
155354 180861
141496 179594
149513 163559
145438 175301
158408 171099
153556 173729
152090 193853
141367 184865
144182 171703
152166 190922
142591 166546
140903 161310
144409 152869
156170 189664
147649 165732
141657 159864
141601 173004
158576 189966
157460 161885
154169 170027
155131 163374
144041 170575
149034 171332
146178 173926
145778 171722
144054 173836
149582 170299
147807 169741
158415 185161
150634 171950
147254 144274
159227 187701
160364 174353
154304 167174
157512 169726
146772 168838
128402 170639
138263 165324
142967 169512
165144 169453
146706 149380
143448 176089
142896 168571
175516 201383
144936 152197
150778 183363
159888 180144
152631 157131
154699 178234
144231 183120
150915 178193
155593 178483
147748 163934
150846 174148
153092 171638
167779 171664
148404 184192
156531 169114
157778 176314
155836 168491
156998 169452
151129 181232
134228 171862
163239 173498
146936 166015
148921 157879
151330 186805
152220 173790
157358 149398
141731 170760
147261 157886
161720 178519
140564 165124
143704 169772
160495 164847
148486 177116
138206 168631
146203 174550
143385 170415
144367 167768
152006 170435
144312 171083
150258 177095
151458 175103
149690 169276
144714 175652
139309 173448
148348 181589
157091 162129
140023 163576
140165 178916
154700 170768
134981 171116
146336 167041
164551 162327
146947 197651
150763 175097
150620 166329
157031 170352
156002 174296
154867 167617
136856 178068
151113 179306
151060 160601
146420 179649
156492 180376
146482 180974
152955 173246
156303 168151
141829 172674
153797 167548
150255 182984
147444 175949
147639 183445
129246 168398
145368 179703
151930 167017
156170 179296
150980 183565
149658 171362
150981 159848
148926 178248
150806 167923
142884 179263
150919 166247
154448 165516
156154 179859
138488 171232
133009 168394
145285 187320
144906 179229
154408 181766
150832 184819
153402 181220
160788 180767
152780 186564
154436 172273
151849 177642
157378 168438
150806 176019
151511 162037
161247 171879
143845 171104
145765 175701
139314 167278
141379 192326
162037 179122
131633 159652
129210 167932
152387 176530
141032 177532
148700 178366
148724 164000
138236 164158
156089 161546
144791 183206
156148 163376
155738 164725
150764 178960
147620 185668
140076 175641
153609 160143
149459 181112
150636 177163
147671 179907
149003 180954
158661 171854
163538 168061
142725 168593
141916 182176
149712 170740
138522 147561
153993 168443
162081 162830
147659 176623
163210 184296
163717 168483
142603 172857
142082 171646
155127 178613
157229 174181
150079 187535
148557 171223
143904 170686
141619 184885
143343 175338
150690 178111
156893 170416
144334 166352
135324 165444
147846 176661
141918 170468
146433 166317
162126 179271
148026 175021
148999 154217
149235 164851
147049 163790
145189 174937
155114 172207
149171 176148
145899 180470
145689 167336
144099 183363
142797 193922
144375 182323
146692 161818
143527 175269
140463 158992
139616 188424
141649 174251
156305 181858
162719 178648
155874 169566
146565 191239
151430 170789
152685 180872
157933 177070
152078 169581
144921 176155
149595 160286
134401 169519
154420 168132
149611 184068
141762 167531
143711 178311
148641 181539
160284 155247
150936 164902
145790 186213
145629 178620
161584 157812
146896 172991
157244 164325
146865 191558
158694 169781
157740 169408
142039 169738
151840 177604
149939 177004
137735 157775
158886 160284
168363 162954
141333 166275
152125 172863
132932 179890
134936 175380
151192 185039
143809 166470
153056 178429
128770 175020
162861 179182
151755 185736
156664 168314
136343 174916
137055 163251
150691 168059
153415 160020
150407 178222
149476 169700
151844 175432
146581 169610
153284 180659
139147 179352
149784 165571
141932 179766
136958 181460
139748 180108
148116 193817
152158 186673
160958 165935
149796 171973
139849 177644
148489 188985
147547 153402
149762 167870
155856 177627
136786 180286
145232 176934
173846 167977
160081 179558
138761 164025
148815 163781
148105 173779
151820 176645
155172 172952
141852 163676
145957 180188
150566 181151
154842 180607
153182 165737
148514 168789
151553 179876
146653 181672
150451 179833
143229 159227
142428 170136
147973 178249
170114 171928
154019 167055
158212 166583
152844 190814
146086 171270
152745 177206
154435 167694
163613 176426
163608 172879
137117 177640
143486 165863
151073 174844
149085 185683
157760 180599
138479 173273
146562 173199
140212 175595
149511 176675
151374 175664
139144 175283
154230 173502
152309 167974
146149 174783
148911 179470
151864 182886
151795 175958
142388 164818
142312 162012
152894 164736
136191 179901
157964 163694
134257 166283
154880 176482
160878 173312
150308 174117
154736 173533
153974 173277
158214 176143
146199 171949
153808 183249
155541 167022
143131 156976
154226 162819
154056 172893
141517 170445
143836 189370
145192 165194
149444 186124
154492 169615
145771 164516
156850 172073
165118 177159
148266 187047
151325 168513
164511 174223
147426 183423
152658 177341
154336 160808
162672 179938
151645 172134
153871 164366
150575 176082
154740 165630
157752 161170
158617 156003
158633 181049
138584 177941
149088 167994
153981 179009
151803 169851
149627 172789
148717 175974
140298 179450
147421 186617
154152 163572
142271 171069
151351 176001
141059 182185
144199 176501
161243 182359
139809 178223
160712 174553
167073 169061
159793 173665
160493 165544
147286 176689
146421 166258
146585 175007
136979 170474
141526 177802
151174 180561
148178 176144
143786 179196
149802 165192
138042 186110
160553 158829
140759 167381
138026 162309
146827 163087
147548 173978
166271 165170
152962 150419
145791 185952
133813 177645
136661 167628
153870 179272
143110 175578
154125 172759
147258 185250
158512 156579
158762 165093
160394 174337
139269 182769
159487 169853
146544 174690
154726 179592
153530 165544
143444 153161
150872 183979
154150 164257
140356 173610
147494 167729
153294 165817
153182 176100
149717 167863
167902 177586
153401 182327
160833 167294
139775 162883
152782 164302
158343 175956
141089 185223
159318 157066
140628 181067
151541 169910
148921 176790
145684 177232
149546 163516
143695 178453
159246 164512
134892 156682
153195 159306
145829 168366
159134 189441
147878 175072
157360 168458
131084 184190
163099 164703
141780 185675
146134 173038
145113 155628
143592 181145
144210 164465
148205 168889
148064 168664
155524 168347
145502 158861
145318 179429
143796 172585
163055 163418
141493 173960
146882 176971
156916 168004
153637 171562
150789 171078
152014 172397
148954 174346
158172 175607
142721 172590
151418 184516
151829 164840
158506 164793
143809 184946
146519 175891
137538 162363
140377 164785
138219 166284
142916 158842
165245 163952
142668 173212
153578 184662
141345 169691
155611 176553
151600 181158
147260 165262
152255 182637
145313 177545
136567 169045
143566 187474
155438 172443
141120 170739
133614 173822
162818 169631
147443 167426
152546 167937
134686 180620
136259 176146
152268 184285
142379 159332
154799 194522
153707 169259
149930 168473
144427 178007
141782 173529
133911 180634
155924 177089
151026 169692
148226 152141
157057 186987
165874 180025
155008 173874
152109 167524
153611 192066
146980 163924
150755 177768
162450 162534
155109 171245
148800 166621
146632 170539
161611 177720
159485 168271
140025 148478
152250 182896
140224 159396
167005 186607
147685 182111
160652 180907
155370 176277
136083 170765
145022 164897
148420 165396
142781 155926
154498 182221
140984 177726
142595 164751
155611 168367
144270 169284
150688 169041
146505 177267
139231 171749
162610 167013
140414 178590
141418 176567
145160 163646
141624 161959
147821 182898
148675 138853
146218 160091
135274 175602
154662 177774
145482 183260
154518 161924
144029 178906
147825 160742
151248 175111
162397 194228
156084 164356
151672 167538
146724 174187
148533 175138
151313 165007
149758 176326
141601 184096
152617 160185
151802 164829
158370 152766
141136 181631
157185 174794
135315 162423
144719 164513
142414 180941
165374 161441
152572 168305
157269 189836
151696 173008
134556 171594
152459 159063
150036 184424
141400 171896
148659 154760
153257 184101
148343 172362
154736 193440
152338 178250
161883 171129
146939 158665
153211 171418
144908 173153
142451 174595
149729 170741
154677 161866
149644 173605
159191 175492
148813 164785
130425 158569
145560 169542
155044 184825
154873 154361
160499 175134
159645 181728
155250 177001
160788 177757
145453 173691
140238 178719
140212 172175
148558 166735
154205 170676
152644 180016
160206 177031
146137 171644
140946 180071
147141 173910
137420 172982
155561 168718
151806 169275
140836 164632
145590 167501
160851 173367
147209 169198
151789 150769
141823 178797
153430 181289
145793 177275
155192 156781
150379 174903
143965 171762
142692 177883
146082 166824
149314 168580
152821 173892
158482 172026
152027 181397
148044 176540
156100 176038
143803 194717
149963 184907
129582 177545
148462 185596
141684 162188
159572 182321
149021 179762
