2670 601.304
99963 64993
50378 140268
97085 65509
58376 98483
59202 97183
59840 96443
98542 65015
50567 136763
54532 108747
54083 109984
50505 138661
58376 98483
52943 115488
56817 102454
50581 136686
50585 134974
58321 100166
59202 97183
96028 65608
56506 105351
95805 65839
97875 65200
50495 138813
52461 117176
52351 118469
94893 65868
53436 112775
53077 114378
51865 120978
57670 102024
54532 108747
55224 108609
60588 96042
56684 103521
56613 104380
56990 102077
56684 103521
54083 109984
53968 110867
56613 104380
60013 96066
53287 113444
51764 121845
51284 126161
93858 66164
50771 132257
50774 131469
62145 93028
94326 66089
91648 66684
92116 66609
51507 124240
51764 121845
51287 125477
55887 106788
62059 93604
62482 92111
93191 66349
92783 66424
84603 68913
87214 68004
88274 67685
53201 113803
98238 65088
90588 67003
97875 65200
51584 123312
51692 122821
56270 106071
53695 112039
60013 96066
51750 122445
56076 106673
52735 116432
90947 66954
56292 105511
55883 107159
51545 123718
83358 69558
51205 126205
56091 106136
85304 68643
89921 67188
53536 112339
51115 127521
50869 130635
63512 89807
63582 89376
91285 66796
92420 66536
87518 67931
89375 67435
98238 65088
81473 70701
98542 65015
83611 69547
92479 66497
93470 66299
90584 67066
90981 66869
92116 66609
91344 66757
92783 66424
88578 67612
52309 119168
52321 118656
52069 120457
52942 115914
53091 114301
62564 91720
60967 95822
90225 67115
85608 68570
84907 68840
53924 111534
53522 112416
50609 134745
50798 131240
50944 129345
50824 130790
50635 134295
52275 119605
52309 119168
51020 128355
50960 128752
56292 105511
53924 111534
53952 111094
50884 130176
51130 127062
52922 115978
93191 66349
76929 73732
58082 100646
58013 101010
81598 70487
90284 67076
51692 122821
51750 122445
95969 65647
91648 66684
58172 100469
56984 102250
50950 128904
61375 95079
50711 133088
50761 132409
50894 130024
50900 129583
50755 132850
50705 133529
77110 73729
50695 133681
50659 134066
83027 69833
81225 70762
84046 69197
84294 69136
82155 70203
55247 108407
52042 120764
88240 67770
86330 68409
52461 117176
52527 116857
94326 66089
94530 65980
82118 70253
83755 69410
81908 70351
89116 67457
62287 92831
89420 67384
63343 90119
56072 106725
53226 113668
55789 107227
51192 126593
61588 94540
52763 116118
83317 69676
61917 93878
75215 75142
79660 71824
80618 71282
93774 66226
61549 95059
61563 94712
64435 87995
72910 77458
52635 116618
52763 116118
67068 84263
85082 68797
88753 67569
85270 68728
87877 67882
85967 68521
88941 67500
57757 101743
82801 69842
89887 67273
60742 95828
78494 72670
76829 73869
80743 71068
80916 70985
93554 66237
51062 127973
56266 106123
61726 94413
83920 69324
95856 65810
81782 70478
82366 70192
50495 138813
62145 93028
72003 78390
73997 76320
74004 76191
75501 74800
73380 76933
67145 84149
67568 83733
73666 76591
77377 73473
70475 80217
89738 67323
72806 77619
66587 84932
63839 88803
65041 86988
81809 70476
82801 69842
82675 69969
83049 69781
84046 69197
83920 69324
65473 86386
64630 87696
53766 111792
53287 113444
64529 87736
83153 69706
51070 127676
87577 67892
88637 67573
81588 70650
67769 83407
51444 124585
65530 86293
55748 107615
57715 101861
80679 71199
73534 76716
68118 83053
51398 125151
51302 125300
62336 92493
62373 92255
79794 71805
58298 100368
64742 87423
64121 88378
62287 92831
62309 92574
94689 65977
94834 65907
72743 77831
74513 75819
76077 74338
76862 73822
69813 81092
82491 69978
82675 69969
78541 72645
55419 108202
63418 89830
84598 69063
58321 100166
89583 67346
88056 67776
87693 67888
85783 68527
86146 68415
86513 68274
61549 95059
70469 80343
63391 89911
60732 95980
64502 87817
53766 111792
83198 69694
56091 106136
71665 78790
67483 83749
89772 67313
87147 68135
86364 68324
65216 86790
60977 95670
81908 70351
82422 70180
74859 75516
70999 79593
66201 85449
70069 80796
73042 77456
61243 95476
80455 71305
70746 79951
51408 124999
51484 124388
81138 70894
80370 71343
80283 71475
81225 70762
68797 82494
73512 76814
72200 78240
74662 75666
74086 76128
74777 75579
72085 78327
74480 75866
68436 82732
68321 82819
76159 74275
75698 74650
52261 119842
80173 71493
80916 70985
69270 81838
73248 77058
89583 67346
86992 68158
87031 68139
86668 68251
52621 116855
51483 124469
51435 124828
70865 79714
79939 71649
73056 77408
68813 82461
53952 111094
53968 110867
78371 72734
76692 73911
86513 68274
85971 68458
87881 67819
55788 107474
71799 78669
78944 72341
75813 74578
79824 71780
72282 78177
74283 75978
72315 78168
75780 74587
64638 87584
50505 138661
51044 128126
81053 70932
64380 88117
69917 80931
94530 65980
94689 65977
53091 114301
79321 72099
80146 71528
72536 78026
68657 82605
51999 120774
61274 95448
69713 81210
69999 80868
66791 84653
75320 75060
51989 120926
52649 116541
65150 86844
76274 74188
75583 74737
74201 76041
58298 100368
55224 108609
57911 101366
77405 73407
67312 84044
87180 68089
64964 87068
65421 86445
65604 86144
52321 118656
52351 118469
57685 101934
67832 83395
63113 90611
66895 84492
51177 126770
61836 94164
61808 94350
65964 85699
80743 71068
61056 95615
61117 95481
67200 84138
81529 70689
84350 69124
58013 101010
57951 101141
63217 90450
72579 77928
50834 130638
51080 127524
66626 84824
70761 79875
70579 80056
55683 107616
67901 83282
61899 94042
61836 94164
71996 78519
83710 69422
62972 90964
65379 86476
62742 91456
65890 85802
63990 88620
69243 81919
70143 80693
63713 89134
69196 81941
63264 90428
63943 88642
69453 81537
62695 91478
62925 90986
69500 81515
63760 89112
64947 87078
69783 81138
77265 73518
75583 74737
74201 76041
76274 74188
63195 90548
61563 94712
67720 83542
75412 74992
75402 74997
66451 85165
68694 82544
74398 75906
74316 75969
73248 77058
57888 101484
55460 107889
55788 107474
55420 108030
53709 111962
70322 80460
79084 72230
79012 72322
71131 79468
71914 78582
70947 79651
71717 78732
51555 123566
51292 125452
51574 123464
79291 72109
77612 73286
69092 82102
63686 89215
62668 91559
62898 91067
65678 86041
69169 82022
69890 81012
69527 81434
62999 90883
69604 81354
62591 91639
69374 81677
64017 88539
63916 88723
64094 88459
62821 91147
63609 89295
64303 88197
68890 82381
65755 85961
63076 90803
64665 87503
61117 95481
51140 126910
71658 78919
70843 79812
70220 80613
70387 80406
70661 79993
78608 72555
77724 73213
74580 75729
61899 94042
75195 75302
93495 66276
93833 66187
77778 73132
68321 82819
61284 95296
61999 93815
66505 84995
78289 72797
70909 79657
67250 84082
71247 79257
76356 74125
66379 85219
67983 83219
71091 79476
79403 72036
75297 75079
70557 80154
76059 74412
69631 81273
73462 76870
66708 84761
73915 76383
55542 107826
76610 73974
75977 74475
72397 78105
55329 108344
68200 82990
61366 95233
77953 73011
68436 82732
75494 74929
73666 76591
74662 75666
78035 72948
75698 74650
62400 92174
74377 75916
72200 78240
73748 76528
70407 80396
72085 78327
71417 79126
76635 73950
77689 73251
74086 76128
73430 76877
61808 94350
71755 78726
66068 85538
63180 90604
71379 79132
67953 83224
78314 72773
75124 75336
76159 74275
70805 79818
65129 86897
75895 74515
61726 94413
74777 75579
74580 75729
68518 82669
68239 82882
55460 107889
72806 77619
72770 77750
73092 77277
80283 71475
63316 90200
63812 88884
62769 91375
63787 89031
63291 90347
62794 91228
56984 102250
56990 102077
81053 70932
65816 85951
73144 77219
66994 84419
73196 77116
66019 85630
65843 85870
66369 85228
52157 120410
67615 83624
51057 127998
84525 69081
84409 69085
89057 67496
85783 68527
85667 68531
87693 67888
84966 68801
87997 67815
86087 68454
85082 68797
88941 67500
86876 68162
62032 93685
61999 93815
66835 84581
64890 87171
64816 87320
68917 82300
69024 82284
72653 77862
82465 70067
69739 81195
88753 67569
79909 71733
80649 71224
71614 78976
55420 108030
50645 134143
51030 128203
52169 120401
53215 113726
65320 86629
66920 84481
70299 80474
66305 85288
57848 101709
51192 126593
66252 85355
77126 73582
75113 75365
79514 71916
64227 88370
52198 120187
52213 120041
75053 75435
52213 120041
52229 119897
61366 95233
72653 77862
66609 84834
68239 82882
68200 82990
50595 134822
50585 134974
60732 95980
50695 133681
51398 125151
51140 126910
60742 95828
57848 101709
50771 132257
51182 126745
50824 130790
50960 128752
50900 129583
50884 130176
51070 127676
57921 101214
50774 131469
50705 133529
51020 128355
50894 130024
61284 95296
51989 120926
50910 129431
51130 127062
57858 101557
50721 132936
50635 134295
50784 131317
51584 123312
51302 125300
50761 132409
50711 133088
51545 123718
78776 72482
77547 73330
80455 71305
79141 72191
80370 71343
80061 71566
79226 72153
77208 73557
78691 72520
77462 73368
81138 70894
70661 79993
66068 85538
64254 88289
64276 88278
58164 100623
63512 89807
61588 94540
71203 79314
75977 74475
72397 78105
72479 78065
75895 74515
55374 108248
55329 108344
68600 82644
72573 77965
69024 82284
69065 82183
79403 72036
79457 71955
77756 73161
90225 67115
84907 68840
85608 68570
75056 75404
78608 72555
78691 72520
77921 73063
77835 73093
79600 71886
72910 77458
53733 111895
71532 79039
64784 87392
52268 119695
67365 83967
64407 88036
55598 107762
55653 107689
74927 75486
71584 78981
53752 111869
79600 71886
57898 101416
65651 86122
50950 128904
77642 73276
66150 85475
76438 74100
78117 72923
68518 82669
78035 72948
78805 72405
78887 72380
76356 74125
77126 73582
55542 107826
55598 107762
86817 68201
86727 68212
58082 100646
58164 100623
66302 85299
65305 86657
65243 86709
52190 120287
52621 116855
52527 116857
67016 84321
79996 71610
79226 72153
77547 73330
80061 71566
75195 75302
67409 83905
66150 85475
75494 74929
83662 69485
66016 85641
64843 87239
65890 85802
65557 86212
64890 87171
66835 84581
69426 81618
69322 81779
71285 79251
71049 79531
71335 79189
71469 79068
50721 132936
50755 132850
50924 129354
67461 83847
67901 83282
73144 77219
73092 77277
73800 76470
73915 76383
73196 77116
73748 76528
67024 84320
71461 79069
71862 78640
71546 79027
73863 76441
65972 85698
70101 80748
68035 83161
70195 80635
90947 66954
86364 68324
85270 68728
90981 66869
76495 74061
78174 72884
76553 74013
83662 69485
70255 80531
78232 72836
74982 75460
74916 75515
67282 84075
71181 79412
73380 76933
67665 83568
67615 83624
66252 85355
70557 80154
66708 84761
67461 83847
66730 84663
71181 79412
66473 85067
51444 124585
79909 71733
84525 69081
67365 83967
93554 66237
91344 66757
91285 66796
86876 68162
84409 69085
86668 68251
85667 68531
89057 67496
86146 68415
89116 67457
90284 67076
87518 67931
84966 68801
86087 68454
96028 65608
87997 67815
86727 68212
92420 66536
92479 66497
94893 65868
94834 65907
88578 67612
86817 68201
88056 67776
82465 70067
82491 69978
78232 72836
63086 90692
63076 90803
78887 72380
79457 71955
78174 72884
77462 73368
77835 73093
72479 78065
79084 72230
77211 73544
76438 74100
79996 71610
78371 72734
76495 74061
76692 73911
79141 72191
76553 74013
78117 72923
73534 76716
67409 83905
68098 83132
73863 76441
71862 78640
68035 83161
73800 76470
89921 67188
85304 68643
66964 84424
69961 80874
71977 78568
71335 79189
70255 80531
79012 72322
62336 92493
65347 86548
68917 82300
64502 87817
62400 92174
69169 82022
62564 91720
63391 89911
64405 88106
69426 81618
64094 88459
62309 92574
62591 91639
62898 91067
62032 93685
62668 91559
64843 87239
65243 86709
65557 86212
63916 88723
65678 86041
64303 88197
69065 82183
69631 81273
69349 81698
63812 88884
65068 86907
64227 88370
63787 89031
63291 90347
63582 89376
68890 82381
63609 89295
64017 88539
64665 87503
69527 81434
62999 90883
62373 92255
65838 85905
62821 91147
62794 91228
62059 93604
63086 90692
63316 90200
69890 81012
69322 81779
62769 91375
72770 77750
69604 81354
78776 72482
78805 72405
69092 82102
63686 89215
64786 87332
65347 86548
66505 84995
66473 85067
70121 80738
71049 79531
57921 101214
55653 107689
57858 101557
57951 101141
68694 82544
79514 71916
55374 108248
51435 124828
51422 124922
52190 120287
52198 120187
68600 82644
71952 78576
67720 83542
67665 83568
68098 83132
61044 95663
74982 75460
77265 73518
67824 83396
95856 65810
82118 70253
52229 119897
65755 85961
65068 86907
66730 84663
76059 74412
52275 119605
52268 119695
77921 73063
77953 73011
93774 66226
53077 114378
53201 113803
50798 131240
52649 116541
53536 112339
51422 124922
50609 134745
51569 123489
53522 112416
50567 136763
50581 136686
50910 129431
50595 134822
50784 131317
51560 123541
50659 134066
82366 70192
