11197 780.489
152332 127524
136149 135188
126162 147061
123229 149813
142773 132858
133166 144996
144904 132478
135484 141297
122988 152772
152223 131713
118986 162792
163158 126285
144596 133008
138046 136961
141105 135220
134588 146234
136529 141184
125670 163475
137308 139263
126262 151822
127189 150703
152881 131626
139861 136301
131014 149362
151547 132498
154768 129530
131798 148701
126363 151051
155855 129202
153842 131015
136228 143303
135796 144752
130201 150271
133103 148167
157637 128888
154639 130152
132801 148382
158354 128879
135787 145584
123630 166014
167792 127868
140007 136756
148861 135526
155380 135284
137488 140823
138360 137734
132722 148848
136660 143624
133755 148393
135411 146654
136223 145531
136513 144116
134841 147305
131744 150587
132563 149813
138236 139693
135030 147098
131528 150834
133370 148681
136096 146251
138337 138867
127791 151177
164627 132574
172499 164315
147830 167401
167613 154625
162317 165677
170273 169361
164889 164996
169856 177543
166988 164712
159098 176997
158612 165561
162446 166553
165340 160013
176964 156842
157554 169542
172302 170573
157675 174131
170939 180738
164057 150120
167040 166612
173402 171214
163094 176030
156687 160017
167781 161459
155896 162686
169402 176184
164154 164858
155395 163442
162006 177539
160814 155239
171915 162742
159599 163346
165951 169774
171259 178015
149348 165801
166476 175484
156341 169539
159542 178244
168334 166258
157892 175031
166310 174695
164352 165639
158994 178016
151329 167908
162902 164178
165475 181276
160433 159549
170640 175606
152679 157444
172755 173452
166665 181032
158943 170921
168439 164580
162670 147559
170542 181272
157564 174946
153556 163814
162788 178653
146236 158953
169879 168687
168946 173004
164018 164215
163747 176669
161327 158633
166493 172042
161521 153453
167426 170621
166216 170989
157256 168649
159497 181419
162028 167665
161745 168182
173940 164914
153981 165114
153097 187299
156840 188442
170773 174648
159982 170982
172078 162129
159935 179776
161909 155592
153790 172383
160521 170092
170759 159468
157766 166602
159912 162192
162189 175263
188635 176212
158413 176121
159614 173512
149990 166318
155159 181996
154842 158088
161203 175004
167094 168310
159728 176979
172772 162950
164645 166987
160862 165949
159405 152836
159743 180002
166200 172445
167661 163054
165745 169006
161626 168620
169514 180938
161755 159189
163692 174463
161989 173807
153802 154015
160446 169677
162009 165107
163075 190459
157242 163416
165099 161403
158272 170547
170336 167271
160904 174028
153748 169031
149937 157187
147311 187863
155805 162596
164160 170986
155688 152558
155082 164873
167468 180922
176559 175313
155513 178211
163308 165320
147108 167135
163280 176822
159587 168678
143481 173126
157745 174974
160370 169923
141547 163265
159614 177311
154012 157076
162180 157307
164356 169788
159949 154264
163557 174991
160858 174228
162870 189158
158327 157562
167964 158214
157867 162296
155730 166385
152879 163234
170603 171347
151788 184727
159214 172635
163626 175837
163143 145487
157152 169962
169499 172014
171109 166573
168171 175450
161441 165965
162284 166626
156942 182081
160237 173882
169683 172891
153630 171522
153677 177987
141241 161852
159186 157110
167376 176953
175057 181877
161118 177538
161845 170201
170237 157654
158853 169860
151295 166017
164878 172476
159899 162533
162017 170295
161135 173042
161240 165466
171365 167803
147949 174308
163098 157623
158839 185448
169955 179646
159028 184477
172258 167925
171403 169018
151393 160663
160119 182819
166003 173843
163943 165873
160427 163540
157934 185790
174411 166628
156741 162115
161285 175635
166106 167813
164544 181116
168266 162144
163601 179159
155322 167777
147629 159547
163742 155676
160471 163221
167377 171355
163843 176289
166677 172089
168326 165349
154828 182375
165279 178570
147890 160275
163897 178436
159064 176245
160427 181236
153899 168865
154689 167307
154076 173310
166065 169913
159080 171962
158093 181425
164476 172398
167431 178839
164653 169878
166898 179776
166599 156731
150300 159897
168806 162750
151738 166013
167094 162732
163056 181203
167189 167992
153426 169916
159630 192488
163424 166431
166300 168749
155003 169212
160728 181810
157889 173270
161287 160085
148719 181133
163568 176189
159916 168634
164667 160585
147041 193304
170914 171641
165397 169910
156805 162674
169541 156511
171810 160542
156123 155909
158456 167750
171309 149259
172416 185441
167068 162451
160974 163643
162144 169937
153017 163611
146260 175842
156066 165144
166420 175071
157720 166862
158009 164933
169245 175496
166218 161147
153309 179776
163249 191524
154943 175295
168820 181418
168710 155306
155548 156624
167509 169538
150442 164505
153603 183206
164338 175464
168505 180010
163626 169228
168873 158113
167285 174728
162163 174560
151033 172944
163449 165656
149480 167038
144188 188396
161748 172893
163049 166428
157549 170177
160445 177472
182566 167081
165613 167338
160259 177826
164719 169562
160544 190685
156199 170636
160537 160194
159239 185979
173102 174907
162149 172909
163305 185339
164461 163578
157699 173729
167279 175185
163283 169110
147982 174730
157597 183106
156869 180382
159548 165496
171175 185474
181828 163702
170610 172124
163130 178612
170191 181494
143880 169068
169819 165750
167831 169787
166997 184298
153865 175987
166067 172991
170449 174332
164452 162937
157418 169899
166121 162708
172590 163195
151254 168007
167616 162917
146686 167453
147724 175264
161902 153651
164708 168183
169916 159370
162126 168259
157323 179806
181092 170017
156947 157628
165099 164419
174530 172602
165225 178258
153450 165261
166146 173382
142329 168995
157626 168039
156503 174542
167908 160176
167808 167226
147983 166687
158404 156699
163618 182959
168032 175956
153104 153451
159210 170436
176187 155682
167997 176291
156261 156560
164844 167298
163484 168699
171807 172540
165896 179895
162095 155696
177666 167448
157786 160894
159786 183332
169985 165730
153815 170083
173308 157941
168890 177838
153831 157108
180487 171749
172850 162216
168676 169199
157740 172387
158013 157405
161715 190857
162862 152049
148883 164021
157319 158520
167113 181527
164049 176787
154610 154536
166290 183794
147264 170310
155207 155980
159060 172336
171586 167037
167692 178406
164786 185429
157816 152006
163421 189847
157380 180894
148780 173517
157604 182487
159779 175886
160207 185364
151206 168432
165092 173624
168631 170050
174418 167301
168848 171810
162716 168603
176593 160541
166385 158063
166554 177794
165197 158578
163700 179644
154421 160377
173753 164448
156687 175899
163617 169652
158134 175726
157315 185203
167384 167969
158988 186008
167585 166559
156511 176490
178876 167179
149586 172731
167360 171539
159022 172669
171526 178545
164991 165449
166454 161993
158485 168173
155761 175845
152260 168290
164727 178164
161564 180481
151597 162688
169782 169892
163607 178600
164083 170892
158326 148142
167858 168794
165045 178439
161041 160920
153146 174272
155673 174794
164674 182235
172303 167669
159905 166796
176910 150430
171843 166754
162232 153577
171375 180287
167724 168368
173395 171427
156894 158665
178009 166799
167594 177026
157396 147486
158289 173585
167599 174059
156540 169624
169481 166293
175050 158072
167315 156098
168675 176662
182590 179744
159824 196890
176477 160441
155514 170868
163779 173214
158829 170885
160446 169660
159536 159432
162665 167482
157344 167550
172513 161247
161702 182604
161792 177882
159655 178517
163801 176022
164961 171253
166746 181676
151524 175649
161864 168180
159790 184056
163559 174276
163547 167845
164779 167258
161261 156792
167645 160369
158781 172201
164268 157175
163945 175440
148354 172326
173067 166650
155571 163335
168138 160782
155356 171846
152109 168473
161068 171540
152898 176001
164592 180999
157706 159480
157195 168074
141229 158311
157274 164516
137963 180116
173693 159905
161742 184249
157625 172740
158901 166028
153979 172062
162959 168339
159762 170518
161254 171685
168358 169635
157168 158537
176230 166338
164699 177110
160203 154663
153666 173098
150576 175183
157531 168402
156188 167358
163582 162590
150595 158414
167342 163021
161434 178283
165713 161920
165099 167341
155814 174407
168595 157311
157638 176490
159074 176342
149438 179825
166031 165070
168915 184270
153595 166238
159622 157607
155403 176091
151599 178444
150192 168968
162335 166725
154724 170239
178425 169036
167802 181435
151733 159896
155132 180209
161480 163400
162047 170570
143796 171875
158201 176458
148497 164204
150357 152891
152202 171517
161872 161377
156869 159119
155334 190498
161296 174301
158975 156239
171275 174219
162674 167413
171717 159645
156873 177787
161513 159999
167083 160203
165716 185458
163783 164873
172102 164293
152516 166379
161308 165131
160497 176577
164271 170513
160352 170022
166211 167289
147859 184250
165641 167129
150742 177447
152218 159533
153204 159277
163440 158671
145552 167770
166633 155933
169094 170331
150042 173398
159226 157007
160398 184084
163501 176969
167844 178040
156534 167609
163176 184508
156575 185018
161484 173362
171263 161309
154143 159475
157216 176372
163483 164805
152147 173829
142264 173527
165813 172277
162291 177879
164508 176798
167813 180239
156433 166394
167125 153332
153056 160358
166946 169208
160681 163944
149500 172544
175017 167610
147668 173925
167405 191771
160378 167487
165891 158334
159455 178040
164952 185690
156843 170657
163867 173425
161985 168826
169513 177927
159490 167275
150787 164517
165005 161292
176004 160899
167168 168598
171898 173944
168582 167912
156718 169338
168162 159856
164719 156600
161835 163131
164088 165168
144799 171431
156087 166086
176673 179554
151958 153400
165472 151217
155927 175864
163969 165507
166684 186178
177603 163826
154677 169387
145374 159587
160185 156891
148156 170507
166282 168367
168223 160292
153936 181134
144804 175393
157368 176045
161362 165757
147303 166561
161037 143996
166713 173737
153233 169417
153079 169469
166113 178970
145483 178230
168196 161783
144990 174261
146821 182491
173227 181205
151662 163157
163510 163849
166582 168541
161274 158769
145644 158334
164888 168634
160552 186061
163970 162720
159862 168392
172212 166211
163049 174972
157562 157534
162081 162430
163633 168973
155630 173982
160307 182809
178790 171198
162796 161161
160828 159422
147076 176279
174868 158623
157769 155082
172998 172552
162033 168511
151834 166935
172873 167471
158250 163830
156709 167863
155689 165310
155401 167425
163614 175793
163318 167014
157945 166580
168571 175120
153660 165012
158855 158441
158934 167629
166424 165556
154064 156617
182361 168189
172417 172874
161089 173020
152640 145402
157771 175956
155420 146477
154843 180130
180918 184030
161914 167093
167580 176002
171528 172357
159962 170328
165376 169566
169589 169080
140526 153177
142656 155679
166873 176820
150130 151429
161520 179648
144711 157551
162346 162456
159158 175903
160683 167978
155824 169967
165653 163602
151386 180075
161117 175182
160563 168361
162697 165308
157971 177006
157876 173126
164161 176171
158328 177947
145932 165039
162252 156081
152329 170530
148317 182285
173669 170133
165168 166470
151177 170232
182022 173773
162136 167694
158231 171403
161514 172732
159652 161085
157081 178062
169679 180289
168057 174423
166175 169294
158294 166865
161041 176516
162979 174362
156665 171630
171908 160627
169544 165745
159144 169772
170518 181445
167494 182232
161724 167831
176484 168074
159700 176778
159332 168505
157113 183736
153287 171545
164249 158502
168924 182639
147860 172635
159173 174459
174560 164733
161239 181181
157973 168598
167872 170019
138358 180366
166561 158227
165448 172123
168036 180937
150128 179113
159288 159200
163916 169637
167499 178841
157427 157455
154958 155561
159880 171250
163884 191580
154919 154120
158836 173616
145891 164760
161610 181208
163689 182653
169192 171541
161079 173340
159099 158251
165397 172187
159778 167795
168259 153921
155727 158836
143586 160276
171112 162610
162403 175126
165237 165960
163983 176743
157805 178397
166051 171105
153153 163309
165981 167650
165476 165289
147409 170156
162383 170261
160164 183971
164821 164531
151137 180724
162922 175993
150912 185220
175593 158012
171847 176881
169479 169911
177805 164804
156454 176309
164844 185315
158918 167844
161612 163234
149091 177156
162196 166605
142526 170407
176105 176490
171917 167406
154513 163610
166892 165644
150120 163867
169039 170281
167921 182200
166988 172203
159009 168000
149195 174144
162867 178824
154539 177756
160479 172249
168976 171697
163500 161716
150975 168788
148957 153059
150798 175071
166843 171349
151538 186769
159183 160357
164089 169390
160867 163686
159878 175431
167036 181953
154833 170621
164786 175091
165750 165673
174801 169338
167706 175831
170171 174477
145079 173163
151890 178919
171536 165044
151814 161583
163997 160870
158789 168622
167133 161531
170550 164992
165845 157432
162630 170551
164713 146954
174644 169013
150589 170962
156119 171326
169053 164750
170116 182441
162411 169993
156282 174086
165258 173120
149986 169036
172776 177778
163912 165903
164370 170783
169839 167443
165544 168588
171756 172768
159696 174295
164078 158588
153039 166026
164725 156368
160176 181976
160706 172722
162463 141643
170592 169878
169810 173493
164594 154799
153667 174790
166911 160493
153129 182510
162871 166653
167139 162220
172633 159448
165039 182576
160131 163057
160434 179052
143690 170890
159732 178340
164581 163148
157622 167907
167469 174896
165243 173500
169963 176362
156281 165590
160854 163291
169673 171033
166536 166920
166580 174662
164951 187222
144572 161045
168455 177857
155020 173207
154090 169479
157987 177377
152723 168333
174416 169779
155035 172156
143610 165786
167355 159540
164425 159069
165723 175195
158692 180175
181537 168679
153690 169707
169224 171587
152240 166722
149350 157608
166554 174682
163689 167272
147437 170993
152893 173121
163265 165446
165455 169832
163877 176390
173418 164098
155571 173935
161702 173513
162433 185016
164335 156600
160261 158930
158917 172731
159869 173993
156355 172889
166529 176317
