3302 781.487
50114 139527
50114 139527
105877 63006
50122 139110
50205 134450
50642 126698
104619 63101
102594 63262
50640 129556
50475 132832
50205 134450
50329 133080
50493 131381
104923 63028
105877 63006
50910 126213
99987 63812
100758 63625
83289 69281
101062 63552
50996 125149
101874 63487
98852 64072
99664 64007
81404 70424
50512 130452
52248 117465
51213 124116
84029 69261
51264 123238
52396 116692
50493 131381
51055 124917
95315 65056
95868 65054
82297 69915
80661 70932
85304 68643
51154 124348
84469 68895
50637 130185
77577 73082
61615 92878
61983 92658
65114 86233
64783 86476
51630 121347
51625 122036
51740 120849
51630 121347
81713 70201
82606 69692
101893 63365
50640 129556
84231 68973
77871 72875
81221 70670
80858 70782
82875 69674
81713 70201
86650 68055
82076 70089
78327 72565
78777 72236
78497 72457
86335 68141
64679 86637
64647 87188
50666 126469
80006 71388
52531 115681
102197 63292
102594 63262
84944 68722
82980 69504
55856 104734
55859 104175
62657 91579
80312 71374
90824 66448
94566 65342
92734 65809
88271 67389
65198 85962
65539 85897
98407 64285
69091 81496
98548 64145
78068 72725
52148 117811
90427 66645
52826 115102
81221 70670
79895 71585
56121 103935
104619 63101
99987 63812
90765 66487
97221 64609
88571 67379
96146 64869
98852 64072
100758 63625
89760 66830
99683 63885
104923 63028
84832 68783
90461 66560
93431 65602
92371 65921
90123 66718
87874 67586
93735 65529
102197 63292
87908 67501
91124 66438
95011 65129
87570 67659
90064 66757
92675 65848
98151 64342
88212 67428
94614 65326
96968 64618
61336 93157
52214 117492
52631 115335
101062 63552
68022 82735
83268 69420
80484 71049
54985 107101
72251 77928
72570 77889
93034 65799
51882 120641
51981 120307
51981 120307
51993 119859
98103 64358
97792 64391
94255 65375
61993 92506
62235 92382
67838 82918
51549 122745
74892 75293
52093 118867
69362 81230
72803 77607
72118 78104
50122 139110
76125 74142
77520 73121
77871 72875
71939 78150
71742 78300
80858 70782
79432 71780
76807 73625
78068 72725
76274 73989
74695 75443
75215 75142
95315 65056
51574 122282
79629 71630
52455 116152
58010 99303
63681 89091
61523 93093
94870 65269
62991 90518
62662 91180
86698 68029
51555 122384
75097 75174
69377 81154
95908 64937
64442 87721
64516 87430
56157 103592
60573 94283
74892 75293
82606 69692
63787 89031
65114 86233
65198 85962
92337 66006
88968 67182
62465 91890
62366 92140
57286 100777
62978 90789
55984 103969
55859 104175
93038 65736
88575 67316
75616 74514
55015 107028
79375 71819
52098 118509
96934 64703
54929 107387
72251 77928
85962 68416
85783 68527
89272 67109
59656 95897
84094 69171
76610 73775
50613 130407
52041 119109
51531 122783
58262 98410
55619 105745
55636 105427
61533 92941
60921 93671
53188 113596
89635 66997
89760 66830
82210 70047
80427 71088
52850 114873
52894 114694
52641 115183
84640 68795
87036 67871
87207 67771
69195 81335
94929 65230
50886 126442
65747 85552
57650 100126
57771 99964
76780 73686
85411 68587
51323 123006
73025 77172
63925 88572
76977 73536
76665 73758
60517 94681
70297 80123
53129 113666
58347 98351
61290 93550
54702 108058
55302 106553
56645 102312
60233 94844
55129 106930
60177 94908
60707 94241
56178 103367
68505 82243
51625 122036
67734 83079
52103 118274
64103 88308
74030 76097
71735 78429
75607 74702
68301 82522
68308 82393
69844 80582
74119 75905
75330 74856
52049 118873
52507 115910
78920 72119
78777 72236
51006 124997
87036 67871
86898 67994
54405 109003
54594 108301
70232 80234
86898 67994
96787 64734
96575 64752
91340 66357
93250 65718
88787 67298
91128 66375
89480 67020
53199 113422
73846 76280
61003 93608
61185 93553
66552 84535
62662 91180
73627 76528
72984 77315
62766 91019
63018 90437
67381 83555
64543 87349
67816 83016
65824 85472
63839 88803
64325 87965
66777 84272
69481 80993
64756 86557
63248 89945
69195 81335
72921 77333
71272 78825
57895 99389
77380 73232
79572 71669
63676 89288
77241 73296
79059 72055
59052 96805
59145 96633
58964 97041
59308 96408
55158 106724
58428 98189
56716 102192
56341 103142
58252 98562
70544 79728
70503 79968
57587 100597
66266 84877
55457 106142
72097 78145
51993 119859
51996 119572
70030 80358
74628 75533
56751 101942
96450 64796
75410 74852
54421 108678
56316 103240
85608 68570
57853 99635
64341 87905
57813 99901
56916 101752
52441 116229
70175 80266
85667 68531
54788 107699
86141 68334
86325 68304
57456 100728
52024 119181
58459 97812
51452 122954
58068 99012
53312 113021
58852 97245
87399 67759
84640 68795
87207 67771
96271 64825
60830 93985
57086 101217
58403 98287
60897 93978
67423 83432
53509 112209
62492 91809
56938 101496
56516 102783
56538 102544
50430 133000
53793 111097
53537 112145
53765 111161
54325 109189
54297 109253
54923 107560
54519 108587
65851 85391
66695 84335
79992 71518
59318 96256
60095 94971
53326 112944
52114 118216
64029 88411
51309 123083
53889 110586
53803 110945
52836 114950
50896 126290
52134 117888
51199 124193
52517 115758
79168 72020
59733 95742
59747 95583
53230 113250
59971 95333
67085 83832
67500 83318
70934 79225
93794 65490
97635 64433
97792 64391
94255 65375
97331 64506
94098 65417
97488 64464
77229 73444
55749 104997
70815 79462
84131 69053
66966 84069
50623 130262
77323 73271
79002 72094
76471 73839
89331 67070
91670 66191
91825 66168
92188 66056
91521 66241
89117 67132
91974 66118
53997 110343
77044 73446
58453 97985
54076 110132
54605 108228
56178 103367
58083 98960
56157 103592
57640 100278
71250 78923
53903 110509
53817 110868
54113 109939
82233 69967
78459 72509
79256 71905
60711 94156
59922 95348
93951 65448
55153 106901
68635 82119
68104 82672
75813 74364
74316 75755
73731 76367
68219 82585
75698 74451
68390 82330
76389 73902
67634 83197
71101 79120
76010 74229
74574 75567
71538 78579
74201 75842
75527 74706
54237 109702
52908 114617
53005 114241
53061 114074
52017 119357
51996 119572
57895 99389
54083 109984
93951 65448
73157 77110
73961 76208
73363 76772
52098 118509
54165 109726
58879 97182
57259 100840
56845 101855
60373 94723
58438 98037
55522 105850
55619 105745
55646 105275
55743 105170
65954 85383
56378 102910
54815 107619
78375 72540
51871 120805
72880 77476
79179 71959
89117 67132
92188 66056
92033 66079
91825 66168
91670 66191
72627 77732
72570 77889
55522 105850
55493 106045
97488 64464
97635 64433
96787 64734
94098 65417
91466 66351
93376 65712
88913 67292
55188 106651
57629 100351
66085 85152
66189 84991
59212 96626
60053 95270
74431 75683
73863 76242
75928 74292
74316 75755
50451 132870
51452 122954
64123 88107
60551 94646
60563 94435
59878 95505
75320 75060
70830 79386
69807 80671
71131 79075
66981 83993
82076 70089
54491 108651
53879 110738
68662 82038
68948 81696
68896 81848
54043 110291
54529 108435
56054 103942
71939 78150
64237 88066
67137 83774
71653 78492
69030 81633
60748 94048
66239 84958
69610 80821
67478 83416
67192 83758
80397 71266
50329 133080
59283 96506
75320 75060
56686 102265
58541 97749
59236 96527
59400 96193
59912 95500
63609 89295
51299 123235
51189 124345
68767 82020
56836 101883
96575 64752
96212 64864
53843 110748
55856 104734
87399 67759
87511 67698
84944 68722
53547 111993
53216 113327
95011 65129
53398 112662
63483 89546
53341 112797
63426 89681
56548 102392
89635 66997
69692 80758
67296 83597
70648 79567
67214 83660
52431 116405
66686 84414
69777 80716
54891 107603
65984 85336
68802 82014
73995 76180
58020 99151
71016 79162
64056 88330
63169 90254
66475 84649
66033 85210
63399 89762
63352 89784
62948 90838
65683 85607
53679 111520
54062 110209
66426 84741
66137 85049
96450 64796
56916 101752
79935 71557
71653 78492
56454 102894
72880 77476
73239 77047
64237 88066
64123 88107
56489 102863
52960 114375
53005 114241
55798 104990
51740 120849
72698 77657
75097 75174
66011 85255
55819 104898
73445 76709
60062 95227
71168 78986
53119 113818
52124 118040
86141 68334
86026 68364
62553 91740
63582 89376
63510 89465
53694 111417
53755 111313
63325 89865
66684 84530
63916 88723
62328 92241
65646 85736
65569 85816
64679 86637
64620 87269
62827 90972
63095 90357
62904 90892
52017 119357
98548 64145
93397 65687
91487 66326
88934 67267
69533 80935
56721 102015
64415 87802
59574 95960
56938 101496
98466 64246
76977 73536
74695 75443
76192 74052
89421 67059
63221 90026
63196 90173
63812 88884
58089 98787
55743 105170
58970 96868
54929 107387
54411 108830
53071 113922
66421 84777
65673 85655
53311 113199
84029 69261
54753 107949
55353 106444
93250 65718
88787 67298
91340 66357
59733 95742
53647 111557
86325 68304
53633 111634
53608 111776
57121 100967
57203 100904
69610 80821
59052 96805
59796 95568
73649 76430
58632 97435
76010 74229
74201 75842
67582 83255
70730 79504
70626 79665
59491 96087
66799 84174
68219 82585
71354 78762
73545 76591
58526 97805
75813 74364
74513 75620
73731 76367
76389 73902
73218 77076
70544 79728
74119 75905
68390 82330
58714 97372
58770 97308
69030 81633
57030 101281
71456 78642
76471 73839
68533 82210
59385 96249
70986 79167
73443 76768
68052 82730
75895 74301
58970 96868
67552 83260
71200 78979
66348 84814
56948 101344
74431 75683
76192 74052
61615 92878
68948 81696
59623 95945
60315 94781
75698 74451
66881 84111
61003 93608
67033 83935
70882 79328
75492 74789
69948 80421
71486 78637
66135 85119
73259 76933
73311 76830
67063 83930
69896 80479
70912 79323
66525 84616
60911 93823
72627 77732
72698 77657
95882 65030
57853 99635
53451 112299
52406 116540
61323 93426
83268 69420
53341 112797
52406 116540
53441 112451
54123 109787
60563 94435
54615 108076
56948 101344
52960 114375
54411 108830
55636 105427
52641 115183
54529 108435
52631 115335
55388 106194
54287 109405
52124 118040
54335 109037
57823 99749
52396 116692
58020 99151
61326 93309
50886 126442
53755 111313
55646 105275
56351 102990
60911 93823
60085 95123
53061 114074
57621 100483
57121 100967
51872 120793
51881 120653
50996 125149
55378 106346
56538 102544
52507 115910
61983 92658
54778 107851
56548 102392
57650 100126
58622 97587
61993 92506
58632 97435
53451 112299
52950 114527
77229 73444
85411 68587
69533 80935
53568 111973
63916 88723
85783 68527
53311 113199
56316 103240
70324 80042
70418 80010
57619 100503
58193 98774
58227 98660
79256 71905
64017 88539
70418 80010
67319 83593
70503 79968
66881 84111
70730 79504
69715 80754
58193 98774
58089 98787
57483 100610
53929 110389
59547 96023
57823 99749
57483 100610
57456 100728
62564 91720
62339 92221
57111 101119
68882 81972
98466 64246
62262 92301
62591 91639
70093 80329
52431 116405
99683 63885
99664 64007
101874 63487
52950 114527
61185 93553
55388 106194
55493 106045
53092 113902
64017 88539
68882 81972
68896 81848
55819 104898
53423 112568
53441 112451
70093 80329
73259 76933
58770 97308
59456 96129
58935 97118
58597 97685
58714 97372
57030 101281
59538 96066
57203 100904
64415 87802
85962 68416
86026 68364
67697 83168
53929 110389
71742 78300
60315 94781
60373 94723
78920 72119
54615 108076
55215 106571
66348 84814
53581 111876
53608 111776
74513 75620
60085 95123
97272 64545
54778 107851
55353 106444
58227 98660
55378 106346
58622 97587
54753 107949
58597 97685
87874 67586
87908 67501
90461 66560
91521 66241
93431 65602
92371 65921
74030 76097
75492 74789
84131 69053
62827 90972
62766 91019
73495 76647
71404 78700
71354 78762
54335 109037
71538 78579
68104 82672
69948 80421
73311 76830
71404 78700
69896 80479
69481 80993
82969 69580
95908 64937
53398 112662
53423 112568
67838 82918
73649 76430
66799 84174
70626 79665
51560 122359
54283 109527
54287 109405
68587 82180
73545 76591
73495 76647
53694 111417
55984 103969
65569 85816
65539 85897
61323 93426
61326 93309
54256 109607
53106 113825
57771 99964
85608 68570
91974 66118
92675 65848
96271 64825
93794 65490
93735 65529
87511 67698
87570 67659
90765 66487
94870 65269
89451 67053
90064 66757
92033 66079
88212 67428
97272 64545
90123 66718
97331 64506
90427 66645
66684 84530
54123 109787
73025 77172
62235 92382
63196 90173
62591 91639
63095 90357
62366 92140
64783 86476
63582 89376
64620 87269
62465 91890
62262 92301
63510 89465
64516 87430
63812 88884
63483 89546
65646 85736
64647 87188
63426 89681
70324 80042
63221 90026
63122 90276
64442 87721
73157 77110
77380 73232
80369 71335
79629 71630
79572 71669
54256 109607
54283 109527
63325 89865
55215 106571
56351 102990
56516 102783
58935 97118
67697 83168
53581 111876
62904 90892
56721 102015
60748 94048
57111 101119
50430 133000
80397 71266
80369 71335
78497 72457
68587 82180
66500 84638
86335 68141
59145 96633
