2619 180.151
119412 143765
134085 134998
129673 138883
117518 161123
140465 133547
115549 169290
116227 168134
116650 167665
146176 129775
115296 171690
124942 145939
120148 157354
142825 133895
134244 139754
123702 150797
129821 143969
131986 143000
119065 166365
123096 153921
118093 168354
139904 135649
136815 138719
139620 135989
129041 145285
142412 134672
135819 139083
136340 138998
122082 157347
116777 169575
162270 133394
142580 135822
118156 168936
125742 149498
130346 144250
127811 148200
122470 158347
140884 137032
120314 160799
134702 140929
119444 166746
120835 159628
136305 139519
138168 139036
133459 143690
158013 135511
124462 156003
130156 146036
140019 138494
125430 154392
124720 155512
160139 135373
135489 140694
127413 149331
136157 140352
156915 135796
139778 138955
118875 168928
120690 160769
117064 187670
161372 134535
129672 148281
135107 146429
140230 140066
157342 189101
153742 167576
155900 174292
151000 179947
143882 171055
161596 159315
149460 176990
139741 165784
144289 175254
143849 167789
155357 163094
149139 166767
157059 162223
155051 172003
161296 176042
157834 171532
170881 181198
150168 167813
154559 170078
146108 162911
148161 174023
160387 175532
161465 180314
167953 161103
143135 180220
152097 161816
157385 162569
151792 180317
148140 175887
161564 169552
146944 171316
148666 186597
144102 167156
138579 158966
158424 159676
142999 160024
153857 165902
156794 159508
150067 186824
139811 165423
163506 179120
145643 166054
147585 183952
155250 179283
146776 169536
144846 189059
146516 169050
148872 177206
149774 169605
168506 185194
150445 171177
146647 174625
157944 179041
139444 168981
149181 164109
139295 171173
161822 167053
153885 165373
149433 169278
153780 176842
150827 185363
149147 164554
149165 176999
150249 160180
157063 169546
145888 187087
156302 179845
143161 175888
156586 164346
155670 169121
151890 172607
144372 166077
150599 181804
157160 168789
153645 169113
157025 174379
145739 170400
157226 172818
139597 176416
148876 188822
146673 188370
147250 168554
157048 167247
146523 178745
148574 181102
144464 178743
153196 170628
164385 171586
155279 190436
158457 179859
152784 197006
155388 180543
159806 171594
149496 171273
152380 181546
149929 182434
148193 170579
147886 174986
163216 172052
158485 163539
144485 175394
153891 189118
145763 180399
153501 171979
156532 156769
163773 165533
137197 176388
161486 178925
158143 176651
161783 180176
149379 171116
152163 154353
152368 166005
153086 152731
150540 181084
149783 148936
139859 178428
153632 164205
152958 174150
164100 175117
144117 164078
160794 176824
147764 174464
146910 186719
152260 185689
139781 180517
154054 150461
151745 188997
150399 168030
160930 165866
141157 165624
161053 179021
161526 176409
166057 165095
160831 181820
155914 166239
155595 168388
152394 166709
152683 182948
142274 186426
145049 171915
162618 169705
138402 178600
132072 175214
156094 173546
138541 181454
155898 176027
149554 164942
150065 180333
146323 163766
162754 167868
140678 175410
150878 178712
168630 179277
160615 171039
149310 164506
152580 175007
137903 163010
139708 169525
147500 179149
149502 168211
149191 161061
153582 172680
152540 180605
153439 162044
159873 169744
151342 160124
138094 161172
156363 157941
146397 186066
149775 179667
141524 171869
135168 173161
156006 179664
156753 169341
140589 175728
152789 163410
155240 166393
162844 165446
143839 157858
157123 183650
134064 180212
150868 170877
147874 167463
162111 174525
136820 166620
143746 171206
146703 172274
159657 181779
139115 169378
161788 166568
145949 167247
148292 167426
152433 168761
146649 170571
150319 173411
136885 178964
152534 176400
147262 186278
145006 178550
135944 172456
161195 177502
151685 162332
155694 183733
135152 178126
141754 186191
151898 176928
149805 177119
139838 179412
145606 180363
154425 176901
147345 165213
140850 170277
144174 176231
143498 194352
143474 181379
161422 176102
147045 172760
158286 187200
160300 174710
151301 166043
129416 167640
147917 175678
148612 180485
154283 173709
161241 163876
157476 167612
152363 169172
156141 168288
144321 171675
150289 172150
137696 161377
155151 164114
153414 174898
147074 185241
149138 170784
156356 164920
154794 179239
157973 171245
151516 172210
157408 177454
157881 185922
150073 185455
168689 186229
150271 173881
146673 179618
146329 163650
142042 177533
146804 169879
143616 181474
148134 157551
155423 171444
149407 172866
156797 178000
155480 172319
159815 163122
150751 163134
146419 176391
158712 181250
145498 178288
148822 182418
129438 182115
139623 179782
152542 171139
145696 166504
157210 189078
150247 182288
144216 182030
152539 170019
140349 180655
156129 182255
145408 172768
152424 179219
141588 170620
141554 183978
149584 160345
145880 175565
151958 180378
149813 179109
160646 184191
157318 183180
157005 146798
163955 179471
150245 161805
145847 183008
146290 171766
158453 192840
157831 169531
146263 171735
138397 178394
162140 172793
145762 173751
153360 159117
150685 161013
160111 176426
151712 169682
160914 176129
150103 154699
156215 174441
165282 170295
149492 175078
146597 168444
164642 172785
147674 181535
157040 164402
151602 179327
134670 168847
138515 181421
152186 176678
152891 180939
150805 178030
145502 167270
151229 179273
151134 166936
151049 166319
146846 175763
133504 185837
152144 175760
136439 172192
147361 165270
159338 179025
163957 173644
160625 169489
158997 170378
148300 161085
157214 164892
152621 171801
148292 181894
136253 180835
165130 178977
152412 170447
155561 160355
161563 153052
137951 172486
148503 164209
137754 169853
154250 167179
145614 165988
146155 175798
161980 156353
149321 181254
145688 175233
154606 177355
162273 172200
152850 160485
144380 178528
160526 195298
151992 151597
159140 181034
161649 162137
148344 187289
155592 179044
144900 164350
148988 173749
154993 181455
156825 170415
140978 174569
155700 168841
151103 167801
156144 175704
142164 163867
153088 166645
146389 177032
151995 168560
147436 169464
152538 165824
156357 160568
159032 173598
157715 172850
162950 179733
151507 179103
147669 185773
148248 167235
143501 175666
152917 178813
152952 178482
153539 160978
146033 179974
137454 156486
163659 176380
138382 170635
154295 181764
148084 163992
158275 171410
154687 168168
145645 168184
155986 165325
155848 166477
156958 162428
153423 171158
152856 158981
160493 168568
148593 161314
161895 170674
153196 179311
143612 183801
151381 192074
144822 169384
153676 182295
156816 181552
158407 178282
143678 179523
155240 176699
149793 174449
144648 182037
132121 174869
160791 171223
142124 181876
154643 176611
151528 175259
154899 163513
146533 180131
138406 164232
151419 176829
152266 177947
153960 181162
151357 183192
147107 167237
145199 182076
152146 186471
164050 184145
159755 179950
144461 168831
153258 177816
146865 173308
145456 177481
141582 177294
150994 169332
142900 170703
174126 181678
151517 168428
142202 157421
154694 177699
144039 165543
146810 163381
148893 177349
155773 176810
165804 168997
147484 184319
148274 177554
153076 176707
151080 168489
154151 177872
148576 188002
159103 165806
157044 168043
156963 171498
154243 190560
163089 163794
140356 186887
154598 187100
153583 166641
156002 154368
139274 171311
155202 166170
155170 169317
152792 162539
153661 179702
135649 176892
143129 167208
164302 162367
139444 165333
146184 171872
138573 173910
155345 174233
133925 191736
158500 170694
149096 174589
160169 190703
147538 186851
154944 178819
150744 172634
149987 179313
148636 167025
157790 167811
159970 178728
152835 171269
144380 178041
155078 181058
155103 171927
152053 184680
149231 173723
161524 168636
142387 176011
151424 169223
152662 160226
137380 188808
161987 173118
150053 175606
152282 182606
157505 181343
145555 172860
144986 169551
145650 179649
146519 162066
144961 154062
144678 164354
155202 155338
145221 179857
147659 174188
160400 176675
140514 179385
139740 173649
148589 176547
156215 175559
149725 173774
143956 170811
169038 173366
160258 162202
155857 175237
154459 172844
149453 152555
157876 174172
152949 174554
146305 152639
146809 165875
159940 162598
147004 178323
154148 172833
146545 163140
156266 170851
155588 148501
143275 158349
145807 182301
156516 181259
147686 177096
156625 149173
150580 175342
152298 177338
150292 174443
143754 175652
157235 175336
148561 181257
155822 171495
151570 166374
155314 171595
147139 163848
156303 179261
144454 185518
154950 174213
153767 164266
157604 178079
148966 178415
155233 181684
150732 187637
154071 165508
161914 190511
151754 180205
138926 161002
146182 165717
147287 165353
148678 173684
149161 168237
151111 155051
151962 180149
150348 150894
158717 172676
137166 163062
150453 174567
154193 172268
158881 187126
147031 181481
137709 166716
151315 180367
158502 178953
158756 181339
148669 174170
136620 165499
148355 173817
151794 173384
142839 177630
146007 167330
152824 182503
136915 162267
164580 162974
151042 170125
148369 181015
153358 183095
134901 176328
148514 170518
149893 187820
140152 164913
143358 175201
151126 182273
131889 180196
138945 170600
147814 180762
151768 176096
154790 163970
143217 188982
154613 161390
141148 164112
159222 174364
152602 164471
150930 159231
145357 177844
146581 180206
156700 169787
146645 168110
165808 171376
141053 173692
144438 173107
135496 169438
157044 161413
138712 188004
140807 175853
144201 177852
144242 183659
140838 166819
144185 180349
170117 169868
134849 161198
150167 174991
148801 173317
149074 193425
149940 185519
149928 169586
142181 163614
161823 195557
151848 169192
145309 188439
147858 183177
160709 169856
159405 163293
158701 158616
149732 178605
153803 185628
143828 182946
145913 179086
140306 171073
126866 178987
142698 166480
156542 182211
152800 176079
147763 182920
144868 178838
138530 170567
145189 171761
155880 170070
159307 176416
141309 174447
157890 165556
163999 185602
148381 168556
149981 168965
143672 163682
154828 170205
152571 169965
153706 183693
150829 168418
158224 178996
162866 162371
165445 169213
145742 168418
149828 186262
142559 171253
141558 178945
148833 166694
149084 163963
142032 162369
138787 176788
137032 171594
155085 178624
147878 173607
157070 180081
157185 173250
149031 170994
144778 164955
164175 176249
165942 181215
160073 174794
156826 159030
149758 168066
156338 173304
149271 160918
142366 169472
145260 177330
165573 160220
150226 163649
129700 161337
164880 194938
150271 155160
148455 167487
142484 179089
157306 162528
142928 176560
160155 166260
136824 179097
153265 164925
146642 163701
147014 167501
160412 165304
146106 168252
148329 168681
143494 184013
153579 171135
162336 177914
170168 176796
159081 177872
160564 184650
149609 161350
158295 171744
163198 177203
143111 160197
143798 175700
159274 178302
148710 158081
164641 184293
140182 171101
143928 164737
143162 175526
164462 177987
161862 190141
148337 179364
161568 188035
151901 178131
163785 163722
149064 181028
137057 165083
152523 183762
154564 174521
167823 171029
143513 177419
148810 182232
151403 172133
147813 177344
146572 174027
147750 177166
152453 187518
144745 164587
148794 160710
147959 172309
139211 173726
160122 173038
145524 176968
157324 177182
147810 184059
161479 187590
154134 174558
164153 168081
151255 166021
156389 176418
164516 178039
161562 180033
146905 168337
152973 174631
141135 161551
147434 162608
146568 177360
151449 171737
155127 177324
147097 176156
164756 166130
165464 190263
146488 180058
160930 177302
147541 174601
154530 164727
147805 174404
144927 181169
156707 181621
164582 175499
160794 179557
162722 163059
143819 167187
155063 170577
157867 174692
149448 177017
150570 184058
149341 178146
150979 174339
144486 171453
156925 184480
140140 171369
143905 180832
151483 175666
141863 174112
152351 186236
145700 165752
156378 169697
152254 180302
143266 171746
157181 165414
161432 179103
139920 168089
155810 180180
145414 167083
146821 181938
155597 172106
148094 171575
160343 170337
138911 189802
150888 183982
152629 174573
153247 163954
150789 173414
140785 162679
147153 164594
148963 172921
150752 167541
151489 167996
157283 167055
151470 171301
156662 176547
156338 172964
144525 171240
153205 183140
148686 166191
145970 172924
131797 174574
150046 177288
152623 189401
148140 176372
151260 161026
149940 170705
149913 187795
150765 167345
147585 178433
157813 169060
153675 166492
132521 160658
145674 181741
149062 182759
153552 174731
151750 163590
171588 169682
143151 170413
158364 183527
148386 176934
142704 172999
143030 173073
150660 170151
144790 174300
155075 169787
143993 159588
163503 158938
158027 178671
148827 164323
150541 168523
148368 166678
143543 169457
156123 172208
142040 172315
148707 177999
154762 181136
151186 167012
142111 167037
147420 173238
147914 170291
155877 171785
151574 152910
139720 166195
138583 168730
162088 171321
153140 170903
157642 158733
161649 185290
158530 175345
157057 188396
162061 168552
159560 172958
169437 177404
140607 168518
140829 180261
147131 174938
145688 166355
155178 178156
154638 180089
148833 174064
145405 186385
142497 177549
151392 166560
146448 158573
143287 171821
168510 191599
156323 176536
143984 187659
150486 190555
157536 171934
150855 173457
151830 185672
144180 166568
148649 178281
144262 174284
147180 175938
140481 157186
160468 176559
156323 165810
158239 177958
163607 187836
139611 174984
160313 175889
153736 169445
145525 168335
155330 172712
147599 171926
151809 188125
154653 171842
146443 180298
153559 164820
139276 177649
155110 172643
155553 188734
151656 162569
143939 170900
145078 174200
153923 180132
168510 171087
138871 167216
143873 190386
159937 171262
140395 163960
159176 164407
158157 181771
152473 185547
147838 166784
147355 180720
152630 181611
147753 186860
145949 152326
140136 177162
146363 177561
146509 166436
150481 158032
146050 173604
133875 174261
148102 181260
153470 190173
149606 161433
156347 174216
147075 175591
140492 173592
152069 186657
162730 159218
157292 181407
147158 159470
148860 172651
