46953 3241.97
144376 116211
135227 119336
126036 126449
121864 133622
124100 130921
115109 162556
115980 157014
117076 145921
117385 144920
119881 139705
119332 143333
133468 125354
116905 154231
123581 132744
135040 123530
134255 125016
120250 139635
115974 160099
163331 115206
114718 166190
117839 146870
120164 140141
137361 121577
139420 120252
142330 119613
129691 128060
133227 126996
122704 135954
126296 129857
119251 145114
116467 159869
157297 118539
149551 118728
126016 131848
116980 156414
123277 135012
148057 119114
128668 128812
127200 129435
135752 124118
135488 124440
121302 139801
124112 134853
117604 151773
117568 153050
116856 158426
149399 118842
122497 139661
116830 158824
117388 156303
135475 126351
162253 116320
115301 164128
122978 143411
126631 130551
129453 129629
124407 141720
125630 139431
125920 138533
132357 128552
132620 128244
116003 165667
133266 127697
160081 152722
157161 155989
151838 156275
150983 149015
159462 162531
149330 143445
157089 153653
158056 165172
168832 158278
164517 157116
155293 149886
144093 158580
163368 142765
152541 168217
150566 156353
155181 149982
146968 169629
148107 159005
161667 162037
148339 164691
149950 158067
139905 153094
154559 151672
142735 157650
163168 150957
151333 153276
158584 149590
147760 150323
146438 158425
140180 158412
146439 143015
157571 148466
174858 155936
153658 157068
143676 155968
157514 158249
135367 165214
163871 151350
156198 158467
144398 161408
160851 157044
164773 135186
147533 158254
157528 163152
150769 154213
152704 151425
165091 145500
162283 167068
150131 145447
154537 150166
145679 156075
149303 153023
159359 147686
151463 168726
169989 157916
143256 167461
150373 166316
168640 164436
159726 161588
160556 156025
162996 161408
157188 157254
147682 162112
144875 155012
156613 154924
152818 156692
151703 165252
139818 155104
149472 148919
154566 163993
160967 155152
154940 153832
165788 168119
147304 164040
154817 151212
151791 166375
168736 164346
150303 153947
163069 153427
162805 150898
161119 165827
144394 158466
152135 158557
144738 155794
155529 165696
162863 167142
150153 164931
163502 167635
156825 153270
155416 150505
163365 157344
155690 146619
159699 145697
169497 152782
141093 162819
151439 160172
165585 149414
143713 149740
158179 142882
148800 146869
147102 153542
149252 151366
160035 163164
153801 148971
152136 141848
150756 141500
139662 141717
146113 140618
157599 162530
165786 163051
156935 146212
151661 149161
153768 169919
148279 154965
152483 147286
149425 160178
152279 143870
170602 155240
160937 148284
147944 154743
135756 151692
158422 160524
154130 151142
148230 146293
144068 155752
158674 155562
149725 148254
150164 159718
151945 153968
160354 162051
159124 157238
165557 152837
152468 149995
147227 160272
145006 160284
156768 154148
148954 149276
156399 154055
164326 150426
157959 148952
157155 145657
146251 162769
167767 167239
159617 153058
138050 171778
147125 162792
159757 157073
163491 158763
151942 145108
143010 146214
156610 146825
156064 162425
137630 146868
164271 152856
156119 166907
156520 145245
158095 149211
159632 153308
144018 165954
144484 159489
155409 155869
145121 149431
163801 147594
164246 162872
147042 152993
153253 154166
169873 149061
147429 155956
158209 165708
155331 157550
145076 158235
139731 168300
141748 156602
154050 160460
155253 161826
154360 142963
142762 154512
156243 167588
169658 158962
153762 154599
157160 163083
148756 145932
164303 166100
154956 151882
157978 158519
149976 155258
157320 162652
161929 161514
154131 150736
154186 155299
147472 167105
169716 162004
154886 146307
167113 152181
154530 161561
157620 155838
158209 142033
152356 158578
156306 164446
147853 162321
144268 161714
146665 139420
159904 155505
154822 152490
161479 151997
151113 150019
153846 160363
153622 158831
145244 165083
150324 155638
151949 146373
151691 155164
160756 140808
151954 162285
145189 149403
159703 146941
160532 160332
154562 152275
162453 144119
144885 153964
147859 157027
144257 148294
151635 165650
148979 155941
159081 164270
158393 147608
150017 156952
153933 154566
149043 147035
156137 156459
152395 166318
136260 151659
152693 145364
162787 152977
144509 164508
156441 179605
168250 157117
159317 139691
146173 152235
144673 163865
157156 153911
153878 156537
156642 148882
152534 141575
154069 147661
155213 135414
167358 158979
161153 159297
163685 146004
164785 149825
158177 151541
150245 145333
154179 151041
154958 149219
156390 146294
161294 152752
165795 149377
146326 151408
153939 172731
160128 158865
152509 156412
166749 166818
148473 158904
155009 149929
169695 172097
145766 157495
159447 160612
150159 152330
146884 148027
161188 149803
167620 151920
151377 159849
174374 167554
148393 162933
148086 148125
156823 154948
155803 160407
149349 135621
159993 143264
154854 162995
161980 162245
165341 163916
167835 143492
167855 149420
148288 160870
162516 161747
152127 149702
154271 162019
152623 162466
160058 144714
161176 154615
156097 149124
169155 156600
168638 152737
166385 145483
162729 168863
130880 153059
144401 134141
153859 166863
149266 149514
151977 158920
139887 146011
150796 156788
158267 165770
147845 158571
146442 156340
150341 159646
143824 165112
154459 153440
152792 172695
146418 152613
160624 159297
174938 160413
165064 154390
147204 158411
144777 173791
154804 158685
157504 163570
142390 158576
170501 154567
161957 158584
152312 152595
158746 155206
155574 159975
151382 156975
153342 161070
150014 154043
160414 147544
155362 144976
158594 156555
162257 147326
157333 151321
163874 154439
159303 146585
150737 150322
167760 148559
146279 155030
151838 139677
151471 157902
165707 154949
157512 157601
163975 149431
140608 150180
154783 140880
147190 155310
157149 161134
143003 159003
156101 154760
140140 141666
168540 165290
153460 163840
154617 149046
149759 162172
148198 149260
146203 165048
152039 170308
157215 153988
150845 151755
145047 153717
145319 165459
177514 158407
159745 150038
152663 155960
149326 146892
147202 144911
154533 162312
148097 139244
150654 153991
151409 143054
151072 155037
160347 139608
149858 146137
143651 161089
162731 149758
146815 156032
167339 155956
156322 166945
175650 159891
159170 151538
148132 151348
159531 149781
157403 154400
156071 144240
159527 159820
157429 148955
152281 152268
159562 152067
165366 155695
171502 168811
148959 135615
156055 154800
145563 141753
156059 152561
157744 150468
150469 170436
150831 157152
157727 159287
151777 164330
168741 146652
145775 159260
140225 152631
147744 158131
161772 155415
157056 151421
153037 156177
147088 157552
150510 149263
152421 159217
145818 149570
159832 148982
154736 145792
161055 159331
154083 156581
158705 149546
155079 162030
160964 169967
152037 144986
153798 163757
159357 162655
155167 161198
161810 141919
149952 158562
151811 150354
153914 153883
165632 162096
158800 160484
151306 149962
161580 159616
160814 154069
158929 153628
150697 160258
147210 160330
162932 145084
161424 160202
160078 157889
163485 167099
156650 157474
163139 154862
156883 156153
164095 149208
158512 156033
156580 155801
149709 152734
152944 148364
144513 160131
168092 155407
145245 147309
167798 155171
156668 142089
147349 164240
156139 154911
151990 139067
159263 161099
159769 149691
145794 158720
149703 150861
163546 143045
151141 153649
163452 150271
146438 160873
149713 163473
156081 155052
159191 160565
173892 170793
158970 162046
153364 182610
149053 160077
150418 150564
145859 151705
149727 150764
157382 147015
158554 147602
158738 148647
146705 148340
162938 173567
153653 151362
158792 144167
151095 149104
159024 148121
151104 171748
156263 165786
153915 148242
161390 151171
161124 152630
158104 174851
158194 158334
161166 166926
159133 155388
153770 154219
163725 157261
160311 160284
154934 154412
158848 156253
160044 163082
150795 153068
140063 162370
155088 161468
150166 142227
158426 163991
137019 163590
159105 158129
153105 144872
140742 160597
161057 153461
157957 151239
161414 146619
151278 160299
158821 153150
148490 156024
160405 141479
154691 165649
149429 146537
159688 162016
145029 141176
165912 154599
159810 159082
146809 154486
158711 146260
155320 155246
158510 152289
158657 166317
145716 154040
145368 157060
146208 156456
152369 172664
157630 158462
147674 143964
148752 155691
162222 163149
159252 153773
147234 139529
155116 157560
141460 149271
157971 156497
150906 154744
157275 145504
164867 161015
158665 159687
143850 159713
159782 147177
145291 162082
156442 148278
136008 171153
159676 155995
153136 159281
160082 157772
142942 157185
141378 148816
155181 151944
154258 156360
145871 154352
155464 144170
164074 158887
151974 153770
166024 170506
139022 165494
150738 152716
160310 149946
157887 147664
154309 151987
160175 159894
166084 141557
153467 150778
151732 157633
148022 155000
157125 151364
149415 158945
155543 149967
158010 152564
148408 158637
152631 147687
166259 158109
150321 164321
157375 147373
149728 167687
153641 146380
158658 146861
163812 156508
156356 155634
157895 149502
159949 149031
164407 160745
139276 153052
152978 173149
160758 141122
153141 165319
167521 169833
156828 149925
147240 156531
146913 154352
154940 165886
169336 148848
143578 161373
147184 170370
166310 145894
161649 158013
149920 153228
159989 156365
154321 152798
157298 148352
148906 139020
159710 162590
160578 143417
150610 163035
143162 149484
154717 158939
155940 160544
137160 155095
156431 159690
163902 156641
164936 147491
156073 155394
145560 165136
148149 160123
150451 147727
160849 140080
149569 154974
172512 157578
154144 145993
150738 155765
150444 142787
155016 153962
172811 148975
153588 152991
148407 152532
162812 152036
142409 155532
152576 158492
165310 152607
155474 148778
145356 152067
150183 155557
153507 157276
147414 158324
153113 164369
157031 158091
161155 168671
153343 154833
146904 163646
165750 157430
147188 159912
145614 169140
159628 171803
154248 155571
157943 144003
151811 149119
162208 150294
166324 141662
153024 145294
165424 160556
169690 146885
145999 138056
145659 165525
152670 161605
159976 150068
152952 141547
154419 155113
147016 151562
159705 163356
155592 158072
147911 149177
151816 169450
163776 153019
159753 143993
145453 160192
155538 156046
164355 166226
148898 165955
162812 155981
146329 150325
163688 164596
141143 152248
167732 156559
150716 154073
139986 158506
160433 145824
140504 149439
161661 162049
158575 161678
156082 162527
147087 154281
151680 159716
149462 154425
152966 151994
147405 163995
154061 152838
148442 143795
159657 161542
146057 146165
139089 154412
149325 168126
142357 162336
154859 161975
157143 158994
158242 138336
136903 149624
168399 148104
156191 145945
140065 161978
158090 164925
163033 153941
153429 158587
150413 149428
145822 145105
159129 150025
153944 162253
146216 154091
155684 144668
154489 150832
168589 166961
144080 148086
158917 158205
155205 145955
165879 156582
151507 158519
160519 161252
161219 156586
149393 161441
158305 159528
148227 147294
160081 168544
149182 141157
171144 159613
154473 150773
156010 146882
146040 146763
147948 160990
157768 164286
158147 169102
147523 169408
152609 156346
155250 171095
159179 156728
163476 152336
157647 160879
166218 141655
148869 151442
159678 159108
162656 154298
153799 147972
142881 163879
158230 147724
147619 160374
156913 148538
150154 160646
157230 151729
158867 152770
138442 159337
157499 157998
139159 170333
157212 155749
150899 153889
146741 155124
146103 149724
152605 158552
141838 136296
147142 153510
152929 156862
169959 151942
150005 158879
135302 154361
163238 143483
156967 162470
148402 153282
145864 146488
145700 168730
156004 148432
159361 162118
144960 166226
152093 164461
155379 149926
147810 143070
160619 148898
164149 158725
152977 163012
157344 164632
145005 156337
167724 154124
146953 159718
149556 154227
146701 145596
154679 144648
159356 165064
158214 155244
162217 161892
166671 152506
144767 141348
146451 146661
151610 136856
148361 173929
149082 153385
156074 147842
160854 151105
160753 148682
155949 165049
155599 153387
144198 164702
144933 152769
165375 152101
146755 143768
156291 170887
162194 159131
152912 157339
171077 146736
148631 157483
140990 159320
146404 150610
152697 149352
160981 167606
154195 171440
154158 159020
150241 168157
149543 143414
151090 129007
138377 151560
155193 156807
162607 142367
139977 141513
155960 167520
167259 132045
164030 156059
147246 145312
154792 155228
152109 149357
161473 155236
150823 157369
155240 158318
152813 170624
144138 147727
148137 148353
144657 154750
143403 148443
156832 145396
150371 153585
151471 161508
151032 147467
157099 155047
154789 161815
148552 163730
166375 149944
167301 160317
159055 166656
160616 159680
160669 149890
168221 150635
156348 153315
137824 140872
155994 147962
156175 161459
155124 148904
142886 173001
149753 155218
152634 150771
155200 152455
150269 172590
155735 157910
157299 166947
152643 151625
161862 154712
159796 171638
149339 165487
148149 150922
158788 141109
154142 160894
150080 152830
160761 156507
152408 152293
161977 162986
147217 148132
159953 142764
158366 158743
157407 141850
159093 169449
155549 164563
154156 159732
156491 156117
154015 148796
163643 146322
151727 160887
156232 155800
145043 163861
155127 158098
161554 147217
141702 151150
160956 157603
151553 173666
152322 151597
156197 148301
146484 153354
150644 155630
157357 141287
145462 156225
164249 168072
163352 152567
152597 150187
157091 162493
151292 158956
151240 150191
162259 151186
159202 138896
167456 156048
152823 148278
153176 148826
158870 151700
148134 157209
160258 147099
159903 161323
145435 166613
164502 167310
159067 161874
149144 157520
157046 163648
164054 159030
159885 152693
167002 158314
155207 160415
147809 145658
149591 147918
156239 145926
151913 157663
143044 152375
161438 162728
150460 151996
154431 162875
156578 159238
143192 145064
143840 154663
155722 153296
155269 159267
160801 163183
159270 155033
157596 159060
142808 152764
157057 159029
144907 149627
142854 167097
162190 146101
