4846 1382.79
97403 122967
121993 93267
101786 113025
80970 123835
90555 149241
117895 94257
88893 106134
113460 129777
111495 108251
84563 134927
98436 114444
84057 152438
99645 113218
115253 95320
123244 137962
116588 130650
85434 160159
93002 115415
132655 130617
90638 151360
97138 119613
119954 104695
125109 117601
86817 140582
125381 109655
99534 120025
119676 122863
98183 113108
112208 93072
113270 99790
92029 130686
110118 134106
96031 125456
122831 99792
100760 156303
109636 127228
127213 122214
89221 124560
114785 112344
104921 113770
128515 96163
128199 124283
93044 148081
107108 97121
98770 127387
103432 153480
83262 104992
92282 160991
77717 127819
94546 154298
85796 156289
114461 115830
104119 143928
94201 136789
134649 117692
96877 119589
98610 134160
113348 133951
91695 149907
110420 102420
93761 131893
91698 139507
93999 164865
90950 119792
107040 148477
135254 100924
80533 146797
87694 140828
80025 139984
131844 143544
91841 139050
111596 105064
92768 129927
88306 178575
92962 120882
91018 155491
115317 118632
138940 149417
101816 135221
92593 167525
87552 112867
86122 127698
100575 113753
139310 131568
83091 114796
126063 99573
95997 123674
80637 141110
124223 146896
91972 158385
97065 90940
92242 103410
92848 117119
99609 119965
87650 157427
93604 134959
113460 124461
122650 101150
98641 153895
101353 116439
132489 122182
119584 119407
110373 158666
106980 101479
101122 126501
99242 124266
103277 134809
95037 142108
114626 128592
131793 144570
94812 131284
127167 158372
78093 104893
123837 106688
123094 90834
133604 161576
122769 136928
106929 144633
92638 109477
107921 125160
99430 115219
87408 115860
111024 101419
81439 139753
109090 109607
85116 138820
96892 127607
110979 121585
90091 126012
103486 129912
85536 127201
97444 150893
94061 108265
95318 113805
111841 105249
124491 108190
95957 143491
85080 118189
101239 135239
96893 174085
92576 121749
114225 98444
85756 134547
115116 91763
96211 110145
95989 155278
90262 139947
90894 144284
83631 145831
97016 154212
105167 109657
120507 149630
116914 101822
92342 147139
116934 122831
98927 131188
95532 108545
100165 139404
103969 132275
83104 154483
146177 102269
115042 99220
91589 119009
98457 127713
112075 119109
136279 132357
95640 108805
109247 122838
89845 120179
122969 101427
103012 108530
91065 153979
90889 134345
91209 144704
87471 151613
106544 105630
104061 147680
110831 130726
128388 125404
111129 117377
103575 135774
79464 115164
88257 122060
97298 99862
128419 106813
98445 160998
116841 116919
109484 111944
140397 123188
131017 129376
120764 142262
127848 124528
85915 165457
111426 93960
133197 131376
96774 157716
82392 108416
106406 138105
128536 132639
113173 132960
82156 110835
77454 119289
97477 139818
96488 144505
92377 151322
91398 128320
101868 128886
103489 103710
106259 104646
122427 152530
116333 145650
90467 139741
79916 140154
119359 125997
94552 140084
101641 98036
90392 139229
96576 159888
89434 142698
106814 134387
100436 132036
123022 104358
94089 151152
90791 158468
90518 109452
95377 143302
135256 128128
101362 145823
93459 108651
134480 147725
102657 151162
115233 95461
130625 153054
93308 124730
90709 151741
91788 136456
98699 116754
83715 138694
87318 148369
144946 96990
89076 138571
106075 142677
106825 128635
101996 166623
89148 131983
139534 146259
127516 107910
91086 149972
142463 110347
114375 97808
123951 134810
116981 116613
92765 116227
94753 168822
89511 103708
93800 121282
88008 139464
92536 120694
88511 115139
88336 149512
80215 115292
105276 137049
87204 112300
99428 122175
92273 113071
129558 131403
114191 105245
95416 145508
113854 95457
127025 104603
112818 145531
117585 120255
123984 97139
92975 103814
123820 125398
88919 128232
92480 129983
86894 129733
89990 101653
125125 112468
119772 94202
88123 137005
81174 126498
108447 101176
102038 125546
101235 110655
119719 134519
142267 133920
88075 118848
101544 128055
91729 127573
116165 112359
123943 125066
77083 109750
126496 113349
87629 122855
106790 126297
98324 138223
133720 123516
117104 159669
91573 163904
90192 126658
91494 165373
101172 133260
87169 168012
118546 94564
102134 156337
105814 130824
87011 133109
83112 140934
102959 111347
76225 136862
130876 98844
89385 133291
130592 143024
134191 94931
102893 110507
80803 116688
130308 161296
119118 135361
84857 156439
76482 159576
95098 111368
82934 119508
89349 131214
103134 122890
85002 128933
107757 100147
136845 120367
110103 97155
100722 159355
102017 103405
88654 134868
123099 107644
146903 113425
128221 111749
100444 119194
107602 152772
93004 113412
107620 98495
113277 108713
112704 158804
88212 103427
111558 114190
85850 132701
115114 103879
91682 121319
92878 159924
104998 132979
89118 115556
122052 113009
88505 102549
81467 150425
104295 104768
92293 130482
108966 123352
123772 135924
107808 105294
108039 105252
93727 148247
111548 107460
126874 146891
99417 121399
116346 94066
127337 107532
97025 117599
116522 112907
95509 122866
83253 126864
107307 113956
116812 90103
106883 93519
88085 124556
84299 111370
122830 142580
115515 108299
114039 104218
119170 90415
106538 101318
93551 145489
100558 113116
92404 107467
91501 126532
83503 162624
132791 126837
103657 117566
112423 109168
87216 158569
86982 151415
110289 133811
121411 109588
89676 129485
99228 150115
117981 111984
81659 89629
80911 127306
112568 101153
110184 107801
88257 144761
133567 96328
105075 120671
82145 130871
144909 105133
108683 113299
99680 123016
111540 118661
115917 110869
84354 139510
90152 166076
115908 108928
89097 115561
94367 139627
94855 142992
117547 99620
102867 137552
86084 109041
126528 113265
98820 114346
84353 152498
136186 140717
100902 146018
106594 108099
121976 108863
97189 138178
123121 133828
99181 101194
105654 152229
100271 132049
84732 121978
111819 154608
114236 106414
87172 151826
122863 99648
91910 157706
106873 159120
90640 133339
113369 112552
87979 143151
92241 162295
89554 162455
89809 150778
96917 119385
132948 102570
96960 101248
115171 116894
96812 150985
81346 127586
93997 105267
98138 160945
107300 112326
127468 97676
106452 117116
155590 132564
127558 150093
96446 104120
109251 130518
82323 128143
103563 95844
93238 137878
107274 129507
119640 105967
147131 103995
103569 160566
92439 158120
127350 122940
94410 133504
108217 154109
161217 104501
97171 132791
116148 102495
85979 125580
95583 109864
112024 125551
110131 128928
92651 155923
123240 138132
96448 173002
112007 141860
124892 150250
139736 131581
105705 146225
98144 93851
127271 111903
115395 105769
117444 108727
91593 166906
115069 135901
102278 132939
123765 130047
90004 129738
126552 130471
98208 141470
80570 121808
99658 109122
99242 157726
89452 132810
125615 150774
105519 140921
123589 128539
96886 157642
98546 133951
91060 100817
88548 173276
95261 143942
147123 154756
91196 113655
98013 152018
141403 102398
94073 130497
87098 143507
137199 103236
88172 153423
88729 128173
92171 118012
127457 94447
128791 101252
92675 116203
107725 97436
99528 104515
97319 109515
113467 129086
87629 138904
89822 119230
87143 137521
106151 95168
106702 166267
131311 124661
108714 135909
98229 119836
100142 114054
127652 128866
90507 153591
143873 130525
100906 149468
130794 132220
88752 113275
90640 164049
79766 120151
91864 162087
99009 122695
106940 138774
109009 114253
83786 111861
120032 127123
102634 137346
97309 118129
92792 115764
105157 144939
109530 138966
82362 151369
94043 119554
140577 156389
111697 115649
105413 107523
112197 104383
119885 148737
116528 98608
110258 124017
139635 130957
109346 104013
110429 131672
84289 125929
95184 122197
96721 159642
89128 142063
121181 100828
90622 159024
101022 112635
91448 134266
100744 119792
100460 131755
141737 105441
100330 161248
113148 165946
104779 148492
103748 114250
95428 144747
91468 145688
125966 100539
97992 154089
102271 147136
133793 96806
80961 148310
98355 129416
122795 114057
159727 94589
105146 135676
81809 115661
98439 133917
101791 129690
145125 107167
84533 136770
82691 98918
96575 112303
86029 134167
97034 149270
101492 115930
106747 138069
88188 158250
107756 99829
107342 95483
114600 128453
112540 126349
107317 112668
133832 123836
118085 96230
96254 159199
151208 94394
99845 114864
105840 144555
115873 144790
88551 150108
97086 122865
96579 113100
102415 158370
81321 117884
98171 106088
121230 101295
86636 150276
111802 133958
89507 101176
136531 133881
96699 124368
96539 122570
105309 133999
103712 106369
94730 147421
117917 98844
87394 167103
110770 132852
89483 116398
88487 125881
101734 143055
93439 160672
95019 124800
93296 126903
120206 151279
104737 127615
122932 114594
97005 121951
91604 156596
93606 118000
97076 158859
92110 117622
102759 136103
97209 120163
117483 103493
128896 116452
86691 133466
119992 125734
100743 125805
95331 101622
104841 104036
89666 141261
85707 126670
89860 114818
95543 138901
119092 127943
90597 147637
119023 128288
104667 122206
118471 118204
96115 137375
109620 104498
108755 114250
136333 116647
94704 130866
91010 125749
94546 137406
95119 159253
91511 144934
112991 121881
96147 99592
94872 138908
99651 145656
106184 127875
132405 128926
120730 94249
126862 103361
109408 92836
92284 111653
139404 125831
102640 100533
146442 109917
92248 154835
87720 154796
132784 93956
130337 129724
95122 125467
94582 131129
131122 138942
139904 94399
120163 103180
94739 110657
108828 92104
88798 141096
100432 152271
107398 131320
108048 109804
99780 143296
120715 100641
96574 130380
123652 112664
86554 154634
110203 99839
128120 148531
111580 112667
97654 131423
90451 155957
105347 129427
90276 123636
93042 140679
97896 140986
100265 160536
127324 114715
151825 131012
91394 122248
77805 133671
104147 120115
94125 100838
132266 107998
89271 152228
115207 110174
89409 125174
105184 146653
101836 145352
122987 88147
93914 154592
98857 121634
79520 127084
87926 133564
107233 105468
106055 134090
101189 119185
105487 132235
84296 127637
142275 134661
122063 151869
131522 103420
96091 143959
133882 110809
111066 106467
102245 107843
94543 153997
112600 102373
96931 116236
96766 134518
110962 96876
104379 121125
83606 126642
91074 136462
113753 131366
90660 118142
112378 118172
84107 126388
98334 121541
88834 142974
96945 122465
137234 112764
83994 138796
97193 111181
94605 146455
122878 104255
125187 105980
110136 125215
114270 125809
128101 94436
110928 100915
83196 151848
127231 99320
96927 117026
90695 105382
113182 157669
147229 135338
110378 95730
87974 123017
115193 120804
92649 103937
93664 154810
102993 88969
92043 139115
93375 116820
116050 98614
104559 166301
115296 102604
144896 132703
102519 152406
98015 152144
86022 150243
94652 157602
100577 149471
104659 96175
95307 151872
93468 119640
111091 150286
134148 115332
115334 101387
142297 110384
86390 142491
97698 119316
113064 128464
81224 147986
95109 144459
115956 118336
117781 148432
120985 149559
139990 116305
143931 125499
80244 166617
147517 102412
139586 109124
88894 147304
105478 116272
140410 143162
107004 164374
157499 98266
129567 107486
90066 110830
85999 147238
89881 110200
83813 110031
102707 142078
108017 97306
130188 116302
111212 107763
119606 109108
94328 127096
102894 131988
102241 134489
95971 137534
127613 93062
121028 116658
92390 134643
132680 97727
99024 128597
89459 112580
89876 137892
95001 139099
115128 114346
86995 139759
101705 165824
93207 154369
123382 118621
85521 122450
123037 116973
91797 141758
104247 149858
138105 107162
108876 112399
119469 99621
91453 114906
90403 143749
92249 129881
109676 140577
110107 127021
131931 102953
110874 152817
110535 98416
117507 108327
96275 146566
116943 152498
105647 155140
138564 135028
96076 114990
90277 144161
120106 111940
101851 148898
92204 127292
93728 126016
120635 121686
113885 127465
81793 122568
121035 171319
85263 137582
77939 134945
102363 138155
122077 102848
102999 105795
127751 96928
84421 127856
111479 113428
103581 116530
86952 153800
126560 126832
115546 121349
90020 142238
119922 129620
113141 113088
88737 137017
106575 133233
102820 137576
91131 151159
108431 108502
101030 103537
126684 111416
103680 147507
88850 123834
99417 128176
92164 134046
104190 115277
109176 101340
90804 164738
94625 146992
88545 117354
94945 131704
154504 114108
91997 121692
122134 110056
94628 119183
91126 165464
96202 153730
109974 147873
99581 144630
144876 113091
86682 134741
87961 133507
92500 113872
93438 129600
93352 142131
98369 122250
113734 98720
113252 108926
123756 91296
101954 97703
120021 116192
91182 154775
87596 138762
97631 144032
87848 132724
115105 135800
94181 158543
123716 139448
107629 139063
95388 138685
87489 109349
115488 106254
144108 98367
92174 129970
96296 140282
104289 160290
99181 138264
91780 128019
99048 142267
89531 137826
96390 176506
106458 151396
105800 110593
82374 116037
98172 139709
91322 147214
126360 102929
131817 102391
94138 121411
105016 139054
105531 153132
138043 115708
109177 93136
101696 116657
113916 128525
75777 133939
93113 129594
111037 94914
90495 144146
109755 148829
96281 110949
129879 143916
91281 124567
113913 130616
108884 132202
96631 156373
119589 138410
106737 143484
112910 150516
91670 163943
112474 160580
97408 127258
103983 133087
98958 128690
90933 153287
106860 113698
145489 131079
86957 145577
94273 141497
134868 100035
96600 125267
105424 128826
83271 126229
97637 145815
93965 162987
106231 125472
148130 126556
109660 137528
120027 119751
96334 156388
115939 149797
95901 146536
108782 161751
122717 102752
107681 144741
91319 149651
