0 0.0190564 10
864 60.0771 16
1725 120.115 15
2578 180.121 10
3435 240.164 11
4293 300.201 13
5145 360.228 12
5994 420.24 12
6846 480.278 13
7691 540.279 13
8536 600.331 13
9382 660.361 12
10231 720.379 14
11079 780.422 16
11927 840.471 16
12775 900.521 16
13626 960.582 15
14471 1020.61 16
15315 1080.65 16
16157 1140.66 16
16997 1200.72 16
17840 1260.78 16
18679 1320.83 16
19520 1380.89 16
20358 1440.89 17
21197 1500.93 17
22033 1560.94 17
22872 1620.99 17
23711 1681.02 17
24544 1741.08 17
25382 1801.11 17
26220 1861.16 17
27054 1921.17 18
27892 1981.23 19
28728 2041.25 19
29564 2101.27 19
30399 2161.32 19
31236 2221.34 19
32070 2281.35 19
32904 2341.35 19
33739 2401.4 19
34571 2461.45 19
35403 2521.45 19
36234 2581.47 19
37065 2641.49 19
37899 2701.54 19
38730 2761.59 19
39560 2821.6 19
40392 2881.66 20
41222 2941.72 20
42052 3001.74 17
42885 3061.81 17
43718 3121.87 17
44551 3181.89 17
45382 3241.95 17
46212 3302.02 17
47041 3362.07 17
47871 3422.11 17
48699 3482.18 17
49529 3542.23 17
50328 3600.06 17
