0 0.141601 21 25 24
1 0.293354 33 26 40
2 0.449122 32 28 49
4 0.768546 50 45 56
6 1.07316 67 26 92
9 1.50601 69 63 131
13 2.04918 83 125 154
20 2.85775 106 177 165
28 3.88188 112 131 114
39 5.21461 135 167 151
54 6.98802 61 131 164
73 9.48448 106 104 118
98 12.7053 66 59 144
133 17.0558 147 137 149
178 22.8294 128 95 119
249 30.5839 152 152 119
349 40.9727 150 150 153
484 54.8806 150 145 150
663 73.4169 150 150 150
908 98.2403 150 150 150
1233 131.442 150 150 150
1713 175.894 150 150 150
2513 235.294 162 150 150
3591 314.684 150 150 151
5069 420.839 153 150 150
7034 562.859 19 150 150
9661 752.768 150 151 150
13162 1006.67 150 150 150
17789 1346.21 150 150 150
23887 1800.06 151 150 150
