0 0.0825567 5 9 5
1 0.159456 8 16 6
2 0.23301 12 22 7
4 0.380211 24 10 9
6 0.530654 21 14 5
9 0.754952 30 30 12
13 1.04862 17 34 15
19 1.51834 18 19 31
26 2.10152 8 19 18
36 2.90617 12 34 5
51 4.04444 9 15 13
72 5.63562 12 6 9
101 7.84374 12 19 14
140 10.8705 34 11 16
191 14.9792 22 12 23
272 20.6348 117 26 132
390 28.4262 35 33 104
542 39.1651 37 84 99
806 53.9086 136 76 89
1195 74.2061 146 142 117
1833 102.095 153 84 153
2943 140.44 151 151 153
4503 193.193 150 113 152
6670 265.754 150 150 150
9622 365.564 152 151 152
13751 502.859 150 150 150
19333 691.704 151 150 150
27010 951.456 150 150 150
37328 1308.71 31 150 150
50635 1800.05 83 150 150
