0 0.0934528 5
829 60.1753 77
2047 120.277 195
3104 180.312 666
4463 240.326 546
5853 300.354 541
7160 360.363 632
8548 420.38 600
10008 480.385 568
11487 540.418 525
12995 600.448 532
14534 660.453 523
16047 720.481 513
17562 780.515 551
19069 840.519 539
20337 900.551 611
21828 960.589 526
23360 1020.61 531
24830 1080.62 520
26307 1140.64 586
27815 1200.65 526
29374 1260.65 516
30867 1320.66 518
32408 1380.69 509
33585 1440.71 602
34739 1500.74 530
35537 1560.76 650
36523 1620.79 6
37045 1680.89 17
37574 1741 9
38088 1801.09 11
38601 1861.11 7
39400 1921.13 648
40762 1981.14 599
42068 2041.15 377
43333 2101.19 522
44629 2161.22 350
45844 2221.25 525
47142 2281.25 582
48438 2341.29 512
49746 2401.33 599
50983 2461.35 595
51828 2521.39 8
52380 2581.43 10
52936 2641.49 34
53509 2701.52 553
54078 2761.52 16
54614 2821.53 14
55138 2881.54 770
55666 2941.58 711
56177 3001.63 11
56719 3061.66 7
57326 3121.68 224
57839 3181.7 8
58611 3241.71 617
59422 3301.71 697
60647 3361.73 535
61681 3421.75 687
62871 3481.77 556
64291 3541.78 535
65548 3600 542
