0 0.0185915 7
2046 60.0267 1000
4073 120.036 1000
6114 180.046 1000
8142 240.048 1000
10157 300.053 1000
12160 360.055 1000
14163 420.055 1000
16162 480.062 1000
18149 540.081 1000
20133 600.09 1000
22107 660.093 1000
24069 720.122 1000
25997 780.125 1000
27954 840.15 1000
29937 900.169 1000
31907 960.185 1000
33862 1020.2 1000
35819 1080.21 1000
37754 1140.21 1000
39679 1200.23 1000
41600 1260.25 1000
43544 1320.26 1000
45498 1380.28 1000
47440 1440.29 1000
49390 1500.29 1000
51333 1560.32 1000
53266 1620.33 1000
55188 1680.35 1000
57112 1740.35 1000
59062 1800.36 1000
61003 1860.37 1000
62947 1920.39 1000
64874 1980.39 1000
66803 2040.4 1000
68723 2100.4 1000
70670 2160.41 939
72622 2220.41 999
74565 2280.43 1000
76511 2340.45 1000
78451 2400.47 1000
80390 2460.48 1000
82337 2520.49 1000
84282 2580.5 1000
86222 2640.53 1000
88159 2700.56 1000
90104 2760.57 1000
92047 2820.6 1000
93994 2880.61 1000
95930 2940.64 1000
97873 3000.67 1000
99805 3060.68 1000
101736 3120.69 1000
103665 3180.7 1000
105586 3240.72 1000
107509 3300.72 1000
109429 3360.74 1000
111351 3420.77 1000
113262 3480.8 1000
115177 3540.82 1000
117070 3600.01 1000
