0 0.0188733 5
2093 60.0215 1000
4163 120.041 1000
6199 180.057 1000
8316 240.072 1000
10409 300.096 1000
12462 360.108 1000
14496 420.111 1000
16594 480.128 1000
18663 540.14 1000
20718 600.153 1000
22741 660.168 1000
24755 720.187 1000
26808 780.188 1000
28861 840.189 1000
30916 900.197 1000
32954 960.206 1000
34980 1020.21 1000
37056 1080.23 1000
39104 1140.25 1000
41121 1200.26 1000
43131 1260.26 1000
45145 1320.27 1000
47170 1380.28 1000
49193 1440.3 1000
51300 1500.31 1000
53318 1560.31 1000
55334 1620.32 1000
57343 1680.33 1000
59348 1740.33 1000
61345 1800.36 1000
63351 1860.39 1000
65358 1920.41 1000
67365 1980.42 1000
69371 2040.43 1000
71377 2100.45 1000
73434 2160.46 1000
75479 2220.48 1000
77510 2280.49 1000
79556 2340.51 1000
81605 2400.51 1000
83596 2460.52 862
85679 2520.55 999
87766 2580.56 969
89857 2640.57 1000
91948 2700.6 1000
94002 2760.62 1000
96036 2820.64 1000
98064 2880.65 1000
100096 2940.67 1000
102145 3000.68 1000
104196 3060.69 1000
106253 3120.69 1000
108320 3180.71 1000
110389 3240.73 1000
112417 3300.76 1000
114417 3360.76 1000
116416 3420.77 1000
118411 3480.79 1000
120399 3540.8 1000
122362 3600.03 1000
