0 0.0189292 8
874 60.0458 15
1761 120.079 12
2657 180.133 15
3561 240.176 11
4470 300.202 17
5381 360.227 23
6289 420.258 15
7196 480.294 14
8107 540.328 10
9016 600.396 15
9928 660.402 13
10841 720.463 14
11753 780.503 15
12665 840.512 15
13577 900.574 16
14484 960.624 21
15392 1020.64 17
16293 1080.67 17
17200 1140.74 20
18107 1200.8 19
19015 1260.83 21
19920 1320.84 21
20825 1380.84 21
21730 1440.85 22
22635 1500.91 22
23539 1560.96 22
24443 1620.99 22
25346 1680.99 19
26250 1741.04 20
27152 1801.07 21
28048 1861.09 21
28942 1921.14 20
29835 1981.16 19
30735 2041.21 18
31639 2101.26 19
32544 2161.3 15
33445 2221.34 15
34349 2281.39 15
35258 2341.45 16
36166 2401.48 18
37073 2461.54 18
37980 2521.58 20
38887 2581.64 20
39794 2641.67 21
40701 2701.67 21
41607 2761.74 21
42513 2821.76 22
43421 2881.82 24
44327 2941.83 26
45232 3001.88 27
46137 3061.91 26
47044 3121.92 26
47956 3181.97 26
48866 3241.99 27
49776 3302.01 26
50685 3362.03 28
51594 3422.04 28
52504 3482.11 22
53415 3542.14 23
54295 3600.05 23
