0 0.0912701 142 150 147
1 0.170103 150 150 144
2 0.247909 150 148 150
4 0.36676 150 149 150
7 0.530214 144 150 142
11 0.743131 150 150 142
18 1.06645 147 150 148
28 1.49415 150 150 150
43 2.09473 150 150 150
60 2.9293 140 150 150
84 4.07246 136 147 150
117 5.6226 147 148 99
163 7.77453 142 147 142
238 10.7168 150 150 150
346 14.7794 150 150 150
499 20.3806 150 150 150
711 28.0818 150 150 150
1006 38.6838 150 150 150
1418 53.2953 150 150 150
1984 73.4059 150 150 150
2741 101.111 150 150 150
3797 139.259 150 150 150
5239 191.785 150 150 150
7288 264.117 146 150 150
10100 363.696 150 150 150
13952 500.809 150 150 150
19179 689.591 150 150 150
26245 949.494 150 150 150
36024 1307.34 150 150 150
49603 1800.03 150 150 150
