801 2371.46
4.44553e+06 4.73101e+06
4.53772e+06 4.62291e+06
4.54316e+06 4.617e+06
4.43713e+06 4.75211e+06
4.44504e+06 4.73289e+06
4.45144e+06 4.71667e+06
4.46726e+06 4.7154e+06
4.64128e+06 4.55573e+06
4.5016e+06 4.66405e+06
4.43767e+06 4.74219e+06
4.47506e+06 4.68762e+06
4.49685e+06 4.66832e+06
4.51212e+06 4.66136e+06
4.51467e+06 4.65566e+06
4.52635e+06 4.64177e+06
4.55785e+06 4.6028e+06
4.6263e+06 4.56641e+06
4.62763e+06 4.56029e+06
4.69286e+06 4.54157e+06
4.52813e+06 4.63252e+06
4.46792e+06 4.69945e+06
4.51588e+06 4.65078e+06
4.52621e+06 4.64374e+06
4.41782e+06 4.76884e+06
4.43362e+06 4.75472e+06
4.45038e+06 4.72675e+06
4.46885e+06 4.69707e+06
4.47205e+06 4.69637e+06
4.48176e+06 4.68543e+06
4.48671e+06 4.67686e+06
4.48804e+06 4.67126e+06
4.51862e+06 4.64922e+06
4.51947e+06 4.64877e+06
4.58299e+06 4.57812e+06
4.60711e+06 4.57132e+06
4.64814e+06 4.5461e+06
4.66602e+06 4.54178e+06
4.67527e+06 4.54178e+06
4.43057e+06 4.75869e+06
4.52661e+06 4.64117e+06
4.55224e+06 4.6126e+06
4.56566e+06 4.60091e+06
4.43054e+06 4.76162e+06
4.5705e+06 4.59203e+06
4.57704e+06 4.58916e+06
4.59767e+06 4.57254e+06
