5405 1803.93
62512 91933
62259 92375
61990 92946
62786 91601
62620 91703
63284 91014
62986 91387
63118 91116
63304 90922
63010 91346
61641 93683
76129 72575
77746 71193
71444 77061
71942 76474
70234 78262
81037 69070
75419 73188
70973 77728
74921 73775
75683 72824
71288 77292
75821 72719
75621 72933
70096 78367
70296 78153
75185 73411
75483 73038
75219 73402
77259 71417
76623 72109
72142 76260
74985 73625
77429 71378
77121 71522
72080 76369
71380 77211
76921 71736
75123 73520
74721 73989
70434 78048
81175 68965
73975 74612
71582 76956
71644 76847
71180 77425
72767 75931
75593 73034
71878 76624
71852 76684
76049 72649
75393 73248
73837 74717
72280 76155
71782 76742
76423 72323
76857 71886
71678 76838
69798 78740
74829 73856
69832 78731
70006 78577
70886 77761
76657 72100
69936 78635
70206 78363
74427 74325
69040 79654
77059 71631
74895 73835
71086 77547
72450 76116
74203 74542
71362 77238
70990 77665
74627 74111
77567 71273
72588 76011
70032 78517
74577 74216
63412 90877
72052 76470
75991 72680
74145 74573
74331 74443
76561 72218
70742 77904
77487 71347
62728 91658
81403 68895
70864 77825
74283 74468
74531 74229
70604 78009
76541 72286
76224 72540
76086 72645
74405 74389
76308 72495
63208 91040
74605 74175
76359 72473
66955 81763
63022 91234
75095 73621
71706 76796
72508 76085
71506 77010
66301 82581
64677 85851
70852 77828
64513 86084
65079 85382
75103 73588
66137 82814
64304 86545
64468 86312
64863 85657
65526 83744
65690 83511
65899 83050
64504 86258
70662 77978
64295 86719
65202 84603
63980 87404
66085 82856
64915 85615
66791 81996
65735 83283
64131 86952
71844 76691
66065 82948
74903 73802
65562 83690
58586 102661
66799 81994
70787 77872
67453 81176
65009 85472
63787 88273
65726 83457
64340 86491
65353 84151
65160 85020
67141 81569
66635 82227
65517 83918
66397 82463
66233 82696
77662 71238
67639 80982
73690 74798
63433 90861
65080 85318
63938 87821
73192 75385
77524 71343
67289 81409
68199 80310
63753 88711
66583 82269
74378 74433
63665 88988
74630 74083
68219 80218
68399 80096
73352 75117
73552 74903
72698 75935
63530 90200
63858 88119
72790 75854
68033 80412
106926 61034
63631 89426
72992 75599
73490 75012
67371 81232
99626 62316
91851 63959
107613 60911
67379 81230
94835 63177
102822 61772
96889 62877
102135 61895
88336 65021
95522 63054
70837 77869
92022 63918
97835 62727
100768 62072
103338 61690
70944 77747
101284 61990
71146 77492
71442 77160
72854 75704
100313 62193
95429 63076
101027 62045
91335 64041
97483 62776
104872 61334
97576 62754
107872 60884
99533 62338
86949 65590
100081 62195
100597 62113
75457 73166
66977 81699
93647 63700
73054 75490
72683 75976
67163 81505
103768 61622
102729 61794
69567 78912
87709 65292
94742 63199
88028 65165
100675 62094
67535 80999
87576 65319
95351 63095
101998 61916
99988 62217
108559 60761
68736 79886
96468 62904
108843 60755
67721 80805
68987 79676
101259 62043
101714 61922
66881 81817
68727 79924
105466 61233
87616 65314
75319 73271
106075 61129
59692 97880
76757 71969
98999 62587
88243 65043
90479 64411
94019 63542
72545 76081
97405 62795
102367 61893
73088 75481
74959 73753
92968 63768
89852 64682
105292 61324
98522 62604
104779 61356
107520 60933
105818 61184
106505 61061
86078 65999
102626 61866
69381 79106
90575 64339
63438 90295
105388 61252
66717 82050
67067 81623
96752 62898
105370 61305
90615 64334
66315 82519
91242 64063
73288 75267
98806 62598
100572 62166
103313 61743
105559 61211
103081 61745
89948 64610
93252 63762
85451 66270
94115 63470
102651 61813
106789 61055
66479 82286
91929 63940
85679 66200
102555 61885
89282 64871
86546 65769
69225 79337
99985 62267
90400 64448
60735 95065
61099 93997
108129 60829
99892 62289
75128 73496
86306 65929
66645 82184
89520 64835
88930 64920
68823 79806
89023 64898
71342 77243
112380 60562
84066 67095
93979 63547
64843 85749
107442 60952
69299 79283
86774 65699
55446 122860
104683 61428
100501 62185
107346 61024
55803 119609
77775 70991
69705 78807
68801 79870
71008 77597
59888 97200
59746 97783
60967 94689
84294 67025
93900 63584
88852 64939
55701 120692
94075 63475
89545 64789
69519 79001
76895 71864
60211 96211
54976 126357
55229 124199
55295 123935
89773 64719
86431 65814
88128 65088
55484 122031
104776 61406
56191 114049
55737 119873
66665 82092
98092 62672
97309 62867
55370 123215
85580 66210
57914 105226
99318 62460
68939 79765
59499 98749
85963 66044
55078 125274
85471 66229
86207 65939
83500 67432
91755 64031
112664 60556
89653 64779
58492 102731
93448 63746
85695 66165
59528 98113
71242 77374
84485 66711
91127 64108
55436 122951
94215 63355
82930 67708
69715 78752
93576 63726
99205 62586
82069 68293
55912 117581
90715 64219
71208 77383
94119 63427
86659 65744
69117 79470
84179 67070
67859 80700
83675 67323
85112 66440
58765 100941
60157 96308
71418 77189
55193 125018
85336 66315
89539 64816
92126 63787
81646 68482
56342 112974
59327 99290
58092 104427
84885 66601
61326 93821
56063 116506
60517 95395
60900 94937
81219 68926
83724 67301
55586 120948
62559 91782
69061 79570
81545 68533
84600 66666
107424 61005
59792 97718
56626 111595
99461 62373
54813 129742
85028 66459
55674 120762
79456 69842
90619 64291
94627 63244
56408 112710
54771 133508
82244 68184
55219 124290
59964 97177
56843 110256
56179 115082
58036 104511
60703 95201
99399 62383
57687 106679
54781 130650
65133 85268
57697 106565
80684 69118
60571 95298
93864 63592
56089 115132
57323 107474
87501 65359
56559 111635
81887 68327
77975 70777
85467 66235
57780 105448
84367 67001
55810 118664
67457 81169
63554 89539
87716 65199
62004 92562
81726 68408
87047 65569
104564 61478
93785 63629
59861 97233
58204 103738
81841 68363
78213 70541
54944 127265
57261 108009
54903 129692
56000 117395
59335 98982
84881 66633
58407 102843
88815 64965
89658 64764
90500 64379
107027 61027
62267 92004
59230 99369
58916 100489
83951 67140
81419 68712
97191 62876
83925 67299
55572 121845
83100 67536
78838 70212
79762 69483
84372 66736
79002 69979
80114 69394
83272 67502
86123 65958
91814 63985
69881 78650
79230 69909
90026 64500
67215 81463
56638 111411
59406 98828
59993 96541
87089 65470
54915 128659
67673 80894
78377 70308
86497 65785
70045 78417
61713 93153
80569 69163
56700 110651
99222 62532
86819 65639
56714 110634
85853 66080
93672 63654
56688 111091
80389 69212
95626 62923
91031 64180
56549 111726
59109 99620
82987 67561
56449 112650
56666 111311
56985 109291
59800 97410
93532 63745
90812 64181
58614 102016
63537 89920
82293 67856
89986 64505
56793 110410
60353 95628
80341 69233
56308 113634
81193 68928
85256 66389
99322 62455
113452 59732
89978 64557
67293 81402
56332 113065
57716 106442
92030 63859
114398 59582
62801 91438
85979 66009
61853 93014
57485 107422
58238 103276
97368 62821
86351 65888
94249 63293
109152 60564
57488 106702
58116 103991
58958 100072
57126 108307
87674 65298
87123 65408
103931 61493
84240 67059
89325 64838
112765 59855
67869 80645
90088 64490
57923 104860
60885 95042
113711 59705
56322 113617
56483 111990
56984 109528
63676 88824
74821 73858
112706 59986
55887 118434
94843 63118
