191 30.0382
77605 95743
68454 111326
67599 122012
82080 90985
96276 86900
70175 106343
93488 87779
79013 94889
81065 92741
80171 94323
69844 106568
80748 93562
88374 89370
69077 108164
71047 105242
72631 102960
81136 92702
81774 92614
87915 89494
67157 125843
67922 121664
68329 111943
75535 96742
76901 96576
78527 94973
80090 94533
87267 89818
71434 105199
72781 102030
75346 98091
79382 94871
80345 93817
86202 90235
90553 89203
93201 87822
104556 85485
70975 105556
72222 103830
72915 101755
75045 99070
77608 95263
84298 90855
84631 90705
102261 86519
102418 86142
67178 124379
69497 107021
70488 106100
70701 105564
71653 104305
71804 103871
72512 103080
74266 99394
79442 94743
87123 89970
92527 88567
