2052 3514.8
6.35042e+06 6.59944e+06
6.86292e+06 6.20151e+06
5.89768e+06 7.36706e+06
5.92109e+06 7.28704e+06
6.05744e+06 7.06252e+06
5.98202e+06 7.20133e+06
6.87241e+06 6.1951e+06
5.94466e+06 7.26318e+06
6.37238e+06 6.56419e+06
6.29826e+06 6.68056e+06
6.05736e+06 7.09034e+06
6.48532e+06 6.43732e+06
6.06952e+06 6.97415e+06
6.52004e+06 6.38094e+06
7.03935e+06 6.15597e+06
6.29859e+06 6.65433e+06
7.12921e+06 6.13309e+06
7.03652e+06 6.16641e+06
6.25104e+06 6.75272e+06
7.08074e+06 6.15519e+06
6.12009e+06 6.81496e+06
6.24452e+06 6.7764e+06
7.10756e+06 6.13378e+06
6.41046e+06 6.45624e+06
7.23367e+06 6.05654e+06
6.32108e+06 6.63622e+06
6.37609e+06 6.56266e+06
7.14957e+06 6.11054e+06
6.27034e+06 6.72489e+06
5.97501e+06 7.20452e+06
7.14468e+06 6.1255e+06
6.91592e+06 6.16918e+06
5.90407e+06 7.33377e+06
5.98412e+06 7.18925e+06
6.36531e+06 6.58287e+06
6.89166e+06 6.19007e+06
6.13647e+06 6.79472e+06
6.11988e+06 6.91157e+06
5.92302e+06 7.27959e+06
7.29646e+06 6.05264e+06
6.64798e+06 6.29993e+06
6.31679e+06 6.65089e+06
6.06708e+06 7.0388e+06
6.25089e+06 6.75927e+06
6.56338e+06 6.32901e+06
6.49339e+06 6.43492e+06
6.06806e+06 7.01477e+06
7.18274e+06 6.10047e+06
6.38635e+06 6.56094e+06
5.93642e+06 7.26899e+06
6.02545e+06 7.09074e+06
6.21019e+06 6.77733e+06
6.27749e+06 6.7219e+06
6.46748e+06 6.45425e+06
7.22386e+06 6.08644e+06
6.89517e+06 6.18463e+06
6.3319e+06 6.61305e+06
6.49902e+06 6.40212e+06
6.08528e+06 6.96436e+06
6.28719e+06 6.70089e+06
6.65476e+06 6.26368e+06
7.1415e+06 6.12894e+06
7.14916e+06 6.12464e+06
6.00126e+06 7.15437e+06
6.56368e+06 6.32158e+06
5.93039e+06 7.26992e+06
5.95521e+06 7.22168e+06
6.70846e+06 6.23305e+06
6.00814e+06 7.11195e+06
6.11545e+06 6.92143e+06
6.57723e+06 6.31164e+06
7.23857e+06 6.05345e+06
6.40108e+06 6.54024e+06
