225 2.75282
157911 162156 116121
143694 145591 144306
133354 175827 143495
123552 161207 157859
135853 147374 151725
129359 155208 160731
177560 136188 120877
143971 136607 155087
141030 154005 145920
126441 164117 151969
153772 136939 133409
154680 126050 151709
155525 128528 146072
144435 171870 126387
143192 152786 140374
171172 124078 152025
156770 130863 145911
123143 167951 163266
153703 167823 114612
115322 180353 173430
160215 124426 153173
138750 154911 138963
151369 132955 149476
147824 156132 127352
132387 171327 147286
122089 150438 163965
143424 150288 136382
166207 128441 137400
160672 151091 117697
158613 151886 116999
140177 176257 128843
136951 149785 146413
166276 124932 148707
181288 151580 112406
151239 142700 124364
151132 149314 134281
154406 132921 151518
157897 138319 119320
159836 125259 150301
133592 163423 138664
121274 164434 163549
154211 156889 117017
155040 148744 123416
156654 134051 143183
123700 162203 154830
142013 158578 128703
144790 141047 153861
145884 158453 120102
138594 176378 121488
143277 146828 142780
147261 129969 156386
162830 134558 138223
142697 153141 143778
162584 144212 117378
144011 143085 141758
149097 140087 135234
155879 140617 121551
165484 132894 123468
168297 148000 117343
174658 126075 144699
132747 156708 144426
166339 131830 136057
135239 172777 134132
144621 157937 131608
151937 136156 134472
161310 135821 125719
140578 142108 148343
142096 127027 168887
152787 182229 118316
162584 149311 114406
162618 126406 148729
127399 146661 165394
139409 139283 154124
141640 166090 135420
148054 154724 129615
160843 137984 127845
126644 157025 147667
141093 161395 135862
153668 124218 164480
160194 163362 107197
155066 156182 118835
163751 159555 109172
179529 116184 152308
136927 156197 144864
138607 145763 156592
165853 148119 116755
157167 156396 117173
161718 124327 161896
167879 128021 133227
147504 150551 129994
152097 157543 123514
180980 126473 142486
129572 143239 160647
130988 148555 151330
143012 136812 154577
143044 150915 143368
145751 138945 141503
154932 120107 163165
157684 127353 139029
165440 154134 101741
146579 134100 139214
145219 142705 143249
154624 126948 163765
173888 123617 151229
129958 148823 160641
154128 157780 122920
159434 132157 139023
175562 145155 113957
176822 127214 143136
