163 2.25001
164946 167920 132995 173484
156692 155237 146305 140632
152169 125963 158386 150234
147709 154648 153205 138161
164378 126166 144768 160317
149277 145788 157039 139729
155129 140148 146132 143781
165664 151720 131174 160937
172937 129950 140887 145938
170799 158356 132899 151708
171479 129046 137126 155638
157208 143893 143809 148754
164099 132330 161686 129106
160855 144822 139599 143182
154638 135431 146013 156173
148585 146851 146380 153362
157094 138891 144480 138362
144429 136475 156877 143221
155725 140241 143475 162943
177109 128453 145969 141813
156319 129822 155959 136772
148829 134188 151905 158262
161798 130048 146330 147703
140248 138398 156991 143941
153143 162295 136991 156471
154861 143047 147701 138141
153023 148817 145755 149737
158998 157920 135807 155503
173383 126186 151339 143253
157758 130142 143550 161856
161546 129420 140451 149771
142878 133807 156134 149004
151617 139215 155550 140845
155868 130946 144294 152607
145538 123233 153319 155787
151662 133329 142884 169367
155272 122350 163709 143767
178041 124003 142631 160597
144379 127028 156894 149743
153536 139224 151695 143149
154491 131632 147883 148894
154327 138629 153703 141318
157951 148153 148840 135510
159513 122213 161667 146005
164982 121767 145527 148460
165068 147543 167685 127784
170135 118829 152103 147456
161019 142885 148112 134255
161540 144740 140766 136763
162866 135463 135253 142464
157768 132176 144261 145110
160348 139655 135318 160038
172985 123905 167782 134790
157861 124384 154598 150181
141643 130332 171058 144200
154221 120398 150081 157414
151911 144254 142674 153290
137713 135625 147246 151679
156889 145643 145458 145732
156843 156029 161063 131682
182885 125985 151407 141545
158298 145134 140407 150984
152202 146781 158616 137782
151165 167811 139255 145354
153378 117644 160696 153850
154687 136441 151004 138968
156064 125927 159558 147801
160151 122169 179338 137094
140770 132334 177960 160815
151582 125110 176637 147507
143345 130921 159687 148960
157717 133325 151114 137159
161730 132268 150637 131149
150261 130099 148414 163556
157363 127420 165633 128889
160055 130570 153161 144728
161779 151266 138233 153506
151430 130598 146320 152142
154012 136207 155117 141739
161566 134684 144265 139304
144545 167019 156082 145942
149983 130571 152420 161193
158927 121487 157837 151547
150814 129887 151202 159260
183415 131684 143178 136973
145245 139558 151251 144392
146540 123326 171007 153085
161122 124666 161247 142732
166093 136458 136603 131594
166316 131217 153342 142571
145431 128896 158953 139693
152143 142141 159529 132192
157313 128501 151264 147588
158870 124189 153775 149257
156894 131538 151436 148423
137300 146860 159943 149220
156028 132265 164418 139594
161369 130577 140320 149350
166534 124403 149216 146842
158349 124785 155919 143560
152458 124974 146480 151367
158255 127741 153605 149805
141910 132429 169966 143233
146907 139261 151261 147079
149304 131979 148788 144463
149982 153988 153142 141527
152096 122819 162579 161685
152977 130370 145712 158549
152984 126727 162832 149728
155212 132622 160465 135200
165052 143608 131552 160144
166466 130510 151335 145492
142394 138700 150228 149844
147308 133837 160510 132992
160567 125084 155098 143745
168172 127859 142261 142969
142753 133918 161979 147442
164862 125074 137269 152510
153855 133079 161767 136092
156716 126282 156604 146463
161290 127244 165054 138613
163747 134828 140105 152943
149688 127662 161774 148299
149079 146992 149920 145454
151066 149158 146886 139139
155185 144030 138253 155392
156383 127414 142258 167581
159934 114926 153378 144175
163720 124658 160674 129763
170054 134961 138150 151798
154766 146075 155679 135549
154824 126732 156801 148755
155196 135770 153519 142196
157011 132998 142754 164536
157236 130850 151899 148984
159055 136305 143175 134482
160284 138650 157847 131735
147021 138926 161804 135859
159020 119959 133405 160641
159746 118251 163761 151619
163406 126336 148137 151125
165688 114755 160031 154947
171195 126466 149348 132477
149973 130401 156278 142135
150541 140742 151643 139244
153090 132821 152247 144297
153967 144108 143144 149867
155663 134414 152139 143569
163300 134422 134331 153245
141874 144566 156657 141878
145341 150537 182354 138821
147806 146556 150153 146201
151032 140489 143479 150211
152385 144736 147917 140247
155795 135940 140483 150782
159585 142800 142646 150196
160941 125039 153416 138626
163436 126616 145066 159185
164396 131697 145401 147032
141095 124837 152579 152244
144173 144660 150709 148156
149059 133137 155850 145878
150329 143491 145795 148326
157810 145919 156095 135371
160334 133463 141326 151684
165235 124744 159570 140024
