121 30.5031
3.0482e+06 3.08709e+06 3.06853e+06 3.0452e+06
3.17427e+06 3.1121e+06 3.07991e+06 2.91704e+06
3.13084e+06 3.12395e+06 3.08955e+06 2.93161e+06
3.17612e+06 3.06692e+06 3.04261e+06 2.9637e+06
3.07351e+06 3.10164e+06 3.02629e+06 3.04563e+06
3.13123e+06 3.0561e+06 3.08532e+06 2.92352e+06
3.13705e+06 3.06225e+06 3.07549e+06 2.92972e+06
3.15434e+06 3.00771e+06 3.11594e+06 2.93078e+06
3.18859e+06 3.05433e+06 3.06248e+06 2.94266e+06
3.07436e+06 3.03051e+06 3.08961e+06 2.95932e+06
3.14602e+06 3.0489e+06 3.03402e+06 2.98167e+06
3.11661e+06 3.10242e+06 3.03567e+06 2.98083e+06
3.10422e+06 3.14277e+06 2.98474e+06 2.98219e+06
3.12794e+06 3.10534e+06 3.0057e+06 3.00211e+06
3.1123e+06 3.04248e+06 3.04109e+06 2.98923e+06
3.12902e+06 3.00238e+06 3.04943e+06 3.03823e+06
3.13678e+06 2.99563e+06 3.14286e+06 3.02117e+06
3.0623e+06 3.14765e+06 2.9992e+06 3.03767e+06
3.07954e+06 3.04837e+06 3.00696e+06 3.0533e+06
3.10162e+06 3.09619e+06 3.03961e+06 2.99825e+06
3.1326e+06 3.13406e+06 2.99437e+06 3.01615e+06
3.15383e+06 3.10659e+06 2.98533e+06 3.04515e+06
3.02552e+06 3.10064e+06 3.11934e+06 2.99375e+06
3.04227e+06 3.03526e+06 3.08316e+06 2.99495e+06
3.11874e+06 3.03226e+06 3.04785e+06 2.96848e+06
3.11987e+06 3.13591e+06 2.98798e+06 3.03451e+06
3.12326e+06 3.00248e+06 3.03314e+06 3.09727e+06
3.10844e+06 3.03372e+06 2.99473e+06 3.07838e+06
3.11659e+06 3.1107e+06 3.05247e+06 2.93421e+06
3.1466e+06 3.09391e+06 3.00225e+06 3.04174e+06
3.16477e+06 3.14473e+06 3.01761e+06 2.9689e+06
3.17569e+06 3.01188e+06 3.03676e+06 2.98573e+06
3.18095e+06 2.96202e+06 3.08903e+06 2.99668e+06
3.03283e+06 3.06134e+06 3.11536e+06 2.99241e+06
3.03763e+06 3.06807e+06 3.08761e+06 3.05694e+06
3.05107e+06 3.0624e+06 3.06049e+06 3.04484e+06
3.06289e+06 3.09286e+06 3.0976e+06 2.96278e+06
3.07675e+06 3.11971e+06 3.05856e+06 2.95127e+06
3.1149e+06 3.07871e+06 3.04311e+06 2.97663e+06
3.12006e+06 3.0144e+06 3.01926e+06 3.01381e+06
3.13206e+06 2.99611e+06 3.08345e+06 3.03077e+06
3.13924e+06 3.01629e+06 3.04951e+06 2.99569e+06
3.14693e+06 3.05467e+06 3.00228e+06 3.02926e+06
3.15904e+06 3.07145e+06 2.99654e+06 2.99741e+06
3.16682e+06 3.13515e+06 3.04074e+06 2.96367e+06
3.17204e+06 3.01372e+06 3.02184e+06 2.98571e+06
3.0524e+06 3.04639e+06 3.03866e+06 3.09109e+06
3.05692e+06 3.08644e+06 3.00363e+06 3.10404e+06
3.05856e+06 3.1393e+06 3.01004e+06 3.06413e+06
3.06424e+06 3.03646e+06 3.04518e+06 3.06765e+06
3.09596e+06 3.12365e+06 3.14146e+06 2.93339e+06
3.10008e+06 3.03382e+06 3.08186e+06 2.96735e+06
3.12112e+06 3.0844e+06 2.99613e+06 3.05998e+06
3.16246e+06 3.12611e+06 2.99062e+06 3.04231e+06
3.18949e+06 2.97597e+06 3.07204e+06 2.99158e+06
3.05503e+06 3.05615e+06 3.03427e+06 3.04864e+06
3.07352e+06 3.16719e+06 3.05296e+06 2.98322e+06
3.07747e+06 3.04884e+06 3.00662e+06 3.03112e+06
3.07855e+06 3.02347e+06 3.01164e+06 3.00036e+06
3.10025e+06 3.11704e+06 3.1263e+06 2.92982e+06
3.10754e+06 2.95576e+06 3.03823e+06 3.07863e+06
3.13287e+06 3.09021e+06 3.02316e+06 2.97876e+06
3.14171e+06 2.9632e+06 3.08735e+06 3.06193e+06
3.15019e+06 2.99093e+06 3.06999e+06 3.05039e+06
3.21134e+06 2.9969e+06 3.04691e+06 3.0103e+06
3.03667e+06 3.10393e+06 3.11458e+06 3.10903e+06
3.04535e+06 3.08797e+06 3.07526e+06 3.02017e+06
3.06292e+06 3.0576e+06 3.01142e+06 3.11744e+06
3.07027e+06 3.06575e+06 3.04614e+06 3.02039e+06
3.07614e+06 3.09095e+06 3.13318e+06 2.95488e+06
3.0772e+06 2.99498e+06 3.10264e+06 3.05516e+06
3.08336e+06 3.00719e+06 3.0538e+06 2.99968e+06
3.09089e+06 3.03066e+06 2.98721e+06 3.0959e+06
3.09457e+06 3.12248e+06 3.14234e+06 2.93974e+06
3.10545e+06 3.07254e+06 3.12137e+06 2.93877e+06
3.12463e+06 3.11459e+06 3.0461e+06 2.96827e+06
3.1267e+06 3.15178e+06 3.03885e+06 2.95367e+06
3.13472e+06 3.0973e+06 3.16436e+06 2.91904e+06
3.14274e+06 3.01726e+06 3.03916e+06 2.98765e+06
3.1498e+06 2.98626e+06 3.03945e+06 3.05169e+06
3.15455e+06 3.15676e+06 3.02906e+06 2.95652e+06
3.17996e+06 3.00603e+06 3.03256e+06 3.00312e+06
3.21657e+06 2.98885e+06 3.11482e+06 2.96963e+06
3.04608e+06 3.1089e+06 3.02148e+06 3.05382e+06
3.07248e+06 3.13282e+06 3.05659e+06 2.99384e+06
3.07642e+06 3.10767e+06 3.02955e+06 3.02649e+06
3.08353e+06 3.09446e+06 3.08323e+06 2.94808e+06
3.08848e+06 3.03498e+06 3.09257e+06 2.95222e+06
3.09264e+06 2.98893e+06 3.0888e+06 3.04708e+06
3.10027e+06 3.10785e+06 3.02819e+06 2.98453e+06
3.10146e+06 3.00692e+06 3.05772e+06 3.04092e+06
3.10905e+06 3.0236e+06 2.99637e+06 3.04846e+06
3.11606e+06 2.98326e+06 3.03336e+06 3.09527e+06
3.12842e+06 3.00816e+06 3.05712e+06 2.96667e+06
3.13985e+06 3.01792e+06 3.03417e+06 3.01226e+06
3.14563e+06 3.00345e+06 3.03668e+06 3.04149e+06
3.15472e+06 2.95486e+06 3.09793e+06 3.03698e+06
3.1642e+06 2.97334e+06 3.09175e+06 2.99584e+06
3.19661e+06 2.99174e+06 3.10194e+06 2.9561e+06
3.197e+06 2.98922e+06 3.069e+06 3.01e+06
3.21545e+06 2.9836e+06 3.12704e+06 2.98898e+06
3.05844e+06 3.05046e+06 3.02834e+06 3.04725e+06
3.0639e+06 3.06371e+06 3.02074e+06 3.0553e+06
3.06938e+06 3.03492e+06 3.04646e+06 3.00388e+06
3.07198e+06 3.06194e+06 3.04092e+06 3.03129e+06
3.07589e+06 3.08532e+06 3.06499e+06 2.98424e+06
3.08356e+06 3.01788e+06 3.02292e+06 3.04854e+06
3.08472e+06 3.1155e+06 3.03466e+06 2.98908e+06
3.10668e+06 2.99364e+06 3.05334e+06 3.09178e+06
3.11862e+06 2.98625e+06 3.04594e+06 3.06429e+06
3.12978e+06 3.09047e+06 3.0344e+06 2.97036e+06
3.14462e+06 3.01021e+06 3.04404e+06 2.98845e+06
3.05157e+06 3.10103e+06 3.05485e+06 3.00708e+06
3.08861e+06 2.97495e+06 3.14258e+06 3.03265e+06
3.10072e+06 3.05229e+06 3.04768e+06 2.96878e+06
3.10691e+06 3.0348e+06 3.06226e+06 2.9825e+06
3.12512e+06 3.04163e+06 2.99536e+06 3.05004e+06
3.13999e+06 3.00321e+06 3.04656e+06 2.98437e+06
3.14448e+06 2.98474e+06 3.09587e+06 3.04036e+06
3.15554e+06 2.9945e+06 3.07636e+06 3.03133e+06
3.16648e+06 2.98851e+06 3.10914e+06 2.98667e+06
3.20384e+06 2.98683e+06 3.1053e+06 2.98047e+06
3.20646e+06 2.98992e+06 3.14314e+06 2.97109e+06
3.0313e+06 3.08364e+06 3.11906e+06 2.98009e+06
3.04679e+06 3.09625e+06 3.06928e+06 3.00862e+06
3.04875e+06 2.99695e+06 3.0659e+06 2.97104e+06
3.0624e+06 3.06691e+06 3.0377e+06 3.03264e+06
3.07106e+06 3.07836e+06 3.11249e+06 2.96478e+06
3.08449e+06 3.04201e+06 3.04985e+06 2.94603e+06
3.0848e+06 3.14754e+06 3.03792e+06 2.97855e+06
3.0985e+06 3.0937e+06 3.13624e+06 2.9327e+06
3.11082e+06 2.99761e+06 3.07939e+06 2.93421e+06
3.11413e+06 3.03391e+06 3.04001e+06 2.98735e+06
3.12856e+06 3.08379e+06 3.04532e+06 2.97274e+06
3.13526e+06 3.05112e+06 2.97653e+06 3.06241e+06
3.15076e+06 3.02606e+06 3.02588e+06 2.97591e+06
3.21767e+06 2.98437e+06 3.11438e+06 2.97325e+06
