6811 1563.45
104120 171485
104835 168929
103810 174008
121154 138583
181274 116509
105701 165217
103649 174874
121236 138543
103536 175444
103532 175506
103719 174343
103606 174913
122340 137479
121349 138214
103500 175590
115496 142949
115068 143209
103430 176121
113350 145685
114728 143658
110723 148526
113477 145617
110639 148752
110939 147986
115234 143181
106449 163545
115258 143035
113630 145510
115492 142966
141037 124434
114941 143277
105370 166299
111704 146789
112239 146395
113186 145956
111169 147282
121461 138045
111653 146904
104853 168899
112188 146510
112706 146228
113911 145060
104720 169011
111324 147183
112171 146622
113698 145441
111059 147493
125193 135332
105153 166996
113825 145373
159531 120807
121867 137785
114038 144992
105475 165805
121979 137616
114184 144792
105040 167566
105255 166381
104350 170303
110897 148023
123731 136047
158092 121198
123540 136236
110594 148954
123611 136223
161090 120474
110668 148720
109553 150774
141082 124222
125151 135336
105586 165299
121248 138426
104866 168320
159973 120803
158248 121133
144124 123299
105094 167247
114691 143994
144084 123381
103970 172416
104506 169883
111007 147812
146067 122869
110691 148697
143213 123735
103751 174259
104594 169469
121136 138595
124959 135401
124917 135405
142418 123827
161858 119766
104667 169017
161266 120195
121068 138909
180097 116520
104738 168981
104479 170052
104116 171621
160170 120536
112833 146160
104782 168935
109469 151000
110756 148424
116063 142416
104525 169752
109766 150393
109982 149853
138387 125807
179412 116642
114704 143804
122473 137053
120773 139330
141371 124121
110540 148964
112366 146327
141666 123905
115945 142612
138662 125696
104062 171940
138675 125506
105816 164737
114477 144519
161278 119897
116111 142242
107351 158015
109454 151183
114364 144706
103901 172806
104277 170755
107133 158893
110953 147822
107249 158630
115711 142681
113665 145487
109769 150234
112600 146258
114842 143577
159526 120908
125759 135013
109682 150619
114446 144666
117402 140227
115793 142641
117636 140158
116027 142572
113337 145875
109370 151409
132315 128939
109894 150055
132027 129240
110323 149134
145537 122879
106632 160973
132277 129010
116753 140702
123714 136066
111831 146721
110107 149674
112065 146652
126781 134265
110843 148033
132663 128521
132951 128220
167271 116960
124138 135691
179815 116584
118673 139891
133986 127276
117288 140308
124620 135565
144795 123285
104164 171325
129425 132533
106734 160358
128269 133322
133118 128053
119626 139510
110110 149515
120069 139428
131075 130535
134034 127225
161253 120385
121572 137972
128495 133169
134072 127154
167221 117089
134360 126853
106805 160322
113313 145888
129199 132686
107065 159078
114071 144973
128401 133203
129248 132564
128175 133356
116867 140621
123947 135880
133406 127752
135050 126478
130430 131101
126589 134293
108097 154315
116487 141015
126217 134431
108207 154104
143287 123643
134322 126924
105193 166816
118505 139974
163075 118775
108259 153785
133531 127744
111618 147102
128630 132888
134762 126779
135144 126444
148364 121899
106140 163987
116373 141096
118963 139793
108313 153775
133617 127622
146429 122771
133711 127588
108369 153574
110450 149066
117081 140571
144838 123176
108974 152435
121076 138848
109084 151960
129022 132717
131711 129816
108985 152369
162411 119728
183754 114838
135128 126476
116701 140965
124029 135840
184963 114737
122093 137535
130787 130836
131037 130606
108710 152598
125732 135291
109136 151905
108773 152477
109732 150585
122353 137350
181752 115194
106952 159480
118849 139874
119746 139429
106568 161989
107283 158200
125919 134785
119197 139724
108475 153245
129794 131820
107181 158815
120661 139380
118795 139876
149620 121719
135516 126107
107595 156664
108557 153017
116031 142555
109297 151579
128530 133136
123879 135910
134856 126745
103366 177246
123472 136266
106493 162328
108684 152625
108954 152454
109252 151686
114802 143596
123961 135870
134166 127120
109036 152226
121686 137891
130392 131172
135222 126442
168490 116703
103959 172792
109300 151420
147495 122083
106589 161932
114536 144356
121181 138580
130085 131538
131856 129568
162553 119092
111451 147115
123760 135985
147207 122384
109201 151829
150789 121450
187096 114239
104938 167667
106423 163563
114890 143392
132913 128291
133941 127488
104392 170205
109670 150643
108574 152836
129513 132210
149618 121729
124018 135867
130615 130959
133948 127347
179763 116631
108035 154816
131423 130117
139369 124516
130249 131352
158653 120962
115505 142837
123402 136290
134185 126987
135610 126073
107522 156967
126837 134236
148362 121909
133804 127551
126465 134374
131251 130240
131673 129887
106025 164069
130970 130630
139081 124817
148303 121966
165376 117623
130332 131214
106609 161382
128856 132735
130051 131604
131989 129311
134964 126600
143474 123510
158331 121024
104014 172236
107925 155027
131385 130188
166027 117093
116164 141764
132625 128592
109142 151897
120875 138914
122650 136688
123000 136567
114773 143643
109495 150989
124709 135543
186032 114469
108087 154497
129987 131651
162981 118809
188034 114113
104183 170873
107811 156124
112846 146055
163667 118346
123636 136221
147493 122093
127028 133654
181396 115468
115603 142815
116040 142443
146535 122653
114560 144024
149170 121792
191499 114071
118271 140043
148301 121976
152284 121284
103264 177861
143831 123407
127510 133528
137105 125907
138741 124938
107423 157086
110759 148259
123057 136332
131238 130430
134454 126819
163573 118380
181344 115515
182559 115042
108395 153547
122541 136848
164381 117671
129968 131742
132444 128843
165650 117285
109381 151196
147205 122394
162968 118999
121460 138141
121575 137964
105910 164549
124581 135609
129802 131796
138145 125834
145180 122982
