3258 48.1594
79716 84068
79591 84250
80155 76418
80785 75180
79835 77171
80578 75733
80598 75687
81055 74784
81386 73497
81699 73021
82422 72667
81270 74204
83043 72475
82725 72514
82391 72783
82002 72868
80893 74962
81453 73376
83298 71957
83324 71521
83658 71252
83627 71368
98067 65585
81220 74355
95333 65895
84078 70685
84381 70532
94497 65960
86296 69507
97231 65650
96166 65760
92293 66388
90688 66981
95251 65922
97002 65695
83760 70724
96920 65722
93358 66278
99829 65449
85086 69870
95562 65850
86354 68904
93794 66179
88252 68066
93876 66152
93047 66350
88555 67913
89764 67326
100894 65339
86975 68712
91990 66541
89236 67665
89539 67512
95480 65877
97985 65612
87464 68531
90606 67008
93129 66323
94415 65987
92211 66415
98993 65514
90419 67131
94194 66113
104762 64950
85426 69756
91672 66580
96084 65787
93276 66305
100812 65366
97149 65677
87631 68258
91369 66733
100058 65404
104163 64998
101228 65070
105832 64798
90385 67134
92024 66538
90067 67173
91590 66607
98911 65541
89170 67871
90303 67161
103697 65060
93314 66301
