1233 30.49
268793 194900 179784
243228 170691 223636
225911 235970 167854
176520 281400 202129
174681 210436 260324
164995 266043 221449
165718 278549 207712
185803 196517 256575
260780 203289 179630
169566 275793 204876
176648 281369 201983
225134 234931 170909
172438 270902 206389
266677 196778 178828
263116 195483 180411
259378 186963 186562
226680 235361 168899
212928 186986 235840
262308 195050 181605
207899 190896 237090
175303 210002 245200
248174 213041 181371
171602 260213 214853
177105 206328 252773
265019 195016 181669
218066 237330 173129
250753 208513 177055
211597 231438 176016
182900 202203 250714
206695 190368 239210
178027 219335 237588
220696 227651 175734
176222 207662 247260
166942 251987 232437
232138 179190 209110
169127 263973 211762
249457 174264 209629
209181 192085 215948
197044 245950 187528
172086 247096 232142
235616 206875 189882
176463 217933 240867
182888 200391 254094
226759 228640 167920
211967 232155 175355
189290 195707 241686
202495 243482 180461
256953 187583 188491
180757 214349 239938
168766 272498 213600
184346 198483 255062
180880 209009 238246
177871 218412 240244
222582 238353 168608
181857 202966 246298
237705 227775 171421
240375 171152 221971
226057 220786 174867
218360 182700 226564
222049 228304 172585
200105 189399 251891
180401 245581 206895
170414 270049 208658
181053 203061 251499
170300 273362 208290
187909 195660 242270
231406 208178 185206
182609 199591 255658
266274 200747 180141
190667 267237 186913
200889 207257 217008
174125 253789 211241
182222 254498 203081
178197 244866 213257
253102 177498 200477
265542 183181 188048
214080 188362 219934
185151 257289 195313
185717 197389 254652
230317 198076 190459
179760 242851 211981
177564 204879 253323
177261 251214 207081
210424 217045 191841
171140 272691 206474
197342 241766 188090
230907 195848 196328
166333 254670 231989
198049 232765 189281
222887 180757 225485
245007 170790 218454
252181 179833 199464
179065 248077 205110
253995 175572 208834
175428 262727 202577
255093 190695 187977
237407 191272 199357
251839 191394 188891
238434 185348 199988
173660 233862 242763
181697 258948 195328
190779 195341 247945
199579 210758 213798
182755 239517 215718
166021 274709 212310
227774 178840 213963
172845 263238 214606
183636 213344 229079
179809 203467 249704
176525 252782 204478
216056 232651 174624
230723 180073 208080
194872 201776 223148
173444 243881 225946
216342 221068 182649
180026 240100 226255
196397 235500 194499
201928 193943 235218
167217 269570 217881
252032 186238 191415
183234 230319 218784
198894 192073 243349
256346 192862 186949
242120 180503 201680
224674 224701 173678
246031 185198 193902
193821 206969 227229
199775 198994 220841
244135 194694 190287
194803 255622 185804
208152 187747 230458
195564 199387 224342
174822 222210 247241
242182 177174 209323
217568 224587 177947
196679 235373 195421
213728 234047 174248
192172 242530 195966
208221 216330 196626
239928 205857 185470
181263 230582 224111
182928 202595 249124
225633 184429 210210
171275 259258 215567
243776 189042 194830
192489 244340 189446
189547 195393 244631
190084 215621 222277
185494 245778 198994
208553 210900 204891
265143 193146 183845
172522 255349 218372
210678 226801 177520
169848 273898 211425
169907 274551 205783
186335 233073 214782
181378 261969 197140
194237 236608 198124
229467 211265 183187
193979 221934 199521
175837 225535 234408
245816 173124 216228
214849 199907 205389
244598 186733 194332
219481 233591 172147
255951 189974 190808
237989 173885 220886
193245 194994 246700
204004 220384 193337
170502 248740 226885
218848 225747 176956
172986 268592 210695
184113 198721 256258
168824 275268 210655
212475 226128 178214
198293 197221 230817
195794 233332 198670
170793 261346 216200
190847 265702 187094
167478 261732 220161
240233 171906 218956
223681 181764 219155
234292 208612 185172
219308 181942 226176
223119 182530 224795
225218 209921 188916
182323 254927 202455
221601 193489 205154
246480 176142 210021
224062 234685 171072
241232 202845 186346
165085 266863 219347
258790 189319 185992
258603 204269 178779
258163 185101 187495
239910 173470 210453
233160 209489 183394
221010 230820 171593
245558 184910 196940
253126 182979 198235
203314 223188 195821
195165 237812 190171
167877 256930 225983
241699 209254 182228
174857 275646 202678
220065 195395 200686
232756 175195 215543
207020 196215 227381
211901 219797 189656
222226 221309 178457
232547 176602 221621
177778 215887 240400
227407 203138 196777
197212 211963 217415
216406 224925 177220
194991 191546 244842
180115 205474 240741
206543 229717 184397
243585 212457 181567
226438 217333 179126
236292 172741 221063
240963 176539 209693
173486 266283 203781
195959 264753 185501
202074 196954 229556
204578 194766 227716
231403 194184 198602
213474 198799 206770
205781 221672 185633
174000 267987 203658
191653 212523 217575
229897 175465 228854
217927 217555 180723
242841 199532 188815
188406 235766 208384
215658 186532 222741
215316 211934 184748
214981 223676 179993
193384 192530 235563
236709 196051 194412
237034 202481 189571
240761 171745 221746
182289 202653 244435
257085 182168 194394
229687 218131 176407
165356 266056 218589
246918 176779 207956
229319 174975 229809
201230 224207 197368
184173 199961 248687
228139 176253 229870
178488 250549 209473
184982 197494 243861
235320 177751 212839
253588 199786 185328
195383 198607 230166
204615 229813 184918
254193 179305 194730
171505 256769 217744
167463 264407 225308
216768 229677 176616
205916 230496 180816
206166 231073 179378
167920 267801 213868
200364 231275 184295
184092 227265 220137
198760 220129 202667
200267 249597 187308
188958 244373 195029
171163 263706 211106
175505 242220 219601
181425 204242 238856
172926 236816 241838
210944 190870 228837
247189 201039 183568
171394 241173 238654
168862 250794 222395
253474 214299 175302
254570 176895 201589
187666 260512 187374
223390 226790 174056
173857 258154 212750
185389 205235 234646
184830 249737 201314
233703 178195 213470
222318 214127 181975
205353 193110 228036
235066 174630 218542
226539 178262 215291
204030 200564 213580
201490 223248 192867
247792 176066 208187
228620 175958 231156
236055 173244 225112
229184 201495 192471
247543 188163 191623
191213 224117 203625
257711 182379 191047
246994 201288 188683
186649 248234 187673
228883 183499 201910
188144 208851 231039
205062 202380 212028
206881 229200 183565
240592 189457 194749
219608 197963 202890
214584 230922 176543
205520 260721 180238
225084 221750 175442
168736 249183 231479
215153 224092 178304
247486 185810 192865
178373 222655 228233
168222 247479 231602
173150 244443 220431
224427 186868 208448
182080 214282 228511
201809 197591 223730
190398 235348 214483
221470 191645 206154
195877 215229 210310
250013 183959 196541
255304 193336 182892
192902 203897 229304
223413 216835 181753
238901 172304 219363
221215 228395 174504
216892 241332 173819
238798 176275 213082
204643 223478 187440
181996 238998 219365
221801 181426 226973
177695 245706 214101
234593 174077 222603
194218 200183 233075
238479 181279 207061
170433 258001 217041
217217 184218 215472
250328 181471 200848
203716 204123 216489
220011 183651 221814
193400 201072 232861
178718 252671 206791
210162 195113 211010
234955 178510 212993
242162 196446 192261
179880 203383 249557
173846 226250 234985
209852 225827 181909
242930 172590 216677
202712 214593 197506
190400 225226 212492
257602 187587 187649
216980 237992 174017
209657 220501 190371
188667 204670 232152
182051 236956 219777
187082 225433 218197
201765 241161 181141
249756 184869 197300
185076 259243 193282
191103 214525 224568
174422 250234 219048
246465 202773 182243
207575 226948 177042
226961 177667 229593
215840 203500 202216
218947 217432 183055
168086 265275 219405
212666 191008 225205
211334 216585 192466
182563 211608 234873
191920 202252 232640
184259 252226 201590
224174 220552 179310
236359 183066 201574
174087 264892 204073
170007 256280 218244
177127 210259 243039
258673 187909 186234
233389 173438 224943
194432 200280 231666
213190 223029 180394
243906 189154 191160
214296 190025 207778
194866 204538 223014
213865 190142 212654
184465 251629 201865
193961 197820 233990
167409 265220 221282
249944 179454 204776
173386 274039 205837
211395 205053 200231
184570 269321 194963
183072 213518 233308
187463 196516 248444
173835 255902 218000
234738 225953 172021
241687 222727 171899
227170 193205 200849
178891 215681 231904
255757 197140 182850
179842 240462 220347
216641 218157 181283
178207 256342 202854
200091 213910 205849
202988 207560 216093
185034 261097 192782
207449 221244 187726
192687 241594 197034
241621 177445 205868
191381 233683 202005
231346 179729 212478
201465 212851 209589
186014 237530 211310
233943 176543 215352
181821 203790 246521
172145 249136 222409
240752 184528 201230
177087 237628 233563
236141 184972 201078
198465 192023 243518
186972 212971 232906
239533 217410 178951
182462 247237 206120
192074 242088 200102
190255 205006 231388
205113 219506 190834
207277 210171 209361
226629 234441 171067
184752 247795 201972
228530 196303 197781
251943 183777 194220
193042 200285 240588
183102 253981 201977
168416 258144 217231
229796 180994 210825
202696 229304 190694
198403 214960 216799
175364 248879 212288
173231 255996 213641
249501 192801 190667
170625 265820 210935
250278 184128 191685
242900 215558 177390
169758 250242 219171
179981 202214 253063
217088 202183 197474
184633 209634 237527
239127 208846 183496
183815 240914 215689
186658 200735 233642
191789 211875 230021
215625 186742 235663
187348 223008 214594
184130 238725 214504
217579 224491 176964
224781 178650 225216
183933 211043 233531
186171 196857 253308
185420 222508 224492
177959 234592 233821
176532 240644 220624
170384 250077 221326
243399 192601 191042
243315 193023 194021
203789 205348 211972
224731 214933 180648
244011 179666 204094
183905 210940 237406
238148 194048 197770
222076 217343 184177
239343 178105 212695
172888 269029 209192
246199 173356 216114
225142 213589 179437
183774 211739 234172
175679 208582 243619
239273 180912 205938
228714 176943 218818
192717 203935 227763
168130 260845 222582
255594 200249 181152
256970 182692 189230
181002 268877 197716
222018 226094 174409
249898 203642 179910
221039 210861 192593
235185 191878 198133
183082 241883 204301
182682 251540 204393
222635 210283 197205
211183 240636 177012
247452 194845 186046
203015 194850 234259
181001 242588 216613
184162 200279 248234
239486 190007 197890
203439 202980 217237
178795 204038 243790
