3916 781.36
76920 54748
76866 54854
70342 59252
70591 58870
57210 75886
56764 76352
70584 59076
48007 89858
71567 58118
71215 58324
48041 89720
67992 61811
57156 75913
48053 89525
71119 58435
56989 76081
76984 54650
55875 77235
67887 61958
70687 58759
70438 59141
76955 54653
47307 92473
76134 55394
76901 54759
60413 71894
47754 90279
47643 90734
47778 90099
47597 91067
47667 90554
47808 90008
54923 77985
47918 89957
95474 47063
59375 74557
93509 47647
47621 90887
47732 90432
59311 74646
47441 91949
67811 62084
59554 74467
47465 91769
93602 47560
67916 61937
47576 91314
95567 46976
47511 91436
47487 91616
49207 86191
68804 60977
49414 85970
49058 86533
60234 71984
92622 47753
48716 87360
49177 86282
68957 60959
48495 87684
68424 61258
68348 61384
48465 87775
48443 88097
48918 86675
93588 47630
68243 61531
68319 61405
48746 87269
67394 62663
57375 75798
68776 61052
94587 47169
94494 47256
61877 69223
59490 74556
53631 79230
61341 69897
61337 69988
49444 85879
50262 84465
60422 71831
60298 71895
61985 69036
57500 75620
57446 75647
59568 74185
61981 69127
60477 71805
57613 75479
60793 71202
56786 76264
54893 78076
56560 76403
56614 76376
48419 88108
54132 78795
56190 76754
57667 75452
56023 76922
48948 86584
58372 75277
47425 92033
69910 59805
58273 75303
56244 76727
57071 75942
47360 92155
60578 71567
44657 113893
54257 78583
56447 76544
60729 71291
61641 69453
48344 88403
60642 71478
56904 76110
61449 69710
67473 62571
54041 78801
54255 78617
76569 55026
76820 54858
56389 76647
70159 59423
56077 76895
50502 84081
47336 92335
63271 68474
62411 68586
44778 113265
48031 89847
53700 79195
76949 54745
53940 78811
69120 60563
44627 113984
62303 68773
48384 88139
51128 83434
62751 68575
55874 77264
48354 88230
61793 69293
47697 90463
57910 75442
48302 88643
50193 84500
58724 75106
67670 62280
63637 68163
58955 75021
49929 84776
69273 60545
54358 78573
57321 75825
70821 58727
61254 70170
56481 76515
61533 69640
69284 60463
94413 47273
95486 46993
64435 67860
48308 88563
76515 55132
95393 47080
49750 85209
67646 62315
49886 84907
68267 61496
76233 55219
59054 74995
50472 84172
81399 52335
49780 85118
50299 84289
64543 67730
67722 62189
69360 60337
80746 52633
64127 67968
54441 78376
65016 66301
65165 65708
68136 61576
55654 77300
50608 83870
56850 76137
51098 83525
50400 84279
50901 83844
67229 62894
67578 62424
70255 59312
76585 55013
67827 62042
67751 62168
50709 83860
77242 54459
64692 67137
66387 64045
56393 76571
57017 75969
80221 52800
48332 88552
65137 66036
50819 83853
51026 83632
51234 83223
60120 72425
48896 86997
55386 77478
45021 111212
48655 87542
61160 70269
61244 70199
64988 66629
94758 47123
55553 77310
70087 59536
44549 114609
64841 66795
69742 60029
101545 45021
61959 69190
76440 55139
80874 52502
55487 77468
57852 75449
65314 65366
72759 57134
77070 54585
65728 64753
51109 83435
48057 89126
58782 75099
68516 61114
49108 86442
49155 86363
69838 59918
51210 83425
76690 54866
80076 52868
54667 78154
60965 70729
79948 52999
50035 84565
66980 63276
79423 53166
44368 115419
50800 83854
62111 69030
58440 75135
58539 75109
44473 115033
73139 56853
49899 84867
50136 84555
60961 70820
59550 74545
50925 83642
62407 68677
70927 58533
73491 56647
71307 58252
73111 56928
70831 58644
51335 83213
45316 107144
73292 56835
54566 78164
93778 47316
44581 114317
70759 58757
70946 58436
90169 48032
91135 47909
94506 47186
44795 112790
44825 112699
45235 108919
53873 79120
72291 57348
45186 109413
52606 80995
52822 80344
72263 57423
61789 69384
71911 57629
52755 80653
66559 63824
64802 67086
45004 111473
71595 58043
90452 48019
70543 59103
70663 58868
73043 56964
48605 87633
73004 57044
45035 110132
66430 64021
49185 86272
49516 85772
71815 57740
91149 47839
72643 57142
66880 63340
72195 57459
61052 70456
66518 63831
72851 57062
73395 56758
44241 117527
51927 81993
53058 80093
64653 67679
61049 70618
71758 57886
95013 47110
84090 50518
61767 69447
48109 88713
73644 56629
72547 57253
44918 111979
48807 87130
44287 117194
52673 80686
74442 56263
44954 111907
60123 72333
72003 57557
91432 47826
67502 62550
74289 56281
95094 47093
94061 47303
67334 62747
68669 61096
45297 108230
53767 79148
59945 72863
67085 63129
69500 60282
71907 57668
53875 78852
72167 57534
89662 48108
69991 59647
71776 57820
72156 57539
80601 52701
79420 53357
74193 56392
64685 67343
52198 81532
93697 47333
53458 79567
53566 79271
64951 66744
66579 63679
52957 80103
62219 68843
59721 73231
51452 82839
67951 61935
74062 56544
69740 60056
73909 56562
59785 73142
49622 85561
51860 82302
89504 48419
64834 67001
59674 73597
64664 67465
51553 82829
53354 79826
92960 47736
65158 65914
48837 87039
65400 65225
48219 88662
80955 52485
69308 60428
105992 44357
114741 43941
71571 58110
90628 47985
54192 78624
65251 65567
51377 82982
60187 72244
70850 58547
46281 99157
49652 85470
92471 47810
52507 81113
65102 66160
83972 50546
63445 68420
54501 78205
53163 79950
49304 86021
89569 48195
105959 44450
46239 99216
85305 49751
52913 80302
88658 48662
52392 81145
79385 53452
46285 98883
93243 47723
82745 50798
64657 67671
89411 48506
79983 52955
45620 105934
80781 52589
69688 60147
71326 58155
81306 52422
82675 50957
83523 50665
85040 49964
45685 105344
53219 79920
71680 57931
75610 55419
66221 64048
75258 55625
53357 79577
53472 79531
76339 55144
83194 50671
88936 48639
55898 77134
82863 50770
69929 59708
54376 78417
86041 49426
86280 49343
93275 47695
115325 43644
60023 72486
83076 50699
53062 79960
114868 43701
71230 58266
84801 50047
98049 45420
84536 50260
44017 120885
82397 51239
59959 72575
84303 50447
84383 50394
105399 44675
52009 81960
55952 77107
71479 58137
60854 71078
73015 57039
79510 53143
87989 48884
87510 48905
68060 61702
88194 48866
98642 45102
52076 81651
55227 77719
75083 55705
117054 43138
51228 83324
52049 81874
53290 79886
69762 59937
69989 59674
59610 73686
81537 52314
105587 44488
43987 120976
46039 104772
86530 49098
106147 44263
53304 79850
55126 77729
87214 49059
87793 48892
102928 44937
45655 105435
46830 93280
66757 63672
71191 58391
81852 51880
52211 81410
46941 92825
54959 77897
46790 93544
65721 64959
72444 57330
74834 56087
78170 53480
86903 49096
93643 47439
46987 92536
52062 81752
85776 49639
98595 45230
51600 82741
52493 81135
82557 50985
55261 77690
69044 60751
117051 43329
55060 77887
127985 42483
44257 117209
46319 95918
51646 82452
52384 81272
98088 45306
46106 100221
46836 93255
46152 99888
106180 44170
78116 53586
117859 42991
70327 59310
98030 45517
100889 45079
103962 44884
45426 105949
76628 54954
82136 51293
51912 82215
71205 58354
97685 45713
120853 42847
65563 64984
88989 48563
51598 82798
77517 53778
97662 45907
100681 45083
46343 95738
46679 93999
51840 82357
96483 46156
111500 43952
71614 57946
74993 55838
117561 43062
46876 92947
65556 65190
74878 55906
77252 53991
96506 45962
45314 107739
65009 66507
65977 64371
89900 48096
46442 95712
74637 56142
81651 51957
105112 44691
106141 44284
122584 42718
96165 46662
105548 44602
111461 44066
71585 58073
81948 51480
96474 46507
44101 119069
63549 68272
81628 52151
89565 48343
65828 64713
97666 45810
