3210 35.3311
167134 152015 109812
132041 124496 111435
119661 132496 111932
116344 109167 124976
102925 119353 120471
109577 114257 140507
110067 114723 131402
110095 115287 126082
127217 130357 112034
115789 110013 128090
121060 107679 132290
120995 107713 132986
103101 119040 140720
130981 126642 110779
118304 109088 126435
112212 111475 126628
110826 115143 131026
108092 117019 137019
108100 115969 130044
114127 121139 114176
110036 113060 141218
140070 138057 110323
119814 108819 137634
112017 110446 131337
115046 129924 112372
108249 117498 117681
109334 115224 135633
114039 129989 113028
109250 108986 142316
111648 112797 114461
124175 106203 143874
115268 119711 112126
118857 111566 118761
106607 117054 131582
109254 116335 121420
104079 117065 129919
102170 127789 129442
114102 110161 126722
113907 110961 123695
109115 118799 117644
112640 127089 114429
128251 106396 132459
