14 0.59319
769856 791382 814766 854745
778152 805301 774317 794425
784377 797254 799337 811850
789225 797690 811040 783256
790885 787217 800330 788085
792375 780730 802022 810206
795777 763130 799687 824777
796187 775478 774316 826756
797007 815344 786772 766700
805030 768520 786772 832655
815323 786615 799303 773844
816288 768291 783564 825267
818422 810881 791444 774209
858197 761729 797018 784642
778355 815926 817031 780475
779032 811566 764678 831283
783031 799120 774603 812027
793547 799689 805393 783069
797689 789999 797904 797762
797740 832128 773514 779977
798458 785900 795546 794769
806492 795416 796359 793438
810430 798802 802859 779001
814007 782443 734357 837177
816842 813427 788755 777992
825225 786782 796778 772806
838282 780793 775911 774022
845728 798646 771433 789302
773304 792509 798204 817450
785682 783754 789783 817831
798698 797692 807127 779670
811941 801011 811421 767774
812681 772928 800133 793373
813584 786603 778675 802175
831157 777913 786096 793919
760946 831951 806106 799662
784491 807346 793873 788747
791484 772726 818111 817648
792741 783574 798634 815153
793150 845426 792976 791158
809746 821562 775056 775241
811144 786746 768926 789763
829802 758213 804420 807398
829864 765001 788705 799043
838169 758654 782281 792748
785135 787685 769225 816020
785701 777032 796368 826911
797402 785180 789324 816694
801383 813609 814859 778171
805225 806550 768850 780916
807673 823108 825527 766358
808315 770843 822326 788144
811807 776754 763387 825544
777293 788977 779861 830836
794944 834415 793238 788208
800371 808142 828138 769986
806689 788952 787393 808694
813763 789929 794966 783138
823643 795077 748535 832693
825997 785467 803978 779179
827935 789532 755429 814524
771595 780808 810273 800625
777754 833657 790663 818522
785562 786602 793228 826989
786928 802357 772149 809534
787046 823882 817062 773093
787186 790574 819349 798790
798295 810663 809877 780106
800451 789613 755362 839645
805069 788606 785591 809324
810142 818726 758559 830353
810986 810840 792219 780198
818193 787561 790231 775065
820945 764058 795925 788899
823600 792920 873532 747949
840786 798674 745664 826347
766115 793269 829989 778497
784253 799203 778139 808591
797703 796906 813547 782495
804233 799803 765774 804012
806617 784816 774679 810113
810948 793559 776404 806777
812917 788162 782011 787033
816069 780863 786454 790540
818031 753380 802900 814551
775494 789961 819501 793448
782249 787473 836152 784612
786262 801489 793444 780692
794956 798416 798684 801792
807157 778161 780513 806915
811207 778224 807856 777371
815120 827800 762545 786481
818961 755189 798150 832250
821219 787700 757134 793964
821311 787921 775440 755853
821917 768805 788712 788071
833127 748220 794707 811842
834837 753715 779476 809050
754294 836983 798289 843827
767789 819463 802980 817353
778057 825390 799606 788014
797298 799763 779631 793067
812223 789708 795704 760127
826486 783926 781888 799470
776538 770132 790055 832305
780370 777868 812426 805510
810670 784188 789230 789509
810695 792136 798269 781032
813103 795372 794291 775964
813135 801529 760356 790745
823561 774033 786948 820083
785270 814244 759214 807135
787335 783279 824853 777369
787920 820702 759186 851902
788234 764906 819087 790108
799320 796190 793113 790431
800452 797567 770767 789512
801196 794376 839525 776779
811737 805009 774120 785266
816117 771332 782568 829220
820001 772625 769173 826417
824142 761853 767800 845076
825479 763504 782913 800552
749929 793942 804652 811083
777118 802477 766248 827495
778818 805288 797773 818112
781583 778881 803211 815070
787477 795568 781330 807805
796335 772423 799148 797673
801436 786087 805808 792791
815426 792632 763293 810997
816623 791927 757814 797901
769486 791459 797942 840163
777048 767248 787787 836688
779353 776674 800163 825214
783502 795125 807448 797568
798539 753288 805595 817819
799440 778370 787769 812245
805100 777374 803478 794082
806430 786548 795712 793511
808633 803346 818220 766759
819949 800918 780725 788139
820821 795932 789555 785812
831592 785326 771839 820128
835422 780417 810350 771837
842064 783415 768233 814826
762477 832681 784370 852586
768163 798139 799926 811780
780722 844412 774011 807633
785188 759798 832116 835128
785488 785719 799513 812020
788607 810037 768408 818367
797788 762931 788747 796525
809414 776298 788018 824708
812509 805643 766957 797984
822936 800977 773582 776719
826015 760891 788224 818794
831796 779336 771484 797876
