1305 30.2097
184640 111460 124552 122497
163556 93656 142702 126802
160336 108455 169179 117657
156530 153459 103913 134715
152290 127786 137502 97337
151840 133256 97088 147537
135647 117001 115016 161937
103964 134017 151689 140347
158923 99959 165273 126571
163547 116455 106077 157099
133541 150855 111936 127369
180416 96619 156970 119922
152237 111284 162631 113552
130824 153138 119969 129053
153163 127192 144610 98540
178890 105496 129498 126474
151636 125884 101753 147751
151492 130459 131421 100052
129105 148201 117625 133812
143807 129551 99826 141454
175459 106852 159180 113021
146842 126374 99240 153245
108822 139183 137499 137748
182585 105848 131242 121538
164135 127986 98041 148420
127987 146499 119086 131069
104933 137485 141560 137280
150174 119376 146293 102326
105908 142956 132849 132933
110134 140291 131747 135914
145548 137200 151353 101274
165644 99322 157365 123277
138673 122381 108081 151389
131803 149393 118583 131635
107015 141805 134901 144753
176221 96975 154915 118919
182979 109479 126512 123922
177560 105882 124431 124223
119633 145217 129155 133807
126822 129978 117057 155185
132870 114267 126231 150517
121781 133924 122918 154429
171142 94654 142829 124118
152748 99906 161891 126910
164480 96593 161214 122302
148331 103340 149268 136639
146292 122933 107820 153971
139190 106444 160158 118101
107535 140491 140697 136231
174066 97113 150799 116394
161381 98778 148622 124267
172983 98215 155650 115647
112027 139958 135785 154416
138161 115551 125778 152037
138423 131059 106066 148997
151330 122905 136570 103211
140354 149228 115681 121355
123074 121937 137191 126970
133176 113825 125536 156516
158615 101043 160772 125993
143691 148258 112182 116376
160924 97627 153328 126210
174854 104381 126180 126710
131990 128769 107252 153066
108475 129780 144865 134661
156538 137841 99442 147084
146637 134910 136290 104258
159228 100470 158339 123106
167435 102823 138980 120233
143255 117316 108653 155598
149334 129533 127328 106495
173980 97505 154409 116387
114190 126582 152778 138939
165418 117300 128249 107737
147655 122767 103779 144911
136379 123307 127431 119121
146088 109269 120496 149461
113797 135670 135101 131781
152334 130439 103137 141003
161643 102342 156773 122113
135857 143600 104748 143287
124639 138029 116483 138969
139831 134951 105023 132351
137105 132442 102612 142415
115237 125013 143638 137936
158263 121440 108888 138511
148731 126964 132664 103574
131123 122249 113927 148746
157384 123627 115041 125618
156197 113404 149864 106990
137104 144612 115681 121637
164797 103594 151569 119457
160811 104939 144648 119424
142824 119452 109248 156674
110395 142253 131674 142369
172464 103825 160541 112584
139020 138994 126106 105768
111852 142100 135557 127109
150738 133769 97723 147615
111066 133188 136987 139437
141872 130907 104720 139454
143550 120846 110528 148073
122412 130760 145318 126080
131412 120239 112427 152417
162855 96050 139967 129508
169748 106448 160357 112520
167068 107566 150120 114887
130197 141185 114093 131825
158089 131380 102391 136754
171468 96183 146264 121953
157932 95539 147022 134185
120038 120862 133785 131620
134710 136453 115185 127305
141660 124654 105630 149228
168342 95236 140058 126673
114845 132783 138863 133309
155191 125793 106629 142661
137941 114266 153934 113554
145881 133861 125397 108260
107416 131815 146404 143710
176686 105046 120104 131510
167224 111731 129753 117295
137419 108030 153618 121817
139341 104192 143894 141355
143971 114919 115317 149988
130456 142690 121964 125246
150956 126591 124911 107005
165919 98265 137604 121850
113204 132874 138431 132784
150196 129667 135279 100891
163986 112214 133421 109992
123710 112886 158462 137139
143208 120492 129917 114324
159403 112516 132289 113480
112721 127409 140358 143828
117119 133277 127849 142879
133887 145907 114771 129917
154737 124223 110618 133095
125376 135979 117466 140924
141096 117615 136967 108971
156544 145614 107430 126946
129188 118126 135195 104490
140954 138460 114156 128573
124935 110826 149641 137830
155465 101645 145243 124980
168449 97439 155215 122260
121426 140666 130057 128571
135133 120127 114694 141228
161059 106054 156610 117021
142733 126446 130248 109123
128393 121298 110799 155584
136062 128569 114381 136015
168663 104649 121142 131708
175123 108841 121250 129423
115981 122072 145782 139636
149487 135864 114995 113672
157091 131718 113983 121278
171051 94912 145692 123691
137511 121100 128474 109521
148774 114998 141155 106030
114517 138754 134197 130032
122355 136948 126742 134509
170722 113043 130775 114792
175719 107308 151704 116047
160267 99032 151189 124489
147717 115020 149402 105078
115500 127739 139494 136258
131233 107488 152164 124663
152069 100817 138568 131045
111199 143447 143309 130717
138220 136269 106831 136127
136720 134397 119558 111483
126184 121088 144715 122710
128483 139572 119232 137628
165866 98659 129722 125240
172671 105162 127040 128213
135381 128871 138488 103364
145087 128876 106152 146023
162692 107884 128945 125382
128215 126325 125124 150001
126505 138699 123492 130531
161267 104010 145001 127113
116708 123778 141414 131377
119199 136826 138148 130745
150540 101938 139383 133809
142407 109611 120237 132452
170273 107769 129615 126309
159768 107758 130605 124736
131815 118563 122361 146491
123238 129370 156319 124379
160414 125182 102460 134524
169211 113237 124221 124450
127154 116926 135528 144307
117495 119855 146068 137897
144478 128196 108211 140623
124446 110665 157264 134821
127287 126977 117301 146201
133394 125533 133186 110827
147384 126455 131338 108744
154004 110569 122500 129582
118418 145969 124401 142362
145600 125796 133992 105307
167561 102843 144255 116698
153589 104547 149496 117824
124167 141583 111856 144452
128838 119697 116237 143992
155644 125415 103429 144646
154508 118255 125586 120407
157605 106881 140174 121393
166581 96788 143534 123747
166160 108942 146950 115030
139254 123163 119518 111089
147804 109452 142206 117657
147020 131268 116391 113938
116094 123108 152368 137840
150213 114281 111123 145397
153831 103073 132579 128800
163180 109299 155855 117509
172815 101212 148353 116917
126554 115919 144966 132634
168157 111491 126462 125814
124698 126942 132106 115960
133956 141290 111692 128927
133337 144215 108369 131098
148487 110286 127662 130351
139880 117110 121872 137702
111602 130781 136667 139390
133217 134243 113603 136451
161687 103738 156160 120568
135054 143959 110883 124731
136120 132385 111579 130213
173465 123937 118367 122958
125893 121827 150473 119982
138727 130193 107140 138110
160967 100442 146653 127869
149094 128784 105577 141524
142058 110956 143503 118547
166609 116387 110421 140167
150084 110433 153226 115000
149888 114725 138281 113243
160160 129386 109583 122602
164578 101524 144478 120080
157975 110351 115376 141886
158321 131483 112122 115672
111139 136179 136158 131029
120572 126535 148019 126753
172314 106200 127186 128482
175908 105726 126946 123750
158058 136716 110091 130573
147361 114127 145631 115175
149936 110230 132884 127756
136992 118684 126623 125741
163314 103619 132310 116502
140534 137710 102530 152216
113614 130911 142949 133513
151133 128184 103433 147782
156508 100643 131278 139924
148831 136818 139871 100968
153057 120744 130082 105128
112500 132808 135844 136999
142296 131939 113767 128901
132240 125940 119692 136885
133319 131268 121559 114585
123661 130256 142501 113569
171961 103020 127531 133725
177084 105843 151258 111925
124468 143870 138316 110520
170885 113839 130495 116216
155247 112934 141242 112066
145612 115367 147314 111892
132755 120568 130855 130629
131216 126229 117708 140760
147311 109041 128269 129771
140228 142311 117495 120832
145101 114379 118257 146785
142945 123163 131392 107999
120796 129947 136210 127939
162095 112363 112224 134267
134183 138499 107672 135199
118795 137034 125932 136186
153383 126758 107970 140238
161083 99664 141684 127345
137834 130468 118627 119664
149308 127502 106111 138370
129520 144310 118168 137009
124332 126903 117684 145942
127422 128347 121512 141046
138774 121650 121146 110661
147216 134575 110958 120913
152664 105330 129296 137784
146883 118098 109832 147526
151874 123034 125014 110252
149559 135205 132520 105773
145798 108106 137931 129500
166707 110119 127199 122522
158423 106888 146748 118770
140914 134859 116951 122428
129729 140092 119349 133580
118137 124465 133223 134433
165496 101406 148321 122340
127924 112460 153002 129151
119043 127150 136066 131487
147458 111505 112533 133260
145237 119152 122113 120745
139393 142945 107739 128089
130078 113370 139381 134982
138228 117549 116088 144535
165043 130688 119105 118228
129944 124600 131550 115346
138914 130629 119364 118506
118219 133710 127793 138183
151408 136768 109132 127388
117682 125703 149929 129370
152529 120346 119487 119816
132157 109787 151000 124075
164451 126291 126829 109424
129259 130077 124782 124230
134267 121187 115740 134921
130337 140539 113921 131908
137439 111990 127627 135737
146007 113951 143400 116730
169214 97004 146646 120891
158756 104673 128595 126723
131713 118753 128088 147048
121636 129626 147723 126055
133334 118506 128680 137351
131652 132049 107778 145172
149009 113700 134791 117379
112826 132316 142185 137129
137730 132921 124511 114114
132096 122567 115597 137612
157089 114639 121638 116330
154285 109989 127563 130078
131161 119226 122379 144056
130017 118849 134429 120546
144031 128142 123645 110492
169604 108010 143831 112895
168477 109576 122011 135665
135687 112295 144244 123114
116230 125867 128119 134103
140908 117861 136454 111752
164183 119569 111314 133467
177025 113726 118982 132908
130663 123063 123867 141720
150784 141411 112925 120103
145595 146316 115643 123714
155915 99820 140753 131759
125992 118901 139965 127585
145914 123762 141878 104413
116581 135376 139512 131060
160964 102478 135260 133012
121523 127751 123165 142258
117955 129458 131024 131693
146045 128468 115872 123567
148919 108354 141507 122147
146976 114463 146840 112438
149158 106340 118877 139824
127710 129225 125832 138799
150912 115761 120757 127181
173803 113151 119234 129156
115932 126663 134910 142059
128622 125591 128816 124931
151138 121004 111251 132057
162274 106742 127516 135997
137674 125308 127143 122958
129880 131949 116590 139423
140880 135083 118084 119910
171657 109823 124533 128338
146165 110811 148513 125005
123583 141787 120092 141693
113664 128039 128497 145715
117314 122840 133986 135898
140360 112649 140811 127899
133300 117966 133433 126244
134629 121583 125273 130028
136635 128346 122838 123995
128245 125434 113297 145239
144658 115135 117377 137182
128873 127874 124585 139257
165213 100570 138046 123906
137606 110926 155579 117683
163998 100570 152017 116932
129621 124387 124911 142510
148128 120271 130723 112967
140653 111447 123450 140826
132469 115276 136500 112771
144182 116471 118442 143252
156633 114797 126224 121650
143735 118868 109406 140461
145518 118302 108118 143052
132027 113597 141999 132325
115898 123396 145635 134288
144134 119977 124021 123660
129204 143228 124005 128713
161807 109350 126413 131591
147388 116594 131157 118847
163929 115202 120631 127265
133012 127312 126031 114101
125499 126075 144830 118323
154350 106996 146261 127665
135765 129188 132469 107841
168180 124714 113111 129344
134465 108809 150009 147622
149208 129026 107591 133409
156890 127451 108776 137123
127802 126098 147752 118145
129725 137532 110247 142782
138374 119005 125463 138873
163080 105433 135527 123031
144301 117756 109658 152352
132506 121814 120289 137972
149837 113280 124620 128363
162398 101161 147111 122984
140759 132707 109845 134241
163608 118360 112853 132827
111451 128296 144643 141581
153720 122570 118805 124129
163554 97234 139596 124831
136798 116145 135818 119942
146531 108748 148185 121852
136801 139800 128941 107897
144906 117708 126520 121528
119866 122421 130944 139159
119400 124190 125332 144605
170368 109498 127257 126348
127602 135144 141039 115043
121069 125481 129217 129694
141416 115139 132519 125420
116297 123052 135891 143539
146990 109923 142896 121082
125524 117225 138968 131127
152129 117872 130750 112282
156029 113626 135948 115825
124017 133422 124293 134160
154972 115467 131107 115204
123889 133650 123632 134620
157909 105772 147299 122661
139607 137062 107656 134664
121215 134712 130585 123064
148694 117448 135950 116626
157050 124819 108666 139861
123340 134428 135993 129663
148341 115358 134347 123535
149057 132065 122241 110142
126840 137652 107307 143578
145012 132142 109896 136653
135605 134182 119559 132971
150667 120238 111468 133708
163704 115492 110403 143916
131416 139725 119829 135377
146366 121854 112658 132066
130798 123437 120344 133729
140420 118781 122632 133361
133670 118862 125642 135414
143309 105562 130693 135364
159192 106008 133852 126407
156302 107310 131245 125130
141499 129260 114561 129593
173428 108725 130066 121849
145319 108147 139656 129332
147147 115784 130263 119774
136703 106577 141201 129328
128333 143264 126348 122246
127978 124122 143814 122042
145964 107051 127383 135127
171212 111054 125063 113648
150556 115341 107508 145638
119824 134679 130809 132241
147527 108565 141089 122467
127499 122013 136831 126019
118529 129706 142620 131045
150446 134023 108731 131346
120698 116859 141294 139418
141797 133311 107309 132550
150333 109281 143115 118816
133436 117344 110869 146721
128056 135189 120884 136892
137804 138807 109769 125277
147303 102848 150456 123664
140191 122444 119869 124965
129711 126700 107958 146251
126691 135059 120529 143680
146778 133580 111983 125171
163573 99544 133881 129438
133747 113335 132147 129161
129500 119847 130050 136752
164368 126532 113482 126059
150794 101558 147979 128130
133526 112837 146898 123774
139156 119375 123922 136312
152788 111110 123890 126642
133249 132224 120858 131200
153655 107224 131509 120814
133039 133495 109680 139522
143110 108137 123046 142474
143393 113689 147133 112873
152983 106169 135267 132107
141645 115055 135337 117717
164106 115301 123292 115572
141570 117163 130421 117484
