2 0.273674
1.55266e+06 1.60906e+06 1.68028e+06
1.55872e+06 1.59657e+06 1.62121e+06
1.56573e+06 1.55058e+06 1.57319e+06
1.57293e+06 1.58641e+06 1.57213e+06
1.59305e+06 1.54801e+06 1.65799e+06
1.59831e+06 1.54429e+06 1.58217e+06
1.63037e+06 1.54145e+06 1.62579e+06
1.67948e+06 1.57111e+06 1.56714e+06
1.55792e+06 1.60337e+06 1.61512e+06
1.60884e+06 1.5386e+06 1.65614e+06
1.61808e+06 1.5418e+06 1.60789e+06
1.62034e+06 1.58354e+06 1.56316e+06
1.62902e+06 1.5711e+06 1.57184e+06
1.6478e+06 1.60386e+06 1.53112e+06
1.61397e+06 1.64856e+06 1.55469e+06
1.61999e+06 1.57138e+06 1.56444e+06
1.63238e+06 1.60706e+06 1.52538e+06
1.63768e+06 1.53584e+06 1.65209e+06
1.63812e+06 1.53017e+06 1.59691e+06
