1450 14.7685
144673 146206 176805
157013 148017 147506
152655 130493 164885
156904 170761 138015
139339 174245 154160
141695 163484 155927
138488 166500 162680
155158 144611 152539
152349 150358 146161
154586 157710 143586
166356 148632 143538
166374 137391 149430
135989 179050 165732
144127 144866 176856
139357 151435 166732
170760 146392 140300
148578 144115 153083
146520 143550 168630
158340 156290 144212
142527 158637 160913
151304 172180 142779
150607 142152 168245
137913 166941 165065
162575 159455 132754
153770 149663 151601
143675 146787 172600
179978 135914 163243
159460 151788 137775
133411 161407 166177
138096 158939 169279
163334 137878 153805
136064 172759 161236
169601 149954 140995
162042 150447 141741
172087 136672 164880
142399 158831 153789
156378 179293 133557
157454 138611 150618
149845 132903 170226
157199 147605 150455
158120 155286 145465
171716 140721 148716
140619 162538 157466
161508 145355 146324
167375 137360 161049
140335 161381 162379
156141 166643 140018
137950 158985 166572
154945 137291 164513
164574 147598 145068
140581 170028 157197
144590 149672 158895
154613 139528 155878
154111 146994 152517
150030 163984 144143
145384 146883 158106
144672 154846 149992
151879 154021 151652
146796 168244 147409
139283 154545 177091
135089 158488 170733
148190 164899 148237
144332 173122 150637
144489 150814 160910
148415 175231 143127
146756 149163 156009
148864 157628 145049
147947 166751 147319
153869 165702 140973
151841 141620 163045
142056 150261 163840
141179 165922 151964
136827 176238 158158
150545 155815 146379
140417 159458 161489
149474 149139 151887
152947 139354 164117
131620 179882 180759
174669 143779 143405
143601 154479 156263
145757 164271 148417
139808 161653 164182
154615 169412 138971
145535 136095 170322
157985 169165 139826
143023 157636 161602
152348 160515 143867
148568 144905 156685
174128 136844 157552
133123 163318 167794
148455 138518 169745
147827 161974 149668
148142 154477 155325
158305 168172 129783
142958 148679 166996
153853 150273 150425
158711 143540 150389
139099 171893 158248
150955 142526 157982
140053 162944 159135
154203 180109 138943
152363 160057 142034
154517 143884 152768
