4971 177.067
201929 106009 111661 117153
170198 132710 68190 145881
159242 69687 169128 141481
151572 149484 138765 75478
138419 105104 80943 193341
123476 95545 206522 127407
117694 190507 116939 80650
66859 140602 147562 130825
197481 107289 89700 119915
115022 188699 112481 82694
194954 106668 89196 120166
76601 141745 137147 119625
104875 169907 116178 81084
125951 181832 114319 79469
118346 187343 110385 82552
115876 184886 111837 81643
66966 151265 152052 127348
122769 183660 115517 80389
114633 182441 109623 83738
87070 152314 124431 108783
170937 127631 156276 122544
151771 143168 151343 78101
101241 167546 107816 94166
83607 139576 133078 108158
188153 109521 98237 119359
176711 124002 69806 151697
155223 84597 175987 122915
135254 85969 185698 136423
159632 82982 154641 142203
154323 147824 146596 76548
165917 82488 157625 136792
188058 109463 88289 122523
84701 136474 134596 109955
145346 109233 83254 180585
120377 190026 110371 82414
160425 125314 165183 121255
88080 153210 127666 104711
152067 98458 167391 123281
98937 158339 128003 95260
114062 185843 103917 89225
148187 78553 167034 140074
130012 116701 97842 160218
160810 70605 164268 142752
182160 103807 105609 143519
133211 83535 187331 130180
148009 122727 73779 155389
127962 105651 92163 176006
98384 160112 114638 99782
109736 170688 114102 86108
132695 104686 86754 183232
128653 96885 180367 133128
189355 110617 92656 114341
75924 130804 141031 114703
130924 89321 202619 130826
159894 119002 77245 170591
116614 186767 111547 83477
83951 143593 128790 105870
173397 111044 93739 130796
146788 84016 174580 131060
93462 148652 128907 101849
140320 148849 134040 76133
96592 164120 120767 93936
113211 175976 102878 91773
139196 101263 81922 192527
150141 79761 155965 148375
124926 92698 193903 130548
104168 172767 117760 88583
132022 93796 177865 126797
128185 105321 87756 180044
162638 124964 72168 154103
139012 88798 186996 125745
126197 95948 200625 126642
172121 113419 158175 129625
130281 103301 84355 186804
119826 99574 197153 133886
196436 114683 84786 128580
107272 166122 126742 83087
137752 85787 182100 133015
162408 125583 70260 151051
80067 129514 144607 113530
135863 86887 184236 136089
147221 86301 168203 137462
81669 137426 138009 110908
164471 122113 73577 152928
131685 93415 193055 130054
71383 139111 145051 127982
185665 124891 78822 137320
84169 133226 135707 110398
82585 135037 141753 111895
94209 164867 116572 94972
79518 138648 135932 115586
179314 113205 101324 126539
179506 117142 88804 133612
190015 108693 100050 116057
67576 143439 147397 128802
132172 153913 131871 96007
106115 162383 121571 87834
112694 179474 108465 84307
155792 115675 79654 169960
126552 114076 91121 179062
153989 71515 161353 143289
108661 168610 118529 89850
72019 136993 149390 125833
152112 94093 162629 129248
94042 156860 126897 97718
142887 102290 83501 187377
97064 150073 130468 101597
74868 138978 146086 115358
161876 93636 150126 148053
94426 158963 122823 93526
133804 100589 93279 176285
68325 141053 155499 124605
162332 116579 76671 155816
81203 134770 140132 116263
163133 133037 68866 147332
86513 156149 136168 102424
92201 130246 142516 120860
134767 115541 104398 161416
91677 155712 119088 102136
136504 104204 81845 191847
161838 119521 77847 146901
125040 93331 190778 134665
151370 77517 178342 127746
134636 88309 187802 128689
126741 101749 90472 184670
95521 161387 111999 94670
160243 121735 74426 150761
109259 166867 106265 90883
90017 145796 123365 114943
74475 149872 141320 116561
163777 121420 72389 156296
121649 97893 189109 131479
142094 150163 131328 77653
175567 108352 95415 139025
158733 73583 170718 134970
151640 111787 78283 177482
117021 122999 99849 158413
137845 143834 134267 77254
166154 122602 71793 149562
92280 139342 146882 105135
101763 178146 110136 90175
116441 186446 115049 81002
87398 150311 125099 108888
80598 133744 140802 113621
154528 113810 173681 118562
154904 72063 159138 144035
127776 101027 96147 181385
139196 150543 128468 78468
126145 114062 96221 179696
131061 128789 98423 159731
127407 92313 194477 131129
112212 163178 102823 99979
138848 103350 80578 186458
158336 76432 163607 139825
174761 134383 130973 124960
121055 121360 95573 172929
167321 81931 158396 135913
124642 93168 203903 131728
158042 80344 158644 140187
164362 116300 79355 158000
149144 79991 175186 131724
116869 179080 105993 88191
110053 154394 112510 98871
133417 104955 85264 175091
127023 96287 199228 124530
100925 166696 119253 87792
138197 111196 96612 165944
186743 102744 100456 139459
147623 73830 171339 144829
135582 104610 86186 176873
117253 178804 105191 82944
135997 89890 179210 126319
125283 104413 99059 173993
147466 126642 70478 167145
85224 135562 130209 115848
177623 120997 79860 140964
191826 107111 100686 117361
99103 143249 144042 106114
101078 170937 107023 96239
72444 143315 136832 123750
107728 185085 113827 82295
130602 94997 191724 126412
77211 138095 137411 117901
158704 72843 164573 137522
146245 74509 173379 145824
102311 176901 109124 88984
104580 175112 110627 89392
183046 118825 82767 127394
167822 126138 69578 146756
183721 111516 84061 142981
196600 105205 109720 119034
169271 124745 68403 143917
194335 108984 94030 117972
143814 82708 169364 135437
129189 98264 82567 188814
77828 145302 139607 115408
121497 181069 107326 82708
122761 99116 86328 191507
145120 76238 174152 140511
150191 114913 152912 131051
173046 120204 71535 148627
157609 117070 81551 159360
109911 157026 118000 96687
141168 111974 94786 156963
158998 70931 165832 142423
100236 160589 119901 91996
102718 147279 121781 101554
119322 99521 196156 134892
142733 102988 96978 165104
155602 71645 172286 142671
90553 160868 114996 105150
78292 142487 132657 116148
143574 128406 166317 137127
102427 167247 111025 92471
69772 145628 150738 123782
174277 111918 84700 149045
102065 164538 111086 99296
153770 120824 73385 153405
116086 171762 112120 85593
139711 111587 82398 171089
141475 100776 82418 190930
129335 94554 192394 130447
122336 173262 114994 81807
160650 115742 82456 158694
123397 180849 108038 82246
120817 101058 185650 131836
156966 122856 75819 145245
168245 128596 78590 139332
193645 107500 87171 124071
150407 149470 138501 75654
127918 90685 204193 131362
68932 146886 145673 129417
125536 98128 201987 126175
90748 131617 136519 109760
142997 107564 81143 182460
163768 112814 102190 141833
192436 108238 92571 118147
119203 120602 100288 174475
175030 121025 70558 148783
152837 74926 171951 134679
134133 92987 182855 125603
171610 109053 95990 143800
111405 179754 108281 86830
73555 136742 136442 125187
131157 91340 194821 131038
150836 143423 148639 78660
99555 156236 122240 98320
110700 172317 103607 92833
70976 140209 148273 124139
123847 116042 90950 168552
93018 144450 143476 103840
125879 96588 205188 125968
131597 88565 181242 132152
160796 106425 104608 151868
136830 115629 92561 162727
103164 165761 110756 92166
124903 92015 197685 132280
124883 98845 188234 132772
70468 144081 145406 120567
137195 102420 85820 173231
129383 116814 92032 167902
180462 111399 88083 121062
120786 94739 199970 133174
156141 127974 148115 140648
177719 118544 86989 135491
134319 99868 87279 178021
140165 108605 80061 188056
86676 148156 124086 118604
111102 161763 120394 85898
176297 110277 92976 128225
89492 156002 124129 101368
87680 152825 126293 107409
122981 98158 205680 130993
138729 109858 85020 165490
193272 107534 89953 119539
140007 91800 176866 127197
172380 123592 70931 151498
146088 107644 97440 156737
123792 98924 203066 125868
73083 146441 140002 122175
144220 90022 161919 139646
161327 73257 159887 142481
133357 115615 97223 161151
152485 112240 85602 161181
106286 180521 115695 84020
99848 165447 109370 97019
134561 87799 192032 127831
139369 102814 81725 190279
174311 124429 69217 149593
121060 177757 109806 84999
141441 81872 184736 140208
126301 100312 183448 126937
129909 130065 122427 156207
181570 126079 82726 127666
146335 85239 180526 124669
108313 172291 108440 90463
145810 85616 166846 142076
90723 153152 121256 109421
80614 137950 129865 112235
78851 144555 133813 113225
88241 160745 127740 100725
137394 108186 98760 163927
107707 162856 105458 97497
138401 88876 178723 129140
85503 151443 123064 114006
78982 142786 132508 117580
151870 100513 83598 184097
91332 145299 112805 116750
85760 135454 137872 106672
120225 183139 110299 82733
167904 112631 97511 144330
103547 164441 111196 101077
83038 142267 134811 106945
144511 107250 92966 163294
156724 110379 150397 138103
85847 161600 122320 104069
91018 157501 131128 101214
88862 132347 131321 107658
107421 155128 115567 98118
99517 159492 119710 92866
128829 99975 91877 178518
134882 118690 156810 145937
75441 146535 130993 119601
132761 144229 141663 80034
105167 157756 102504 102694
72860 138037 143107 125290
103316 173457 113932 87649
178608 114269 84177 141456
96131 144717 123131 103607
103911 154666 113522 106497
147599 77030 176461 139438
82007 138529 130250 111387
128991 112639 87535 181796
80731 139782 131508 110403
129870 131250 127191 157900
140900 113194 81138 161970
143313 130935 125795 145272
125407 174025 109126 84613
185062 118002 85233 124848
128614 91095 196559 131257
130420 97340 192328 120894
73013 149216 142788 120324
88696 144911 123625 113342
95146 164248 112775 95371
113527 149906 129442 99591
137810 107959 90030 169356
71840 141152 145604 120463
172486 129116 153438 124363
97605 150800 134197 101489
118634 121893 97838 169424
139590 108490 86542 171944
180863 110699 88159 135944
92639 148414 124320 109141
122621 100160 198188 130255
129580 109289 102318 164633
114713 177326 112535 85403
120117 168101 112947 85292
171493 120287 73180 152223
73902 135828 139723 117497
140599 107046 79478 188306
130723 149566 135191 92597
134492 103653 84971 183792
140935 82243 169883 134409
113860 159799 110585 95792
163235 136201 117381 140351
112037 171381 103957 91846
145862 84205 177250 128404
100164 151942 118698 96786
115146 177835 112380 86429
166729 127045 68438 146656
107217 161096 116656 93045
83128 132468 139612 112627
141829 86468 172538 128232
150953 75190 157207 145467
81113 137825 139142 112005
95748 152732 122097 102705
131034 93432 189844 127605
135535 117616 81359 178174
173055 119026 76446 149701
103979 169426 110286 93279
148652 79354 162937 135660
102265 174711 115378 89523
80316 140876 132142 114072
123615 95320 206425 127491
165239 132059 70121 138495
161107 122693 71088 154966
190923 108977 91363 118596
158602 75544 163241 141897
135983 106087 91414 169491
144830 77914 174029 135805
119852 102758 201310 131403
88677 136837 125387 118284
127225 95213 190258 128344
94648 155329 113129 108354
151460 79059 169601 136379
111575 171302 106195 89735
146478 90213 166884 134230
105554 176466 106053 89496
79918 140671 137536 112904
82250 134002 132810 114474
138013 80833 188416 140008
110373 168342 107496 87445
136963 101367 90771 166978
164694 126647 71028 147556
122637 99916 89005 185745
82944 139191 126385 110665
184389 106688 99480 141828
70453 140335 148952 123852
94667 154030 120193 104237
124286 180096 107205 82430
152181 87481 157180 139507
91847 151686 122141 107195
81029 148336 129310 115044
141611 81260 183625 133421
77363 138440 148537 114560
82226 131873 133633 113623
186358 110028 86017 128556
148984 75368 171357 141360
149302 79561 175533 132266
127457 110843 94258 174798
175368 123232 69769 152417
124391 102659 198527 128500
170190 116884 100502 134004
153342 81067 163951 134561
96427 157746 120583 100334
100640 165251 108306 95673
161559 120302 74651 154210
149662 118423 92591 157299
67916 146151 145710 127207
150723 80604 161664 134930
159512 72442 165433 141123
141420 120489 74953 154447
159576 97655 160122 136360
135435 118201 78066 166477
153870 104011 86230 168776
133650 103567 85358 185222
138558 90856 181373 126157
141162 117915 106693 152634
183452 125164 80293 139454
163137 116887 159976 122020
121992 104838 96884 172390
191909 108930 92397 118830
109829 156639 117165 97416
116608 174235 115099 84861
141783 100677 81614 189997
135727 146225 141506 79709
127886 120754 91850 168167
162991 117800 83059 150078
105389 175794 108322 87188
106747 171945 114865 86582
136405 102131 82312 189295
164653 116440 77576 146421
136228 106859 101006 163977
190528 110031 94100 114636
130664 92810 195745 126101
106509 161248 108794 90750
97529 159092 113753 102846
121889 101965 90280 185402
124042 178475 108943 85791
160109 123637 72920 149909
152718 108367 153699 134867
125661 101995 188763 129832
157252 74205 168851 137432
158444 70893 170206 141374
164908 119870 76952 154672
89820 163615 127130 101112
103100 161992 124212 87541
112324 168853 115846 84912
99374 163600 117731 93222
154760 128338 121664 146026
70234 143816 142184 124303
156203 105815 160780 135820
161088 118031 77086 163507
157122 120029 75354 142191
153396 81310 168817 132560
166660 127420 68433 146571
94747 154874 118330 100467
93211 140048 141219 106344
153078 135933 72757 157134
118038 190448 110367 82810
140574 103913 84698 184606
141969 85623 180720 122717
157507 129047 127423 136303
115489 178825 111693 86630
131456 115228 94448 165273
180010 111030 85447 131283
151254 99048 168464 123436
149066 112556 92835 157408
168790 114647 82513 141889
82128 137608 135455 106870
69393 144182 138390 124642
114816 151911 118354 103183
143739 83081 171004 133293
153554 73375 176188 137997
137547 82374 184713 139268
148705 77925 165471 141468
147428 134770 78368 150576
126954 110829 96614 164217
70045 147586 146445 118867
98049 175473 113302 89555
