56 0.745733
151110 131646 177214 143919
174058 174812 129461 165253
140388 153629 174301 147212
159229 173531 156964 129509
141086 156865 158787 145213
176617 155514 123975 155160
158964 157528 132991 153419
156450 134463 156742 150379
139045 172632 177089 138111
157940 134194 167461 144761
165538 166526 141565 139240
181255 129025 167462 153463
178012 131908 157406 145637
160038 147472 152955 138215
165923 145199 167678 126983
165705 131450 167770 150036
170082 128313 177239 153716
172847 128465 179986 148914
151264 145155 151067 161668
134853 147221 160575 148659
146949 148767 156428 141908
144488 165976 143901 146412
155884 169283 137793 152453
178618 149327 137786 144538
142125 136532 156991 137242
158727 162175 143853 135385
165944 143952 153682 140488
126175 154307 169986 154287
150794 145790 144705 143271
154548 146279 141614 170807
150954 153114 147582 142567
151315 147561 159508 136756
163741 139314 145410 155240
165838 132043 157105 151142
174316 147741 141030 132909
149859 151030 169659 135318
153192 136947 148361 162554
155314 134701 176947 149672
155880 150046 138111 166084
157698 134693 151047 155399
158446 138353 150414 154485
162689 160786 164190 127677
181650 152592 154749 128859
148637 160562 166626 135225
152904 143408 157936 136566
159594 137639 146682 167100
174483 137608 152854 134941
136903 147883 147269 155308
143444 145231 149897 142940
156320 142101 156973 154402
159028 137718 142061 164468
160085 143833 150029 142810
163414 135458 153969 148657
164275 172532 146539 131038
140475 145976 155049 145721
144075 163243 148060 149459
151326 146119 141944 145653
154599 140486 155680 158095
159279 130455 177326 158717
159508 130533 168676 150647
143386 146579 150788 147982
150628 158092 142371 147232
161767 144774 156946 141896
165086 125433 165595 162756
167156 137510 143151 145166
170440 124112 161381 154738
136854 159698 156999 150574
144713 162126 141748 148244
147123 156753 138745 165115
147561 159147 160991 136106
150593 159725 163497 134861
151853 164904 156368 135041
156408 134454 157199 137535
159041 125600 161337 161650
160717 141506 165670 135334
147141 148990 142755 152014
150091 131408 168679 162269
158170 141504 146849 148133
160749 127388 154458 154560
163352 135410 142244 165547
169022 168220 137868 144779
150615 155039 162720 131161
151884 150964 139743 144664
153731 148398 147253 136100
154792 149549 139347 151375
156384 144398 154533 161636
160134 150674 144337 142374
161818 152770 143424 140275
163987 159473 164748 121186
164149 151868 146199 132100
164837 147947 138065 142825
165470 137587 151000 152008
165502 150316 144259 141241
170518 135415 144931 149957
171556 149270 130819 155343
175901 138408 142409 158101
146288 155263 142645 143219
152645 145194 151584 147473
157328 154743 139210 150706
158075 144818 142761 156186
158507 140579 138275 142837
159523 130848 156082 161307
160753 166570 135763 151585
164237 139261 155897 140014
169812 131805 165596 145225
151316 162786 146812 137397
152169 157839 155279 138958
153876 148439 166144 110796
153909 147648 152269 129536
156907 163010 151693 134029
159048 136683 147292 153498
162083 146083 147364 131424
162757 151300 160767 127333
162896 152659 147436 126869
163858 163639 163266 123148
165143 148484 132580 147425
171557 147345 152151 130687
153743 160133 155561 130333
156374 135143 155169 150558
157418 168512 150409 133583
159063 146179 152450 141582
160753 150868 149266 131735
162993 154044 136801 166121
165145 159008 158062 124350
165154 125214 169547 162564
165833 145846 162105 119396
166593 145585 145730 141547
166956 142880 156117 138717
169212 132992 150964 138881
172777 151160 130788 160579
