324 8.49338
194561 95595 124574 142071
181696 81171 137135 140642
160675 153010 160533 100185
149995 184204 131127 107806
147700 136696 98699 142878
145247 134312 185010 133900
132968 147609 132723 184641
118400 164503 155197 160428
147345 176991 134716 107246
153909 180664 132039 112374
191254 84579 139844 134915
153741 181453 132223 111233
193336 103755 125006 144200
180694 83343 140523 144505
187195 89420 127971 146924
130479 137744 149783 182711
149930 111657 183065 131676
188659 90043 129678 145213
135863 123295 176011 168171
190093 84663 141006 140440
154578 106835 184225 136330
131957 136138 148563 179761
139163 125049 174549 155289
157529 98489 171923 122977
175315 119835 110618 145020
152264 136039 164370 113813
162251 116865 128147 149229
126156 151084 135485 170568
130928 137553 149095 175603
145873 113893 178424 139940
176188 99403 127810 150501
175892 88124 144500 135649
124676 156761 154686 163919
153987 133738 166254 114986
136633 128437 172738 153404
150131 133474 103780 138101
134641 132643 127002 143267
119322 159782 158779 162773
134349 151065 133426 171240
130612 139320 150580 172774
120396 142682 150846 177352
184338 86669 138140 138097
188746 97391 126542 143975
151695 129126 105680 138940
125406 132188 176267 153296
146091 114518 175293 141992
146393 134270 99696 147975
141524 150112 172870 117231
145195 166409 129825 116599
125827 150632 135791 174511
153542 149409 155343 101468
129241 137831 149443 178550
164838 140435 156467 108972
124949 169909 150052 148565
128202 165281 141803 166671
149611 171093 121447 120106
129008 130846 182169 151272
163704 125351 117218 136816
182493 94528 128497 160697
149751 120728 119099 147626
148507 176459 140169 111643
140988 143287 175940 113409
181741 117881 109031 150831
144449 137726 158357 108001
141686 150367 170262 117549
157906 148863 161033 100919
160027 139727 159419 106848
138115 129831 114053 142737
132383 159743 129510 180228
155091 148409 158388 102824
156653 128511 180481 123662
162508 111400 148728 132986
119384 161544 156257 156872
158144 120099 119770 155513
137137 153556 163468 130530
162695 119108 111040 145995
151584 170657 118230 124285
126772 129155 180893 154762
167119 90700 151573 133923
163834 121245 109940 152773
133222 138444 147207 181244
142424 127840 103108 140223
150226 133916 100169 148544
159088 167848 120913 126604
144276 173157 126900 118292
171108 113006 120551 152140
165368 168276 127364 119496
180502 85481 139419 140749
183510 101055 141132 124731
131813 139336 149362 169654
181011 87982 138549 137944
178933 93895 139658 131294
148995 129474 177043 123218
165655 98880 159435 128112
170401 97731 134664 132177
153911 131328 100893 139925
148334 171437 124480 118577
120405 158180 156025 157515
156110 123599 115736 141898
143928 134560 184947 135801
137899 130237 179248 145331
139567 128581 152508 158264
145814 105355 164122 156333
160878 116186 139215 148576
131050 167370 132032 166167
149187 164565 124134 124660
166658 107749 120275 158713
158443 172492 121197 118139
133916 146882 145073 163175
134568 144697 134155 182102
147251 133378 102728 145494
152492 141889 167977 102171
136456 153206 165268 127935
131253 154662 133967 171955
130066 142060 140942 176268
178570 85823 147502 139794
159592 140979 156533 109733
154884 115299 134051 149899
123030 128559 169700 157162
155767 139183 162016 105750
169204 144612 153202 112628
147997 137200 104933 135516
148448 126653 104524 144822
174198 101939 136903 128586
170915 95731 148425 132625
141273 153864 173983 115942
127740 141686 146838 169180
179644 99811 126125 148330
156709 120565 157890 123447
147574 146037 168805 104800
167987 118646 112022 153598
144938 145193 114317 139095
166951 104714 133724 148734
121609 164315 149739 162412
142789 151846 161373 105823
127700 129431 182377 151583
151274 151829 167059 103685
193468 103537 125352 143149
148576 120737 116165 145797
156935 167735 121722 127124
136119 132128 163997 155814
155068 175384 122907 119112
155830 110182 156160 149362
161074 161826 127454 124882
156997 166126 128011 120709
177969 86309 135611 141524
163394 121780 110111 151400
186584 97121 129161 140161
164594 135029 162616 111398
147299 175641 126298 113521
169135 93838 159026 118766
148754 140257 157043 112987
142902 138740 168088 135092
134094 157359 163168 131543
190512 102499 126274 142715
161268 122842 108716 152028
148004 132256 102234 144015
143349 147024 162933 106155
118758 166647 153605 156998
144674 174605 129466 117250
132564 169569 141589 159754
126384 156533 132605 173166
130720 125406 173619 155107
148568 136986 99029 142581
161578 120377 167419 127531
150746 139826 159720 106624
153581 124285 112806 146129
170309 98482 130992 146293
147623 122430 114804 146859
138881 145674 174407 116034
158002 174239 143450 112226
124228 149867 143937 170147
154499 115450 165680 141298
172864 98597 144282 129917
154510 129246 177845 119914
159229 151993 158310 100456
185363 84423 145436 137128
166954 117352 116934 152346
126969 152191 142953 168906
158586 150483 148205 121390
174539 114990 112160 147411
152754 132705 100357 145309
167292 100724 133362 135207
130167 155552 150754 164163
173537 100363 136418 131895
151817 168982 122183 119903
150934 110879 181464 143312
167524 117503 115361 160218
131439 150623 146764 161700
156102 127459 106026 131393
185036 92134 136460 135348
193952 103868 124443 143168
165892 94385 169012 125933
159981 165897 143896 119402
155615 97255 171097 124400
157778 97913 169420 125757
140310 122023 152369 163416
186772 91178 130220 139397
166306 98066 166264 129052
185557 101514 143682 122415
182125 87129 137455 139733
145482 122649 122428 138979
132757 156893 131129 171610
159542 125829 109234 134887
149144 144413 173319 104104
128742 160614 162427 146615
183345 103550 127049 135986
166565 118691 175788 122251
167650 106495 138351 134470
173870 99670 132213 138428
159448 105914 142244 135862
171930 111987 123715 157787
139955 170722 122678 121134
133316 145395 137763 178065
141972 135304 106834 142272
141949 139934 167610 112036
181496 83825 136703 142658
169903 102565 125948 136383
154128 127639 106611 131142
169690 102114 130430 138598
144064 143706 161828 130184
154417 136880 165033 110841
133215 147476 134914 173933
154935 141216 164644 105110
129181 145910 134424 177611
122723 136128 180062 165490
121807 160795 152607 154387
127211 142898 154932 170000
164664 120304 108504 147356
153309 142414 162811 102419
129398 151623 141234 167113
161221 146509 155040 110181
123405 153808 140068 168070
155916 173577 122803 119737
132686 137591 146631 182635
151466 172091 129660 115399
143409 144771 170628 109821
132878 137688 148403 181930
182512 87062 135156 136558
167391 162048 127857 123903
176438 88727 166275 135400
167789 118205 149332 129232
142539 122991 113663 145927
126524 144167 153473 167586
125030 163038 132564 178152
121957 162185 151211 162481
127458 137895 152709 173474
181269 86599 131498 144607
138095 135638 168445 122628
164088 102727 140114 131769
125914 148583 152155 167302
132106 138921 148903 168400
165938 117518 112827 158161
173029 90237 142016 131556
121266 156403 156331 166851
148696 147136 162810 105273
181887 91752 136063 138950
168610 104866 131754 148222
147483 135715 179374 118037
124058 154205 138635 168121
132417 171165 141484 161158
185798 96253 130095 141175
122191 158940 154309 154714
163473 115800 125634 145750
160236 154699 151868 109850
154416 173535 123084 116457
150117 112919 173753 134697
120624 165686 153714 156772
148624 115765 179813 134272
134634 143590 132112 181434
159342 123263 107586 151117
160925 122259 113492 147929
178311 118127 123470 135836
144253 127274 112529 139127
142127 126686 117752 140049
154237 120876 118585 144214
173407 108850 140315 124761
151423 136766 166495 115546
155706 169186 124786 117756
125072 161616 132292 176597
151395 142257 171724 106319
126067 147848 136482 175087
161584 117536 111740 161322
168245 103950 127617 152653
129074 135808 153017 177174
190255 93134 126433 142025
143509 124450 184462 142881
132007 140655 150694 169309
139020 126314 171156 147219
121743 164110 152188 158525
144954 117226 171449 137310
177547 88855 144264 133478
175173 122662 120042 141809
168018 104082 127984 152401
137636 128085 154719 156446
174788 94844 140121 126989
151138 106306 177460 148316
149132 131723 101423 143046
146546 143859 157375 110577
138381 143412 118921 140716
185889 92622 130722 141917
163921 109194 130474 153008
166992 101441 142504 138212
186382 91162 127204 140713
152837 133186 101477 136650
152496 127887 101799 149299
119025 166852 154141 155381
123795 161414 132839 167802
160786 136585 160108 104564
178264 91017 142823 129857
177120 87254 147301 137511
122624 157059 158432 164613
174070 93535 131826 133582
148502 124650 105719 137436
164998 95976 147609 146808
129805 138921 152403 176827
153025 137400 157242 112172
146022 125379 111528 137778
141422 167067 129402 125280
153952 108887 151853 165779
182943 115059 124076 143249
155136 105324 165288 130745
193919 96450 129580 134165
147126 145751 159889 105916
120889 157921 159970 155490
174865 87668 146461 146247
178893 84452 137103 146538
147705 164883 126271 126625
176752 84828 141952 142040
140376 154227 171442 109258
166875 107358 139086 133608
150890 132174 107893 136572
139715 129547 167905 137140
127593 160492 146161 149635
179868 83595 140845 144425
178095 95074 132252 125285
133111 162599 153455 144020
124329 151427 143389 166686
124321 160428 149851 156709
145384 133103 173415 135464
151532 169690 132977 116549
179652 92733 144596 129530
164759 109650 130409 142525
180104 87303 137576 140207
133578 154269 134539 171767
143683 168180 140290 120821
140543 128218 113573 139111
125651 156076 153044 156894
125206 153476 160414 154955
144746 168806 126544 119184
167686 100250 169952 121973
161739 100200 152369 123769
186039 93237 126190 149658
145854 127009 111251 128359
178285 103223 125035 143455
153933 130206 109526 134740
174301 95040 147870 130798
121406 154559 155760 168650
131570 157225 136126 167801
146967 169543 123984 119998
130938 154995 137914 168837
176976 93435 145744 129358
155472 119295 109730 157723
182813 87732 146226 135650
157669 109239 123871 152334
180387 94211 130716 143510
128597 145531 145779 174956
147383 113362 181632 131149
163251 91163 155432 133158
151281 148018 164862 104160
129423 138516 146340 178473
158698 106263 143091 142682
156240 125976 109792 131119
154393 107137 153813 153823
131125 150792 155921 161646
160019 117253 117885 159127
181885 89217 136228 139503
172370 98553 136728 129992
152706 144913 112386 128105
166443 117996 121135 148999
129174 130422 165992 143528
122827 155684 157027 157799
128330 149186 147111 168671
151167 137132 157657 126297
124990 162540 148808 159389
158348 164364 137220 120320
120943 162342 154713 160514
154338 110675 149502 152212
162050 94490 174198 136783
148357 135195 101122 143363
148898 134498 99774 142927
181602 90318 133535 143727
171011 108291 140717 128271
125860 152821 143616 165012
156310 173476 144233 112106
169483 146193 148577 111987
126253 155246 150912 158843
154120 105742 167291 145682
151291 147921 163654 102372
149718 163726 126669 126149
150469 163102 132790 123228
153920 121750 125191 144381
186027 91431 127771 144939
177281 101101 126320 141176
129636 164909 155556 143328
165836 149300 154469 104337
152017 145916 152870 111773
151287 111145 175712 142220
164480 113109 121820 152544
158883 96908 145584 133767
139905 147545 158588 128737
138632 172217 138860 124301
131060 155276 160703 148334
140291 126808 166808 143974
168968 108620 130142 142218
177751 86012 139537 148297
142239 169057 124620 118826
132548 149684 137816 174904
184612 97483 131595 138472
128434 161145 143422 160820
150849 140473 157431 109472
168709 98048 137816 136140
185371 96759 131437 139324
144654 122127 115158 146828
154608 126408 107238 129636
155701 152672 156513 101233
156082 109795 160223 136419
168220 120192 110895 145902
151060 137258 164502 110289
152594 108188 164311 144216
175088 86860 144948 140300
143395 136396 174279 120610
148083 141330 155201 107810
136295 127037 164314 155565
136571 115730 156486 155979
128775 159650 139527 161302
121359 166776 153974 154223
128478 157645 147591 164381
123650 143752 151003 168275
158030 97609 174067 122674
150633 115383 144720 157956
137353 155958 169501 123199
158663 127438 107188 132343
125085 142948 153740 172837
128492 150834 154264 164754
148199 113154 181603 132531
172282 96580 146960 134138
166846 141055 149612 119729
156061 104940 145596 145036
141981 159311 129733 125632
171575 87707 161915 139681
167532 113362 115695 153949
129996 138280 148601 177399
118459 167559 153768 158641
165210 140301 154149 119266
164713 163414 128445 123039
139150 131660 113213 154233
158527 163649 133571 120403
140131 126233 170007 147375
185097 94052 130186 139579
164513 114156 125818 140558
152708 112527 144785 158585
146769 114404 148582 160932
152123 111770 169549 125534
121695 148834 151003 165292
160484 152170 152031 110478
126593 154242 143363 167942
133539 130789 163999 153391
171744 120854 153489 121789
171643 100905 129344 154864
150525 147730 150880 115172
176549 98315 157623 123745
146610 154426 157255 121083
133175 146707 134976 173837
174396 89497 141219 142534
154715 108532 169640 133426
178001 84768 145513 141063
146739 130337 104782 140159
122492 159203 156372 152229
176718 89322 144175 133728
161535 102276 148900 130083
174375 111799 118085 148937
122208 160514 150668 165706
125283 156304 160050 157592
172168 96665 138897 143814
131361 138011 148869 180150
176444 113992 152545 121598
133990 153736 133423 173740
138034 162565 156865 140257
143727 134275 182328 137039
139084 127411 166236 151802
139901 128308 166701 144865
141521 152831 168168 117857
154746 112211 146349 148987
158358 150354 157554 100640
164377 167211 126869 120041
155402 114473 126601 153031
184784 85539 138876 139098
163039 120822 115280 145563
137758 152904 162777 129457
