41176 3243.04
203541 70397
199834 70677
199639 70697
192289 71353
199534 70711
218393 69215
193552 71248
193057 71302
157669 87208
193252 71282
170815 75155
199339 70731
163298 78727
193357 71268
192094 71373
203841 70363
176197 73871
203646 70383
198376 70802
198571 70782
198950 70780
202383 70488
198271 70816
202578 70468
202278 70502
198076 70836
168620 76017
202083 70522
191794 71407
182749 72557
216587 69405
191989 71387
212568 69693
214374 69503
210362 69869
192668 71351
168411 76154
170125 75454
213111 69608
218198 69235
217130 69320
181670 72765
216392 69425
216287 69439
214179 69523
206355 70183
206160 70203
165399 77790
212916 69628
216935 69340
170494 75275
164593 78152
170869 75131
172073 74832
169675 75617
158520 81173
173483 74441
169706 75579
163903 78451
165297 77820
177354 73602
174508 74257
170916 75101
173429 74465
172326 74710
170595 75221
172127 74808
169016 75878
169830 75539
172272 74734
170541 75245
171216 75067
168566 76041
165012 78027
167217 76640
161741 79400
170179 75430
178433 73394
168985 75916
170970 75077
167271 76616
170280 75376
167876 76340
169760 75555
169385 75699
171951 74854
168695 75998
166173 77151
166902 76795
164272 78272
169070 75854
170440 75299
160023 80178
164647 78128
180358 72981
166511 76971
167147 76696
169331 75723
169300 75761
166832 76851
168191 76185
162929 78906
183199 72417
162881 78938
168096 76309
178883 73254
177254 73654
181215 72832
166956 76771
175710 73982
163957 78427
168245 76161
160997 79723
162608 79026
159953 80234
180463 72967
162554 79050
167930 76316
166527 76939
184966 72141
173879 74325
171897 74878
195142 71067
173555 74396
184666 72175
183951 72282
167721 76453
169140 75838
181410 72812
172722 74594
176238 73864
178778 73268
188515 71671
175410 74016
183651 72316
181110 72846
187500 71812
165345 77814
173022 74560
176097 73923
177999 73442
196157 70926
163582 78571
167791 76437
169905 75520
159578 80378
162137 79261
174611 74181
178556 73327
168481 76138
189770 71511
177804 73462
189575 71531
171420 74937
188215 71705
182689 72565
183094 72431
169455 75683
174307 74261
179830 73099
180658 72947
178299 73408
181715 72759
184454 72257
187695 71792
164218 78296
167501 76484
171366 74961
172044 74841
176647 73731
170156 75439
176070 73924
185311 72108
176842 73711
171319 74991
182494 72585
165483 77450
182120 72625
166886 76827
182899 72451
196052 70940
180136 73040
174179 74291
184146 72262
202873 70412
188860 71638
176043 73947
182420 72591
167201 76672
180163 73001
183846 72296
172577 74668
173832 74355
179078 73234
175464 73992
164193 78404
164572 78238
182872 72490
171265 75015
178583 73288
180915 72866
183394 72397
185161 72121
176292 73840
177426 73557
172776 74570
173933 74301
186326 71967
172621 74648
165537 77426
170226 75400
184861 72155
166581 76915
177621 73537
182615 72571
181742 72720
187200 71846
172523 74692
200738 70590
174233 74267
179335 73153
186521 71947
162983 78882
165912 77282
190070 71477
176947 73697
177227 73655
195337 71047
178104 73428
179530 73133
182794 72551
174658 74151
185506 72088
160842 79836
163174 78807
174712 74127
187395 71826
172675 74624
194992 71080
164438 78265
175012 74093
177142 73677
174958 74117
181937 72700
179635 73119
173501 74420
189875 71497
206685 70118
170210 75415
160392 79999
161532 79537
176546 73785
177399 73596
168166 76293
188710 71651
172199 74763
178373 73402
186221 71981
176448 73829
199149 70753
159632 80354
177703 73516
182042 72686
168765 75982
184559 72243
196731 70904
173302 74518
177298 73650
182315 72605
166227 77127
192867 71324
196352 70906
167555 76460
175764 73958
208591 69976
166457 76995
188410 71685
164958 78086
163882 78537
186943 71927
189055 71618
173356 74494
174557 74205
172098 74817
158979 80689
208891 69942
194692 71114
188108 71773
194497 71134
189434 71616
194456 71161
209086 69922
213701 69605
163818 78548
204378 70304
158658 80809
160322 80055
164508 78249
193582 71217
194797 71100
193882 71183
172145 74787
171666 74927
179234 73207
200164 70612
193777 71197
185885 72086
195716 71045
204183 70324
198999 70766
165858 77306
163228 78783
177325 73611
204850 70267
167855 76426
178178 73422
200059 70626
165030 77969
164709 78089
204078 70338
163748 78564
163528 78595
159033 80665
174530 74244
169621 75676
173076 74536
199864 70646
195857 70960
163244 78751
202678 70432
160622 79867
171720 74903
164123 78420
161366 79544
168545 76127
200359 70592
178455 73381
206251 70194
158472 81179
210892 69732
159294 80534
159702 80298
173454 74450
194077 71163
188003 71787
201513 70586
162506 79082
173778 74379
209877 69873
175363 74046
206446 70174
207611 70020
210697 69752
212910 69654
205150 70233
168931 75975
161816 79381
160676 79843
208786 69956
157830 81472
207806 70000
190449 71475
206880 70098
192717 71337
159648 80322
161687 79424
173400 74474
161051 79699
159348 80510
160976 79809
160007 80210
175309 74070
204655 70287
158604 80833
160077 80154
162827 78962
186026 72001
161217 79692
161312 79568
164655 78113
161612 79534
157776 81496
214716 69464
160268 80079
162452 79106
204955 70253
160338 80023
186900 71945
165084 77945
161886 79365
162421 79144
203883 70358
158151 81352
212805 69668
212610 69688
178482 73342
201858 70553
162191 79237
214911 69444
162796 79000
213896 69585
211825 69712
161666 79510
161287 79676
206596 70161
160912 79820
162106 79299
209532 69906
201524 70571
165351 77796
204610 70303
162261 79221
158418 81203
158205 81328
209682 69893
158466 81197
143353 105236
144420 102541
143445 104202
157294 91439
157314 91407
155878 91983
154344 92770
157111 91507
156279 91848
152928 93314
154979 92526
156242 91973
156603 91692
152503 93663
153543 93102
153653 93023
154034 92920
154542 92735
152048 93834
154765 92603
154998 92503
154364 92738
154745 92635
156493 91771
155821 92140
153329 93179
154161 92838
155841 92108
155597 92262
155858 92015
152028 93866
157512 91372
157218 91480
152662 93518
151782 94038
157004 91557
151742 94073
155089 92447
151802 94006
155380 92391
155517 92264
155632 92155
155116 92399
156894 91636
157492 91404
152682 93486
151200 94434
155399 92368
153924 92999
154141 92870
155096 92431
156583 91724
153309 93211
156473 91803
153633 93055
152908 93346
150842 94625
152643 93654
156874 91668
155490 92312
154886 92547
154978 92535
157619 91345
150862 94593
154866 92579
155069 92479
155453 92332
153944 92967
154268 92811
157091 91539
153523 93134
156984 91589
155497 92296
156259 91880
154054 92888
154562 92703
149389 95638
151220 94402
151722 94105
152429 93731
151603 94215
154669 92676
152449 93699
155433 92364
154870 92571
150616 94765
151623 94183
152410 93830
152483 93695
150795 94751
148805 95969
153915 93010
147066 97232
150416 94969
155612 92187
150489 94925
151244 94401
150509 94893
150237 95038
148223 96365
150058 95160
150596 94797
147894 96664
156240 91979
150034 95161
150437 94942
150191 95114
153290 93310
151476 94277
151357 94387
151377 94355
156865 91679
149812 95332
150396 95001
150998 94573
151117 94518
151496 94245
151097 94550
150819 94750
149051 95797
150974 94574
149409 95606
150170 95141
150217 95070
149589 95542
149788 95333
150014 95193
149433 95605
149931 95277
146708 97423
149031 95829
149911 95309
149323 95652
148984 95900
149768 95365
149303 95684
149685 95449
147512 96856
149681 95461
147492 96888
147798 96714
149230 95728
149609 95510
149210 95760
149991 95210
147246 97060
149633 95509
147957 96569
149566 95559
149971 95242
148626 96146
149163 95778
148964 95932
147624 96837
148519 96219
149665 95481
148203 96397
148452 96269
149546 95591
148001 96536
148380 96318
148785 96001
146820 97404
147046 97264
149187 95777
148605 96173
148698 96097
147671 96819
147977 96537
148180 96522
148359 96345
148432 96301
147648 96836
148678 96129
149661 95493
147419 96932
147778 96746
148475 96252
145860 98023
147870 96665
146418 97628
148585 96205
148247 96364
147173 97104
147399 96964
146664 97456
147850 96697
147691 96787
148495 96220
145634 98163
147266 97028
145088 98872
146994 97281
146974 97313
145614 98195
146684 97424
147822 96713
147153 97136
145880 97991
145354 98668
144589 100368
146438 97596
146462 97595
145108 98840
