8691 1983.6
71952 55209
72080 55198
72276 55024
69528 57433
69656 57422
70797 56315
70669 56326
70523 56604
74205 53421
74240 53316
72127 55132
74849 52810
74628 52915
74721 52821
70844 56249
69703 57356
74573 53019
69928 57191
74668 52835
72270 55064
74575 52929
72743 54620
74295 53212
72830 54458
74039 53706
73154 54273
71946 55249
74388 53118
73005 54381
74207 53331
74335 53132
73222 54097
74242 53226
74156 53475
74540 53034
73076 54375
74154 53565
74121 53580
69860 57331
73546 53912
73397 54020
73721 53835
72684 54736
73986 53720
74079 53626
75013 52731
78998 50548
73849 53824
75066 52717
73525 54009
72698 54710
78443 50834
78478 50729
78653 50652
63200 61951
63154 62078
63253 61937
71275 55893
73674 53901
73350 54086
63940 61213
63841 61354
63887 61227
64115 61136
64062 61150
70040 56867
70215 56790
70168 56856
70343 56779
63381 61728
77684 51022
77509 51099
78033 50892
78029 50918
64371 60885
78798 50612
77858 50969
79147 50482
79143 50508
64196 60962
78718 50617
77513 51073
78714 50643
72787 54474
72641 54752
72395 54835
72249 55113
77688 50996
78539 50720
78888 50590
72308 54997
63427 61601
72570 54758
76139 51965
69801 57334
76232 51871
78543 50694
66522 59266
76086 51979
63807 61403
79063 50513
63602 61524
78968 50585
79059 50539
72670 54741
72962 54397
76179 51885
70385 56763
72719 54650
70420 56669
78972 50559
71169 56032
73111 54289
73891 53808
77060 51387
76080 52095
77056 51413
63655 61510
63480 61587
76723 51710
76727 51684
75899 52168
75806 52262
69953 57029
75753 52276
70595 56592
75846 52182
75842 52208
64280 60900
75749 52302
75341 52679
64402 60837
67132 58777
64455 60823
75394 52665
67512 58579
67337 58656
66957 58854
67646 58540
64607 60716
64227 60914
67471 58617
76577 51767
67851 58419
56439 69391
63067 62240
63113 62113
66855 59044
56177 69816
57741 68640
58080 68345
56508 69329
62986 62433
76484 51861
63032 62306
58639 68255
57634 68657
57567 68692
70864 56240
58013 68380
66680 59121
76820 51590
76524 51781
57171 68875
73062 54380
57240 68813
77153 51293
76816 51616
66359 59412
66184 59489
77779 50980
77149 51319
56794 69125
56725 69187
76082 52005
57134 69030
78124 50876
77949 50953
74516 53107
76520 51807
76175 51911
66275 59473
66450 59396
75194 52706
66613 59250
78809 50601
56402 69546
78411 50853
63294 61890
61176 64384
55722 70169
61457 63963
55460 70594
77604 51057
61397 64180
69872 57222
72568 54825
68780 57673
61222 64257
68400 57871
64484 60810
53357 71449
61442 64066
77330 51181
53288 71511
70951 56078
57139 69021
57070 69083
68605 57750
68225 57948
53016 72314
63340 61763
71079 56067
76997 51478
54089 70933
57480 68734
65678 59758
65515 59904
65340 59981
77237 51275
71376 55674
65853 59681
55405 70607
63737 61483
61488 63939
53110 72209
66058 59560
62103 63447
71463 55512
77334 51155
55791 70107
71843 55314
55529 70532
68696 57734
77001 51452
61723 63645
54994 70728
68316 57932
63684 61497
76904 51572
54925 70790
67302 58750
54020 70995
56067 70065
54396 70819
61503 63836
54329 70854
56136 70003
55234 70649
55301 70614
45560 83032
45452 83230
80028 49934
53643 71245
67816 58513
53574 71307
53176 71992
53245 71930
69187 57600
69278 57584
45628 82910
45754 82537
46356 81385
44665 85899
45646 82735
60865 64723
51668 74332
51737 74270
51937 73766
53883 71166
52006 73704
61040 64646
51349 75058
53950 71131
71766 55424
51418 74996
71787 55327
46248 81583
44084 88015
90465 47036
45377 83301
45003 84722
91979 46608
53251 71666
96169 45939
68871 57657
95503 45981
97486 45772
45792 82503
77241 51249
75457 52445
44192 87817
75455 52535
52222 73087
68491 57855
45986 82008
52491 72521
52291 73025
51340 75496
90290 47113
72263 55087
44845 84973
90259 47163
90967 46973
97455 45822
52560 72459
46249 81445
46357 81247
45183 83796
45291 83598
75550 52351
45485 83103
45987 81870
45900 82305
60588 64882
60763 64805
93309 46352
75603 52337
93262 46375
93986 46212
67948 58215
46094 81810
93484 46275
93231 46425
53139 72147
44035 88704
45523 83069
46095 81672
44048 88454
64704 60350
59179 66696
65548 59858
44953 84775
65769 59742
44671 85896
58758 67871
68062 58094
60096 65761
66233 59483
75510 52431
46339 81422
43989 88957
65259 60075
65601 59844
71591 55501
68153 58078
93712 46245
95026 46011
43848 89117
80024 49960
64617 60512
43740 89315
65084 60152
43645 90257
94261 46159
46231 81620
44305 86950
65981 59646
58889 67208
64879 60273
43150 94127
93437 46298
93759 46222
43245 93185
59413 66423
43429 91896
96687 45878
65928 59660
44009 88749
60241 65506
45078 84147
45631 82871
43379 93174
94214 46182
43563 91885
45717 82574
66149 59544
94979 46034
43691 90004
46503 81015
45272 83652
64502 60720
46589 80718
46232 81586
46485 81190
43615 91176
46494 81161
94576 46141
60188 65586
71638 55435
45793 82365
60294 65492
45165 83971
44683 85635
43566 91865
46340 81388
45039 84283
59170 66787
44701 85460
59404 66514
59460 66275
59694 66002
59123 66935
43982 89106
59077 67012
45233 83788
43985 89031
59276 66693
60135 65600
43209 93624
51903 73813
43393 92335
58995 67114
45021 84458
51972 73751
59285 66602
61769 63518
68950 57646
47073 79482
46828 79766
92318 46539
76908 51546
92365 46516
94704 46087
45969 82045
58787 67524
91455 46661
90241 47170
94751 46064
52172 73247
42041 104359
91327 46715
96431 45934
97914 45763
60354 65155
60529 65078
60968 64684
61095 64577
46077 81847
90839 47027
44186 87940
64193 61062
44344 86814
91502 46638
43722 89490
68039 58199
64140 61076
62114 63414
86216 47626
101890 45139
45368 83468
59566 66181
85268 47842
46634 80261
79257 50351
44449 86463
85359 47826
46571 80893
84233 48077
85654 47825
44078 88138
84619 48060
58747 68101
96962 45825
44239 87752
83128 48451
86307 47610
89723 47188
82452 48646
84956 47934
46936 79568
43088 94600
46742 80063
47181 79284
97961 45740
102392 45076
92722 46450
42231 101565
84229 48103
84324 48061
83124 48477
85714 47689
83621 48350
84735 48014
42203 101663
82898 48493
42043 102775
44557 86265
71331 55880
84826 47998
50263 76047
59846 65781
83888 48181
42267 101126
81982 48849
50560 75938
44643 85968
83851 48308
83400 48430
88112 47362
43196 93874
50805 75654
81868 48872
102117 45129
83884 48207
99478 45398
69453 57507
52905 72355
101615 45192
47611 78292
47856 78008
86538 47607
44499 86455
62605 62666
79261 50325
56246 69754
59740 65875
41997 104861
44740 85324
48420 77351
52836 72417
48312 77549
80107 49329
47593 78467
51578 74436
47503 78490
47748 78206
48175 77635
82723 48570
51891 74266
91024 46794
92109 46572
43380 92585
88797 47221
95528 45948
99753 45345
50245 76222
98486 45556
49609 76259
92062 46595
45901 82167
88744 47235
91199 46717
86939 47483
78634 50661
89130 47218
47838 78183
88021 47378
42994 94706
50512 75972
42958 95145
87519 47441
42167 102102
88242 47298
49501 76457
80103 49355
81417 48881
47349 78717
87610 47425
42351 100588
43227 93360
47241 78915
42653 97635
42774 96659
86823 47529
42837 96121
49364 76543
48744 77166
65218 60113
45347 83581
49041 77138
49149 76940
98036 45634
61822 63504
80448 49251
78459 50738
84952 47960
94448 46143
44060 88313
48067 77833
79365 50156
79510 49962
42333 100763
42578 100479
79361 50182
81413 48907
82553 48597
44934 84829
49256 76741
50787 75829
42927 95570
88628 47281
43830 89292
62260 62770
69362 57523
83818 48320
44042 88622
82107 48750
49591 76434
87325 47466
79475 50012
44895 84965
61556 63822
