171 3.47544
332366 312045 294853 289176
351356 322289 327086 278976
311850 323227 284921 292535
309912 306393 291614 312299
317808 293230 302460 312473
315287 295556 297998 310052
316984 330855 318084 279819
320116 312091 283327 285928
313936 310441 289746 300977
317439 305367 286224 315247
329458 288271 296562 315801
340617 303305 319154 280278
330411 298443 282306 306698
302352 316256 298833 291570
305854 304416 306735 311001
323291 302376 318326 285937
293928 352280 291711 303060
329410 292562 306089 292567
299710 307782 292000 317691
317726 301675 300488 296082
295311 323660 299921 297706
324666 305917 290871 310594
326188 324763 307789 282160
311406 325026 274618 286559
293989 329026 306275 300030
313260 302904 298304 296606
333015 314981 297970 284306
313598 302290 299137 295229
299518 304928 315409 287385
300841 304942 311131 287970
286449 307234 293049 303228
284942 306777 315099 298095
307651 334980 284350 300945
303922 288552 307891 289641
297983 294999 314905 320053
301517 303548 299745 328998
309381 296300 300269 322030
295946 329453 290157 304926
308683 308963 298747 289702
296600 315854 321336 297634
308251 296542 292591 297293
294966 319139 318614 293187
306764 307427 307599 294770
307802 306464 299839 310592
307276 335865 287695 281296
294247 302265 300410 317529
299717 297882 316178 292902
295769 301941 307593 321702
315683 320776 278003 302809
273384 307054 305427 310268
306167 298460 307844 306538
307928 334819 287556 302564
302612 286719 308009 310418
289972 306455 302687 319792
313714 321913 284278 298224
293501 332944 311824 297729
300780 310405 289874 298531
317607 329228 296558 286477
296560 294631 304356 320760
304840 329507 290609 295918
304492 314801 309381 284860
306870 323236 329209 283776
308097 305482 293817 313117
292724 295439 307688 313768
299388 346616 293490 296170
304949 325449 299101 289499
307436 303048 302979 314266
308776 291909 302513 320153
293120 303859 307682 310978
300846 305761 296652 336984
299550 325393 291079 302501
277884 324007 301658 318202
303182 297826 309424 301033
308071 293425 305685 319250
310489 302994 282774 319627
338482 303623 281248 299622
327681 287476 310279 299724
300689 307714 290362 296897
305833 304053 300133 318562
310205 336165 286768 296141
325326 318124 317523 283432
327367 310926 285736 302583
314667 299021 281071 317972
307291 318155 295768 294088
336365 323947 323055 281177
306499 313401 317392 285064
299771 312292 304805 299021
325754 311483 298058 294997
299013 328037 308450 291233
319182 299907 291313 313551
282129 314676 301831 301038
282231 313781 298992 303157
297192 303058 323213 304082
319870 297811 278571 314286
338376 318571 276579 323390
296969 309111 314705 289096
311065 334384 282304 295854
321537 292624 293612 307717
296081 332868 296321 283635
320552 305143 312280 284871
330595 292227 322793 281517
294445 338914 304832 298579
312408 289371 306896 339965
337038 321110 314544 282009
298755 318786 300514 292021
307899 316359 288503 290483
316438 295472 296793 304305
330519 310478 306273 283490
294139 313294 300919 302332
316287 318655 303992 285306
317142 323617 284142 287357
330396 296011 289653 299799
306662 334341 295660 293655
287839 306225 315941 306968
302425 306039 306626 310644
303042 301576 304502 311824
300301 306842 304262 304575
321283 308198 311517 286856
327567 324282 312332 280802
298041 323717 294811 296785
307711 298845 305602 318602
315349 320237 277225 312101
291311 343900 313278 296848
299350 296476 309155 309698
320214 337672 273529 309285
317283 289299 293524 314454
301204 325716 314577 286477
313298 322134 288227 304696
318487 287479 302566 324950
297476 317331 302540 295330
313798 313481 297661 289215
302700 324327 288468 303140
296661 315376 313870 286795
313238 323425 295863 289008
303371 301480 305242 320378
308816 320131 304403 282725
296261 317128 304828 295865
320968 325158 311366 280015
307116 300291 306153 318202
282570 308171 277275 305536
297648 308431 309642 300577
308496 312702 305251 294380
311116 296090 297771 317181
331613 333744 301893 280897
301697 306427 290841 311599
330930 305301 280769 310273
