4 0.597096
1.53517e+06 1.58336e+06 1.6086e+06
1.55896e+06 1.61729e+06 1.58064e+06
1.56892e+06 1.57796e+06 1.58641e+06
1.57594e+06 1.60259e+06 1.55688e+06
1.57838e+06 1.55365e+06 1.5885e+06
1.58259e+06 1.59013e+06 1.54647e+06
1.60164e+06 1.53332e+06 1.63278e+06
1.60626e+06 1.53792e+06 1.59405e+06
1.61889e+06 1.54239e+06 1.57226e+06
1.61953e+06 1.5328e+06 1.59737e+06
1.62177e+06 1.53044e+06 1.62382e+06
1.56379e+06 1.56241e+06 1.63768e+06
1.56768e+06 1.59564e+06 1.58213e+06
1.59757e+06 1.56028e+06 1.58547e+06
1.60807e+06 1.55044e+06 1.57175e+06
1.62755e+06 1.51374e+06 1.6568e+06
1.63282e+06 1.54074e+06 1.59176e+06
1.61066e+06 1.52178e+06 1.64058e+06
1.61584e+06 1.53482e+06 1.60034e+06
1.64715e+06 1.53788e+06 1.58976e+06
1.65427e+06 1.52949e+06 1.61546e+06
1.53877e+06 1.56872e+06 1.5888e+06
1.58191e+06 1.54818e+06 1.60119e+06
1.58235e+06 1.56951e+06 1.57123e+06
1.58546e+06 1.54217e+06 1.62276e+06
1.58772e+06 1.53923e+06 1.61289e+06
1.61656e+06 1.56616e+06 1.55747e+06
1.62037e+06 1.55407e+06 1.56762e+06
1.6212e+06 1.60949e+06 1.54525e+06
1.62433e+06 1.52268e+06 1.63839e+06
