177 14.1556
1.42809e+06 1.49641e+06 1.48044e+06
1.44452e+06 1.46818e+06 1.50122e+06
1.44525e+06 1.46656e+06 1.50096e+06
1.47972e+06 1.42209e+06 1.49858e+06
1.42572e+06 1.49906e+06 1.48734e+06
1.45209e+06 1.44746e+06 1.55202e+06
1.4475e+06 1.49122e+06 1.47376e+06
1.44505e+06 1.45092e+06 1.57708e+06
1.41312e+06 1.49351e+06 1.56095e+06
1.40662e+06 1.49254e+06 1.5616e+06
1.45166e+06 1.47873e+06 1.4945e+06
1.42246e+06 1.47845e+06 1.56565e+06
1.56368e+06 1.42238e+06 1.4693e+06
1.42024e+06 1.49451e+06 1.55494e+06
1.44707e+06 1.45433e+06 1.53818e+06
1.43812e+06 1.48029e+06 1.49794e+06
1.4525e+06 1.47172e+06 1.49443e+06
1.41977e+06 1.48069e+06 1.57868e+06
1.45479e+06 1.48867e+06 1.47007e+06
1.46132e+06 1.45632e+06 1.50333e+06
1.43579e+06 1.45895e+06 1.57685e+06
1.45806e+06 1.49349e+06 1.45181e+06
1.4531e+06 1.46026e+06 1.501e+06
1.46164e+06 1.4585e+06 1.49267e+06
1.42693e+06 1.47229e+06 1.50509e+06
1.45639e+06 1.49479e+06 1.45518e+06
1.5653e+06 1.41974e+06 1.47617e+06
1.43541e+06 1.4603e+06 1.58213e+06
1.52759e+06 1.40861e+06 1.52613e+06
1.43082e+06 1.46358e+06 1.57157e+06
1.43949e+06 1.46062e+06 1.5066e+06
1.45596e+06 1.46387e+06 1.49305e+06
1.46712e+06 1.40881e+06 1.51958e+06
1.49251e+06 1.42039e+06 1.48955e+06
1.49326e+06 1.41455e+06 1.49448e+06
1.42779e+06 1.4712e+06 1.57378e+06
1.52228e+06 1.39816e+06 1.54268e+06
1.45319e+06 1.47755e+06 1.48508e+06
1.45595e+06 1.47089e+06 1.48605e+06
1.45965e+06 1.45903e+06 1.507e+06
1.52319e+06 1.46442e+06 1.45229e+06
1.55289e+06 1.40912e+06 1.51193e+06
1.42153e+06 1.4772e+06 1.59623e+06
1.45508e+06 1.4301e+06 1.56644e+06
1.5188e+06 1.5519e+06 1.41817e+06
1.52899e+06 1.47604e+06 1.44266e+06
1.56609e+06 1.41544e+06 1.48013e+06
1.42861e+06 1.46358e+06 1.58486e+06
1.44113e+06 1.45843e+06 1.57566e+06
1.44236e+06 1.51749e+06 1.44648e+06
1.53423e+06 1.40087e+06 1.51961e+06
1.56232e+06 1.41412e+06 1.50439e+06
1.42262e+06 1.47379e+06 1.59416e+06
1.44206e+06 1.45841e+06 1.51212e+06
1.45548e+06 1.45812e+06 1.51422e+06
1.4868e+06 1.44521e+06 1.48565e+06
1.56381e+06 1.38675e+06 1.53333e+06
1.41781e+06 1.49606e+06 1.55765e+06
1.45463e+06 1.43074e+06 1.52686e+06
1.46083e+06 1.46186e+06 1.49364e+06
1.46799e+06 1.45059e+06 1.49017e+06
1.5176e+06 1.39651e+06 1.54714e+06
1.55861e+06 1.42045e+06 1.47616e+06
1.56184e+06 1.42441e+06 1.47322e+06
1.42416e+06 1.49712e+06 1.49224e+06
1.42461e+06 1.4718e+06 1.50897e+06
1.44284e+06 1.51247e+06 1.45351e+06
1.44852e+06 1.46419e+06 1.49861e+06
1.45337e+06 1.44079e+06 1.53584e+06
1.47261e+06 1.42447e+06 1.50219e+06
1.51099e+06 1.40708e+06 1.57365e+06
1.43641e+06 1.45681e+06 1.57718e+06
1.4588e+06 1.42047e+06 1.53594e+06
1.46212e+06 1.46814e+06 1.47572e+06
1.51558e+06 1.40733e+06 1.55079e+06
1.52453e+06 1.4781e+06 1.44788e+06
1.54195e+06 1.41263e+06 1.51012e+06
1.41651e+06 1.50785e+06 1.48499e+06
1.41762e+06 1.48546e+06 1.55972e+06
1.42954e+06 1.4927e+06 1.48077e+06
1.43353e+06 1.47905e+06 1.50215e+06
1.45257e+06 1.45595e+06 1.51899e+06
1.46229e+06 1.46421e+06 1.48715e+06
1.55368e+06 1.39952e+06 1.51661e+06
1.43263e+06 1.46017e+06 1.58314e+06
1.43701e+06 1.46707e+06 1.50195e+06
1.45114e+06 1.43315e+06 1.55286e+06
1.45303e+06 1.47058e+06 1.48684e+06
1.45794e+06 1.44303e+06 1.52106e+06
1.52797e+06 1.39516e+06 1.54206e+06
1.55788e+06 1.37404e+06 1.54323e+06
1.46061e+06 1.43354e+06 1.50772e+06
1.54001e+06 1.47553e+06 1.44558e+06
1.54029e+06 1.39982e+06 1.54203e+06
1.57595e+06 1.39661e+06 1.51263e+06
1.58402e+06 1.39548e+06 1.51587e+06
1.42574e+06 1.49068e+06 1.48799e+06
1.43162e+06 1.51779e+06 1.4671e+06
1.44403e+06 1.47531e+06 1.4986e+06
1.44478e+06 1.46923e+06 1.50117e+06
1.52609e+06 1.4408e+06 1.46383e+06
1.56517e+06 1.38841e+06 1.51788e+06
1.43195e+06 1.48781e+06 1.49794e+06
1.4369e+06 1.48613e+06 1.48167e+06
1.44998e+06 1.44916e+06 1.54366e+06
1.46169e+06 1.47264e+06 1.46507e+06
1.48199e+06 1.42238e+06 1.49567e+06
1.52492e+06 1.46429e+06 1.44933e+06
1.52928e+06 1.39484e+06 1.54957e+06
1.52929e+06 1.49706e+06 1.44209e+06
1.54054e+06 1.4706e+06 1.44674e+06
1.41415e+06 1.50063e+06 1.55438e+06
1.41973e+06 1.49677e+06 1.55576e+06
1.4437e+06 1.50259e+06 1.45632e+06
1.48636e+06 1.48105e+06 1.44532e+06
1.55643e+06 1.42712e+06 1.47453e+06
1.57922e+06 1.37746e+06 1.52014e+06
1.45284e+06 1.46395e+06 1.4918e+06
1.56151e+06 1.37525e+06 1.5404e+06
1.41728e+06 1.5067e+06 1.48469e+06
1.43648e+06 1.47694e+06 1.50271e+06
1.43778e+06 1.48763e+06 1.47426e+06
1.57599e+06 1.37845e+06 1.53186e+06
1.41372e+06 1.50262e+06 1.49152e+06
1.42813e+06 1.50878e+06 1.47986e+06
1.44627e+06 1.4814e+06 1.49382e+06
1.46858e+06 1.44955e+06 1.46058e+06
1.48158e+06 1.41585e+06 1.51012e+06
1.56901e+06 1.37905e+06 1.5334e+06
1.5768e+06 1.38573e+06 1.52249e+06
1.41897e+06 1.482e+06 1.56945e+06
1.42198e+06 1.49018e+06 1.49833e+06
1.42776e+06 1.52816e+06 1.46247e+06
1.4454e+06 1.47874e+06 1.49454e+06
1.44976e+06 1.46743e+06 1.49613e+06
1.46243e+06 1.45458e+06 1.45893e+06
1.48284e+06 1.43992e+06 1.48853e+06
1.49904e+06 1.4727e+06 1.44808e+06
1.51136e+06 1.40188e+06 1.55393e+06
1.5224e+06 1.45805e+06 1.45872e+06
1.41677e+06 1.4973e+06 1.55828e+06
1.41963e+06 1.505e+06 1.48033e+06
1.43022e+06 1.52549e+06 1.4726e+06
1.43928e+06 1.51722e+06 1.45594e+06
1.45323e+06 1.47246e+06 1.4776e+06
1.47016e+06 1.42439e+06 1.50419e+06
1.47402e+06 1.43509e+06 1.49171e+06
1.48347e+06 1.48532e+06 1.44426e+06
1.52466e+06 1.46436e+06 1.44872e+06
1.54095e+06 1.46475e+06 1.44501e+06
1.57851e+06 1.40337e+06 1.50803e+06
1.41781e+06 1.50115e+06 1.49748e+06
1.42053e+06 1.48429e+06 1.56907e+06
1.42988e+06 1.5081e+06 1.47859e+06
1.45177e+06 1.49961e+06 1.46222e+06
1.46728e+06 1.45164e+06 1.49788e+06
1.47003e+06 1.43721e+06 1.48895e+06
1.48824e+06 1.43391e+06 1.46912e+06
1.5304e+06 1.43597e+06 1.45583e+06
1.54286e+06 1.38614e+06 1.53461e+06
1.55574e+06 1.3973e+06 1.53337e+06
1.4039e+06 1.52587e+06 1.47344e+06
1.42396e+06 1.49284e+06 1.49718e+06
1.42705e+06 1.48795e+06 1.48818e+06
1.43553e+06 1.4706e+06 1.52696e+06
1.45538e+06 1.50627e+06 1.43416e+06
1.49856e+06 1.41672e+06 1.4807e+06
1.50417e+06 1.50575e+06 1.44093e+06
1.55303e+06 1.40732e+06 1.51723e+06
1.57155e+06 1.40185e+06 1.50986e+06
1.57923e+06 1.39988e+06 1.50917e+06
