9379 2827.12
165390 133145
151721 143682
128943 177310
152794 142087
128953 177298
152422 142892
168983 131483
152316 143090
151081 144922
166622 132564
152482 142783
165099 133302
165377 133280
152192 143286
152533 142233
165371 133299
169247 131437
168432 131642
174647 129226
168562 131629
152488 142764
156449 139081
152936 141793
157570 138095
173252 129652
154377 140644
147502 150888
160539 135870
151095 144774
158666 137378
154383 140625
189551 122524
154191 140742
156656 138838
153788 141182
164771 133476
161964 134896
154173 140981
152497 142762
161673 135053
190842 122018
164982 133397
152306 143261
150823 144935
154452 140596
162570 134700
163203 134381
173838 129388
152719 142135
151082 144820
156650 138857
158058 137661
170718 130679
186393 123974
162427 134807
160592 135692
180880 127069
160391 135916
151806 143494
169703 131162
183855 126567
170427 130836
152942 141774
172259 130078
158672 137359
162912 134538
166492 132577
163123 134459
152356 142928
153933 141081
171950 130098
186107 124196
191503 121733
151100 144655
151544 144377
176164 128655
126002 189563
147476 150958
192809 121307
196130 119856
209315 115620
194777 120404
137495 159479
154623 140431
192762 121414
195534 120121
163637 134293
135135 162167
155605 139657
151623 143966
165780 132880
158019 137744
187423 123363
148567 147107
199512 118185
170717 130829
187984 123048
187909 123207
184861 125676
137252 159785
132848 166361
165892 132754
174729 129054
183092 126672
213980 114761
186354 124126
157437 138280
160342 136147
166483 132590
189223 122577
195686 120075
171653 130406
184575 125898
180105 127081
126012 189551
153809 141158
156064 139282
157816 137882
190929 121981
173427 129500
135522 161794
128608 177968
173848 129354
161386 135263
194842 120394
137361 159564
191319 121824
205643 116489
163414 134302
133990 163784
127729 181023
179988 127376
195886 119892
212911 114800
174656 129189
133644 164598
183453 126603
157147 138396
166331 132721
167330 132210
202333 117377
183961 126448
224400 113544
161143 135436
165471 132900
187844 123217
149761 145332
170958 130675
171139 130533
133541 164885
195734 119938
157302 138354
125472 192666
215371 114569
137739 159443
154119 140983
149341 146723
132076 167933
133252 165120
172641 129775
134280 163281
182768 126732
171249 130518
131674 169037
199599 118149
184744 125775
174683 129168
204080 116874
188341 122815
155460 139758
193359 120757
225999 113411
125481 191986
134248 163456
130329 172783
195599 120111
132998 165741
212702 114806
222287 113643
131694 169005
125912 189885
199467 118197
127791 180716
149215 147081
221172 113693
140636 156831
214256 114619
158849 137177
172126 130097
198566 118495
169860 131062
128332 178508
150535 144948
210203 115272
184914 125409
206353 116265
177025 128060
204564 116789
126071 188936
130255 172835
166909 132242
210051 115318
149392 146386
152539 142214
189643 122369
223924 113617
132041 168163
178606 127689
221020 113739
129119 176435
207330 115949
161679 135034
153995 141060
126266 186613
125543 191679
131505 169839
179234 127622
199868 118049
199348 118316
129793 174311
156455 139062
128216 179060
132366 167150
190064 122223
166071 132723
129927 173887
170010 131033
128342 178496
202886 117183
132997 166040
187120 123394
133065 165336
210450 115202
138502 158285
205159 116574
163748 134268
189130 122649
132063 168000
136175 160232
136794 159840
126037 189228
128642 177460
129148 176416
132393 167127
135469 161805
201997 117514
204232 116828
127930 179612
146513 150961
129051 177058
129503 174977
132527 166555
174129 129231
176286 128271
130780 171405
156630 138979
130433 172572
131795 168441
186538 123860
201647 117690
161632 135215
174856 129006
148196 147996
202141 117440
224724 113498
164086 133554
163209 134362
201062 117740
125896 190183
186699 123519
204811 116719
169316 131383
129587 174467
190881 122016
206303 116304
161970 134877
215521 114501
142588 154581
203617 117028
131035 170611
132197 167337
134140 163563
157790 137920
188406 122805
130594 171977
194747 120429
153103 141260
131080 170369
131706 168862
125410 192973
133537 164939
133889 164129
162583 134565
204454 116814
163822 134050
170712 130830
133033 165511
137801 158646
147582 149230
131664 169049
133739 164350
169831 131098
129282 175844
130140 173021
133771 164175
158999 136224
226545 113244
156185 139131
132426 166934
132090 167889
201672 117617
125491 191974
125640 191037
204203 116840
219580 113944
130951 171069
215997 114428
131034 170653
131112 170194
169443 131215
209591 115478
218256 114052
133542 164617
132559 166380
184549 126022
191122 121895
157153 138377
185959 124405
132125 167659
132850 166224
203927 116900
209354 115493
215266 114583
131350 169966
143722 153764
132157 167484
168141 131661
196279 119775
206477 116169
151154 144492
177019 128211
186991 123449
188827 122680
214104 114665
127083 182556
128865 177323
134061 163672
125604 191566
126517 186037
171459 130438
126035 189465
158712 137274
189580 122497
217174 114211
125833 190331
126085 188842
125462 192678
129853 173939
177779 127814
203679 117022
129803 173941
132492 166785
139973 156834
172413 130009
205788 116403
218995 113957
126658 185082
175904 128662
197669 118893
204690 116751
129493 174989
131763 168616
219351 113947
141107 156017
212319 114844
211410 115044
193122 120779
125930 189689
181270 126784
204051 116886
155466 139739
158287 137560
133030 165566
139355 157625
193559 120574
210622 115159
125974 189578
172536 129834
130038 173089
132115 167671
135210 162066
208337 115652
126169 187255
140794 156349
185065 125206
206572 116083
205491 116535
210298 115248
217457 114066
218786 113963
125723 190573
209045 115646
218748 114027
155878 139380
203133 117113
226130 113252
130024 173528
131805 168429
132031 168175
160629 135446
163665 134271
185450 124691
203759 117009
134537 163221
142549 155082
204842 116705
216927 114281
204716 116743
133274 164957
174984 128717
131503 169941
133958 163959
157319 138314
156673 138697
187055 123404
194977 120221
198715 118414
200680 117830
225200 113425
155614 139430
200630 117880
205511 116516
149755 146362
206819 116013
211647 114988
220696 113766
127277 182140
132098 167770
197256 118972
199933 118039
142952 154499
157617 137985
158963 136753
206996 115961
214942 114610
127926 180408
217210 114136
134846 162171
190485 122098
205060 116695
196504 119190
205693 116427
138534 158110
186172 124186
207954 115690
194068 120448
151833 143375
157868 137747
163813 134258
200772 117802
130265 172823
132066 167945
154465 140487
156734 138564
191651 121450
203370 117098
156563 138997
210638 115143
156908 138442
200478 117926
144086 153682
148426 147991
152872 141834
172827 129677
127739 181011
133055 165348
134706 162453
162564 134719
205118 116575
215673 114455
225044 113488
138704 158041
199044 118370
130651 171584
145395 152891
185161 124875
219593 113827
125219 193584
129272 175856
130629 171747
135287 162020
159841 136193
211877 114983
168586 131573
126720 184775
191567 121667
205209 116543
216149 114382
135319 161845
169162 131452
199380 118233
198392 118571
130440 171985
198145 118641
200382 117992
164777 133457
203459 117035
130022 173550
136575 160231
139387 157450
183703 126602
130661 171572
135532 161157
139068 157928
202712 117259
126412 186276
129290 175626
134556 162674
179408 127498
202417 117298
206201 116311
212124 114913
214009 114689
221345 113648
136665 160002
205819 116389
207451 115948
128471 178067
131525 169128
205743 116419
126122 187624
167411 131965
207470 115775
126192 186967
133284 164945
187797 123291
206105 116377
127418 181185
135609 161111
126900 183250
136142 160973
166645 132288
206170 116367
215513 114513
154790 139898
195001 120127
211106 115074
220926 113761
209650 115466
215426 114525
160397 135897
198055 118823
217305 114112
224042 113545
151629 143947
192858 121083
129352 175319
171656 130196
189158 122587
129689 174399
201824 117571
143578 154313
209838 115408
126093 188384
126602 186002
132383 167139
187477 123314
131070 170381
162175 134817
209686 115454
210869 115089
