62 1.49675
338570 290454 302990 327746
301097 328022 300219 322729
305963 333170 321747 289368
295253 336633 300993 330904
322405 313255 285662 309910
328741 334423 290932 285461
343867 291476 297972 306534
317426 319958 305340 295480
312862 342166 277081 318490
317708 304600 316948 296660
327792 319270 296572 288311
297912 343436 299389 300430
309047 329084 277159 303909
313693 300404 315640 322809
321787 287129 334880 303128
298232 333831 320287 296251
299327 337887 301158 298340
324613 317065 293999 294702
338610 301408 289685 306841
303720 325038 294776 298814
345946 289443 316462 307596
292662 320855 298543 333095
304740 321646 309783 305054
311835 297410 316303 313375
315305 304026 306457 316632
296151 321102 293046 328134
309320 310818 312569 299221
326667 306096 325567 288282
339797 299185 298322 301176
311683 314980 283830 305988
330528 335764 292768 280850
292075 333435 303351 297047
329529 308088 302338 290275
356304 281675 312511 304882
298618 344050 301247 300047
302362 324022 297081 327208
302792 316379 310837 306100
320279 311143 302677 296935
325194 301025 310867 305703
326124 305252 308844 292202
306752 325285 293948 302791
319618 341489 284482 287267
313080 311423 315464 298275
316794 309560 320867 297055
313923 303743 308375 314085
332113 289721 313342 301666
344224 336033 322177 272326
301839 337084 318184 289201
305844 315126 300407 307878
324608 316593 281123 314821
333915 320481 301211 274649
339146 288227 306476 320781
313912 307682 309515 303335
336081 315468 287101 299138
299293 347345 296184 307570
307878 324339 288637 313732
309362 318787 310890 294773
320211 332666 304213 279194
325483 348185 294844 286303
338841 295860 300407 324668
343564 335398 274672 306074
314725 311176 297591 295736
316069 320788 311802 278827
317889 316524 309822 295645
319737 312140 298631 288261
346226 321279 269300 324745
311188 308077 319133 300374
314019 333280 275768 304178
315609 337618 285515 296115
321094 324339 291486 293065
327907 290825 301214 307902
328698 336253 287059 287284
329040 320080 299194 281163
332323 297306 300179 312030
332979 311463 289263 310994
299833 343802 290956 288861
319742 307430 321826 292796
326482 296669 297828 323614
330855 302708 296129 284885
316828 317599 290147 298867
336233 290623 305111 323587
341681 333824 284314 289586
308261 322065 320064 278286
310826 310714 294467 326827
311544 341617 323773 276176
313601 345340 290530 292643
315398 329540 289616 287683
321715 285991 294711 329839
322242 298210 302181 319729
324191 322467 278906 305383
327395 325897 268377 310372
327651 314498 310513 281771
333082 321568 306013 280820
314975 304572 298845 311761
322233 294550 313446 310305
328596 308638 292968 307823
328918 284130 317653 311365
331703 318852 290817 298546
342490 299987 293583 308190
366467 295736 287456 320470
320563 327232 306268 279942
322749 323905 280803 310674
340252 290461 310090 318762
294947 312844 306074 312298
309628 305628 303422 311826
322399 300408 294655 310091
325693 306000 320603 289843
331691 302058 312894 296805
339372 321333 290110 297572
298347 302506 313807 303239
300445 301370 300568 317578
301931 323550 302713 314263
304217 313957 305732 311756
307238 324923 292954 312663
319620 303424 310871 305470
299323 317667 308231 307610
299507 317018 302770 325044
316228 320942 293473 297086
319889 319942 285742 305433
323669 302751 305285 292451
329645 319010 297333 288936
331116 321089 291471 295318
331822 315299 306769 279438
333522 323314 292262 292912
346602 304378 289083 308907
300634 309800 327811 299141
302624 341580 297915 314714
304258 306775 296763 309966
313503 304356 285718 312380
315024 331031 280999 296847
317838 309894 309488 304658
325325 309595 294463 296058
326253 306652 323831 287186
332082 313767 292863 299474
310966 327600 296036 294052
324200 323938 311109 272536
325337 310468 304222 290947
302502 310198 295538 316617
316263 315398 294849 298517
316276 329325 306627 281667
317870 307355 307955 303871
320475 304344 296334 314355
328063 305157 286041 311044
369464 290821 298415 312201
302251 317972 305025 310772
302984 326177 277710 326403
308183 320157 304175 282472
311552 321533 296905 292690
312831 311927 309514 306331
317999 326685 286524 303829
318637 321899 293016 294169
327872 334420 296641 286006
300703 314019 312799 301710
305012 339865 302082 298059
314202 322603 295535 297576
320294 307556 305068 306452
339009 311236 294961 293910
339351 313747 282253 315084
316267 317160 292168 298922
317761 296900 294538 323301
322839 320626 327433 281534
325258 333505 303164 280233
326944 306719 295614 305373
337097 319787 277183 302954
339556 301813 290323 303136
298365 317540 321357 301019
301969 294644 321994 307863
306662 320181 289920 314163
311837 293980 315672 297581
317205 300376 298649 311728
332591 316799 291437 299071
342495 303561 285346 319741
344580 319075 290043 283612
313286 305644 301656 314214
316291 313960 333684 283576
318233 307846 323555 288405
319226 309610 306259 298132
332993 314914 301803 283314
333602 312627 285055 320932
345354 312930 285593 303327
348444 295660 311086 298282
302414 322044 301198 305854
304558 334227 288408 323933
310170 328299 283893 307532
327589 300298 294961 309392
334812 354751 290330 284514
335916 311967 310599 274381
336838 307646 289111 298792
280214 312407 310454 316160
286684 342664 292956 319014
292489 327254 304837 305387
305473 337462 296662 288652
307739 311143 311288 305782
308091 322184 298892 291952
317304 319444 289907 305194
318715 309568 306914 303142
322551 327348 283125 302815
328908 322276 312297 275713
343800 296333 306968 297003
302140 329837 303281 309172
315992 295774 300859 322530
321386 292926 316478 318436
323607 319382 324600 280054
329281 335825 292273 285055
330374 311127 318876 281691
350491 287489 298000 322790
353072 332277 286997 291523
289464 333072 301271 324133
291022 319783 309639 308800
299727 321003 300948 327958
305942 312584 297082 296017
308571 336358 292841 309799
313032 331745 286323 293704
325782 292552 301015 298938
332467 296477 306299 295570
333180 296669 303465 279751
336763 310831 285201 319023
341463 295344 297943 300788
348327 281760 324678 303135
296317 325202 308267 306390
308850 322171 302264 286706
312219 315269 292677 298979
320007 343793 281445 295862
320302 301236 296736 301993
326907 336041 278466 297479
327432 325040 292752 286547
339090 293736 293267 322551
348618 302756 277772 301584
300220 320122 311538 296068
307434 315505 278178 315005
309632 332414 290259 296662
319370 305693 301814 311350
319649 311061 301828 303063
325097 308850 291051 299651
325838 305722 300171 292796
331984 310177 321445 284459
334412 327402 286160 294988
338585 315318 291866 282255
344075 310056 279328 305293
345685 288112 304551 313310
352496 308119 288760 296577
303163 326416 306168 294990
305951 325510 292478 314863
310936 316929 296444 306144
327250 309626 312950 288979
331905 298313 310591 293675
341917 315316 280669 306150
344852 287769 317004 319630
347939 302655 301082 288633
350394 299538 301411 295314
351636 288228 298506 312512
352240 285879 314174 319569
318574 316928 314888 287872
323894 298639 291065 318145
329193 326958 276654 299484
331109 333230 281803 291399
333702 320413 303131 280892
347345 308028 280120 301744
294189 320954 304350 319693
298776 322631 304397 300754
307624 331858 288911 312112
308410 294199 290907 338532
311463 304053 322410 297282
317388 316451 292650 305879
317757 313450 286591 304651
322387 310991 303412 283066
322788 317907 281448 307105
324880 346179 283326 293697
328371 314469 291548 293275
331823 319829 287866 298143
334512 310980 287134 310406
335940 308976 286392 304216
340522 346158 271444 305685
348439 296418 288841 301126
365919 291109 295470 325734
367861 311709 293230 288954
303033 324474 302741 295324
303192 320779 291491 321049
307167 330363 308898 292068
314819 326049 296962 292347
321743 323226 285097 299013
323782 333597 301830 279065
323901 288771 313162 327842
333258 328650 288068 296774
337985 302505 299139 299820
345915 317929 298786 279844
350984 301190 300556 287710
291971 316255 320705 316125
314284 298075 306652 306412
317167 293106 280965 330099
319315 308222 303315 308516
321231 312925 269612 319047
323042 282942 334288 311929
324084 315500 282654 313586
331213 321255 282342 297690
353981 311500 265989 315726
358530 295023 310747 298731
