12097 3307.64
121615 137325
117170 142934
117138 142976
117473 142629
118672 141110
118337 141457
117465 142701
117130 143048
119188 140718
118640 141152
118975 140805
118636 141191
118971 140844
118333 141496
117126 143087
118668 141149
117134 143015
118329 141529
123331 134749
119184 140757
118628 141263
118325 141568
117469 142668
174746 111914
118632 141224
175734 111780
175744 111721
112828 150027
117166 142973
135791 123333
135733 123613
117433 142830
118522 141347
118821 141081
118530 141275
118825 141042
135737 123574
135795 123294
118833 140970
123327 134788
175832 111663
174844 111797
136850 122661
118491 141388
102260 192057
136854 122622
112894 149963
135028 123925
112832 149988
134693 124272
118089 141634
123040 134965
123091 134944
134697 124233
118081 141706
122302 135918
117272 142853
116937 143200
116634 143505
118085 141673
117438 142714
116626 143577
116969 143158
134100 124446
118077 141745
133765 124793
112979 149871
115194 145212
116622 143616
134042 124726
135032 123886
174159 111951
121789 136677
102496 188465
103178 181891
102672 186335
121793 136638
115435 144932
117123 143089
115431 144971
135387 123649
135383 123688
115128 145276
122306 135879
115707 144453
126826 131610
113533 147514
116010 144148
103131 182099
104655 171515
113431 147740
116474 143659
113471 147539
115558 144689
115492 144753
115893 144342
126862 131448
113435 147701
115282 145207
115633 144589
115641 144517
115944 144212
115795 144448
113774 147234
132493 125647
115861 144384
126560 131781
115132 145237
113980 146819
102625 186543
123663 134385
126822 131649
104691 171353
109203 153739
133682 124806
113467 147578
120309 138762
124116 133589
133678 124845
112169 150377
124167 133568
124419 133284
104567 171889
160450 113690
115799 144409
113770 147273
176049 111609
123612 134406
111404 150960
117268 142892
175442 111796
123608 134445
116933 143239
116630 143544
124470 133263
126858 131487
115645 144478
111707 150655
141332 120756
157260 114651
116478 143620
141391 120726
113984 146780
116777 143354
109141 153764
114046 146755
102823 185146
158041 114385
157952 114534
109105 153926
115948 144173
115496 144714
135893 123133
135897 123094
114470 146169
109046 154245
117434 142753
115124 145309
157240 114670
123343 134660
143320 120292
157143 114718
117099 143100
123339 134699
157743 114541
123307 134822
123303 134861
156758 114960
113944 146981
114948 145495
120984 137709
104489 172490
112334 150315
114229 146449
108489 155197
114680 145715
113286 147937
114742 145690
102755 185810
113322 147775
113719 147403
158022 114480
177042 111481
114983 145410
114947 145572
123911 134140
113384 147750
122342 135717
122790 135215
115077 145343
113180 148217
113799 147178
156768 114920
122338 135756
122393 135696
113835 147016
114434 146331
115427 145004
121829 136476
104603 171727
122794 135176
122128 136210
122132 136171
123915 134101
115602 144635
121880 136455
108012 156909
114321 146405
143062 120425
122277 135974
113897 146991
115015 145368
115488 144786
108205 156294
180483 111222
109137 153803
113170 148559
108525 155035
107692 158168
157539 114590
112995 149728
114645 145800
107798 157668
114676 145754
121955 136321
124010 133869
102449 188673
156885 114853
114435 146254
123966 134080
113059 148989
115453 144871
116293 143908
121825 136515
142615 120537
158705 114316
108169 156456
113005 149386
134510 124380
134849 123994
113282 147976
140655 121003
116327 143737
113216 148055
114383 146380
108275 155956
114496 146036
127714 130222
124061 133848
107991 157053
127710 130261
113129 148871
108311 155794
111369 151045
142666 120516
134845 124033
108705 154580
107478 158927
125629 131999
127036 131075
132497 125608
103261 181366
134514 124341
135365 123773
107955 157215
113800 147101
113165 148709
113023 149151
127076 130874
127375 130608
106107 164712
125593 132161
127379 130569
133576 125045
133580 125006
106071 164874
127040 131036
108669 154742
110041 152485
108455 155501
114834 145646
115400 145017
106067 164913
127072 130913
133456 125247
143375 120232
107687 158414
126556 131820
153785 116026
125680 131978
102708 186018
102532 188148
118526 141314
143066 120386
141184 120838
101523 194880
121280 137387
113176 148256
158500 114357
135369 123734
144754 119871
122767 135296
180921 111175
113001 149425
141446 120666
115637 144550
142004 120609
144893 119785
101721 193483
115011 145407
123766 134337
126895 131434
131159 126183
107794 157707
113625 147470
114593 145926
122236 135997
111249 151422
107634 158607
121951 136360
122468 135562
124265 133353
143117 120365
141188 120799
107474 158966
124805 133010
111368 151122
120649 138198
152787 116296
124568 133048
107208 159907
122281 135935
124532 133210
132832 125261
154728 115742
116804 143247
107688 158207
113729 147296
124229 133515
122464 135601
108271 155995
113278 148030
122916 135060
158779 114296
140659 120964
151770 116585
108307 155833
124080 133751
107742 157889
123514 134621
152075 116399
112739 150044
126238 131921
123817 134316
116965 143197
122920 135021
126789 131714
121974 136279
119976 139252
122542 135460
107212 159868
116331 143698
120755 137918
119870 139532
120189 138828
122668 135305
125574 132258
107094 160670
102959 182497
114415 146338
126632 131717
107426 159109
109899 152722
121978 136240
109008 154275
122491 135481
122617 135326
119965 139355
122613 135365
141395 120687
145151 119652
111487 150931
114531 145951
116028 144003
125377 132283
125326 132304
108451 155540
110202 152417
102829 183230
107002 161385
152204 116332
125290 132466
122971 135000
107173 159992
110286 152202
120178 138931
122845 135155
122771 135257
107177 159953
110799 151443
101926 192976
102579 187940
103214 181574
113063 148950
113725 147335
135210 123871
151870 116577
127477 130408
179196 111291
102876 183022
145122 119669
120803 137862
133769 124754
145380 119536
151744 116616
101465 196653
105568 166449
107422 159148
107006 161346
131163 126144
131214 126123
119157 140770
106265 164120
108165 156495
108192 156454
127142 130836
127481 130369
107443 159012
109983 152507
129650 127711
131105 126424
107387 159233
107683 158453
120083 139108
122029 136219
122451 135682
105528 166650
110764 151528
122487 135520
126009 131971
132167 125690
111285 151260
169703 112013
105532 166611
108485 155236
123394 134639
107935 157274
110251 152287
120176 138968
127174 130713
123245 134875
116024 144042
131101 126463
132171 125651
134900 123973
144838 119845
127178 130674
105217 168307
105335 167505
110412 151963
152016 116451
157014 114785
108521 155074
115318 145063
104525 172259
107528 158648
114080 146685
120647 138212
105331 167544
113949 146865
136296 122859
106967 161470
132753 125370
135438 123628
139413 121407
107939 157235
151524 116720
106207 164559
145325 119596
110377 152048
107987 157092
108255 156015
104542 172201
105301 168092
110496 151748
110715 151658
109948 152592
111320 151175
132749 125409
110461 151833
145067 119729
105454 167212
152963 116177
153092 116110
108665 154781
105414 167413
127009 131282
111580 150661
145329 119557
121328 137331
107493 158733
111544 150823
140474 121004
148170 118511
153543 116045
103389 180103
112042 150383
123194 134896
131796 125842
159477 113762
130665 126487
106718 162009
144842 119806
118829 141009
144699 119931
112345 150078
181019 111006
104124 173899
105305 168053
110680 151743
151641 116653
105726 165857
113945 146904
104490 172344
114866 145604
137898 121936
104248 173363
145992 119256
146250 119123
144703 119892
139912 121100
139916 121061
160187 113699
104212 173525
158994 113872
105766 165656
116768 143409
140101 121021
109205 153074
120596 138349
109481 153055
147336 119008
120702 138069
139551 121223
183922 110820
111284 151337
138855 121464
141133 120859
180308 111228
106722 161970
113657 147428
145100 119673
154389 115886
161693 112944
105221 168268
128700 128847
105257 168106
106305 163919
134104 124407
147618 118768
148041 118578
103347 180473
114928 145579
109784 152750
116182 143934
105652 166234
106389 163704
113831 147055
115380 145038
121938 136441
143324 120253
158799 114075
121160 137453
136113 122967
107855 157560
114644 145877
105850 165441
183807 110980
162449 112693
167777 112100
104160 173737
131741 125902
136474 122844
147285 119029
149620 117585
149690 117569
149995 117383
129315 127745
138603 121691
109508 152769
112006 150545
146043 119235
120237 138772
121667 137098
141845 120627
108767 154555
114980 145453
122183 136150
148732 118164
106385 163743
115283 145148
121683 136957
149315 117771
108359 155741
127513 130327
162332 112760
107059 160755
128720 128573
113169 148670
108587 155010
113318 147814
145071 119690
149415 117763
104362 172600
120489 138493
131745 125863
149110 117949
128417 128878
130258 126831
137646 122163
145988 119295
147836 118756
160567 113668
107379 159496
108249 156280
127411 130527
129923 127178
151615 116683
158865 113939
128980 128092
164011 112366
104320 172970
107098 160631
177508 111354
106604 162772
108395 155579
160797 113367
162176 112834
145759 119411
147489 118835
114167 146474
150124 117316
128752 128531
129709 127195
106608 162733
121162 137439
104326 172762
120357 138706
127013 131243
161436 113183
145763 119372
160680 113434
104740 170053
104744 170014
107899 157436
131108 126403
136659 122804
151887 116518
156987 114792
130879 126470
138259 121813
151147 116745
107707 157974
156870 114859
108103 156749
149969 117414
116772 143370
161280 113257
161553 113116
106266 164043
108041 156774
120006 139134
102912 182705
104692 170423
121208 137397
151018 116812
160658 113477
161311 113251
104274 172974
104854 169290
103451 178076
108253 156241
115905 144330
160775 113410
125189 132702
129305 128027
148802 118148
149047 118116
149535 117667
149790 117561
150493 117102
103509 175622
119493 139893
120478 138596
125225 132540
149107 117962
149160 117869
163255 112617
165596 112201
115913 144258
119793 139558
103700 174404
104780 169852
105846 165480
108005 156936
146301 119102
104213 173448
146072 119218
155627 115413
155883 115238
159348 113829
105727 165780
114132 146559
117879 142389
136667 122769
150713 116998
103632 175163
119387 140173
125076 132776
149289 117802
150643 117014
136997 122302
143039 120515
148427 118350
127770 129709
128311 129158
128716 128612
149465 117683
176136 111548
146021 119239
150288 117280
108125 156559
116781 143315
121723 136756
156012 115171
105056 168458
156258 115036
150338 117200
104694 170386
119541 139837
129311 127784
162003 112862
120537 138437
128976 128131
130199 127159
155498 115480
143854 120014
103788 174030
161572 112999
106103 164751
117843 142551
117928 141981
119344 140518
150968 116892
156387 114969
163372 112550
125288 132514
155170 115640
160206 113693
