22870 304.347
188575 165765 125217 148081
172554 126637 166941 165869
170866 163327 116006 165910
166107 172410 159564 122047
143182 175047 131985 181560
137937 191090 145308 155882
132369 162197 187754 150551
128909 168766 154751 157978
135647 166146 144750 176715
159562 167482 185439 124147
131109 187149 145012 164244
146592 185754 135832 151166
155967 181247 131910 141099
172330 155422 117332 161779
186033 171348 134857 132656
161803 143901 177435 138580
155173 131610 181887 166972
158196 129920 162960 169230
183446 141459 136480 166782
161020 163919 156071 126240
169299 140545 137970 174660
136331 157098 180043 146878
156193 152462 183162 131640
175216 171413 119653 159613
181985 135449 144592 147976
177574 159846 164531 123909
167253 128374 156153 157961
130447 163896 160716 160892
166391 169303 121552 157061
141797 179757 140544 142868
154945 156358 130963 173155
147301 175356 174998 134022
129711 161834 166202 167834
171058 135040 155992 145319
177652 160849 122629 151617
159157 142137 133311 174114
154532 176666 154016 128136
176398 137560 168747 140433
178641 140476 136654 155241
185195 154422 131293 144178
153859 133293 165323 161452
151368 162848 129778 170215
162649 164429 119913 162812
151916 186177 162196 130186
166777 141919 180162 137899
179808 162970 136162 135522
161161 128731 156319 141825
153869 163510 173116 133516
138940 170537 138176 171359
142378 141366 171522 150464
159101 131210 168945 158090
157611 132215 145105 166154
140033 157013 147614 172124
173846 133432 137915 166507
153567 165274 127424 163356
181126 142395 145913 140433
164755 148603 123016 163052
139419 159479 175378 134339
175560 134529 141719 157826
180275 159738 129129 146019
168749 171986 120900 155147
152763 138116 170771 138758
171870 152798 165664 128748
132716 165700 172454 151759
148181 158083 176214 136960
142837 180871 146089 139552
142751 177659 141535 143475
151600 154486 176733 136538
145850 171948 136509 154765
147278 177688 183036 133367
178404 131579 149977 148261
162031 154385 153021 126998
173708 168338 145271 127339
160723 162368 124019 160113
135423 176182 145993 151703
183070 161329 142072 135089
131908 155332 156546 155350
152539 173038 157301 132637
136675 162152 153954 154287
150056 178827 164714 133981
133783 170977 146503 155641
138998 162329 167139 145140
183109 154551 123607 155435
166670 174311 134734 137001
171910 155106 123633 150333
155645 166824 132996 148705
169120 155629 125742 155942
150306 167858 128931 164470
133150 159302 149249 170016
172885 144043 130784 166422
137396 156095 160395 150531
145401 152385 139678 168089
161766 162512 132249 138709
175430 137297 146457 144731
173388 131482 153882 171618
134607 163831 162853 139152
133200 159414 167861 153913
147720 164587 133490 171699
142148 156312 134869 165058
145329 140010 151674 164095
145805 145807 141201 165505
151050 173617 153156 135068
153262 173965 151100 128994
159216 153379 159020 127753
180597 135509 144019 157586
155815 149652 127222 168333
135796 152418 168090 152816
159041 171635 146433 130131
141447 178196 153629 138942
161412 144605 128065 161847
150360 146121 147901 143645
150744 145082 170591 141768
150650 168694 168364 132526
174751 155468 150976 132595
145288 151972 135556 168868
132743 169511 154939 148429
152792 169107 126131 158395
163840 150698 126557 160351
166893 144310 158473 130381
173288 134544 146934 159883
144208 174292 137366 149892
161474 139061 142177 161474
177073 165357 130057 141095
160424 142893 139593 168408
160987 142403 134410 167542
140096 142862 161581 156638
169301 138492 137105 151732
185313 161884 138187 134679
140754 149628 170364 140467
142632 151435 146521 169534
146142 139291 151111 141980
176858 172094 130525 142403
154804 161578 157670 129738
144430 151553 144499 150806
170283 163078 126246 147582
132030 163764 145578 157646
167920 163636 150213 129586
143292 156385 134193 161565
176653 136398 173004 140647
140888 158575 169697 141489
161667 160911 154632 131939
142177 157477 142719 151435
154148 145044 158630 134834
170880 131849 150375 169375
147425 150675 136916 156029
146884 172759 137307 151894
164799 143566 157828 136027
137223 160339 166443 148508
171626 156515 146335 129550
167729 159313 152531 129062
136120 156488 153530 155512
153234 138321 141948 168624
164271 143339 131854 142707
175087 149409 138416 138591
171532 163383 138743 132866
135036 159006 158045 152417
148424 166117 161957 135300
136915 159004 170037 145691
153137 166341 143258 138118
144297 145863 150833 159337
141260 155263 163784 146727
140599 161585 159281 146831
173005 135529 143538 158954
149588 145491 146371 156494
148838 166594 124545 165701
148167 152105 138269 143303
165166 165225 138605 131241
159591 134589 172766 146233
169777 136716 153271 153080
163146 163938 124817 155010
136988 146472 152182 158183
149053 156245 167674 135757
169962 156787 147426 132085
177398 136869 141792 154232
174806 148176 148149 134651
155325 168154 136209 140706
162645 142493 169157 132630
134276 153243 156546 153142
143516 145666 153461 163922
155191 141706 167064 139851
149193 160486 144779 137849
159928 152492 166399 131562
148363 165618 131363 155074
168646 159948 145335 135901
150533 171114 157771 130253
163019 147133 130112 158548
135700 153569 153649 156330
137121 162668 156887 151624
158250 145962 130989 167155
140460 155428 160017 145856
158831 133853 153741 153701
151148 172813 152886 135569
159890 144168 140690 143963
147224 177846 146594 136926
140973 154788 165588 146093
148051 178787 136774 151602
169560 164736 124467 157379
148624 155756 136131 156947
169024 141777 158118 139592
157763 144662 153657 137118
161380 141211 139293 156698
154697 170211 163551 132410
142479 136083 154499 152958
148882 166395 133711 149424
143706 150998 146125 148968
170519 146254 143690 141768
152357 173664 135275 143034
173665 143486 146327 141011
154421 147039 164489 134112
154322 165860 139951 140571
160164 150471 161118 133496
149832 139425 146086 153868
144586 147381 158704 151141
141893 153381 145005 150116
146273 134210 157943 149302
134914 162954 154304 146537
163966 157950 149114 134922
170622 136470 151459 141399
138196 150131 165085 152142
152730 169867 165370 133124
140618 153972 148304 165560
158723 164622 147442 128017
163219 132144 145286 161845
164437 175779 124227 151658
149575 147286 142103 161963
147107 153061 139410 158743
167716 158737 128780 148280
155916 151941 129540 163790
161073 161876 154657 130779
154838 165211 135230 146146
164169 137130 150116 157364
178583 143121 161244 139109
148660 151105 133867 166536
142819 169241 142586 144506
156605 162267 134760 137764
152574 137456 142251 142221
159622 176516 128388 139478
167453 158831 147826 131962
145714 165336 138874 156598
156862 151230 152972 134449
163019 152572 135036 144139
154348 166718 165994 132175
160988 170269 164803 127745
159919 150855 140208 136203
157912 152966 135439 147127
153732 172447 140578 137987
133903 169036 149462 150022
176568 157155 145204 135304
151761 142516 149555 148075
167135 158544 142688 136128
139955 159251 141245 162329
168316 148437 152807 133686
157442 167828 134638 147264
162532 146457 130473 158898
141363 170264 155604 138395
165644 152891 151411 132603
162281 135858 141929 164347
153611 168708 163256 132756
144883 171227 148264 142712
163538 159862 126772 160564
139870 166818 162538 139476
140295 164459 139896 158898
150960 146646 146896 146427
138414 156905 149262 155874
157296 134192 168947 157458
165997 150089 151620 136642
159203 163280 134154 144322
141046 161750 141649 148781
162111 144428 144574 138851
162214 141025 165494 138735
155919 161250 160986 133379
151714 140734 142940 158901
151856 149358 155445 136749
144173 148617 141300 154137
160388 139151 155155 140873
160217 133767 155206 149971
169215 141220 164220 136841
163089 164262 144038 135118
143129 158888 147146 149823
158322 150488 128267 162286
139206 153599 152425 148565
169914 150554 145810 135700
163721 158614 133913 146041
138919 163013 144813 167435
164790 160301 126983 149674
157103 155883 153786 133083
166191 139686 163105 139487
158554 154097 136149 146491
134019 162419 166202 148429
168232 163117 142425 135339
152296 175933 143806 137125
149351 150699 164953 138083
145193 158882 162646 137757
163525 137432 154794 147680
141731 161344 146730 154228
164560 139661 138448 146705
152478 147791 173115 140124
144613 161082 147845 146973
142680 160796 140109 151873
158380 142002 140568 163654
156178 178806 133569 147824
144980 149920 146690 147415
138757 172054 147670 149231
146448 146995 148570 158328
169352 163755 139120 137360
143963 172178 148822 142587
162783 149142 138223 141679
158490 139691 142006 152325
155433 170210 154871 133896
147966 155213 136097 164279
161177 159824 149924 134688
166962 140925 155174 140692
165035 150552 126983 150523
151442 175739 151807 135253
147457 167950 139163 152379
141287 151939 157460 147021
149733 143216 131272 148978
159009 135683 148486 159684
136828 162443 166109 149317
157282 175487 133368 147314
166904 140531 164168 139341
168873 136185 145907 158376
152182 157791 164802 135336
168488 153710 152361 132463
175223 152671 151147 132244
158315 170012 149770 133225
141503 146562 152736 151410
159188 155026 134900 142993
139633 149082 154971 154017
156675 141944 142081 145668
165289 160194 150602 133665
149480 167867 152271 137302
141549 162015 164993 144231
174828 136585 146677 157514
147898 146250 150427 152740
149398 172057 164057 134342
154380 151828 156488 136447
138251 163059 152487 152052
158080 142011 139650 153446
152581 133611 160535 169476
158928 153782 162052 133564
142444 162007 140839 156496
138795 173860 140297 153171
152241 157036 129652 150671
149004 156041 158405 138259
149927 160281 148794 136666
138161 158335 154143 153008
157950 156606 149171 138807
141543 175266 156737 134458
159502 154306 136116 141946
142317 159557 159781 142684
159744 144151 161263 138978
146364 147322 150730 150025
155259 152748 131150 152565
162003 136893 152475 155688
145329 147875 140357 139009
141915 147595 149067 144173
159703 148951 155591 133704
172708 167235 134860 132940
150645 167223 172751 132678
161874 155471 130944 155478
143689 166975 150109 141515
150896 162812 153582 136388
138668 151326 149428 150721
160296 161783 135806 140030
168275 148044 145952 137502
139824 165638 159709 141541
144121 167124 139710 151568
160128 148958 150475 138535
163577 136565 147993 159711
140855 172811 143045 149267
139763 172604 132061 154019
165928 162937 150292 132652
140011 146933 154008 153921
147298 172188 138534 153290
157148 164096 134743 146302
137982 163162 141383 153181
155560 170046 154648 131162
140682 162240 143893 158588
164383 149239 147338 137673
149793 170721 143390 138186
157382 160836 165096 130997
143189 169208 151694 141304
152102 172330 144290 135759
161044 163346 133084 147703
160764 152402 137190 142738
140403 160022 154280 147323
157316 159672 128218 164313
170953 136039 152554 155026
152630 147961 159935 136853
155524 164943 141377 137648
146452 158930 135822 160535
165376 133841 153605 153172
158753 166263 126320 159125
162554 145674 153374 137057
143004 165718 140008 155477
166100 149326 158660 130928
155523 162364 138045 140269
148325 168299 154684 136061
138603 159251 156010 152436
168287 148880 152419 134876
162883 133524 151373 158942
139678 169153 146707 150940
142080 156042 143795 155178
157460 133331 161580 155733
154479 167677 138181 135321
156709 147676 150866 141384
141024 171971 139455 151250
142843 165331 160732 142477
148061 164841 146715 137634
159460 154383 139705 140428
162400 159922 127111 159634
142196 163169 142116 148387
142851 156023 152341 138424
152156 158389 146264 135342
134219 163828 149696 143220
159171 144175 158281 138158
158676 159243 158676 132947
148818 154435 136793 152281
157241 160151 128454 151723
155910 147704 129923 167493
145227 161143 148875 146851
155022 163651 136487 140355
142748 152921 145101 154986
164422 137180 154201 146416
150163 161971 153668 133900
151905 165700 135758 140810
147262 140710 144155 158107
157505 157117 139186 137415
150021 158319 129944 153398
142689 169208 151845 137309
162375 156278 140130 139900
164604 163430 151772 131057
164641 162599 145018 136072
139868 166435 148513 150399
142162 155882 156662 143187
143575 163317 137952 157213
139081 155954 153414 149857
145005 147414 147972 147470
163660 158288 128604 155086
148699 166149 164819 134428
152547 161110 128690 148849
158414 163406 126324 142418
157249 170728 148850 133167
168898 147554 147414 134846
139637 175917 142359 141468
142315 157956 147826 146978
149108 160215 134893 152693
145007 151305 144270 152342
154766 170637 149683 132397
139505 146590 154871 156683
142774 167948 138928 155123
152049 168720 166025 132875
148386 164385 135460 158682
138887 167355 145813 151582
158087 154503 133656 146613
158910 164552 140719 136720
141011 171327 147227 149938
169013 151838 131085 148728
169501 162989 138112 136401
139991 162788 144319 154020
163619 155939 146658 135369
158675 159914 152576 132566
140345 166263 133330 157871
148059 156918 135492 141106
149723 157141 131187 159191
143971 155822 149674 143251
143619 147105 145930 157297
158962 156888 151317 133906
148745 156545 139909 142740
144947 164120 147987 142899
149688 156306 161460 136966
161037 162326 156426 132289
153981 167173 164219 133376
137295 155437 161467 153094
148417 171401 133587 153634
152182 135570 151224 155901
162813 158199 149197 133966
155279 151514 149237 134791
164353 143150 150936 136890
144044 169253 142178 146887
168311 162259 126819 150908
153922 162755 151001 134025
144965 172610 141889 145792
147060 162725 154010 137309
141435 156314 145626 157604
151455 160177 133589 148035
138710 143921 162046 148749
139943 158234 146773 155468
144601 158773 140815 151529
153217 152879 139318 140864
152609 163894 145605 134484
166792 167417 124509 158930
154332 147818 157601 141799
152695 156158 152846 138172
137949 153640 160575 151626
163210 172657 146308 132469
158294 137364 144182 152401
160065 162997 145122 132650
169120 162928 146346 132809
