425 5.86479
80769 83577
80412 88587
81130 83266
82052 82963
82659 80956
84164 79805
85691 78724
82379 82056
84652 79505
83889 80323
84555 79569
83336 80690
95410 73871
97970 73231
97701 73352
91245 75587
87338 77777
91620 75353
98062 73041
101892 71561
92101 74866
85150 78986
88863 76920
94482 74082
94990 74077
87688 76965
85632 78967
106327 70831
88864 75989
86261 78219
108976 70369
98503 72865
107647 70547
86451 77923
87470 77180
104382 71028
89835 75830
101718 71618
115031 69737
92346 74172
102702 71304
106676 70706
104692 70859
101812 71602
108108 70415
100570 71721
103012 71135
107137 70574
111033 69797
91713 74895
90559 75768
115370 69713
95966 73511
95105 73972
104302 71069
98890 71997
102148 71309
109770 70141
