9932 1011.29
1.07454e+06 860334
1.08423e+06 855634
1.07947e+06 858569
1.09768e+06 848691
1.08141e+06 856448
1.0542e+06 884346
1.10052e+06 847685
1.08377e+06 856221
1.05732e+06 871447
1.09911e+06 848067
1.06631e+06 862573
1.07867e+06 859865
1.0624e+06 868641
1.08509e+06 852817
1.08755e+06 849292
1.10135e+06 831663
1.11018e+06 829310
1.11477e+06 827191
1.11818e+06 826210
1.12085e+06 816637
1.13377e+06 814566
1.13463e+06 813503
1.13777e+06 808670
1.14984e+06 798006
1.14647e+06 802200
1.14663e+06 801503
1.15452e+06 795715
1.14794e+06 799380
1.15671e+06 794416
1.14158e+06 803438
1.14502e+06 802949
1.15607e+06 795527
1.17857e+06 792491
1.18355e+06 791314
1.19766e+06 783430
1.19634e+06 784850
1.18516e+06 788691
1.17945e+06 792117
1.1933e+06 784943
1.20069e+06 782341
1.19687e+06 784742
1.19204e+06 788633
1.20436e+06 781325
1.20308e+06 782336
1.16738e+06 792866
1.18122e+06 791659
1.20723e+06 781177
1.20782e+06 781162
