56711 2641.42
132545 36196
119027 36935
125119 36537
130178 36264
116685 37207
117442 37135
118008 37095
114478 37595
125204 36529
117251 37167
128369 36339
128468 36289
116671 37249
121189 36807
128383 36297
131860 36210
124280 36553
114972 37538
117698 37115
129493 36278
113808 37695
123799 36585
122470 36765
119593 36895
116113 37315
119013 36977
125475 36526
129578 36270
132902 36113
126314 36510
115342 37429
123714 36593
116099 37357
127486 36469
119784 36863
122385 36773
129068 36283
131945 36202
124365 36545
130750 36229
127571 36461
120350 36823
130835 36221
134516 36066
122299 36788
132742 36116
133342 36110
121460 36804
126166 36517
126732 36477
131435 36215
121789 36801
132728 36158
133406 36085
118455 37043
124965 36539
126647 36485
125804 36523
122151 36795
126075 36520
120950 36817
122717 36755
118441 37085
113149 37775
114986 37496
127332 36471
113794 37737
134006 36079
115356 37387
115956 37381
122060 36798
114408 37689
127719 36368
135465 36006
141474 35910
140874 35916
127705 36410
138342 35925
148088 35755
128319 36362
137218 35986
123050 36664
138942 35919
134865 36012
135975 35993
123036 36706
137832 35938
143854 35789
137232 35944
136575 35987
123616 36624
141487 35857
144454 35783
134851 36054
142087 35851
145556 35764
146156 35758
143189 35832
148688 35749
143789 35826
112311 37838
113266 37745
112720 37787
64923 61635
64453 62362
64875 61643
64553 61994
64519 62009
64838 61801
63714 63436
64601 61986
64002 63100
64516 62152
63598 63474
63595 63617
63680 63451
63917 63266
63954 63108
63920 63123
64841 61658
63495 63985
64501 62354
63632 63459
64419 62377
64416 62520
63580 63819
63498 63842
64036 63085
63532 63827
64952 61490
64986 61475
65034 61467
64949 61633
64627 61984
64664 61826
64712 61818
64630 61841
65068 61452
70619 48695
70530 48786
66384 53518
72359 47206
69721 49600
74765 45836
73082 46739
67193 52504
70765 48018
67608 51926
70676 48109
72448 47115
68417 50912
70011 48907
65211 55108
69592 49608
81854 42585
81997 42561
69778 49014
78226 43985
74636 45877
76543 44888
65830 54651
68857 50479
76953 44598
67104 52595
80325 43114
78763 43982
77490 44595
68838 50497
69867 48923
75270 45501
84949 41678
69755 49574
68465 50697
85092 41654
80171 43488
82536 42332
87021 41098
72953 46780
82393 42356
69452 49701
84465 41776
78765 43756
68554 50606
68694 50513
79439 43713
68969 50028
69058 49937
84608 41752
68048 51493
67885 51527
77492 44369
75175 45648
82879 42293
73492 46551
78124 44366
68279 51291
67525 52180
78166 44326
65544 54996
80864 42885
67544 52162
69363 49792
67745 51620
80721 42909
80182 43138
66735 53176
67333 52411
65707 54962
66572 53210
67381 52196
79448 43522
79591 43498
67656 51711
78909 43751
68408 51283
66164 54078
68227 51469
79052 43727
71929 47356
73612 46453
65974 54635
81207 42846
76339 44986
66295 53609
66020 54094
74117 46118
71840 47447
75800 45215
90895 40354
102375 38090
99815 38339
100877 38235
96917 38864
93777 39493
97521 38737
94138 39411
95052 39203
93255 39647
96119 38962
80668 43075
87764 40806
65993 54617
95327 39067
94623 39262
87621 40830
88610 40575
94413 39275
93292 39642
87489 40942
87225 41035
92341 39855
91495 40086
91705 40073
91857 39953
93567 39506
88467 40599
85911 41277
87346 40966
88953 40536
90662 40355
93072 39739
90937 40219
93347 39603
92501 39834
86395 41179
88192 40735
83839 41857
85549 41410
86538 41155
71323 47949
87082 41059
88335 40711
89873 40457
85692 41386
83982 41833
86054 41253
85153 41615
85515 41482
90216 40418
97831 38656
85097 41642
97311 38750
86795 41152
88107 40767
83277 42231
86881 41116
82310 42386
83792 41978
88071 40804
95537 39054
95262 39190
96607 38945
97127 38851
92067 39940
94084 39491
84723 41732
96329 38949
99540 38475
94261 39395
98041 38643
84866 41708
83443 42062
84325 41794
99111 38534
100025 38326
102585 38077
101087 38222
100410 38251
100620 38238
103437 37986
99685 38447
104032 37898
92771 39745
98623 38551
91275 40183
98583 38633
101682 38134
101472 38147
104242 37885
103647 37973
102970 38002
85372 41506
89672 40471
98833 38538
103180 37989
93557 39590
105141 37847
89529 40495
83786 42023
104931 37860
83300 42086
103869 37964
65374 55074
102371 38109
99522 38513
101309 38213
92711 39821
67081 53155
90015 40432
