7 1.23522
1.53517e+06 1.58336e+06 1.6086e+06 1.63574e+06
1.55896e+06 1.61729e+06 1.58064e+06 1.61362e+06
1.56096e+06 1.62577e+06 1.59471e+06 1.60206e+06
1.56892e+06 1.57796e+06 1.58641e+06 1.63888e+06
1.57594e+06 1.60259e+06 1.55688e+06 1.62303e+06
1.57695e+06 1.56661e+06 1.65006e+06 1.62082e+06
1.5776e+06 1.57246e+06 1.64695e+06 1.61568e+06
1.57838e+06 1.55365e+06 1.5885e+06 1.61475e+06
1.58259e+06 1.59013e+06 1.54647e+06 1.61214e+06
1.58347e+06 1.56297e+06 1.64729e+06 1.6099e+06
1.58403e+06 1.63847e+06 1.59189e+06 1.58784e+06
1.59343e+06 1.55815e+06 1.63988e+06 1.58166e+06
1.60164e+06 1.53332e+06 1.63278e+06 1.61645e+06
1.6059e+06 1.56243e+06 1.62318e+06 1.59532e+06
1.60626e+06 1.53792e+06 1.59405e+06 1.6517e+06
1.61069e+06 1.5857e+06 1.59114e+06 1.56561e+06
1.61098e+06 1.59365e+06 1.58315e+06 1.5798e+06
1.61889e+06 1.54239e+06 1.57226e+06 1.61932e+06
1.6212e+06 1.58683e+06 1.59045e+06 1.58107e+06
1.6815e+06 1.54778e+06 1.58133e+06 1.593e+06
1.56859e+06 1.57318e+06 1.63074e+06 1.57038e+06
1.58041e+06 1.58813e+06 1.57447e+06 1.60437e+06
1.60945e+06 1.55444e+06 1.59499e+06 1.60815e+06
1.61479e+06 1.60618e+06 1.56054e+06 1.57693e+06
1.62781e+06 1.55774e+06 1.59104e+06 1.60846e+06
1.63244e+06 1.56629e+06 1.56006e+06 1.65254e+06
1.64551e+06 1.58049e+06 1.57142e+06 1.57952e+06
1.54657e+06 1.6041e+06 1.58205e+06 1.61121e+06
1.57512e+06 1.56809e+06 1.58829e+06 1.66102e+06
1.58448e+06 1.59621e+06 1.65107e+06 1.55395e+06
1.58735e+06 1.60472e+06 1.56271e+06 1.55606e+06
1.58969e+06 1.55486e+06 1.62796e+06 1.59301e+06
1.60862e+06 1.57142e+06 1.58274e+06 1.59572e+06
1.61958e+06 1.53265e+06 1.63909e+06 1.60953e+06
1.55222e+06 1.60507e+06 1.56181e+06 1.65102e+06
1.57386e+06 1.57538e+06 1.59427e+06 1.6413e+06
1.60294e+06 1.60082e+06 1.59584e+06 1.56828e+06
1.60628e+06 1.56156e+06 1.57789e+06 1.61154e+06
1.60731e+06 1.59445e+06 1.58808e+06 1.59549e+06
1.64525e+06 1.56934e+06 1.56801e+06 1.59191e+06
1.5524e+06 1.58992e+06 1.59823e+06 1.62005e+06
1.56263e+06 1.57879e+06 1.6249e+06 1.58555e+06
1.57198e+06 1.55239e+06 1.63399e+06 1.627e+06
1.58278e+06 1.55688e+06 1.65048e+06 1.61216e+06
1.58681e+06 1.56406e+06 1.58482e+06 1.6407e+06
1.58824e+06 1.58465e+06 1.58349e+06 1.62038e+06
1.58984e+06 1.55223e+06 1.5614e+06 1.6202e+06
1.59588e+06 1.54957e+06 1.65175e+06 1.60707e+06
1.59868e+06 1.54202e+06 1.57513e+06 1.6148e+06
1.6062e+06 1.56597e+06 1.59354e+06 1.60975e+06
1.61106e+06 1.60041e+06 1.60601e+06 1.55075e+06
1.61503e+06 1.54081e+06 1.56893e+06 1.67627e+06
1.61837e+06 1.5447e+06 1.57258e+06 1.62636e+06
1.62081e+06 1.53522e+06 1.63487e+06 1.61554e+06
1.62311e+06 1.57753e+06 1.58231e+06 1.57358e+06
1.62698e+06 1.55092e+06 1.63338e+06 1.60104e+06
1.54958e+06 1.59563e+06 1.57204e+06 1.61412e+06
1.56182e+06 1.59378e+06 1.57593e+06 1.63459e+06
1.56339e+06 1.57664e+06 1.59458e+06 1.5696e+06
1.57033e+06 1.5756e+06 1.63049e+06 1.61885e+06
1.57901e+06 1.6042e+06 1.56717e+06 1.60252e+06
1.58002e+06 1.58387e+06 1.57002e+06 1.66759e+06
1.59356e+06 1.56862e+06 1.55024e+06 1.59597e+06
1.59697e+06 1.55126e+06 1.64677e+06 1.60244e+06
1.61095e+06 1.55683e+06 1.59547e+06 1.59186e+06
1.62367e+06 1.56788e+06 1.56965e+06 1.60008e+06
1.62379e+06 1.56196e+06 1.57188e+06 1.60257e+06
1.63429e+06 1.54768e+06 1.62796e+06 1.59143e+06
1.64218e+06 1.6134e+06 1.60533e+06 1.55463e+06
1.55294e+06 1.57893e+06 1.62658e+06 1.61337e+06
1.55522e+06 1.56897e+06 1.61239e+06 1.63248e+06
1.55978e+06 1.61018e+06 1.63222e+06 1.60904e+06
1.57471e+06 1.57661e+06 1.59247e+06 1.66584e+06
1.57647e+06 1.56617e+06 1.60354e+06 1.64267e+06
1.593e+06 1.55506e+06 1.60448e+06 1.6021e+06
1.59956e+06 1.5724e+06 1.6369e+06 1.58416e+06
1.61105e+06 1.56089e+06 1.59513e+06 1.5756e+06
1.61561e+06 1.5279e+06 1.59089e+06 1.62046e+06
1.61657e+06 1.53643e+06 1.6205e+06 1.60806e+06
1.61761e+06 1.56074e+06 1.62583e+06 1.58879e+06
1.61974e+06 1.56374e+06 1.60988e+06 1.56304e+06
1.6232e+06 1.55103e+06 1.63828e+06 1.60705e+06
1.6286e+06 1.54134e+06 1.59813e+06 1.61168e+06
1.62958e+06 1.55342e+06 1.61062e+06 1.57833e+06
1.63146e+06 1.56438e+06 1.57798e+06 1.59521e+06
1.63883e+06 1.59992e+06 1.60103e+06 1.56461e+06
1.64353e+06 1.54701e+06 1.58561e+06 1.56372e+06
1.6641e+06 1.55277e+06 1.56949e+06 1.61392e+06
1.55219e+06 1.57529e+06 1.60696e+06 1.62273e+06
1.57029e+06 1.57029e+06 1.66564e+06 1.621e+06
1.57621e+06 1.5425e+06 1.60563e+06 1.62245e+06
1.58787e+06 1.56283e+06 1.61382e+06 1.59076e+06
1.58955e+06 1.58069e+06 1.55791e+06 1.62848e+06
1.60616e+06 1.5539e+06 1.62144e+06 1.59478e+06
1.62315e+06 1.55144e+06 1.65069e+06 1.58949e+06
1.62982e+06 1.52687e+06 1.61672e+06 1.59213e+06
1.63521e+06 1.57177e+06 1.60426e+06 1.57172e+06
1.6376e+06 1.53228e+06 1.60625e+06 1.57416e+06
1.65185e+06 1.54149e+06 1.6e+06 1.60223e+06
