45032 855.03
160929 120854 97197 142482
156111 136609 93523 153446
129560 135252 114310 87922
124686 109945 145288 94994
124504 96706 121398 126399
103503 151884 107024 90387
81024 140865 107214 97853
108820 101756 120670 135538
156958 117018 97740 148233
150652 124325 96879 124587
139006 106765 111596 111724
126859 114870 138983 92697
117606 101723 114123 127725
107975 146935 94865 103078
97125 108890 136762 110114
82280 126474 133749 124768
134873 107098 123759 96697
133701 105065 116404 101172
130348 116176 126020 89792
127846 97300 119189 125792
108043 107579 131273 106368
99584 144299 94255 105653
100597 106757 132838 117977
102599 102509 130310 118082
125998 97527 121338 124242
114007 114502 127669 93782
118059 107206 129676 98862
106853 146526 101651 94175
124365 99714 120469 106311
112927 101465 119405 116806
85791 122474 132197 119438
119973 98410 119884 107482
118931 98972 121109 114153
121184 143233 94716 105837
118244 111552 133424 93278
82381 135525 133738 122555
108914 118667 128801 91731
129292 97978 121549 107487
113931 104276 113415 121482
89606 145468 101155 101577
121882 99496 123297 107181
84376 123921 124246 123314
117546 100612 122331 116132
106885 104708 126972 109287
116387 116743 125457 92589
105653 107370 132144 108433
105676 123464 128226 89815
107327 108080 125148 104451
117907 103117 122196 103622
125115 98962 121008 105896
83769 126125 124208 120831
123357 97450 124521 110458
116696 101223 123672 119266
119549 110612 107893 104658
98980 107423 123367 119932
116004 105703 124556 102718
118498 103460 111837 124101
97741 128707 96479 109135
125403 101686 116146 114874
101182 144660 107585 89797
128547 138134 110405 88601
122963 102413 114405 108097
101460 131477 95846 99522
116864 101769 130046 111671
122300 102068 116075 107189
99942 106384 122016 120406
109363 102802 118083 122223
110005 103926 125254 99398
118075 100738 121942 120537
128421 97756 117150 108650
105639 103926 118775 122183
94314 115676 104730 123134
115140 143583 126336 88662
94098 145394 107311 94078
110615 114647 115840 92798
117757 101551 126292 114595
81292 138422 103995 102542
90117 127389 128723 96160
120654 130333 121068 88496
115714 136475 116618 88797
98386 134616 95445 105269
114783 103601 115563 112774
93177 113787 109254 116355
105592 121342 117547 91997
95698 125485 120205 93457
104403 111666 106705 118743
130023 104432 111810 115048
103188 112374 109791 109675
116023 126277 97769 106408
124790 106419 115432 99351
96757 130890 122754 91389
91245 132169 97546 105281
100070 113545 112370 103800
117487 112749 105049 104396
112612 111191 103497 107960
94746 142226 101328 98128
127625 104899 111738 109512
120141 99677 119291 111828
99405 113099 112529 109610
118501 101062 118906 112179
123881 138414 119197 88303
93700 129941 100839 118430
95463 135952 96971 113273
99887 132005 94620 110805
99940 143886 97694 100051
110952 108413 104865 113949
123972 123150 106678 89501
99511 125356 126042 92329
99510 114118 111571 110062
114483 102706 122384 115340
107928 103391 120891 114243
103728 112058 111136 105286
115445 111442 116267 93408
106811 122332 118486 88878
107658 109267 106537 109473
127576 115783 105900 97564
117672 126371 123022 88026
114824 102284 115934 115866
103241 135361 121594 89962
121572 101199 122786 107075
129385 121584 115648 89407
120459 117995 114638 90288
82723 135799 108265 99093
105638 128415 95488 112556
104559 102557 126797 113630
122528 115763 101571 103502
107484 104595 116165 113130
112278 111338 103430 114536
90633 123839 114845 98388
99157 141610 99929 96055
93910 142401 112497 92979
88981 130516 102198 112917
98291 116911 122820 97297
113452 117192 97966 107461
89098 142777 104111 98629
92323 138999 118537 91119
87405 139184 106359 97043
108444 110375 116793 96123
120545 110820 101819 115695
87563 140147 103520 99005
90429 119992 112842 100279
88056 127317 108581 104949
105698 106110 104534 116175
108149 104148 124040 109207
95882 136320 96878 109946
98673 123969 99858 111109
96592 107816 110774 116182
112128 116221 102873 101570
118098 97779 118693 114387
83168 129338 122385 124487
123726 102228 113455 104689
98951 109742 109869 116072
101653 118700 104482 110227
114078 103752 112694 120547
111867 127626 102177 99532
87228 134808 111313 95349
96193 142663 102331 93820
83995 133390 106410 107719
106010 105536 118730 108203
102067 119473 126556 94939
103963 143794 102425 91661
90021 140402 105348 96592
100389 137675 98386 101344
94358 131432 120141 90802
115091 128554 109565 92113
119780 104309 116552 101227
96514 137039 99734 98376
98821 136161 117622 91021
109630 113625 103006 117686
88430 125187 111002 104824
98413 134752 97226 102045
109228 121771 100712 102686
111120 110765 105646 110557
88203 117241 123084 109213
86099 123010 115233 105987
94094 139448 113112 91187
93253 119164 119672 101159
83108 129559 109925 103921
95010 118924 100822 115506
104376 140957 117130 89322
103578 107999 114050 114377
104999 106829 112376 111207
102506 125523 98492 113869
91725 137876 100453 104834
117331 124582 100276 99803
86563 118294 116150 106160
85099 124960 113080 108825
97453 134182 96653 115594
85222 138153 107203 96869
101065 139493 100058 96325
116984 108755 107660 105742
116579 117690 112660 93987
84263 141147 107331 96825
91972 127956 108380 95758
83608 135852 106204 103817
85721 125733 105074 107894
103016 117116 113987 96300
112521 124235 98231 108825
106450 123712 98794 104001
107118 116608 104935 113673
101315 115934 102643 115425
88601 141529 105169 97008
83454 128866 108638 101775
96023 128055 103348 100452
113154 119870 100533 109342
81044 136873 108801 98193
129944 105261 121999 101224
108312 105340 113467 110119
85430 133652 105808 99940
120933 114697 102138 115139
90263 128010 104806 107405
94803 135296 118311 90362
109335 107625 104162 115159
108530 107011 112035 104765
106006 140519 95679 103475
101190 134038 99329 100956
104194 115717 104262 117155
113891 117389 104079 100095
108982 123244 100798 102749
84924 138550 100672 102204
87516 136813 109149 95447
91837 141908 109074 94791
114787 110996 102558 114025
96293 122256 98058 115389
97014 131581 96698 107275
81276 137172 106461 99267
89409 127079 104338 109044
118076 124743 117948 90179
93021 135090 99055 103918
89874 119572 114231 98753
84605 138798 102604 103292
106273 115012 107571 107443
84424 132547 108970 100456
96704 137935 114297 89894
94414 134547 99582 100209
102378 108884 123503 115946
105988 131235 100609 96792
92457 114790 109116 117358
115258 119304 110628 92053
91059 132767 101563 102459
97298 119690 104370 112100
93415 138592 101024 99604
123824 101845 117603 104246
104290 114316 110488 101930
94577 117883 107183 109100
104601 120427 107776 99643
101588 112836 116146 103170
106397 121046 113314 91507
92623 116461 110706 106586
95779 137488 103964 97762
98909 113070 117293 107614
84596 126029 111396 101698
102781 116776 109483 102450
112379 131431 98600 102286
92980 133051 101190 100226
105940 113691 115747 98801
124400 115490 104593 100585
93923 129584 99462 117783
100341 130619 106669 93860
94396 121985 103601 116958
94530 124522 122440 94105
101613 112280 108291 112223
86244 132681 104239 97176
106844 109413 124101 97490
94512 128044 113805 93768
102940 119772 121280 93994
97875 115365 107260 107038
107421 119048 116473 94251
93552 130070 105830 94837
100916 126746 103748 101712
104210 105946 112997 115410
110002 105811 109451 113231
114365 120692 108813 94947
110767 135542 106395 94111
93434 135684 103671 99352
117231 109469 106004 107246
86196 120338 116711 111884
95345 130966 99431 101401
89003 124512 110066 105060
86410 125173 105930 110328
95554 110233 110351 111472
103418 108862 117153 113344
98689 118595 123960 95036
104054 121812 113259 94650
96467 109617 113412 112810
104886 116006 108756 99066
111371 121930 111749 94859
107413 109036 117427 103989
92225 131088 100319 108951
92281 133290 108015 96400
85661 134381 105864 97843
85906 133826 101748 104530
121761 107156 118355 100743
87044 140803 103091 100598
98759 121095 104306 102854
104967 108258 118984 101952
93502 120760 113492 97631
102228 129845 105522 98162
92571 142771 99630 102969
117069 111865 111847 94522
93109 129466 126430 94699
96800 119917 120555 94501
90574 139801 105729 96882
102835 118168 112045 97841
107717 114369 102563 106555
103669 120500 110838 101060
91407 125697 103576 118669
98042 133759 102632 96420
90534 139864 116443 93158
93572 138433 97121 100346
92993 131781 104255 98050
92153 129992 99023 113502
97373 133487 98754 104348
92827 126597 109447 98569
103283 122680 106116 98966
86800 132837 102114 103711
103363 123191 115068 95435
98535 121542 115131 95070
100954 110940 113625 108852
89606 129087 106334 103461
105396 126319 115150 92638
99976 129707 120846 91175
111608 118344 103901 98167
102360 120563 102738 112389
88795 115805 116798 106772
109796 137512 110043 93084
84933 134945 106934 99828
89253 122215 107441 112148
121041 105203 112661 104855
94984 129034 101502 99941
102450 122391 107781 97680
113296 135033 108101 92034
95103 128647 100908 103280
99433 117520 113195 101201
105225 131680 112738 90047
94338 137644 105227 90984
87767 137350 103852 100826
103935 125847 119049 92846
94893 141289 100882 100002
114125 131614 118449 90318
97395 127758 101660 106295
86973 124689 108634 106877
102568 127219 99177 109132
111472 140833 101732 95721
94238 111787 112961 108366
82644 140930 105417 102050
92023 124843 107307 98696
99840 125642 105606 95903
92403 140522 113920 93845
106827 113860 111444 100973
103252 129671 98935 97218
99576 128321 101269 104624
92216 137144 115980 92369
90507 134249 109348 95564
108607 114950 115086 94411
94071 119513 111470 99182
100112 126383 108829 95498
94884 117817 112117 98287
116754 118592 112736 90653
96259 141979 99476 96910
112606 120869 112577 92187
94521 128272 109039 94618
101930 123337 110589 98282
92118 122085 102785 113420
89714 123546 105256 113599
98908 130782 100388 101822
91376 128789 102339 107546
97620 132084 100357 99277
99913 115141 107980 105699
92725 122613 110300 101092
105032 131032 98542 107661
94275 129007 117009 91545
88816 120223 119705 99888
103785 124970 100755 105147
89486 122818 112700 98496
102829 124276 110214 96535
103841 108553 114137 113416
98092 134118 100105 99417
105278 138762 112977 89968
108223 117263 117767 95247
118645 108567 107550 113601
96422 123080 110950 97156
104454 115352 105378 112317
90877 116992 116837 102972
95293 121181 104713 110863
100737 127418 100225 101279
113416 111929 103249 116292
89260 141261 107672 95151
87282 132837 101906 101328
86799 141041 106691 96931
100973 122911 103840 99474
96896 134892 100930 100150
101774 124005 103610 101973
94528 140719 105180 95406
100498 115704 112247 104141
92009 117954 106622 110866
101159 116066 105700 111951
88132 126789 117365 100080
99064 120106 104064 114009
90166 126883 112249 97891
99657 116080 105974 105544
99267 120579 103294 106573
103291 110121 119227 94461
83951 140220 107363 95978
96646 134706 113377 91565
107976 129263 97988 106137
96126 125088 111757 95954
92872 117818 110626 110697
101456 116969 116289 95256
91836 119209 108884 117494
99734 118520 109996 102086
86977 129435 104642 105479
103111 114865 104944 118058
107075 140973 104680 94330
89988 131458 99974 105379
94206 132466 103048 98849
87340 132300 113872 94089
95936 125139 119822 96751
107878 118044 107601 99205
93823 114658 109614 106699
100618 123392 100990 105317
105853 123691 117104 92944
99702 130385 100185 108223
92647 131416 118384 92897
107813 111944 104166 104903
118631 115210 100065 112510
102381 116271 113754 102205
89830 133884 101971 101163
86036 127574 111992 97429
100854 128049 114529 90696
90573 128596 104024 111322
88630 120530 114580 108248
99748 121553 99478 113713
85559 127485 114605 97894
95952 118363 102013 116164
90762 138903 105734 95986
91432 136405 119282 93009
88519 113649 117703 109895
83332 134199 115120 103033
102688 126940 103208 100682
109237 127932 103042 95598
111141 126989 109092 93332
93101 120373 106901 105002
101187 109060 113460 106998
93598 119800 110265 106137
91522 126984 111958 97238
93672 124144 100882 106661
103559 120948 100559 108192
92656 126478 117913 94926
99020 110140 118075 98330
101954 125641 100531 101464
90548 126541 108060 103402
112512 114786 102192 111551
91845 132343 119085 93108
87886 118566 110000 108360
95977 115490 106801 104171
97067 123631 113632 95468
103986 121248 118957 94370
98842 124047 117735 93952
93243 119734 105773 108528
84479 133093 106409 117565
85494 138480 106779 96978
100459 124404 107705 94583
121842 120836 106022 97326
114094 117503 116945 92526
91948 118531 110728 109787
104963 122778 101915 105262
87814 127821 107387 107268
107557 108614 110597 110277
102706 123514 114452 93176
83887 129758 109672 101130
93112 123480 101086 112093
95581 131540 113745 94557
97646 123764 107772 98404
91205 126117 105461 100846
88499 129803 106268 100990
89096 125935 109096 104282
94717 130691 101571 102260
107445 112927 104052 102988
109855 124372 100046 99889
109539 107407 108301 95095
97442 122077 103164 106865
95664 117473 106173 104228
109430 137323 107328 93142
104550 133495 110670 93122
90699 131967 104262 101132
91881 120261 108904 111475
105164 127500 108693 93297
95547 126330 115345 95245
108781 123078 111989 97383
106649 124312 108707 96026
103771 134106 112629 92465
93676 127185 115461 92821
107558 117364 103871 101888
106693 115993 105495 101498
112341 116700 102391 101308
98992 115252 108148 108117
107460 119452 106608 99470
91600 131704 110298 97101
88900 134853 110510 96804
