39376 1861.13
68770 64360
74159 47302
68793 55684
74234 47203
72475 48250
72550 48151
72798 48114
72217 48374
72465 48337
72459 48350
74756 46653
70738 49460
74602 47003
73320 47564
75004 46616
73072 47601
70480 49584
73405 47378
72981 47800
74571 47030
70722 49560
71626 48651
71959 48428
73653 47341
72207 48391
74665 46852
69185 50675
71188 49234
71335 48811
74998 46629
70813 49361
71244 49010
70222 49638
74384 47092
73314 47577
69889 49861
73880 47329
71668 48588
69518 50452
72967 47961
74058 47326
69798 50060
75060 46286
81774 43463
75524 45659
78234 44782
78203 44827
78482 44745
80791 43511
87550 41744
75493 45704
76699 45159
81039 43474
81973 43314
101161 39590
103453 39453
101123 39618
97206 40019
100438 39628
98262 39942
90043 41000
91099 40923
92412 40827
98300 39914
99581 39776
100190 39665
91347 40886
94633 40426
96051 40180
89138 41169
89352 41080
89390 41052
90291 40963
96483 40057
97577 39952
94385 40463
95290 40294
95328 40266
95330 40263
99333 39813
88485 41221
95576 40229
96521 40029
104214 39387
90694 40938
97244 39991
98052 39951
100913 39627
93103 40747
93960 40599
95108 40377
91762 40876
94170 40590
95146 40349
96273 40066
103966 39424
104176 39415
91309 40914
97329 39989
97539 39980
103491 39425
88447 41249
94208 40562
94898 40386
100400 39656
93269 40679
93555 40614
92698 40762
100152 39693
87980 41651
89600 41043
95368 40235
96235 40094
99543 39804
93307 40651
89638 41015
90253 40991
92450 40799
95578 40226
95616 40198
99295 39841
103243 39462
100056 39775
96996 40028
85380 41933
92660 40790
92070 40848
99245 39865
80780 43653
83008 42814
94423 40435
93517 40642
89348 41160
94671 40398
75245 45741
88733 41184
87740 41738
76972 44912
84437 42130
88695 41212
91014 40925
84475 42102
88228 41614
87049 41818
88190 41642
75806 45260
84227 42139
87942 41679
74618 46866
80079 44211
86033 41881
105233 39341
102180 39544
105195 39369
87087 41790
102142 39572
104985 39378
101932 39581
85132 41970
85342 41961
79212 44352
84880 42087
86756 41843
85995 41909
85090 42078
78857 44520
86841 41841
84189 42167
77220 44875
80234 44187
87297 41781
85785 41918
87335 41753
102487 39517
107282 39230
113479 38820
121794 38397
77251 44830
115558 38736
102697 39508
105788 39277
103210 39479
103458 39442
105540 39314
106263 39276
106473 39267
106511 39239
107530 39193
108684 39107
113269 38829
102735 39480
105750 39305
111737 38904
108722 39079
107961 39145
98818 39881
111775 38876
115643 38730
120737 38471
120014 38509
113517 38792
107492 39221
111052 38914
111527 38913
112794 38830
116146 38655
105200 39358
110804 38951
110464 38995
117888 38571
111014 38942
115681 38702
118611 38533
107999 39117
116831 38645
109493 39070
112756 38858
114958 38740
108474 39116
109741 39033
116869 38617
107751 39154
114835 38774
118573 38561
107713 39182
110216 39032
82107 42903
114920 38768
112546 38867
114710 38777
110426 39023
120052 38481
116108 38683
98780 39909
122479 38387
109703 39061
120775 38443
122517 38359
121756 38425
115433 38739
117850 38599
110766 38979
85094 41998
86436 41856
91935 40867
83039 42699
76085 45178
80378 44004
80325 44085
80729 43954
81932 43415
82393 42838
82134 42868
80340 44032
83077 42671
79174 44380
83298 42669
83482 42656
76711 45091
82172 42840
76054 45223
79394 44214
