38 1.89056
751400 742416 817804
770261 764908 752272
762337 753315 787118
771127 739543 774894
766493 767322 765109
734794 805884 787261
790854 772173 736481
771259 732260 745717
784408 769768 744543
764203 761104 784796
768098 777022 753544
786187 753161 741791
826300 719446 776322
839808 714451 776486
794331 750715 736356
800500 745849 731241
810995 785751 711059
741855 796404 779060
749471 776947 783265
756593 781483 769006
792648 754050 723104
820895 718987 791132
740745 795775 815914
789101 721870 757854
811918 790401 708906
825509 714548 781604
744805 782000 766417
761562 773502 769921
773722 810828 742748
792502 762896 740691
798937 796889 707647
740097 759492 817595
749460 753221 823655
765046 763028 773927
767996 810892 764747
788125 764279 740012
805792 721484 789553
833771 712327 795126
769262 768831 749839
777067 773024 726419
799842 747406 725852
