2747 94.9978
743059 784493 772414 784685
794031 803199 760585 761720
864120 797114 779552 747637
806033 795780 784940 742355
764231 759854 765625 808344
768850 766543 754473 795483
796925 782166 778039 754059
807628 808123 746036 773904
783966 757767 765647 779324
731203 783688 801188 800925
759848 809971 813587 741366
792537 782150 759330 764386
777936 787468 791340 751311
777392 753053 776039 781434
770254 775362 769343 765431
786035 795711 769980 754567
737631 750901 789273 798966
794324 723930 822618 784979
776645 767199 751220 801849
755212 764766 759299 803111
808402 758412 769083 773359
807077 786911 775325 749071
776768 732350 767923 835517
789525 761979 773669 776722
771939 803859 748253 799737
812239 758214 771695 766375
834002 773526 737037 764515
819572 731099 763880 812507
834095 772798 734412 765388
764822 757456 778454 792093
796371 760384 742977 816808
785780 771533 762282 780965
761491 748653 800035 794607
813340 774640 738033 768980
803075 785910 793448 743572
818658 770171 738818 767366
755239 770473 755850 789074
736357 758698 797332 794211
760281 748542 808116 796833
747807 756157 835192 793148
803925 777482 823660 735415
776663 734368 795142 781625
758039 742243 777204 818401
772994 778663 746582 797665
779432 763570 738409 835994
779444 762367 739410 836871
771660 758087 767538 780283
802505 759856 770088 757141
757187 786905 833204 762744
754883 788319 831682 768061
797929 734608 825258 750778
760632 743128 822467 785266
775131 736031 773791 825907
772319 760497 766782 780948
760621 730992 775318 798189
765015 753683 752767 829919
774487 813713 755536 781816
753897 746512 799353 802486
786037 762603 767890 775231
755124 732765 809477 796364
807163 770109 770986 752911
803534 751430 766903 773930
744383 762635 783263 795845
755418 762402 796165 774601
787988 834095 787138 742346
767896 763951 796279 757854
762538 792851 789768 768601
833386 741383 755375 779421
818859 743608 750953 787513
821934 760280 734094 809223
762643 796533 779959 761617
769088 784104 797540 749917
812986 762812 786000 745854
810232 791749 727369 814872
772683 772729 777369 764442
754122 756265 794471 796889
823211 732884 786522 780189
786585 760851 759492 777314
730333 803183 785185 817707
831346 748675 758603 783375
757123 767768 801298 772564
761762 740802 773690 815277
789604 729995 771769 780857
758482 793341 753024 792042
782998 735210 793128 785609
751331 772662 762997 815730
799213 778985 747534 762981
749739 757545 796476 780020
764769 762261 772365 794084
775545 756441 775206 772262
800868 770878 790217 750757
767164 741216 797652 791303
775835 770423 814424 743699
844049 729217 770036 778592
767877 790177 779295 758471
798112 741757 767251 783526
774382 733629 807651 790948
752941 756142 800301 782195
781280 710402 795039 823110
765416 751407 781460 796757
762636 753824 781970 797040
765753 802242 746561 815399
766834 738824 794771 798145
761901 764295 773346 774574
784774 769869 773991 760042
767242 748837 796802 764623
776245 733689 787184 787133
738525 754369 775342 828525
737155 778019 786614 788325
784124 780936 769534 760057
780118 773796 762382 781118
769328 763463 779248 780185
769922 764190 776613 780270
816260 750831 794650 745804
777253 750638 745707 782542
771873 764680 740160 817865
764133 778551 794810 766577
765762 757405 790587 763823
753094 745835 804319 798219
782545 781189 777796 757261
789918 771972 772271 765788
775407 757057 759888 787788
763713 734826 799005 771790
755482 759675 788998 797827
800758 752248 749912 780492
776271 805663 734581 785100
788889 766807 773952 773109
737395 800133 772274 812345
782117 739485 761714 817316
740621 814993 824710 782124
775291 719804 790672 800804
799503 755958 768955 775072
783450 741657 779123 781172
788992 767862 753379 770041
816099 774971 734685 778656
751150 773764 783170 769285
820956 734869 764883 791883
785420 804781 758451 765767
797757 744838 766583 783871
775715 755792 766947 781220
751016 779887 767627 768789
801211 755081 743433 795340
769811 766670 768449 777222
759844 758142 774791 810170
770177 765420 789744 769526
781052 755272 765006 781647
747197 781077 818465 782711
751025 759292 777819 805072
803386 718536 789039 792648
777493 762587 772907 778290
750403 759080 778748 807454
763349 765088 768008 797727
751369 757470 780545 807725
815655 740069 760693 785307
777643 740310 766631 814344
722483 776373 826988 837119
831825 742078 755097 795196
759058 766461 808357 769922
791587 761999 765524 761416
772726 728170 789297 841253
760253 741893 777761 797856
772712 759328 774454 775814
785712 725403 789241 800602
783027 779582 766487 761702
793106 757299 754540 778900
793395 789727 774698 755836
790076 738724 760177 787805
785855 785807 777787 759989
817560 757056 761075 776937
811539 744916 748308 800263
755018 759029 770081 803403
767192 749008 792552 774911
766963 749944 773784 800148
756412 749472 784612 773689
763848 759355 801637 767863
735189 790491 785973 840299
736963 761877 777959 817080
785662 787995 808031 740288
765222 758747 760424 783137
775032 770372 757814 790935
767305 757370 761243 797711
775100 786061 808223 748466
770388 739936 783778 776377
761756 767153 781879 781895
812985 726594 765379 810866
812021 772676 741747 783177
750881 754330 777058 829963
758435 728342 789589 816225
763863 762718 775596 791893
767333 753890 764670 789829
764255 729798 806691 812601
773736 760562 754607 798700
768822 755602 760231 793311
772498 751183 763678 795435
826301 737969 780484 765414
773663 812739 760093 783574
742162 750650 789763 811336
764418 773485 809972 766847
782768 745559 780867 780015
805006 736153 762308 801670
762757 754398 770444 796009
748287 785079 792727 782094
817262 740621 768240 774595
765427 757044 768256 803826
751640 731543 803618 811344
767870 741807 794284 788387
784107 770925 743735 810255
795271 773043 737053 804869
825545 745149 802355 753724
774478 769343 745833 814563
742131 791202 773287 819832
773711 757226 768174 785163
764062 784664 797546 762466
769576 779188 790409 764623
768313 748296 807779 755829
767731 771024 755410 798483
762784 756412 789157 772649
801182 727677 780019 785785
764393 759243 790654 772298
770875 752798 779174 763584
759177 762807 802124 772916
788485 733602 787154 782143
759856 738965 791293 800136
775371 774041 745298 791304
793140 763743 756122 767991
763720 747761 784479 795025
833961 780389 805062 735852
764402 752697 785735 772566
791821 731983 748857 814569
764163 749181 768948 810401
766355 767459 754831 807677
766503 788586 786117 760548
768570 776255 769995 767615
764789 787714 761007 775692
814303 768864 767458 748270
785206 771405 743575 795315
763898 782712 793758 763427
793081 807297 730057 816505
812801 735725 761483 791564
791120 714340 794987 831942
809996 757717 781296 751233
784763 762834 778937 770038
772337 751317 782720 777759
802999 798948 766945 755055
747752 754357 796557 793684
791998 757268 759558 781176
787453 737709 791677 760767
793909 778114 750415 777640
787191 796966 744992 776703
757138 746375 816239 779608
740211 775104 829283 787462
785005 780330 786804 747314
789235 755320 776608 778929
785991 732542 779689 784843
764333 787298 817712 738732
798917 768022 762869 756288
786673 768698 799819 746096
774203 749449 774687 791906
787219 758855 779049 764445
774204 749965 776418 791445
745781 758605 781795 825129
772990 750607 777887 793590
793590 735245 769942 767679
775210 737472 786126 794373
777654 741334 765634 790972
767434 795880 742079 824238
749126 770245 778832 770996
785302 766086 739334 784216
745531 748131 785845 849664
792000 734609 815731 780097
826036 751280 795443 741279
760217 776661 806131 768074
774961 738611 783362 785595
795279 739409 769766 783482
734008 782687 814598 793409
762508 762022 770404 801133
763082 761540 765747 800135
777524 780329 736294 809815
758153 726335 804098 821638
768469 783288 745936 819251
780208 771742 758847 781894
792611 779438 737722 797344
750634 778273 760294 803817
750956 752481 784172 809396
787029 735829 780793 773079
793321 770557 799688 740733
793677 781514 776188 756557
750688 755215 773407 819532
755299 793000 788829 758675
764705 785350 794224 753551
791375 797967 758527 764184
776218 745766 767763 799212
788789 720766 778460 820471
792336 749229 760325 781393
783398 719290 805730 819060
752512 778113 751505 805899
802824 729631 770331 797247
772732 783445 762444 768156
796734 804365 729559 845822
743487 764298 768385 786767
776174 790667 755873 786930
764524 772989 812373 765597
733270 760158 809634 838822
739461 773022 783987 807906
775266 715515 787211 827851
732442 760639 814508 840319
792185 732638 787647 780294
791866 739738 773629 759821
762172 768872 764028 799299
789849 789174 774944 750523
756182 803701 755137 796400
791073 749890 769333 784073
778874 793759 757723 780580
800463 756779 778605 759287
815040 750891 732742 809838
802048 736118 764765 802185
778839 795986 759198 777195
811017 741311 741076 815652
787743 742758 757597 808284
788846 766226 775818 771282
748296 738667 814644 795186
819446 719677 781232 828619
750408 782209 765662 802792
773043 741856 772342 843658
780954 767457 778313 753100
800594 737664 762744 805199
765267 767722 763804 768280
804260 728370 757788 828908
790507 754060 771961 776304
758494 772104 749501 795412
783846 739876 796328 777298
799460 721466 777927 796514
776404 723444 792873 790220
788003 782181 761965 758450
798052 720334 779239 798375
781881 748941 794108 749166
821332 748274 793778 755207
754984 805862 753776 789405
751617 789358 757435 824876
801431 753254 765809 775571
804491 721066 759885 816379
767857 745143 752532 799561
770081 742313 743014 814994
745512 763541 818718 790041
789500 740844 778088 785959
775694 746286 782846 784843
799717 737160 763749 800593
793579 725337 774130 799160
823131 742018 758060 783617
756946 752337 781156 810984
784447 772327 742470 808113
797940 725441 816059 786571
773241 773901 788827 758514
785627 744843 779319 770866
836201 725552 786901 792417
798730 747828 762226 777518
798257 750000 761345 776325
805406 748000 757873 796880
814637 739265 842192 738006
776457 738816 779080 793329
747017 755178 772581 832146
768107 740945 794277 790822
774364 742057 782306 793107
735682 749983 824029 822636
781142 794023 776873 761797
753158 745044 791856 816275
799339 725160 790202 793914
773001 780518 813585 755510
770444 728590 810851 800794
798226 800599 755501 764916
787757 758793 774020 778534
795291 790912 760117 758564
832356 766836 749279 772930
789748 753814 761051 778462
790302 728464 828062 784837
751761 762638 781798 797252
790564 727890 766738 816709
807056 725849 808446 779491
780275 786350 735052 782972
835571 755360 767032 767393
805447 808541 809614 736380
728225 764690 797141 806089
777743 729698 767422 786444
753301 750456 803078 785842
760444 738234 829752 782419
790703 727804 800261 781187
759900 760291 752662 811898
748437 752196 809878 772962
769507 755744 780127 785385
770267 752494 781004 792892
772585 738064 787689 787198
778105 723393 777368 828628
790323 743214 788433 770703
786566 716375 781788 801472
783940 793159 763299 767873
788226 744402 780384 780643
737930 776170 806717 790333
757458 788160 805552 759577
810790 748348 754532 791689
791752 721516 811596 793292
760368 748389 765167 824108
805566 727834 777190 789195
759274 772121 740722 834589
734054 757669 815108 839194
792160 748927 762277 779997
793673 733548 758952 806642
755305 757311 779507 808792
799540 738237 761886 782915
780691 729522 779162 798463
748869 788938 766048 817714
765623 758863 818558 769494
729412 762232 813946 841567
760061 759724 780730 793349
806801 808506 809845 736901
765702 741710 783430 793403
782067 785294 762078 770678
777510 737377 805361 751433
781140 778933 751020 771827
775353 746891 772758 798749
757223 739026 819894 787387
793825 726058 790049 762144
796357 738867 758661 801827
815762 763127 758451 750126
775698 748569 779901 752100
