6698 93.8887
171332 98349 119231 94917
156926 83053 134712 109752
145521 84688 154516 110033
127066 122510 89685 121591
126188 111200 115437 84176
123212 103128 108011 136670
118277 138098 103433 109987
101587 124370 115047 117007
105953 133550 115193 108261
121600 121902 91093 122750
144805 86844 149361 106449
136759 89378 152690 112134
144945 108934 147505 84915
103082 130100 123530 116976
127614 99884 107542 135531
117974 125708 98448 123127
123960 107880 100307 134427
104959 128788 122925 110536
158716 90987 133544 91700
124920 124807 93423 122512
163263 92026 125071 98068
169969 91514 131548 92632
145655 86094 146036 110866
102059 131658 107946 116962
160941 85816 132108 101153
103740 130741 120229 116234
160948 85184 130801 100443
115079 132315 100846 119381
104277 126679 102830 126438
168586 92073 115032 103921
117738 105285 108694 132941
167655 93682 122230 97314
131034 102910 103862 131796
145754 85127 154452 105647
143532 85578 152877 112573
115939 120121 96663 127648
155415 83135 131552 109668
166176 90659 126658 95336
142385 89880 143475 92931
166446 88373 127365 96719
128104 91132 142306 95266
122181 96205 143747 109498
164884 89901 121415 111940
136457 89205 141947 112840
106889 124940 121238 108263
136503 87439 141272 115596
114771 96790 144764 100576
113572 120854 121117 85329
146345 86979 148485 101367
163604 91193 122608 98564
152262 85367 132886 102898
153809 83658 136774 105527
126731 127138 94267 104493
164529 93722 120337 94801
120254 126704 94477 129444
128213 108184 101057 133466
119856 113034 97564 130465
147599 84257 140041 104163
152825 92732 133483 95801
107516 124218 104511 131460
152037 85915 129208 111385
158393 85695 128947 109353
104829 118332 116661 113096
107993 122504 106014 119949
111587 120640 102113 125124
130213 94417 135742 110550
109932 115665 115992 114241
157471 89997 131825 97501
156144 87159 135186 98310
122221 112259 111914 86445
125138 104307 104827 128380
145556 85450 148789 109805
118539 121154 96276 128593
108411 131809 115549 107309
156567 91248 118036 103389
128443 98743 118883 99898
116824 113488 106183 119613
138665 103869 104228 124737
128770 103456 100960 133384
131284 122915 93993 120909
150807 84111 140802 106577
148071 88215 125751 105280
118728 102178 112030 130320
116341 109895 103647 130868
139293 88760 139760 101876
111720 113568 99751 129679
131205 115113 95834 120983
120379 105673 109333 122215
122974 122712 113662 85698
137704 102746 138291 89861
116167 119554 103237 112694
130269 106429 100623 127920
142031 95880 117101 99181
110716 113298 112831 118304
114442 114454 107404 117887
150627 86509 137583 103582
106046 117369 114597 116924
148340 89445 126332 101394
151146 92384 132510 96939
125641 102572 136115 89937
127060 99650 110866 127003
127725 115990 95511 125842
149361 84667 137811 108903
108451 121484 98481 122547
140293 87303 130259 110173
114901 127737 105996 110108
148630 87452 139290 100672
129056 106124 103888 101806
118507 94623 145208 106967
123027 105318 109952 120621
120956 114908 96939 92014
132834 104791 102329 126328
146117 88718 117879 114810
121476 108020 128344 88118
127897 92700 137378 105927
154231 86356 132618 98518
134634 123460 95135 114081
129171 120025 95126 119941
105320 120998 115252 112490
109173 126768 110324 116347
120632 117177 97630 124218
106391 118516 119571 109292
133204 98060 123142 90658
114379 122857 100650 121190
114733 107685 123778 94627
139170 87943 133162 109047
135466 95337 118960 102264
118961 116926 99255 118455
113091 108983 117601 88964
111258 116451 105880 116007
110758 118451 105577 116497
133007 108998 99024 131286
128164 112332 98547 121791
150759 84989 135407 102654
109944 128528 118268 105529
103304 121867 108042 119517
115698 123257 100048 111928
134798 97767 124358 90490
105555 111279 105898 127398
131775 115992 93475 128785
113323 116172 109094 118197
137912 87597 139135 104727
108318 117639 109139 117271
146963 85957 136295 105421
146445 85750 134029 105438
153258 89482 140679 97175
119302 103580 105720 126817
118824 112868 119353 88387
117200 118101 104580 114710
153574 86785 121689 102138
111911 128086 104077 111366
129564 100773 114889 95690
112788 121342 101007 116755
129295 99124 104428 113398
114031 124619 115630 91022
147583 85565 132339 111097
106636 119092 112627 117621
117006 112675 104348 122854
110476 117059 113938 112746
119482 123536 96936 117660
153275 87762 126499 106698
142131 93035 124056 103087
129323 97803 112383 101976
137409 97105 110490 111667
112204 115911 110650 113833
149843 91509 133755 95994
110143 123812 106848 115334
147246 87970 130492 103609
150013 87202 130809 104821
133113 109252 116890 86562
154966 96320 127710 90953
137439 89520 145553 99508
150380 87451 126402 114547
135064 102869 108704 98187
138143 95223 122261 96921
122597 94979 121840 101246
117481 111771 102520 118809
118635 109442 99404 128692
119622 116014 101782 120164
136164 101347 116879 93987
122180 102346 111213 130711
145284 99125 114179 100798
108692 122909 114513 108565
142923 90008 140355 98615
141496 96380 120535 97110
145185 86285 131627 108001
107213 106134 123481 118889
110365 117915 104952 119098
128817 115732 96876 115913
134453 106729 112267 85691
128908 103684 131732 87615
126279 111813 114450 87780
126917 100480 111867 106287
144653 91428 141086 94312
140960 87279 134307 106750
127091 109610 119527 86784
144867 107427 98003 117330
139873 92183 128549 101514
112860 119217 113533 97049
149565 100133 121463 90439
142653 90442 129814 100715
130798 111308 98951 126140
138911 89830 124580 113523
123356 111232 118243 87366
143281 84860 134493 114150
113769 116369 108914 113997
107109 126969 106998 116584
113294 106373 112983 129020
139587 106185 105319 91258
113145 116979 102135 126609
140739 99891 114670 99339
132611 101981 107840 106177
125862 115047 103575 87145
125669 110493 100145 91207
115430 112404 101424 123644
149462 83539 132442 106975
148853 86641 136556 102719
128333 100298 114948 126036
145852 96650 132460 92303
116198 97278 125020 96242
138489 88199 130765 109140
147651 93857 131534 95619
120473 123963 103531 94380
137134 89614 128870 115298
111465 118635 127680 93205
124012 106296 107238 123410
122896 108435 108862 107628
127842 107771 103092 119046
135044 100170 114693 101659
135799 90131 140719 102743
104883 127831 106451 115203
143048 89693 123535 107857
142305 90784 145695 90195
137103 97431 131816 95541
107592 116071 112299 118375
138939 95063 127437 94544
114232 106527 108089 127500
137434 88539 134232 106832
114546 104304 138825 99667
133792 102279 117665 90922
145947 90542 135134 93096
123784 108579 106505 88721
123437 109524 114653 89301
110052 116850 106684 123001
132878 108184 101194 124380
148129 91926 127877 97645
126586 103718 104921 125354
115780 111520 113378 90341
108666 111660 110205 125535
150834 92604 122870 96048
130066 101649 107913 100201
134413 92791 127047 97685
111921 112768 111030 113903
139454 93205 133045 93022
113587 110991 113557 93704
136934 107016 98182 124442
107046 116667 112920 116311
109358 118012 107585 107040
130829 92798 137993 102726
103926 126959 111119 116969
122309 113903 97798 123969
135537 104718 103195 123501
132404 104133 116423 92809
141726 87122 132441 109030
130198 107252 100397 129653
125282 99361 124746 97892
137871 90883 128441 112382
124878 97584 127702 94087
111883 112152 117100 121367
138372 106929 101984 107489
144521 89118 130187 103318
115489 117135 105733 111501
126743 100671 113179 98729
143349 100835 111713 105224
139758 91759 125101 111199
127278 109749 99147 124075
120972 97023 134861 111218
119990 114780 109363 88878
118268 117602 104237 114528
146340 94107 131304 95889
126455 104848 107711 107063
144750 96799 122818 91813
134108 104613 106598 91556
144825 100420 102588 119903
144181 86823 137926 107603
123668 119838 94462 127134
137357 98248 109689 129009
130117 112952 96361 125773
123864 114134 101872 112497
138716 88880 126865 107758
140445 93317 125640 102468
144449 95396 127968 92605
119695 103240 120975 94495
148570 88316 134046 99100
133890 90903 129900 100206
154294 95165 114578 119250
115667 110835 109606 94417
153822 86135 132070 102954
140683 88954 126598 107142
121383 101484 125606 93555
148988 88070 128958 102262
143808 90371 120104 102430
144385 101163 103465 123860
112962 115710 113849 113664
133118 92360 127660 108339
111060 112590 120717 105528
123282 102268 107626 125027
131798 114692 95782 105512
126391 107710 112069 86955
133669 110309 99916 98006
124621 108391 105987 114276
151099 103106 134567 89576
114815 128068 108208 106238
121763 110186 105819 107016
119193 108692 119976 91497
122565 98462 130460 93530
119092 112059 107786 112622
121697 103056 108282 127210
145692 96089 114852 103785
137227 90783 137470 106037
137504 96553 118763 101171
144882 96045 115852 98858
124521 103058 118653 95182
118208 108951 101955 122146
132365 91587 127673 103214
120892 113690 110338 93365
131526 108022 109713 90049
117452 115302 103587 122512
111707 115320 115626 112055
117431 114018 129508 87210
154625 99216 115351 92827
120240 101858 122230 91048
120846 111104 106911 96658
136110 89138 140328 114979
120171 108033 112686 90706
126626 106582 122499 90220
143367 95750 121973 96495
117253 115736 99672 121460
127197 103776 120660 92800
124739 106869 119540 88629
114978 105451 119190 94749
130693 106772 106433 97310
111658 103476 131028 107057
133455 93116 126779 108860
122351 99248 123314 113129
130165 90643 138637 111817
113800 109149 112096 101609
144641 105612 101397 123691
144198 90149 129369 101318
141650 93408 124234 103686
113663 107964 124861 94217
109312 117868 107858 124025
115302 114765 113265 95431
151076 96951 121904 97034
113158 108734 119435 91469
143671 101790 111546 97273
139946 93420 125466 102579
153836 87403 126541 100707
157334 93739 120108 97425
131943 113746 105172 88034
119748 111500 103547 100922
131627 93787 131444 105339
142262 93507 126903 101428
117913 108510 118582 91966
131312 92491 133073 104893
146940 88908 127014 99590
118254 110676 105912 120298
157339 94073 121904 94951
112378 116110 109857 108051
145438 90828 119644 105603
124091 106638 109239 115069
115120 104423 112498 102413
124328 114767 98630 112559
112563 115798 111075 112071
127370 103559 116790 87892
144973 90148 142234 93158
142502 89690 132237 103634
115256 122700 108462 100220
121870 111899 106314 100505
140069 87552 152717 109408
137788 97011 121619 92092
144829 90367 120877 108614
127499 99436 116996 91803
126782 109816 99501 100035
126030 104246 109503 99824
116363 108239 113749 93039
122040 102249 120706 90508
121865 106972 101620 125711
136292 88464 132371 113840
143510 94835 115194 106512
154896 94164 119172 98397
111526 119950 107536 107434
135698 99478 116712 97064
111659 118920 125624 96455
126713 95663 120770 104823
129450 108342 100899 97560
133438 104541 105422 113299
113454 119762 115973 96413
126443 108841 100283 93687
141212 86601 132483 109415
140196 94496 127008 98041
144859 102960 116341 94042
103457 112267 108081 118820
133384 99249 118408 94908
136092 101947 109884 94579
118332 105190 110220 96522
126875 94737 123200 96401
123548 107496 106735 107831
134225 106556 105262 91743
116550 113958 104673 89612
118167 113841 109538 100175
122457 96793 120248 104992
112723 106802 130666 92821
115153 111141 105440 122715
126728 100940 124005 93151
139773 101551 120217 89687
138106 98601 114533 101850
137516 104361 100457 124532
123338 101553 110257 127885
117822 106472 110671 120901
111159 124722 105423 111283
133511 108076 99018 105693
141148 98468 118380 95655
123123 113021 109295 89211
117560 111584 110682 89966
124508 106251 107403 114772
150750 90202 138540 97331
125534 119034 110824 88003
148952 95180 125441 94217
127769 105126 108638 98295
132113 91359 138570 105942
121167 113804 106880 96324
118501 104296 110732 105895
131077 101254 120231 91187
142157 94202 116741 99876
128344 107937 103650 100053
113945 111471 108605 119306
133207 94632 127887 99791
120065 107032 110307 96221
149205 103702 99489 119473
120581 111466 111168 91570
134542 92328 116360 104291
144839 88968 139000 104468
133557 102761 111487 98359
125986 110206 105141 94495
145836 95491 115933 106030
123003 98343 119850 104009
143365 92217 115282 115423
112349 110325 112662 120434
122951 112735 98806 125744
119894 111122 111363 93285
124184 102954 111695 95936
113200 114553 115455 112100
145563 91251 129652 98625
113804 116733 109828 113583
133697 102389 110754 99560
116662 104493 111146 100367
145263 92756 127997 96512
130953 105550 106367 100337
118906 107006 125182 93254
121291 107311 109275 97605
146233 92434 120293 100310
153534 90219 126740 94421
136925 90612 136575 108606
149289 90951 129050 98655
119687 106296 121384 92232
143634 88335 127355 105303
113057 108999 120529 101475
127772 104362 110160 98790
117318 109755 106025 123811
111765 109568 119780 97406
123155 110633 108351 96341
154752 97078 113591 99622
120911 107695 106823 117515
131288 114116 101913 88494
128991 95449 125151 96183
113376 102100 133677 108871
108193 113945 115329 117819
125527 109756 101572 103951
123120 101719 113018 103381
120854 111679 102901 100771
137527 91377 129145 104942
137351 93973 119825 98881
137871 101054 112028 100580
123186 111946 100556 123443
132256 95822 121504 98262
146392 90260 121469 99053
108179 118003 118523 112117
140440 89753 124236 104418
154903 89462 129511 97831
137998 116159 102710 87823
143640 89083 131744 98931
125358 114695 102783 93106
115251 116770 104700 115003
115724 119872 102667 120407
142058 92322 121532 104397
112334 103565 124690 103896
132182 103742 107134 101476
117802 108144 116477 95636
131714 106619 106750 99257
