12091 518.655
491892 451666
492626 446521
493496 439909
497353 431343
494682 437807
497853 430882
496636 435856
497134 432859
495551 437647
500112 429758
500247 423692
504943 419173
506234 414992
505147 416558
509822 408798
517481 401991
519525 399595
511787 408746
509136 409395
508330 414530
500672 420149
529093 393734
516195 403749
518594 400356
512097 404114
528335 394171
505893 415474
516602 402559
531934 390502
537635 389287
525026 394868
535680 389422
536212 389374
530352 390683
538289 388407
537861 389021
538482 388252
542966 387176
523417 396123
537727 389121
551123 385843
546099 386202
529630 393617
545058 386725
539310 388098
547221 385928
522532 396126
542063 387772
551247 384747
564458 381154
556275 382963
555741 383735
556803 381427
567554 380362
577303 375289
569913 377254
627390 359863
629331 359103
631010 358896
643450 354794
655234 352798
647106 354066
648543 353945
631544 358337
639759 355280
633636 357231
649778 353048
651354 352853
648861 353130
661595 352172
656707 352507
647013 354250
665906 352170
668209 351742
668036 352134
581398 374444
568760 379875
582421 372573
577370 374465
584741 367681
601810 362940
599679 363611
593509 367365
600666 363143
593627 363868
604409 361483
606317 360190
