77533 1800.01
214464 178485 155355
217702 171988 155868
191133 175977 163628
195953 164298 160892
188623 154180 184619
196548 163843 160954
184446 157867 187219
195138 162634 162616
191846 160621 165172
199435 163348 160236
213195 155083 160777
188169 157794 173648
187778 160402 167218
191505 154353 171519
193932 155910 166388
214592 151741 163036
182818 159892 179195
191232 154435 169405
191591 153560 170191
196456 153819 164815
194598 155146 166740
187688 158432 170791
195591 158987 162623
197243 158730 162208
188850 155723 170095
196378 154624 165258
187010 160976 167550
179968 164277 176973
184785 160993 174324
183806 159110 176538
189024 156905 169111
190813 157307 166392
184163 161966 173217
196134 154079 165613
197109 162939 161702
182871 159032 177855
185255 159187 171856
178095 166346 178724
187829 159247 169394
194709 153030 166709
187422 166911 167126
194530 163529 163133
191159 156057 169905
192698 155203 167942
204446 149992 163434
195486 160850 162915
194313 153511 167558
186715 160609 170133
192443 167885 163664
194871 167696 162617
191315 166833 163907
193288 160136 165248
193918 157242 163939
188036 158579 167063
181343 165216 175410
188335 157593 166378
195295 158137 163512
203268 152517 163590
186847 155645 174058
183780 161041 175404
195420 156174 164504
182977 165689 172405
190608 156593 169395
206138 150126 163385
191858 163153 164354
193208 155970 167833
206422 149929 164215
204238 150383 163172
192786 160615 163435
202016 151469 164234
193220 157579 165465
180473 161819 177525
185862 159136 172571
186345 159800 170433
179611 164779 181982
183656 165097 168341
181915 168887 174732
197535 156270 162702
186329 161606 171550
186500 160784 167689
193672 154703 168101
191148 155112 172347
182619 166232 174568
193317 157410 165011
191058 158548 165567
196442 155608 164901
183893 162551 173166
190326 162091 164898
181945 168325 174511
184122 161988 170422
180966 163790 176274
192695 157616 165760
186477 158594 178131
187065 160177 168138
194448 156144 164581
194863 160316 163380
180311 165216 175949
188244 155769 172863
186791 158476 171483
182189 161006 175599
182043 163082 176015
183291 164744 174149
182094 161977 176047
181479 155969 200281
182431 162252 174841
192229 156551 167043
184802 157908 179130
193232 163705 163137
187443 170088 165194
196002 153970 166671
184614 153262 196360
183734 155578 187664
193012 168134 162994
201025 154363 162719
182904 158501 197238
195675 155926 164889
181188 169784 175357
186240 155153 185903
188398 162947 166331
182981 157682 189437
196052 157559 162287
183058 157005 187564
196102 156870 163943
186558 158452 173218
191676 157269 167551
195036 163370 162380
187626 153250 192086
185547 156171 180758
189251 152444 189555
187672 153121 194410
184433 158443 187151
185255 154950 191272
188621 166275 163918
182283 164135 175295
188791 155214 179748
181707 160029 192664
185488 151577 196072
187777 154308 182625
185381 157582 184532
192287 161466 165006
186323 153389 189206
183308 155185 197180
191046 150348 187018
192992 146244 187467
188732 155384 174547
189852 149380 187187
188259 152732 185214
192187 148210 190043
188616 152108 189977
186085 151306 194673
189483 152046 188479
188844 152997 180012
187195 150860 194592
183583 158787 183313
189808 150742 190303
189339 151697 192644
205224 161797 158593
206967 160517 157104
192105 152538 173409
194352 149564 172180
196363 148674 172182
201863 143866 181171
202167 145567 174463
199546 146835 171767
195886 146961 177798
202025 146194 170940
200656 145475 176088
192978 149032 179317
196848 151656 168365
195011 147625 178668
195641 154278 165879
201781 145931 173651
201563 146614 168910
209917 146044 166672
204399 143403 173067
201596 145372 175306
194824 149501 170388
205656 144341 172439
203491 148939 165543
204838 144580 171402
211205 144563 170740
198634 150398 166731
196414 149430 170557
199886 150916 166608
203924 145995 168066
197218 146655 177779
202588 145551 172224
197240 147067 174469
201398 144400 175704
207575 145171 169894
197590 145342 185895
204584 145337 170045
198279 149342 169420
199484 143346 181657
199871 145092 176803
202999 145845 172087
207229 149775 163593
195846 145911 180406
196970 147883 174021
197976 150203 169089
215014 143628 171020
201850 146233 173406
202944 147416 167117
198935 146250 174635
203276 150140 164737
205354 145431 169133
203078 144283 175987
203573 144325 174374
204298 143365 174063
199663 145802 176032
197271 149000 171962
199819 144330 180035
201040 147550 168773
189541 151110 175182
203284 144446 175220
199403 147914 167664
200825 144494 175715
193117 149960 172971
196232 151918 168039
200627 147090 169633
202152 143353 178386
190584 151975 175154
201634 145197 174500
198805 145175 177998
196061 147683 175991
192838 149218 175601
195240 146969 176663
208869 149617 163878
197483 148310 170212
197740 149560 169225
203782 143367 174125
198066 146718 174830
203288 145602 171973
208724 145193 168984
203192 145687 170327
195025 152547 167167
194696 152096 169184
202209 149143 165361
215644 145258 168468
192259 152114 169859
199122 144517 178242
200592 150125 166799
203549 144240 176150
192473 153428 168693
202521 147010 167849
200813 146751 172862
204561 145495 172844
200832 150690 166517
202882 146598 169234
206970 150240 163115
193034 150654 174914
198872 144866 187924
194418 149519 172372
189900 152929 174833
192452 150715 171384
204391 148194 164422
211271 145733 167233
201857 143154 187325
203053 149892 165304
193274 149169 173270
200178 143931 181135
200740 145707 174097
209799 146494 167692
197086 145648 180866
199478 149768 166993
209129 144580 170000
193675 148738 177790
199015 147205 173259
191951 151746 175023
216328 142018 181791
200773 144787 176871
204156 147272 164956
200834 149764 167537
212919 146636 164826
203510 146113 168366
193553 147367 180290
193517 147702 179974
195536 147116 176530
205735 145663 167929
208016 145171 169364
195235 148342 173835
193263 147899 181179
194864 150305 169348
191818 152582 172638
198591 146702 174336
194760 151912 170871
211921 142252 178466
206105 144362 171511
197588 151550 167243
202799 150132 164943
199396 144140 181209
204472 145853 168461
208804 142901 176547
210328 142797 175162
191203 150030 176212
215064 143561 169647
211431 146413 166578
213928 143790 170642
191091 152101 174665
207656 143963 171213
202741 144776 174116
202383 142803 179056
197901 147828 169793
200915 148535 166594
209780 142181 179265
211379 142686 177371
198469 147616 173648
191449 148609 182549
196523 145568 185866
206413 146925 166663
203949 148654 165984
193176 149135 177508
194301 147316 179529
215596 142251 174162
217053 143516 168641
203739 143781 176637
203043 143992 176703
209718 143222 173257
205607 146552 166914
206592 143636 171285
198347 149449 167877
209763 145450 168696
208947 143254 171107
200615 146550 174304
197340 146346 176187
198394 151469 166129
211761 142307 171953
196752 151658 168625
196682 151788 166305
199553 151388 165723
199930 151396 165605
196469 152646 165850
199447 151547 164119
200706 151053 165795
196125 155403 165504
197541 151723 167571
195393 154891 165516
197405 152648 165455
200681 154071 163316
199715 151437 165355
198389 151965 164489
227364 143116 170982
207180 153947 160923
197142 160364 161870
201036 153793 162103
195279 159003 163466
196684 152832 163518
198540 159368 161314
204443 163852 158788
200014 163773 159512
200950 161512 159434
200100 157925 161560
200753 156899 161741
200029 154425 163383
200395 157110 160677
201708 153373 160972
204480 155789 160737
199318 154765 162074
202560 161448 159018
197319 160755 161641
202756 156178 160938
201685 155501 161390
204928 152585 162032
200076 159910 161210
205719 161054 158563
206061 167711 158275
204547 156187 160360
200541 162957 159611
201030 157266 159180
199131 158789 161603
199273 169291 160236
203959 164574 158738
205395 164806 158400
205466 156540 158734
197375 162501 160539
212052 163746 156471
199628 168747 159393
211046 172751 155672
198645 167025 160380
199565 170329 159654
195638 162032 162373
213296 152106 161809
197710 171970 160207
206782 158642 158296
195134 167560 161823
205738 170130 156585
199445 170945 160070
198369 176528 159201
202418 156264 160906
206730 160304 158692
198282 154502 163389
200665 162269 160414
210778 168947 156035
225716 144922 168472
204594 165988 158293
198537 173857 157197
208102 174107 156316
199638 166265 159246
201317 167745 156828
