13 5.42514
3.15473e+06 3.23877e+06 3.20231e+06 3.15946e+06
3.21385e+06 3.19113e+06 3.18135e+06 3.18052e+06
3.1571e+06 3.25251e+06 3.13e+06 3.22826e+06
3.16178e+06 3.21572e+06 3.18175e+06 3.1571e+06
3.17226e+06 3.19467e+06 3.22984e+06 3.18442e+06
3.21057e+06 3.14186e+06 3.22193e+06 3.1787e+06
3.22346e+06 3.20951e+06 3.18403e+06 3.13838e+06
3.23129e+06 3.15329e+06 3.19993e+06 3.1626e+06
3.23366e+06 3.17203e+06 3.2577e+06 3.13349e+06
3.14656e+06 3.24304e+06 3.21842e+06 3.19235e+06
3.16398e+06 3.22718e+06 3.17503e+06 3.11692e+06
3.17591e+06 3.24269e+06 3.1197e+06 3.22741e+06
3.18064e+06 3.11038e+06 3.22386e+06 3.22188e+06
3.18279e+06 3.14033e+06 3.19801e+06 3.21322e+06
3.19478e+06 3.16637e+06 3.15745e+06 3.21482e+06
3.26438e+06 3.24822e+06 3.11585e+06 3.1783e+06
3.15658e+06 3.2009e+06 3.174e+06 3.25871e+06
3.17467e+06 3.15174e+06 3.13344e+06 3.21549e+06
3.18033e+06 3.26213e+06 3.11991e+06 3.2198e+06
3.18994e+06 3.13633e+06 3.20887e+06 3.22474e+06
3.18994e+06 3.20316e+06 3.17976e+06 3.19247e+06
3.19716e+06 3.17913e+06 3.16662e+06 3.20879e+06
3.2265e+06 3.15075e+06 3.16444e+06 3.26016e+06
3.25326e+06 3.14231e+06 3.16801e+06 3.21407e+06
3.25814e+06 3.15932e+06 3.2405e+06 3.16112e+06
3.13136e+06 3.24271e+06 3.21241e+06 3.24818e+06
3.13948e+06 3.20948e+06 3.25017e+06 3.2197e+06
3.14295e+06 3.24458e+06 3.16208e+06 3.2295e+06
3.17641e+06 3.17039e+06 3.23635e+06 3.14134e+06
3.17975e+06 3.26161e+06 3.12873e+06 3.11738e+06
3.19685e+06 3.19798e+06 3.18293e+06 3.18743e+06
3.20352e+06 3.20353e+06 3.13019e+06 3.25513e+06
3.21481e+06 3.19168e+06 3.18799e+06 3.09498e+06
3.21795e+06 3.20105e+06 3.11366e+06 3.27136e+06
3.22518e+06 3.16501e+06 3.17994e+06 3.19288e+06
3.22616e+06 3.13165e+06 3.21269e+06 3.23094e+06
3.24176e+06 3.23604e+06 3.13964e+06 3.174e+06
3.25349e+06 3.1604e+06 3.25044e+06 3.14637e+06
3.28902e+06 3.1505e+06 3.22129e+06 3.16803e+06
3.13035e+06 3.24502e+06 3.28185e+06 3.16958e+06
3.1534e+06 3.19022e+06 3.24537e+06 3.2022e+06
3.15407e+06 3.23846e+06 3.17733e+06 3.21421e+06
3.15835e+06 3.19767e+06 3.19953e+06 3.20118e+06
3.17689e+06 3.14552e+06 3.24957e+06 3.21295e+06
3.17898e+06 3.19377e+06 3.22738e+06 3.17938e+06
3.17971e+06 3.14427e+06 3.19968e+06 3.23645e+06
3.21254e+06 3.19012e+06 3.18455e+06 3.10314e+06
3.21843e+06 3.25146e+06 3.16727e+06 3.12886e+06
3.21971e+06 3.22377e+06 3.13759e+06 3.20982e+06
3.24166e+06 3.21695e+06 3.19872e+06 3.08484e+06
3.24437e+06 3.14466e+06 3.16733e+06 3.24069e+06
3.2518e+06 3.17467e+06 3.14372e+06 3.18057e+06
3.2523e+06 3.16931e+06 3.25309e+06 3.1609e+06
3.25604e+06 3.23152e+06 3.17822e+06 3.11496e+06
3.25962e+06 3.17243e+06 3.23742e+06 3.13558e+06
3.26216e+06 3.15017e+06 3.18809e+06 3.20089e+06
3.26262e+06 3.14032e+06 3.16373e+06 3.20887e+06
3.11356e+06 3.21408e+06 3.23172e+06 3.19095e+06
3.18042e+06 3.18696e+06 3.21512e+06 3.17147e+06
3.20076e+06 3.24037e+06 3.16284e+06 3.15258e+06
3.20489e+06 3.23204e+06 3.1504e+06 3.13837e+06
3.20666e+06 3.17058e+06 3.20015e+06 3.19145e+06
3.21679e+06 3.1379e+06 3.19665e+06 3.19226e+06
3.21698e+06 3.11218e+06 3.22357e+06 3.2548e+06
3.27412e+06 3.11232e+06 3.1614e+06 3.19781e+06
3.29636e+06 3.16459e+06 3.23371e+06 3.15975e+06
3.14965e+06 3.19378e+06 3.24061e+06 3.15757e+06
3.15402e+06 3.21614e+06 3.20996e+06 3.19093e+06
3.16298e+06 3.19359e+06 3.21829e+06 3.20504e+06
3.17382e+06 3.16968e+06 3.20005e+06 3.19758e+06
3.18414e+06 3.18717e+06 3.23411e+06 3.1376e+06
3.19245e+06 3.22879e+06 3.13247e+06 3.22707e+06
3.20157e+06 3.26388e+06 3.12776e+06 3.21373e+06
3.20194e+06 3.20019e+06 3.1424e+06 3.1977e+06
3.20419e+06 3.20088e+06 3.20314e+06 3.13715e+06
3.25246e+06 3.22502e+06 3.16545e+06 3.12897e+06
3.2655e+06 3.12125e+06 3.17383e+06 3.19188e+06
3.113e+06 3.32653e+06 3.28426e+06 3.19901e+06
3.15336e+06 3.17089e+06 3.23421e+06 3.22312e+06
3.15733e+06 3.26266e+06 3.1914e+06 3.18257e+06
3.15942e+06 3.2476e+06 3.11194e+06 3.2226e+06
3.16013e+06 3.25541e+06 3.29734e+06 3.12081e+06
3.19773e+06 3.20781e+06 3.14931e+06 3.18791e+06
3.20443e+06 3.20404e+06 3.19924e+06 3.15017e+06
3.20885e+06 3.1277e+06 3.21946e+06 3.18143e+06
3.22195e+06 3.21139e+06 3.12766e+06 3.23523e+06
3.22794e+06 3.24334e+06 3.15438e+06 3.12392e+06
3.23371e+06 3.2182e+06 3.19796e+06 3.07376e+06
3.23825e+06 3.1836e+06 3.1808e+06 3.09234e+06
3.24492e+06 3.17596e+06 3.22795e+06 3.14749e+06
3.24894e+06 3.13723e+06 3.2289e+06 3.1731e+06
3.26988e+06 3.24775e+06 3.23925e+06 3.0595e+06
3.29166e+06 3.20513e+06 3.13214e+06 3.17613e+06
3.13629e+06 3.15189e+06 3.25501e+06 3.13892e+06
3.17156e+06 3.21031e+06 3.18187e+06 3.12192e+06
3.17752e+06 3.20101e+06 3.1935e+06 3.18767e+06
3.17989e+06 3.1837e+06 3.16761e+06 3.1976e+06
3.18735e+06 3.21294e+06 3.16652e+06 3.18353e+06
3.19792e+06 3.13168e+06 3.28161e+06 3.16708e+06
3.19852e+06 3.15602e+06 3.19383e+06 3.20204e+06
3.21232e+06 3.17778e+06 3.19077e+06 3.18194e+06
3.21403e+06 3.14832e+06 3.20304e+06 3.20415e+06
3.22622e+06 3.15002e+06 3.22513e+06 3.16814e+06
3.23071e+06 3.24757e+06 3.13934e+06 3.17047e+06
3.23337e+06 3.25183e+06 3.15014e+06 3.15797e+06
3.24766e+06 3.21429e+06 3.17944e+06 3.14024e+06
3.25957e+06 3.21249e+06 3.12715e+06 3.17545e+06
3.26214e+06 3.18834e+06 3.14326e+06 3.11804e+06
3.27963e+06 3.14795e+06 3.2091e+06 3.1789e+06
3.29981e+06 3.22422e+06 3.10513e+06 3.16491e+06
3.13278e+06 3.21367e+06 3.22947e+06 3.23129e+06
3.13465e+06 3.23069e+06 3.18851e+06 3.22679e+06
3.13556e+06 3.20523e+06 3.26997e+06 3.20777e+06
3.13946e+06 3.26553e+06 3.19194e+06 3.19694e+06
3.1463e+06 3.20601e+06 3.23461e+06 3.15734e+06
3.14668e+06 3.21779e+06 3.21438e+06 3.15391e+06
3.18312e+06 3.18766e+06 3.20485e+06 3.14119e+06
3.18326e+06 3.23204e+06 3.16861e+06 3.14873e+06
3.18423e+06 3.17908e+06 3.1883e+06 3.15326e+06
3.19607e+06 3.2073e+06 3.15063e+06 3.18578e+06
3.2036e+06 3.17165e+06 3.19756e+06 3.15627e+06
3.22067e+06 3.18086e+06 3.24829e+06 3.13122e+06
3.23204e+06 3.21184e+06 3.18055e+06 3.15413e+06
3.23343e+06 3.15992e+06 3.18773e+06 3.18736e+06
3.24139e+06 3.18558e+06 3.16442e+06 3.18693e+06
3.26141e+06 3.20288e+06 3.16363e+06 3.17155e+06
3.30592e+06 3.2213e+06 3.10271e+06 3.16166e+06
3.13522e+06 3.28648e+06 3.14586e+06 3.2435e+06
3.14061e+06 3.24222e+06 3.27205e+06 3.1258e+06
3.15238e+06 3.14604e+06 3.18904e+06 3.22872e+06
3.16012e+06 3.22096e+06 3.16692e+06 3.27299e+06
3.16135e+06 3.19923e+06 3.2066e+06 3.1769e+06
3.16151e+06 3.22116e+06 3.12483e+06 3.23621e+06
3.16388e+06 3.18061e+06 3.22036e+06 3.19823e+06
3.17338e+06 3.18926e+06 3.16959e+06 3.19542e+06
3.1862e+06 3.24713e+06 3.11777e+06 3.2192e+06
3.19081e+06 3.13978e+06 3.18371e+06 3.22004e+06
3.19615e+06 3.20954e+06 3.17651e+06 3.17026e+06
3.19637e+06 3.17844e+06 3.21473e+06 3.16475e+06
3.19702e+06 3.20178e+06 3.18541e+06 3.18412e+06
3.19826e+06 3.15801e+06 3.23478e+06 3.17206e+06
3.19868e+06 3.24696e+06 3.15565e+06 3.14168e+06
3.20841e+06 3.19136e+06 3.18318e+06 3.17012e+06
3.21417e+06 3.18591e+06 3.26858e+06 3.13587e+06
3.22345e+06 3.19678e+06 3.16593e+06 3.18144e+06
3.22509e+06 3.17152e+06 3.19012e+06 3.19083e+06
3.23554e+06 3.2554e+06 3.15239e+06 3.13752e+06
3.27431e+06 3.14551e+06 3.25645e+06 3.16766e+06
3.30363e+06 3.21102e+06 3.10355e+06 3.17991e+06
3.12363e+06 3.28499e+06 3.20618e+06 3.22815e+06
3.15376e+06 3.25386e+06 3.13595e+06 3.22306e+06
3.16022e+06 3.19069e+06 3.16154e+06 3.22192e+06
3.16235e+06 3.18034e+06 3.16874e+06 3.26233e+06
3.16256e+06 3.21481e+06 3.14192e+06 3.163e+06
3.16688e+06 3.22553e+06 3.21402e+06 3.15525e+06
3.16734e+06 3.17967e+06 3.21474e+06 3.19108e+06
3.18114e+06 3.14671e+06 3.19926e+06 3.21236e+06
3.18473e+06 3.24356e+06 3.11268e+06 3.22399e+06
3.18883e+06 3.21073e+06 3.15797e+06 3.17725e+06
3.1908e+06 3.24124e+06 3.1264e+06 3.22293e+06
3.19147e+06 3.27184e+06 3.18959e+06 3.10979e+06
3.19266e+06 3.13794e+06 3.28501e+06 3.1666e+06
3.19795e+06 3.20343e+06 3.12963e+06 3.27219e+06
3.19933e+06 3.20879e+06 3.18646e+06 3.1828e+06
3.20268e+06 3.20452e+06 3.14181e+06 3.17971e+06
3.22574e+06 3.17725e+06 3.18196e+06 3.10829e+06
3.22682e+06 3.17332e+06 3.1865e+06 3.17936e+06
3.23037e+06 3.24147e+06 3.1322e+06 3.21932e+06
3.23231e+06 3.16007e+06 3.18395e+06 3.19006e+06
3.23832e+06 3.21342e+06 3.15665e+06 3.16751e+06
3.2531e+06 3.22307e+06 3.12493e+06 3.18214e+06
3.26147e+06 3.15297e+06 3.19978e+06 3.18583e+06
3.12327e+06 3.23309e+06 3.20693e+06 3.27682e+06
3.143e+06 3.20428e+06 3.19383e+06 3.20015e+06
3.14674e+06 3.226e+06 3.19131e+06 3.19009e+06
3.15013e+06 3.18209e+06 3.21459e+06 3.23374e+06
3.1502e+06 3.23542e+06 3.18985e+06 3.21827e+06
3.15222e+06 3.2786e+06 3.23769e+06 3.14442e+06
3.1533e+06 3.22947e+06 3.26737e+06 3.13481e+06
3.15432e+06 3.20625e+06 3.19602e+06 3.16388e+06
3.15562e+06 3.19917e+06 3.2143e+06 3.17366e+06
3.15861e+06 3.20308e+06 3.20772e+06 3.19203e+06
3.16932e+06 3.21987e+06 3.16968e+06 3.15155e+06
3.18538e+06 3.25943e+06 3.12982e+06 3.1942e+06
3.18848e+06 3.24193e+06 3.12357e+06 3.22295e+06
3.19319e+06 3.15992e+06 3.22768e+06 3.18532e+06
3.19408e+06 3.20424e+06 3.1457e+06 3.20986e+06
3.20806e+06 3.14604e+06 3.20924e+06 3.17936e+06
3.21095e+06 3.21954e+06 3.15537e+06 3.13051e+06
3.21471e+06 3.1843e+06 3.17726e+06 3.17015e+06
3.21974e+06 3.2768e+06 3.1761e+06 3.09927e+06
3.22381e+06 3.13549e+06 3.21859e+06 3.22771e+06
3.23296e+06 3.24542e+06 3.12891e+06 3.16142e+06
3.24121e+06 3.21211e+06 3.15486e+06 3.17286e+06
3.25285e+06 3.14762e+06 3.19268e+06 3.2173e+06
3.2747e+06 3.17932e+06 3.28001e+06 3.10532e+06
3.29942e+06 3.2282e+06 3.10437e+06 3.17029e+06
