663 11.7424
148620 121135 126628
110351 166553 158164
125718 138606 168769
129371 144336 112662
120044 143714 136905
137936 138751 110251
137313 128525 171312
157652 122423 121296
107758 164955 165339
135929 134706 144366
115249 152605 143345
137804 149332 103132
118473 146116 135194
151435 123310 108628
163465 126587 106633
138396 137895 101762
161771 120184 132096
113702 145776 167476
139840 127260 150156
124292 156790 116957
134182 134908 140619
166507 124824 99624
117221 150377 156674
126901 143602 132490
174533 137696 88803
141821 123647 160434
121874 148684 130254
149105 149568 98472
125223 154714 116752
131456 132016 148021
114432 158482 161263
122677 139637 146749
141798 128052 110645
112983 160335 177349
137721 128645 163512
153044 137633 98535
117675 145475 156110
127776 136668 118112
137426 135291 118421
147198 152939 97390
126676 153860 107560
165855 121078 124541
127677 153366 105951
130279 131283 166943
137869 155764 91134
151793 154408 89999
140356 134396 119174
149908 148865 96556
121973 143345 178841
136049 129209 126666
181540 121207 100477
150574 139757 97585
141585 143864 99589
126340 135553 135705
134994 153528 94061
147580 136727 101582
151562 128637 99652
116486 160889 136327
155498 120981 139679
154606 139833 92322
131823 151351 105117
157741 133987 98559
139368 134985 123872
161081 121823 117815
131032 140341 107642
184363 132177 91689
140836 143163 100557
151124 144769 96188
123074 149985 128866
162142 130788 93806
142109 126945 104103
