3258 32.321
122483 78567 108470
90948 88630 91607
102829 82870 94920
99592 82812 95166
120868 78624 107200
95827 83052 89075
94214 89062 89746
92299 88147 100043
100170 91608 82887
92837 90927 83271
95074 88621 89187
94223 90882 85202
93965 83295 94566
101042 90474 82821
95701 86395 88783
90085 88396 98763
91856 92759 88929
93352 85460 93837
91797 102013 89357
93871 86049 90726
95661 87735 89204
92309 93629 86986
97963 81760 99589
98051 83847 88658
88171 90531 89520
90917 90260 98290
92347 86940 95691
94750 87020 90211
94362 87529 90127
96031 93350 82125
92429 86016 96478
95971 86943 88406
97781 85310 85376
105551 85016 88347
103095 81103 89142
94346 85988 91671
95411 82954 100137
102750 80048 97001
98682 81944 97318
102065 87604 84972
94597 88763 86204
97061 87571 88251
103035 92333 82235
92764 88235 94738
92043 88336 92809
93196 90239 86074
95077 85797 90182
101512 81737 101951
94588 86616 90389
93416 88478 91258
97300 87505 87985
101429 81751 101362
94844 86513 89443
94945 84945 94441
94403 87002 90329
93412 84859 98493
92822 87193 94269
