590 24.3165
596630 555812
553313 632141
583328 579222
605230 549534
603069 551804
562061 619997
617748 543419
532800 683125
585021 572161
544498 643406
556092 629793
548874 642914
581945 581536
586382 569281
610595 545709
532422 685444
541722 666904
596068 557018
564075 614993
587410 569147
550875 639489
552068 638904
634384 532844
538312 678992
602583 555781
539300 671572
603737 550148
617808 537966
572145 608495
552122 635078
594249 565179
557867 623327
568720 609702
586181 569491
531992 695579
581553 605244
612508 543582
621771 535521
