2 0.237188
1.56454e+06 1.54717e+06 1.64738e+06
1.58379e+06 1.58633e+06 1.58424e+06
1.58465e+06 1.58844e+06 1.57862e+06
1.59208e+06 1.56802e+06 1.59264e+06
1.56563e+06 1.57102e+06 1.60145e+06
1.5739e+06 1.59203e+06 1.58195e+06
1.58489e+06 1.56845e+06 1.57853e+06
1.59327e+06 1.55691e+06 1.60287e+06
1.59837e+06 1.63669e+06 1.56416e+06
1.60674e+06 1.62632e+06 1.56662e+06
1.60745e+06 1.6089e+06 1.57257e+06
1.61899e+06 1.55188e+06 1.57148e+06
1.62226e+06 1.60691e+06 1.5562e+06
1.62404e+06 1.56729e+06 1.57046e+06
1.64389e+06 1.56852e+06 1.56286e+06
1.64551e+06 1.50884e+06 1.63011e+06
1.56743e+06 1.56174e+06 1.60061e+06
1.58353e+06 1.53819e+06 1.60694e+06
1.58702e+06 1.58392e+06 1.57382e+06
1.59848e+06 1.56766e+06 1.59856e+06
1.60656e+06 1.55678e+06 1.59071e+06
1.60978e+06 1.51841e+06 1.57846e+06
1.61616e+06 1.61016e+06 1.55327e+06
1.63112e+06 1.57533e+06 1.5614e+06
1.63414e+06 1.61902e+06 1.54824e+06
1.63656e+06 1.54365e+06 1.57544e+06
1.65974e+06 1.56192e+06 1.56936e+06
