187 8.80523
766665 787368 801115 797483
772769 787928 765212 834740
768866 777644 804461 793810
769169 822845 789291 781324
807074 811825 736049 834063
780750 825942 821617 758405
821550 760364 782746 770674
764037 815613 781630 801632
792585 781306 753936 813203
776594 821629 791776 777425
793950 793089 765023 782899
775947 815760 805908 761017
751639 797898 825028 821441
774244 799210 826899 774765
751801 789432 808018 818825
795635 742035 792321 824976
820234 758254 817697 775973
776155 784470 782390 799653
777998 778436 822207 769482
799180 812349 795832 753259
797728 761658 812988 790113
815849 786787 738265 763692
757826 766094 805519 798317
764856 780483 770987 802252
809583 745544 793880 800803
848474 775808 783513 746366
800738 764098 808421 783377
800371 770464 744825 831348
807558 831550 749548 782284
794380 761734 781419 842005
800247 777826 771062 776497
851781 750189 790242 791951
750428 803229 800743 771859
766309 792784 758670 805951
834623 787665 769347 762642
792605 762832 846675 787841
793592 762639 845122 787133
773480 795701 808456 783715
776911 788948 815276 764758
798777 761823 819927 784169
788247 811347 781440 771485
833745 759589 789802 774326
764959 817272 793737 800585
801912 740845 810580 830734
816234 821671 725880 815381
789052 791281 756194 824352
764384 796569 821052 795602
763884 803628 776127 802258
753669 785582 777613 808040
754934 781983 793291 826071
780566 759540 787121 792771
791165 821935 757060 800919
803227 762830 812394 792020
776635 755613 822884 817789
776465 787409 788813 792182
813180 813719 753845 769874
783998 770368 778981 792457
787167 789912 743001 831059
793707 765473 764752 854021
802464 757957 778379 821831
782024 798163 792286 767250
784055 780828 767438 797855
826067 755198 752298 797168
803028 790833 767945 749664
848272 753203 766570 804070
770791 791841 782541 791410
778092 778562 778249 807799
774621 783457 822633 781044
787839 773615 792237 761791
795402 761276 770082 827420
786739 745138 786021 811436
818536 759730 775817 777748
777951 783030 825621 782942
797211 764016 822046 782632
798807 786841 752299 770258
821971 778887 808689 751795
822720 779078 807728 748420
783168 826943 752765 805560
801668 781341 745676 807536
800177 774491 756062 780313
809574 761775 783075 792922
768483 770904 797550 801753
802221 764269 786416 787230
794422 750426 757700 850312
836027 735732 781288 816228
797442 765299 795580 781721
767964 786182 793384 797211
778268 771096 774274 774901
793515 754723 824154 803613
793884 801655 760196 765693
795454 763526 770609 814278
809864 778153 766027 764561
771153 773150 796926 837048
775062 791846 786520 780225
782461 764560 770122 811347
827325 767938 765618 781670
770154 810077 792915 789411
785508 791816 770833 788599
837960 756487 778614 783284
779457 790654 808211 770764
782958 763855 782410 790358
808683 761231 781786 794758
777684 775102 787943 807598
782256 756035 801932 811682
787951 793030 756704 825173
831586 747018 793983 775392
778198 803366 753386 816581
763833 787894 803124 796244
778675 777075 763434 837647
789304 785889 758152 812401
803640 766355 746555 819487
766705 780238 820201 784934
793939 780503 764380 797687
794602 793065 764886 796753
798377 775567 758995 824946
775045 792688 768214 797790
801627 769972 754494 798138
804410 800640 747482 801152
804586 768798 772236 777564
768959 774469 786369 824149
796459 784869 762966 794895
818937 756334 796514 784334
843091 746010 783586 796822
807128 745005 790721 801480
813210 747347 768650 821595
772405 761341 833548 802828
788928 765340 773081 756673
801743 747553 782870 798150
803378 747936 796465 793322
790555 806871 750413 807453
821079 764776 770398 786340
833557 759604 777377 786091
838740 769991 732508 794523
838890 770110 735784 793825
778863 792430 765445 787268
808709 764487 746605 791026
787461 802515 792170 763085
817444 761791 792576 764395
850193 803981 764015 763407
792648 757146 816058 807615
757629 775871 809534 804755
777733 747090 782558 813107
805188 762522 785895 786469
796013 741586 801689 799566
768185 778024 801389 820042
807984 739710 782116 819222
810859 764934 745175 788230
770561 800164 758580 780791
781129 790180 770846 786317
794653 786342 771598 796891
827134 782700 776120 755692
838554 742332 766868 800036
779212 771962 754729 832469
796916 753608 784609 798280
772881 799368 763373 778215
800234 803451 739916 809355
765581 785282 799807 800776
768313 809208 794991 784552
811408 736039 810634 799134
779661 769211 798960 801083
784090 766112 759519 799136
807874 742975 797914 808488
828260 744599 774476 807625
797790 769401 764152 780937
815457 754044 769661 793876
767156 765131 804536 784166
805340 757452 755284 796049
852583 756093 769985 777320
804126 751450 739566 814506
798722 758506 770309 803717
827466 748186 792044 784836
796199 755365 783957 808370
816086 749156 769291 817803
827524 759881 770005 778362
829714 739399 789280 833628
776404 786386 794065 790408
780399 799877 787505 769269
790259 764546 780821 834991
798400 795674 746113 810507
788356 767834 772498 798899
793159 783628 754850 800969
799791 773586 763082 795166
806864 750668 784863 785511
