7472 1683.06
85669 117484
81627 130835
81633 130811
80874 133145
92973 103584
92746 104148
92936 103778
92783 103954
89361 110335
80854 133271
81761 130620
81006 132387
80986 132513
80899 132860
80837 133339
92646 104397
80936 132666
80804 133424
80755 133733
80784 133550
80879 132986
80176 138409
89675 110145
89587 110225
89273 110415
89908 110046
81004 132507
89996 109966
80324 137006
80969 132581
80623 134312
80718 133927
80447 136164
80326 136886
88174 111582
86649 114382
80735 133859
80516 134785
80747 133744
80499 135064
80202 137638
112565 89346
88086 111662
84467 118731
87506 112236
87765 111841
112415 89394
80862 133265
87853 111761
80219 137359
87001 113078
89780 110103
89459 110282
87260 112683
112348 89406
80193 138160
80251 137131
86854 113425
87577 111996
86766 113505
89145 110472
87318 112391
86954 113350
84956 118411
92888 103909
87665 111916
87986 111737
81229 131536
81387 131092
87305 112606
80586 134506
90258 109684
81264 131372
87406 112311
80289 137080
90474 109547
90707 109448
112745 89126
81033 132273
95125 101413
88817 110609
90795 109368
95020 101458
80458 135814
89139 110479
81192 131730
117670 86906
78488 151662
94833 101580
95021 101425
88631 110913
88558 111004
90386 109627
88372 111308
87271 112663
80421 136322
80383 136373
81069 132010
90427 109622
80580 134530
94795 101617
78365 152971
90748 109443
88947 110569
81350 131286
112693 89271
89949 110041
81106 131816
88528 111036
90579 109505
86726 114173
94916 101470
80617 134336
82623 123589
80257 137107
82357 124877
82608 123784
92619 104465
82906 122717
82752 123298
82602 123808
99815 94923
81385 131212
88714 110732
82342 125072
82351 124901
82921 122522
99203 95137
83769 120294
90113 109812
90160 109737
88269 111431
101660 93735
101604 93818
80351 136601
81049 132136
82336 125096
88455 111127
102369 93559
83223 122030
80648 134027
82746 123322
83596 120820
82900 122741
84016 119685
82915 122546
83238 121835
79456 141944
84333 118998
95138 101380
78427 151838
89445 110327
83887 119976
83217 122054
85799 116433
98717 95508
82941 122396
85917 116115
101187 94022
82772 123172
96536 97135
82377 124751
84685 118471
82643 123463
97023 96569
118531 86453
80767 133618
82766 123196
96177 97965
98721 95364
84790 118426
117807 86669
84204 119289
82935 122420
87083 112818
114944 87712
115935 87242
92656 104271
85727 116920
85814 116238
80389 136349
115011 87700
83523 121271
116264 87194
119522 86089
95554 99235
80196 137662
97479 96348
96350 97439
116197 87206
78801 146970
87171 112738
81495 131048
83240 121715
96179 97771
90072 109817
92264 104686
115024 87686
82869 123073
81227 131566
95379 100759
95558 99091
115341 87432
115603 87396
96112 97989
85782 116712
95731 98565
96063 98066
113667 88303
83044 122273
82943 122276
92009 105414
99871 94840
115132 87646
83225 121910
95727 98709
134639 82099
92074 105056
82617 123613
119022 86263
81104 131936
116594 86926
81596 130924
103210 93257
82371 124775
98009 95745
133551 82129
90025 109892
96837 96873
91937 105499
95847 98270
78504 149544
95843 98414
103154 93340
134885 82082
84309 119244
92520 104469
82637 123487
113015 88977
114100 88144
99349 95082
114033 88156
79609 140327
96183 97627
96354 97295
96540 96991
113397 88505
82120 125942
82105 126137
98491 95518
86297 115100
114354 87977
77688 163182
83992 119931
119455 86101
118165 86600
118464 86465
123267 84098
79476 141838
79607 140496
79678 139828
135369 81620
79741 139569
118955 86275
82450 124477
97823 96049
79810 139070
135615 81603
79704 139763
118665 86426
122484 84243
79773 139264
113585 88341
79984 138859
82543 124266
121920 84374
116332 86962
118598 86438
82386 124654
82190 125741
95710 98713
135091 81842
80021 138665
95670 98940
113264 88520
115408 87420
82456 124453
118098 86612
78575 148876
82058 127075
86329 115023
112882 88992
79570 140690
82414 124557
95424 100150
103899 92857
95594 99008
105503 92501
79641 140022
96841 96729
97027 96425
86344 114828
133484 82141
82126 125918
79501 141189
106943 92282
78707 148118
79572 140521
80553 134591
83700 120793
79241 142594
96029 98110
97509 96198
96010 98153
108688 91376
122703 84229
84322 119029
93608 102184
104738 92760
123334 84086
102501 93433
77915 156191
79204 142788
79310 142095
99831 94855
103955 92774
93864 101967
104794 92677
78894 145448
95674 98796
108655 91560
93969 101922
79739 139738
93352 102543
77696 157487
78825 145947
109584 90517
110174 90252
122301 84362
79109 143352
109905 90338
113896 88171
114807 87727
78636 148786
93781 102077
106157 92443
114740 87739
102445 93516
93079 103039
78330 154413
79178 142853
109972 90326
84451 118738
101600 93962
114486 87906
81086 131942
98417 95522
93096 102760
93525 102294
97935 95749
108755 91364
114150 88004
127276 83001
97914 95907
79093 144270
93676 102122
98396 95680
110241 90240
102299 93610
109086 91001
119787 86056
113829 88183
85441 117937
102028 93720
114419 87918
134740 82085
79026 144690
106213 92360
124703 83618
79538 140995
113552 88466
83046 122153
84005 119716
95436 99767
124973 83416
84134 119425
91620 105872
107653 92141
100988 94176
119296 86246
97483 96204
82043 127270
93201 102715
81849 130250
108873 91337
120765 85286
92247 104965
95552 99472
112811 89004
92057 105335
84093 119636
100360 94458
99389 95067
100559 94304
128225 82914
100364 94314
127387 82982
91430 106242
110883 89733
115141 87534
128262 82905
81834 130445
93420 102339
94868 101493
99623 94935
100992 94032
113193 88532
121658 84410
126438 83069
128373 82886
82579 124186
99891 94601
89164 110431
95535 99751
122441 84265
124178 84040
120287 85882
114549 87878
99887 94745
121292 84557
115731 87269
114616 87866
136625 81564
85456 117624
95362 101038
111204 89554
115802 87257
85561 117579
94086 101877
94597 101640
125040 83404
116399 86950
95407 100429
116064 87221
82585 124162
99720 94933
124094 84056
82060 126955
84410 118949
93349 102579
92179 105011
93266 102689
121083 84771
91535 106197
110293 89998
113160 88716
127973 82917
82877 122929
88220 111554
94492 101685
109371 90853
110260 90182
93161 102734
82157 125748
82227 125547
91725 105827
94409 101795
92369 104641
128643 82794
95198 101266
108484 91585
127454 82970
77765 156988
120220 85894
85104 117939
110522 89941
110614 89819
128710 82782
120816 84999
94304 101840
109404 90669
108982 91101
114820 87713
124448 83838
84999 117984
111112 89676
86559 114408
94559 101657
97655 96143
120458 85404
129417 82650
83518 121461
125477 83235
129350 82662
108906 91153
124356 84020
91876 105655
86471 114488
82871 122953
91298 106345
108479 91590
130188 82594
103246 92950
91108 106715
120720 85368
94454 101702
115208 87522
90990 107247
119729 86084
109795 90482
120384 85687
126315 83167
93417 102517
99119 95236
84431 118864
108446 91774
114217 87992
92990 103365
90806 108226
130255 82582
90924 107694
77984 155692
85946 115127
110843 89762
111715 89482
105339 92638
105395 92555
81855 128054
86659 114333
132657 82266
