2847 53.5583
121964 122818 120221
118543 124979 123927
134769 108926 123778
121554 112352 134877
122759 120579 126052
102274 166511 117955
119779 118611 128527
117657 127164 119164
101867 125187 130054
99787 148777 121709
108512 122524 133016
117927 125122 124987
130074 115041 124606
114240 112271 158479
109819 122361 135929
132227 162713 96549
97352 127173 177228
146703 147599 92666
129240 106536 136804
104438 158154 113016
125480 139546 100131
138752 137337 101338
146335 96912 131130
117636 114837 139566
106519 123408 145055
114098 130954 118193
128168 138986 102644
105676 142790 117307
95913 128563 151018
90951 182537 148071
144790 98382 140526
128588 150321 99440
116904 146920 105529
104184 122782 146067
111406 116797 129653
152433 105135 120568
88677 151997 148615
150154 95032 153434
135969 108255 126273
115449 123962 125944
98636 143532 133566
99015 138084 132624
116601 176113 100581
128612 122008 121914
154822 99839 117673
105234 148845 117062
130990 133476 104064
101177 128247 147383
121622 127606 118703
130277 145956 97004
118567 112547 152492
99947 141094 131877
123220 128664 110093
97022 148338 126572
116634 135249 117395
93242 144171 133345
140400 101511 143688
130869 117218 105189
106816 132268 127565
97144 145925 130924
107153 149872 108528
142273 102289 125877
113690 122676 128877
114963 114611 156164
140351 106388 130455
99325 144873 128291
114505 149483 102860
144525 152980 91154
102462 166150 118552
132661 111760 132321
121393 125550 123062
159939 144428 89733
130340 128662 112847
132151 101638 132880
164220 131738 93243
121348 159694 100714
153567 130264 96296
96507 141669 135818
106419 131936 128115
148290 157302 90662
124139 114940 127542
118265 111488 154138
139350 147880 91957
132806 109452 122826
119137 113535 141238
130203 118441 122001
144377 129247 101757
144749 100943 132553
148650 96556 136479
94217 156800 127345
148250 140673 91952
101207 147692 126929
142187 131281 97028
121407 143473 103792
139188 133366 103105
110437 126901 120534
100410 128261 145585
126985 117753 122179
158159 142828 89968
116608 135799 113321
107933 119659 136384
127675 124826 118267
96544 140279 138294
135526 133135 105058
115933 119596 128609
175610 106451 115284
125406 106615 132600
103874 126994 129323
132105 115073 123330
140193 129932 102042
147751 120490 100904
148512 125991 97316
139407 132883 100325
98144 139093 147094
133114 141678 93797
120186 142102 105327
126330 111883 125549
158668 137602 92637
135428 106869 128592
99533 132140 138371
89750 151742 153831
101216 132471 118983
100052 136804 132355
109719 115308 136599
119136 142329 104030
123472 132014 106187
122388 125624 119271
154928 138633 94220
126410 154462 98468
105736 148704 115432
145459 107048 118734
129985 139963 99487
123417 167950 93755
110617 149722 107877
127775 153925 99081
134982 157633 93631
120576 140840 104077
127239 103500 144060
149243 146816 91922
129608 137442 102271
103597 156716 118972
116349 114211 155536
107556 138242 116626
107444 140646 118968
139887 137632 98275
141619 137313 99647
159070 119340 99622
120484 118198 127189
109291 152959 102951
149728 159754 88678
124960 142843 103860
143258 131261 98895
118991 144549 101446
137377 149997 92485
107922 140106 113012
127790 160767 97691
122628 147157 99614
135605 108408 103580
143905 161022 91927
137512 138263 95516
140693 136977 99899
121072 131843 115081
134496 138781 100396
163986 106909 116594
126951 137298 104912
128781 134046 104184
129411 144375 99215
140358 104860 121006
139049 122904 103304
111062 136036 106685
130873 115744 118819
