9026 2044.46
80314 53463
79890 53793
79770 54297
79776 54121
79847 54017
80035 53529
80376 53441
80459 53199
80800 53111
80416 53423
79992 53753
80612 53148
50575 76011
50635 75998
92022 45748
80188 53478
82095 51984
81935 52475
82423 51512
82072 52003
82400 51531
81912 52494
82029 52227
82357 51755
93791 45099
82126 51904
81966 52395
82454 51432
95259 44820
94766 44931
48772 78759
48861 78483
48537 79259
49366 77627
48801 78496
48712 78772
49277 77903
48686 78970
48597 79246
49129 78126
49217 77916
50775 75812
48626 78983
49053 78391
49306 77640
49634 77270
50835 75799
50246 76217
50186 76230
50046 76416
91448 46010
49986 76429
82653 51277
83349 50821
82972 51118
49189 78113
49040 78402
93217 45361
92799 45577
49694 77257
82192 51868
83497 50791
97014 44328
83120 51088
49100 78389
82939 51145
91030 46226
96039 44496
95928 44571
49481 77285
49541 77272
92459 45655
93373 45315
82052 52208
95621 44712
82380 51736
94228 45006
96365 44478
96476 44403
111952 42354
83122 51040
75744 56174
75408 56231
48303 79605
112030 42274
48214 79881
75662 56182
112467 42181
75490 56223
75788 56142
48363 79592
75870 56134
73577 57140
75103 56383
90514 46593
75021 56391
74958 56425
76139 56069
90361 46644
75240 56358
75275 56342
90779 46428
76208 56029
75345 56265
90668 46503
75954 56078
76036 56070
49957 76692
83923 50559
76173 56045
76341 55918
76278 55952
49897 76705
107073 42811
83227 51015
113375 42130
84640 50113
76423 55910
75891 56112
83372 50802
83145 51021
95502 44736
83719 50759
95391 44811
49765 77141
83946 50540
108481 42675
81285 52824
108918 42582
97340 44310
81518 52650
81859 52562
97451 44235
80944 52912
83520 50772
95887 44629
83293 50991
83918 50719
91295 46061
100853 43594
99800 43842
75338 56336
100111 43710
93064 45412
84094 50510
75725 56176
101086 43542
91869 45799
101677 43437
74935 56510
99878 43762
100702 43605
74853 56518
101910 43385
93638 45150
106165 42862
83770 50749
74790 56552
73659 57132
48468 79587
110328 42416
83270 51010
99441 43855
109891 42509
96435 44461
95998 44554
84413 50332
100265 43698
47066 81860
47126 81847
78022 55351
77999 55383
96973 44386
73910 56912
74297 56752
46977 82136
47037 82123
48473 79560
73973 56878
47401 81049
73805 57005
101240 43530
73742 57039
74360 56718
82318 51832
78104 55343
82676 51258
100416 43687
47461 81036
107573 42726
79582 54303
87351 48142
92953 45487
47372 81312
47312 81325
105156 42912
100624 43685
49705 77154
81785 52646
99153 43966
114577 41968
79499 54545
113812 42037
77768 55400
77850 55392
92306 45706
98178 44134
95465 44758
47137 81812
77745 55432
77717 55503
84071 50529
77358 55592
93527 45225
47226 81536
79158 54633
47286 81523
47789 80666
77600 55527
77635 55511
77463 55552
47640 80955
47729 80679
94075 45057
77381 55560
83844 50748
88504 47427
87930 47689
79013 54897
47700 80942
48295 79671
87445 47976
93496 45305
79437 54567
103908 43031
105078 42992
103084 43188
64289 62774
88484 47544
74227 56829
89913 47170
47197 81799
88217 47548
62484 64225
87732 47835
94613 44982
74290 56823
64266 62793
63780 63125
63757 63144
70983 57910
74740 56629
77089 55664
88781 47416
56243 71141
78207 55342
76702 55824
76835 55713
92922 45567
76812 55745
88207 47678
95203 44838
106595 42846
95050 44889
74677 56663
77171 55656
70486 58347
90846 46357
74192 56845
91727 45954
70792 58111
81981 52312
88494 47537
70794 58048
70295 58548
82215 51849
77953 55391
77566 55551
71039 57901
88791 47286
76530 55865
76917 55705
64795 62645
76425 55905
115218 41809
62605 64180
89228 47193
89068 47275
50760 75968
53779 72368
65475 62283
89986 46899
111228 42404
77066 55696
92646 45628
49471 77622
76784 55816
65382 62454
70297 58485
53719 72381
76448 55873
70603 58249
70106 58686
65698 62190
70850 58039
101580 43493
47966 80180
97354 44268
48294 79810
71426 57741
72407 57460
47906 80193
76667 55840
71237 57879
72351 57469
59436 66369
48106 79994
47877 80456
48234 79823
97791 44175
58737 66989
41354 111935
58726 67096
48107 79934
59077 66887
71181 57888
58292 67736
58892 66988
58281 67843
78892 55185
59108 66739
59591 66368
64163 62840
46135 84049
67393 60397
70659 58240
64070 63011
41226 112497
46224 83773
67146 60607
79115 54857
79539 54527
66553 61223
46303 83730
46332 83467
46243 83743
46195 84036
55810 71179
71370 57750
89495 47189
70162 58677
41737 109728
98357 44086
78970 55121
66497 61232
46392 83454
41418 111698
53668 72552
67582 60259
70353 58476
55254 71256
74614 56669
83867 50729
57964 68106
45925 85005
41400 111749
57612 68570
41473 111549
57940 68200
58137 67966
41299 112297
55194 71269
58409 67359
58564 67358
55687 71218
41646 110566
57906 68477
55627 71231
59425 66476
53810 72330
41144 112891
41016 113453
41655 110122
47817 80469
40963 113901
58398 67466
66620 61189
49676 77260
45686 86141
90139 46848
45896 85185
112409 42189
66676 61180
54049 71985
69831 58849
58126 68073
52757 72871
66709 61046
41216 112645
46033 84699
52817 72858
53608 72565
45456 87503
57601 68677
66686 61094
58351 67730
53882 72155
57929 68307
71967 57585
53287 72591
62775 63849
53227 72604
67335 60469
86307 48603
102414 43333
54150 71798
73195 57260
73635 57135
57154 69287
57165 69180
84282 50341
71911 57594
56893 69787
59097 66846
41527 110684
89501 47186
56882 69894
63103 63479
54680 71518
64970 62509
54210 71785
98497 43975
49111 78129
56686 70706
66900 60845
46507 82980
71778 57723
65116 62496
63509 63175
40766 117496
67089 60707
86792 48316
85114 49736
57029 69762
85341 49517
54620 71531
54583 71760
46399 83286
41272 112311
50374 76046
49022 78405
67337 60406
51816 74130
51876 74117
72677 57290
51548 74487
55113 71480
50314 76059
41390 111897
46418 83256
91604 45964
41728 109922
57493 68810
72488 57428
67526 60268
46310 83562
51488 74500
57092 69380
72544 57419
60177 65621
47571 81004
64950 62637
60022 65622
55053 71493
72100 57484
63092 63586
86744 48510
56384 70917
64186 62821
62764 63956
86705 48550
57767 68569
63498 63282
51459 74763
78810 55193
51399 74776
57320 69179
56949 69778
90877 46277
66249 61533
60011 65729
66305 61524
45420 87719
40588 122534
40915 114713
59246 66638
86186 48862
40800 116466
71722 57732
40843 116166
43501 102536
40718 118308
40665 118756
59401 66637
103238 43176
40853 116018
41134 113039
51125 75299
51727 74406
66060 61671
40862 115161
57048 69557
86457 48590
41091 113339
43455 102722
45697 85720
51036 75575
52984 72688
46753 82445
46842 82169
57482 68917
59694 65992
64152 62947
52716 73045
60362 65520
57037 69664
44966 89961
53044 72675
59683 66099
52656 73058
59849 65991
45047 89638
47631 80991
46667 82656
73384 57150
62999 63757
51185 75286
66898 60908
73251 57251
45109 89234
60428 65312
44904 90365
66765 61037
107633 42694
41344 112083
51345 75227
51364 75205
63849 63073
115187 41821
42680 104651
73152 57269
59417 66636
87069 48305
64526 62719
44839 91694
40641 122086
42819 104057
51096 75562
42952 103844
85433 49321
49809 76915
82341 51813
87366 48054
62671 64127
40728 118160
42730 104333
44644 92311
99362 43905
57420 69010
63443 63377
49869 76902
45150 88902
102841 43243
56720 69927
57539 68770
56573 70732
43856 101871
85710 49310
45293 88175
42892 103857
46902 82156
43945 101595
43263 103116
46567 82967
42242 107220
45088 89306
43396 102903
67202 60598
44689 92214
46813 82432
42478 105118
40557 123973
46478 83243
66372 61427
45008 89771
45277 88276
45523 86813
42582 104743
86099 48940
45822 85581
82855 51148
42071 107512
44494 92831
45339 87872
118753 41690
45612 86537
45389 87766
45972 84721
68599 58980
42204 107299
42401 105262
52063 73469
45049 89439
52391 73099
42262 105856
82707 51178
42030 107835
84509 50122
44556 92427
121432 41632
42994 103570
117521 41704
41967 107887
41751 108625
67690 60116
42312 105538
45870 85371
45638 86300
41890 108031
44265 94628
45161 88481
115278 41777
45488 87160
51921 74089
66183 61565
84964 49814
60417 65419
64503 62738
52123 73456
46080 84415
51787 74393
52034 73732
41801 108307
44360 93602
46578 82932
84737 50033
40598 122386
45762 85677
44327 94224
108978 42550
56776 69918
78896 55172
85918 49034
48476 79503
43127 103357
52362 73362
53822 72168
113872 42005
45461 87217
44413 93154
56629 70723
69411 58911
44706 91907
68373 59405
44236 94662
42144 107312
90338 46663
44853 91373
52302 73375
52451 73086
45578 86736
43676 102049
44183 95110
84885 50003
51974 73745
78560 55229
92924 45547
41762 108593
93498 45285
67975 59458
45851 85401
44117 99294
46061 84445
67755 59564
61047 64566
67752 59799
44871 90987
78642 55221
61036 64673
61621 64304
68543 58989
44137 97771
60719 64936
69355 58920
108541 42643
106862 42838
44890 90848
61528 64475
60954 64737
63405 63453
45426 87564
107299 42745
112193 42200
