596 15.0301
158528 102940 123204 134213
144680 142725 112312 91600
140786 139235 83961 112398
137005 157560 108945 94775
124455 130176 96941 147994
121988 100568 115920 143220
114388 120835 132033 116308
105685 119467 112960 123483
150643 147369 91209 100772
115789 106778 130173 133909
150155 140288 118065 93069
141619 134471 86699 111988
117028 101898 110432 135956
106091 116077 124419 137396
129687 154340 106344 99699
138457 102331 127404 131930
143038 152968 93714 100342
138758 144121 84974 106985
126360 107642 108997 141591
119850 136348 128720 105412
123023 120531 102395 139997
142775 156230 107574 95673
121685 111134 107076 138584
118098 148627 107289 116630
116872 107355 126706 133811
121392 103502 117978 134995
110927 116081 110381 138043
149061 151487 102914 94629
129388 117736 128288 109015
130841 156526 100662 99511
108714 115002 125790 130865
139149 129184 119010 93881
147489 123853 93406 111815
107949 123146 109880 120943
130179 105129 117204 134504
139739 139796 87651 109265
147934 142677 109509 94199
109338 124014 106196 120912
113865 118410 124070 117990
146121 128379 101470 104850
148929 150650 98330 97267
107502 130492 109678 124957
133706 149816 97172 98888
128380 141340 115426 98363
146736 138022 92040 99585
129988 150130 105333 95771
140927 136254 84772 113905
119951 126449 121940 107035
107000 124830 110184 127847
133106 132793 92827 113670
146930 131815 110379 97393
106636 116708 111920 122710
124486 112088 105846 129816
148222 135228 96592 101386
118517 109112 107553 130579
145959 123421 94512 109530
132490 113091 105679 132631
115000 125425 113496 119454
136102 148282 99339 96630
116671 115529 108596 131658
123712 119924 100711 128960
116384 115882 107338 132135
117403 111015 113215 124274
149562 132046 103646 101471
135794 146805 94325 98449
123495 112400 120490 113962
125551 104635 124335 122093
139232 144962 88714 103868
125666 104061 110287 135644
112092 115188 109682 126484
110153 136048 103520 121226
133636 133098 90617 103857
138688 145805 104911 97856
121631 126721 97482 133587
137342 131067 118543 95179
115828 144798 112194 113839
116184 145206 118424 108062
117059 111732 111946 127033
114476 109082 121247 119662
127095 150984 103835 100043
126206 133316 95806 141140
138152 139976 88449 107218
110134 119761 111033 128127
119331 111454 119641 114778
124221 137539 120791 102624
148899 134430 103791 99162
139033 147864 101739 97621
129037 128562 116277 104013
136080 120806 96173 140609
149199 127979 91886 118443
111221 122247 107693 124854
115928 118699 123422 110641
143799 128840 91151 113027
137623 145908 95356 100948
118323 121595 103239 121312
121131 109180 113702 123995
112379 112309 110934 135431
117739 121745 104677 120145
112414 127315 124747 111024
126905 108283 128652 114329
120266 120080 100693 140349
118978 136358 124556 99676
108851 122574 109247 125569
116833 121037 98631 126065
141189 138349 89923 107474
115492 132604 115288 114822
130635 117230 101793 140871
138470 131042 91771 111524
142041 130875 110571 99427
145384 116689 101918 129431
111541 115475 113569 126812
142867 144045 97794 99223
111643 125278 119928 117264
142738 138605 88084 111720
139516 138570 89065 110231
137489 109899 114229 113020
119579 116960 126250 111112
140188 134052 99034 103487
133083 134828 96316 108901
141285 127773 94216 111173
126286 128175 96913 125466
132033 142020 98879 101256
145536 139421 101867 100172
114169 124776 110662 119792
127844 145429 99677 107456
136759 139875 119403 95576
134643 138593 89611 109182
129638 143643 94822 101557
112878 147417 113952 114636
127460 108050 124132 117415
125912 118944 122944 109927
135800 130835 92277 110195
133193 118014 122642 106092
145506 131620 90316 111306
115690 131456 100857 131431
119154 118207 104588 120549
130812 105634 116017 131321
138296 123200 95057 119650
144121 144369 98454 95091
144900 132180 92259 108729
124961 106014 119187 134021
108991 124332 109842 121982
139498 143050 99899 96094
113291 126102 111531 115495
134698 104177 118412 119322
117867 115204 125649 116312
116433 110710 108610 127277
125712 106565 118268 119980
134379 142376 103870 98615
123347 134955 110264 105704
111841 137044 126114 108761
140565 139006 117544 94650
132889 135668 93278 117577
121926 108671 120142 120045
139665 139146 87855 111959
137158 119214 100569 108701
131870 141040 106360 96807
141634 135364 90235 102218
126695 110214 117503 118494
117826 132808 122156 112156
120611 122130 102683 120854
128569 147682 96722 104237
136151 115285 111300 112131
125072 139640 106251 104650
143665 124414 100388 106442
130525 105465 117328 126908
113499 114952 106784 135278
142222 130550 114361 98246
134002 140506 102606 98655
126611 144568 102048 104587
118713 119682 122736 113472
121759 126220 116943 108195
122481 110974 106082 124344
128672 143502 100091 104351
135641 107970 114754 117672
122454 107018 119210 121097
115358 124462 113001 116728
132671 146284 97675 99718
111773 127496 103304 129592
142209 142443 102278 96991
135309 143055 116688 96414
118180 120245 105708 115150
140948 129952 94884 109216
122866 136617 111439 105240
136411 132091 111573 98224
137855 132556 93001 106401
134805 139725 88891 107623
124716 122130 97634 124211
128940 146281 107321 99861
128788 112865 107866 121781
114692 119790 106101 127796
144312 131943 105379 100182
136492 137565 90200 110727
121823 146622 107158 107623
124478 120879 103280 116889
144466 122447 96044 114542
137770 122969 101601 101996
124899 151314 110390 102853
123190 116874 105786 126189
124856 128220 107004 105585
131201 143017 106800 99392
129746 105478 117755 131863
129220 127076 99306 112766
135311 143154 87743 115083
119113 113975 105486 130692
114579 119988 104420 132854
131581 125455 114944 102149
112463 111770 120109 121860
111239 112657 112535 128143
109193 109097 114099 123636
137554 130468 93838 123817
122205 106084 116041 133186
143349 136986 106437 98428
111915 125171 119238 115278
117926 113813 114558 121617
131475 125840 99530 114176
138428 139294 108327 94571
113476 129853 117619 113582
135352 133614 108297 96949
129470 137627 94745 115667
139372 122839 97761 114399
129953 113076 113734 110308
129920 126662 94080 128227
126002 106337 118084 121617
112012 108574 113575 125897
111128 114300 116573 122904
120126 130182 111126 111604
120371 133999 119771 106603
120841 113437 102865 133100
143105 116704 103094 119139
122945 118765 104057 127251
127821 125015 103187 104257
129331 132402 101233 108634
131162 137940 110824 100959
111088 126366 107991 116046
131608 124212 110076 102281
144578 133729 104059 99926
126532 113685 113691 115589
117879 129311 116520 113219
125498 108901 108758 122856
118378 111287 124267 118693
132285 136909 100057 106771
130826 118846 118770 103053
128057 123646 104629 113251
120196 120630 119903 106936
123876 125262 106220 105912
123755 110514 111182 116027
136824 135982 114727 94754
142605 125639 93684 106851
120912 127622 111775 109798
120403 131879 98706 122749
125613 137823 117933 101395
119540 137387 104412 120111
133315 112609 115483 115788
119214 132440 121512 109120
123777 106179 119468 131068
142974 139051 89716 106808
143549 136673 104464 98624
129556 127325 98015 114305
133926 127053 97596 118808
136329 130149 101495 104558
135148 125641 116777 100777
120832 116529 114094 111528
134179 125945 105031 103517
136925 135204 107596 95070
133486 123336 104722 107716
118476 127834 121601 111824
127585 107561 110903 135556
113844 122029 105763 133173
131037 136232 101044 103631
140884 114480 102145 129443
138636 134044 88361 113582
124262 134640 111017 104443
127679 115916 114811 112634
137407 123738 98358 112730
138629 127136 93598 122268
124383 124714 109794 113084
131782 109980 117319 111706
131112 122712 105098 103386
148139 137527 100937 97781
115581 121849 107437 121481
134623 127665 104796 103570
135311 136809 107871 96114
134935 127075 94271 121420
116906 114390 110465 123355
141208 130785 93737 116732
127319 137632 111186 100428
133674 129041 100974 110576
135471 124912 104184 106763
122181 132833 111461 108358
122524 113831 113896 117998
132740 128853 101720 103932
136085 138228 97103 101356
137116 133384 109590 99816
128091 142650 93993 107184
126171 130958 102387 110080
125703 119328 109386 109344
126742 139347 112724 102118
124082 134744 105198 113402
122767 113928 107596 124227
143448 139073 101165 100684
121237 120189 103265 127370
130763 127156 102277 112359
132474 136090 95599 104848
121994 117033 103767 133072
126350 142266 105999 106238
123572 117975 105048 120430
127959 133222 97374 107488
131677 106707 105899 119301
140060 129928 93990 112820
119622 119384 115959 113947
114236 116653 105034 131023
137481 127474 93913 113390
132565 131329 101603 106186
139727 144088 94604 103255
113098 124433 109458 119903
145220 125582 97870 111424
138946 129217 97257 109613
125190 132223 118353 103352
132134 121956 100271 114878
133632 135218 98267 107455
143754 139799 100160 98731
134095 130365 98911 109645
142158 143139 98605 98805
136425 118982 107794 110441
132969 128026 103104 108918
114762 129593 107860 118566
128555 129413 111857 101652
138104 131277 105317 100490
130770 133145 117005 100596
130424 140670 101523 105061
116287 116260 107757 113991
121854 126313 122834 101688
112597 120026 124150 119804
139553 126863 98865 112073
121361 140141 107851 106807
125406 119908 102817 123274
138911 123903 93114 117818
131798 138883 98807 106591
124427 138453 98649 110985
124512 129928 107189 105032
116279 121658 117454 114934
129669 106263 119277 126679
129259 119057 106500 115799
127346 127799 103408 110822
118482 111257 124728 119354
120626 118305 106870 119484
128625 117336 109128 113914
135581 121813 108425 104498
123603 108344 110148 131381
125963 120581 105508 115258
140176 133864 98299 103797
136680 131107 108216 100084
127051 128641 95217 111490
142800 124701 109191 98493
115375 144408 111660 114124
118136 119683 104762 134488
137532 130333 96659 109983
122239 129644 105779 114149
119044 113573 108756 121812
120985 106231 115335 128027
137882 140951 95135 102744
116768 116101 113165 124907
126346 137104 95703 107512
113029 122035 114770 118116
127343 128966 119562 102454
116808 114480 108696 122905
118765 122203 102885 122389
142353 130948 93200 104100
121526 115228 112640 118645
142403 138086 103272 98506
134471 129796 98890 104812
127614 117476 109935 111045
126497 117645 112932 109154
115601 120990 105825 130762
127042 144195 105888 105281
132426 122806 109535 102376
138379 125488 117769 100292
138392 119077 102936 114547
130483 122878 106718 108470
130103 136154 106325 104185
121668 133956 114476 102900
114564 116828 114643 115027
130353 125230 114828 104034
135961 142139 109867 95655
128749 129374 118935 102491
131517 112687 108327 118146
113251 122874 103568 122203
137925 132998 96093 103858
132841 138138 91900 111984
112738 132247 102837 127264
136669 132882 110015 96533
132208 116921 118196 110246
135417 117950 97166 115050
123517 115016 106890 119959
129899 129329 113964 101903
110941 130526 107368 119014
132027 133350 106595 102774
135245 139085 109944 99017
133783 125593 118737 100876
145122 131322 98950 103195
128408 127889 112465 104090
133721 134221 119351 97623
141215 135716 98165 102362
144029 136130 105063 99683
138500 137256 103659 100827
123197 135075 109059 107717
132514 149829 93714 111141
126915 111855 109387 122268
135864 135766 88971 114020
138030 118818 108142 101232
123234 128593 100723 125688
136143 127234 95862 114538
123388 106934 112973 118623
128390 140899 124189 99599
127944 130910 113879 101591
133267 116247 122302 108536
135095 128015 98981 105491
133755 125498 114452 101718
124176 132383 104354 117852
131460 117027 105425 111850
123769 128825 107928 107922
132170 140726 100291 104868
140098 126369 119002 96783
140589 138680 106731 99831
131859 144387 99515 98963
133270 127226 95975 121649
133940 137188 100303 102639
139894 129529 106593 100645
139876 121613 107065 105979
124100 133660 106103 104978
131723 129321 99752 109080
137817 132910 99706 103652
145073 137989 100094 102158
126925 135193 98083 110731
118463 123139 122321 109002
111630 118221 110317 135300
133412 134074 111724 100611
133277 128724 102547 105482
123223 134381 108799 108175
133803 138725 111500 98441
121565 131849 102476 118872
138517 137728 103636 100455
127697 118219 104922 119161
126789 134719 94884 116683
120894 110931 114186 117794
119130 125973 102719 121226
122498 135453 101851 115997
127632 135495 108653 104448
128203 114805 117488 111964
133243 135784 100752 106969
122183 112689 108819 121469
138935 135402 103594 101106
138097 132368 97867 109893
122979 126922 111663 112004
125332 121635 108054 108696
116962 114538 113211 118987
138819 131609 108945 98823
135534 138332 107115 99815
130587 125317 102485 109310
120820 114588 108201 128252
136628 127908 115321 101476
135186 142128 97941 102857
114447 123475 114663 119159
131187 131664 114660 97738
120758 137019 101802 107779
115947 123868 102836 128097
132043 129805 108406 102518
116900 106274 122662 131753
124150 106775 114797 125794
139523 137478 104231 99854
118716 138877 110118 107974
137558 133131 105172 101869
131301 133113 107292 102208
121366 110900 111929 122442
126969 132383 112829 101186
125434 114920 103466 133079
135476 133783 112385 96105
120385 114957 116086 110995
129284 134143 96710 110138
123814 114580 116599 114033
116816 118824 107008 122512
130500 139678 97888 105195
128705 136193 102012 104786
126455 116166 105702 129724
130249 134206 101537 101902
126431 136236 100803 108809
127388 123869 105972 107570
128139 114653 103840 118607
137626 117004 101990 131041
120489 104647 120341 117562
120743 129508 108962 111630
122233 111935 108508 119446
121621 108482 109542 122364
116264 121701 110223 124446
