970 12.7358
187405 134105 116907 142595
177612 153478 104303 171037
175065 155790 101088 155797
169929 181275 148804 89174
166349 110523 138960 131540
131148 138331 188075 106726
120014 161337 161542 129057
158099 114352 146596 132266
184500 136697 103297 148018
141089 179621 159446 99393
127594 153835 181414 108204
136101 155247 186338 100658
180859 154087 101168 163242
139455 172055 123132 125095
165354 164615 157927 91929
167658 151116 106695 167869
138735 169767 149623 99577
149955 131634 119281 166034
148320 139368 127189 169049
137908 165896 170451 97456
179011 129046 114371 152606
120888 162908 156543 122938
141407 153179 179246 97774
182265 143383 105523 159752
166818 158264 104790 152066
139291 151790 178364 98195
133711 149106 173454 106738
171759 130474 110944 159156
122273 163602 153276 118903
125089 165406 142849 116777
141926 138020 175557 104987
152876 138391 176579 94415
148991 132799 115303 160315
170461 141218 154841 93956
134094 168070 173053 99811
173878 130664 142668 121956
170880 133928 127875 133720
144070 151652 167804 95344
179861 146569 105500 140371
156708 146893 171917 96933
173446 137171 109652 141606
159569 130385 115130 153402
148547 158242 155208 93240
124445 150187 149057 115372
123758 166602 170133 110292
172908 126996 122898 144562
169242 135521 111689 133810
148356 139566 124213 164065
140363 165475 164637 98436
159451 140833 112792 135473
129835 153098 151980 112261
162106 136908 122044 123180
144549 142772 116238 157890
138838 159719 130029 112553
124916 149378 160767 113623
147875 155375 109862 162784
123735 156161 154949 126655
147979 152664 119370 124464
159535 133291 108485 146601
128843 141643 163651 124099
169143 128398 120972 146792
143145 162017 123485 108703
158118 135294 117812 154278
126492 163342 129563 140173
137904 164566 164990 99717
168573 133018 127640 136043
144558 159187 126820 111528
129329 151375 162729 102321
158804 144310 110779 148299
147170 143946 167488 102228
124045 163397 152651 117961
157781 168760 135049 96880
158897 122864 159286 124959
127367 157563 142400 115471
148163 144037 118204 129461
155474 150203 158751 94686
146985 148949 166938 97403
168288 157280 104959 162003
160191 155747 107516 155359
122866 149944 172163 114476
125408 147293 169759 135893
149825 140937 119874 120482
158931 146800 109330 149007
127617 164002 124722 117739
143272 163072 150150 94166
141284 164632 132546 101953
143593 131014 175792 121659
164542 134710 135047 106491
145227 155810 105745 158675
134442 155010 133889 120793
147437 141089 124879 148509
141317 161289 162039 98331
127873 144560 141920 116127
160446 141484 108018 131954
149645 148956 113471 136294
123278 154578 158288 111424
165235 155774 106483 150607
131844 153501 125432 123686
163910 151976 106988 156429
134220 131875 158069 141134
155938 153502 105577 162734
161047 149820 141479 96587
128239 167811 154508 101652
120134 160547 159906 114467
142166 159229 120250 135013
163649 147139 107623 158086
143387 139634 169644 101088
146302 161631 125945 110608
154626 137804 112169 156181
151955 150601 162217 96039
133552 169314 142117 107557
122828 149041 158245 123940
156836 139938 116547 147808
133256 150746 142748 101561
134978 153569 136153 117431
154539 156258 118013 125633
129148 149709 138227 118502
155672 135995 119159 160045
155074 140285 120528 150392
157565 156979 108968 136780
128070 157289 147854 111325
125200 166990 160301 111084
149613 167089 106710 140937
156090 125897 127013 147233
165180 133120 119035 140675
125927 154533 172715 110849
150842 132422 125421 149923
146415 160243 119198 124260
132567 153620 137895 118164
142546 146268 123944 145768
179486 132317 114966 144294
144722 145351 166492 103105
135615 143071 146840 106352
132486 145724 133748 122807
132704 167782 135586 112784
161288 151665 134456 102057
140207 149604 168214 100425
147617 141096 125638 128867
125749 148764 151368 120865
123772 149179 132444 122250
141293 146809 121729 151823
143830 125040 153866 137764
156523 155338 150674 95917
124962 160433 152545 111444
163422 134854 113806 136228
131130 142380 165477 112036
132764 163802 157679 102349
158621 154167 117872 126083
156499 139255 111728 161226
145553 150606 145178 97745
168001 140078 151221 100399
135815 134465 159183 118851
154098 160735 116255 133121
130840 149969 160316 109637
143781 136977 168570 105163
146576 144831 150376 99166
133447 169042 163024 101283
135320 149472 137667 118944
129010 140525 173003 114027
139694 135400 128482 137596
144756 146829 127166 127779
136649 140830 151787 107127
179395 137499 119773 130001
150878 162277 121650 108613
128721 149776 153692 113239
128576 149888 165531 106844
159364 141748 146650 100868
146660 143409 166469 102365
136584 146651 131831 146084
161454 134706 123776 120145
156798 134018 119206 152945
131386 138633 153381 144201
144847 152779 126656 126700
156794 132261 130218 126163
151842 135155 124668 143790
153372 129527 155244 115161
152153 139193 120607 157126
150450 139261 122193 145334
134920 152210 130955 133626
138326 143780 160939 103794
160354 140367 113982 110884
146139 134627 127752 151111
166241 133221 119655 135786
156179 135468 124435 144147
164078 155173 141175 93403
162915 130100 144982 108339
166676 137568 112155 146483
148802 139933 127222 127143
137014 138562 138529 118481
146706 147913 117677 141695
136789 144972 132023 159603
145815 147168 154967 98953
133309 135312 141179 128242
149109 127970 134752 151012
157874 153728 115066 130545
138384 146500 160225 104209
155135 132494 125120 158338
143839 157689 122836 129947
154285 125257 156344 121184
153327 133654 161367 105195
136170 149760 131140 121605
143521 162641 145997 93372
152293 137162 124104 136629
139902 146232 150920 102689
135639 154899 139448 112888
126099 152135 150343 114419
152875 164327 129038 100693
163315 124554 123147 156834
125765 157456 154409 111814
159741 131520 130653 132457
125965 149106 143761 122691
137631 150261 162778 100127
142711 131354 136996 137688
152785 135773 146159 100918
128613 149216 155651 114870
138764 163575 162116 98699
130246 151755 156659 107795
149483 137436 125237 155569
145994 143975 158997 102848
165711 130129 117060 158983
137660 144633 161552 106024
165576 154462 126893 103497
154094 156747 136014 100478
134522 132024 133618 121184
145401 138749 140559 115688
161998 127792 146509 125474
143393 134362 163108 112763
152892 140714 117300 154629
141975 161802 158495 98995
134567 148771 126353 138621
146936 142021 130002 119385
153544 136457 117101 156563
166533 141235 109075 137996
153737 151489 156901 97000
139058 141362 146233 107439
148433 146544 162489 97170
158669 127179 118907 152368
156417 134364 125116 134837
151460 141778 108823 149110
140992 149908 127319 134052
152557 127498 157093 106436
144398 144976 142061 104640
151679 143798 116962 143686
146250 141093 131529 119444
133033 139298 140738 128697
150555 143550 134530 104273
132195 157839 136623 114419
172242 135035 122612 118477
136506 141033 145703 109260
152661 135027 119525 157316
151548 136995 125559 149471
132837 139046 147531 142662
158236 139482 145679 103093
134698 137294 147844 114657
132029 158018 142966 114328
146229 146067 119363 139892
147343 132191 151085 114400
137232 144455 132060 110278
140116 141389 168954 101294
144895 132627 147165 119093
156738 155602 137545 101927
144621 161471 121118 125055
138990 143147 135913 114471
142688 138585 157196 105414
137988 149133 131841 119903
142870 144378 124320 133310
157434 129562 126318 141803
140642 152156 129260 102072
126918 154384 155937 104337
144470 153171 140912 96209
148710 126723 135962 150248
131336 145074 159704 112225
141770 143332 159823 104381
141816 167946 161688 96882
132021 138788 153987 121381
142039 156490 148320 98489
160187 138144 114506 136041
141490 146215 166015 103404
127028 142896 137301 124128
137404 144799 157868 105503
162638 130854 141054 125377
139586 131746 139501 140107
136322 149325 137201 113639
131939 153868 155925 109673
141900 125818 139234 156346
130797 155056 149923 103318
145626 137667 148875 104000
138185 151791 148482 100267
157309 134314 121362 136192
150058 141327 145474 102341
144279 142547 139055 110083
139631 152893 128920 136922
161600 133094 114988 155044
138354 157999 118494 136126
143620 135433 143546 114717
144603 153326 114684 140452
125912 160282 143244 113749
145239 141982 155329 106205
151090 139082 128857 111976
139515 140660 143949 114134
160073 157249 109408 135023
147844 145997 120882 128754
157996 148071 114840 132629
130546 139768 143115 132558
150413 130955 144507 109382
126725 160612 169015 106403
123957 168891 154220 108385
168333 130800 136689 111729
130690 139209 152958 112448
140760 130912 158395 124234
162584 135309 117471 145067
131981 156518 149287 108557
144814 147509 121443 150328
146924 148493 124566 115904
153286 146119 144336 97989
149258 143957 156038 101425
146020 144791 125439 130947
136066 168863 160015 98101
151582 137419 131554 131145
147016 136628 140439 120020
155596 131580 135518 110553
138624 128064 151272 125289
172422 138428 121837 133678
150882 133705 131909 149466
153832 148467 118714 123049
148455 139316 128451 138874
140550 145141 140827 109628
155598 128042 126413 154518
139319 156395 106693 152372
153494 134952 126741 148196
161589 136171 120897 146231
143541 137483 149459 109965
161804 131221 153482 105844
142469 145159 135607 104293
154216 142544 140285 98460
172855 130798 120752 133889
150962 137947 126168 142496
153147 137179 131075 132334
156945 136279 143914 110279
131354 162827 146115 112586
143483 131830 154653 112369
145026 148145 135328 105079
142477 148563 138285 98047
142781 151643 128496 113854
144930 128368 159471 109422
140636 135642 141677 110342
144326 160632 120279 128426
142008 143353 136794 108971
157860 156232 105255 138416
150181 140764 126924 122729
153547 136535 127434 112002
141706 141425 127967 138158
149315 130919 137334 136575
148248 155299 120054 113842
147787 147255 148620 97120
145391 138777 148176 108451
138256 142485 119013 158898
133585 146164 147751 110978
158740 126815 147358 118896
157622 134551 148504 105378
136879 140025 145830 107964
136118 144724 141011 108995
149048 144534 147281 102945
146793 140246 125241 149176
139940 153305 135245 107763
137987 142648 141409 110142
139327 143842 130838 130415
145089 137379 161177 106308
154304 141794 142629 103804
160954 137619 121447 135024
134843 131029 152934 119418
137541 149338 115284 140222
132971 147979 153675 106771
172778 131812 124654 139344
158499 147953 116848 132635
129957 153115 155592 110899
130121 160527 130834 125487
133530 139887 137392 119178
135959 140348 145951 108156
142337 144938 125502 156932
139999 138256 134555 118881
146123 156213 155458 94401
133400 149927 144837 115981
147893 146770 123346 118371
153810 127751 130585 147412
150111 136836 155344 106975
144692 140532 126244 138168
163732 129226 122610 140849
141589 149935 116328 135740
148454 124421 150722 142904
138109 129704 156004 136947
157163 147374 137208 103383
146269 140160 129692 136945
144725 139455 138745 111073
135065 141481 140296 111749
142609 141540 141813 106289
144095 143974 128320 120103
151558 157690 148620 94473
142841 153204 126292 133545
130456 144787 161666 114200
127528 155435 141892 116115
135894 146764 137611 100792
142369 139237 143328 106603
145677 142850 133411 110931
155275 130100 152621 123871
146140 139892 143074 105618
153047 140186 121401 134493
144636 148559 113548 155841
172346 134641 118951 140602
144915 160651 128689 106830
144447 144384 145026 103209
132375 149234 151243 108382
147941 132819 133289 114427
152935 137407 158608 99781
146071 148204 122845 141042
140251 142018 159428 105866
155279 139726 118768 139977
148204 131933 135931 131450
140963 138339 133535 122842
130373 140828 141901 128425
155649 136259 123947 135709
152524 137921 123618 139977
150521 137690 154208 99423
140623 152696 135129 106545
159543 131101 123266 141753
166720 140706 141447 105785
145092 151482 121374 112165
157093 155099 107622 149097
154072 132627 141852 116072
148997 127982 151004 125212
154146 138367 122474 106931
154152 129785 130821 136117
149186 137763 127709 136103
149950 146092 149341 102049
155742 124547 129432 145212
146773 130680 147140 121796
149740 134325 161190 99362
150232 127544 150493 138835
169876 144374 104905 143595
136177 154996 133938 117243
145951 155893 129193 108720
157888 144118 114592 147400
149739 132134 143303 120205
150403 119126 131910 126108
152121 133920 155822 105605
156864 170693 119516 122849
158626 158080 134895 101460
146138 131970 155001 110728
159632 159642 112375 123238
137894 168193 127731 116504
146672 142119 125868 105103
152843 144809 158912 98806
133001 158794 141876 107843
154823 136315 120014 153121
168426 154649 103133 154388
145495 133915 149138 110434
151397 160994 111806 148135
141984 145362 127714 147557
144786 127644 155009 119185
132875 137157 155067 125534
156358 138242 118249 146934
131451 154089 144083 112650
141848 147172 172185 98143
137120 154139 130529 117446
152264 156125 136249 101284
159446 133142 123149 142718
151095 141953 139183 106424
152046 146850 116870 141286
158022 143596 116332 144870
