118 2.53135
84190 98041
94805 82292
88379 87396
86363 93254
83275 98833
86711 92398
87182 90316
87888 87816
91306 84403
94006 82705
94903 82205
84349 96961
87252 88984
87345 88416
87886 87878
91872 83967
87954 87684
88025 87430
96831 81314
88516 87010
91451 84383
92141 83638
93074 82712
96340 81569
83594 98141
85494 95278
87015 91367
87482 88030
89313 85290
91381 84387
91487 84256
91760 84103
91994 83783
92398 83538
92456 83076
94412 82625
100235 80557
83499 98437
84410 95995
84445 95360
85524 95073
85613 93414
86476 92678
87111 90570
88685 86096
90148 84525
92829 83018
95248 81707
