233 2.18898
163378 150026 162484 146074
146579 171375 163166 143315
162503 152702 144322 153300
177028 171506 136274 153041
150211 157166 152070 149975
151639 158031 149955 161901
171926 142997 145349 163874
177335 174759 129297 153219
162045 134984 168806 168166
175826 151847 143550 155111
171530 172123 140536 143068
170221 152820 138067 154344
171660 159311 157854 131312
147995 159368 147961 163902
175909 134984 174186 148776
145651 148722 167737 165815
164734 153867 151944 150289
139612 165410 180001 166862
144400 173567 153512 148955
145430 161345 142598 167042
171061 163873 134292 156652
149965 146045 162647 150138
164076 146615 164633 143773
150974 146694 165663 149470
165934 140762 149903 155391
138846 168363 161033 149671
139879 165292 180714 173757
153125 174884 163936 137852
146024 160173 156106 152283
152157 155736 154809 159034
147576 168132 153272 155774
159457 156419 141280 165438
163416 141175 172957 152023
156995 156694 141266 145360
156311 139750 164291 156911
167012 133139 182046 154670
177414 173567 131977 168067
172898 152714 137816 164502
154389 157388 147290 155266
158593 172278 132719 169269
164941 154106 144239 159603
152371 148633 151340 154719
166593 145173 153263 150152
163023 178500 148791 134478
164272 155538 137071 161774
142791 158965 150846 161383
146048 149183 157300 152679
159376 154449 144106 174249
163878 156499 137079 166602
142900 162591 143920 160519
154424 160905 147246 153305
156852 156349 142022 166916
162913 154376 137396 151414
144284 163717 150478 156289
151384 168202 161404 142991
153088 160403 149933 153978
151608 182774 174494 137299
172478 162394 152013 140832
161320 157281 138441 164120
152801 159652 144365 166209
153317 152354 157831 140863
153340 161318 145685 156587
154380 161708 145929 150309
141701 163714 154783 162456
154536 154026 156081 153359
164006 161786 136050 155466
159036 155002 147647 146154
159468 157691 132548 159439
141517 161225 154412 164137
138190 179421 174649 164076
145456 161039 157557 149316
151846 156690 149468 160477
181961 171415 137200 151405
162969 140851 151967 162578
170723 155668 154000 141619
157672 154263 151858 148842
151963 167061 148573 153261
167023 144308 154348 146233
142822 163826 169273 143030
163095 156370 164111 138407
171242 138135 160181 161167
143756 172307 153004 152006
138961 183939 151903 157002
148336 164497 152314 152255
146678 163681 153464 148388
145103 169463 149516 146557
147131 155300 172439 152406
173553 150287 143394 164003
154260 140888 153552 157963
175731 135306 157797 151571
150637 168300 143055 150257
154878 147545 155435 155575
173921 172119 150717 139047
152276 154356 154475 151712
178700 152456 139724 158855
154330 161441 151240 153492
158439 175996 133920 168165
147530 161114 152131 156396
155747 154940 159986 140344
154081 167917 160993 139889
155406 155454 145793 166118
173193 149641 143896 168395
149453 160947 167105 152030
152436 160736 136864 158904
139086 182934 160099 157033
162134 164349 151932 133814
160368 161691 140842 156000
161737 156977 139260 153834
140907 154148 156990 154451
162041 138426 162032 160817
148486 165825 151079 148405
171640 170743 139231 145769
168739 172814 147225 139670
139939 176102 144090 161065
168502 165307 145089 142871
152902 160406 145945 163882
156842 164534 145384 150366
164714 157556 176510 136182
175353 163231 149873 140743
154698 169632 147556 143921
137766 166331 165455 177652
171462 171745 156704 133002
173284 140813 170265 148570
149540 158783 149810 162417
137107 168274 169305 167667
165078 159508 161096 135548
154373 168012 140938 147971
166082 151814 147658 150747
148619 160977 152508 158981
138491 167300 167290 162573
154482 168050 152008 146890
154675 160295 135917 169230
166722 145058 147753 142302
180653 170219 146395 142545
134729 170506 172101 165880
172928 131520 167490 163529
181945 167702 150014 140376
152207 152901 161989 147906
170708 139046 168206 149083
174644 155169 158254 138562
145543 161019 174745 146985
164764 146123 147178 160466
158405 155389 143710 170153
179806 152072 180018 137520
166817 156147 143849 149703
149427 166264 161913 147741
141015 167973 155118 153306
156178 159987 145443 157702
162960 160606 164059 137953
155398 154337 148203 170182
164475 158606 149473 140947
156116 146453 156082 155881
166290 168771 133603 157538
151206 161459 148648 162817
151502 161284 153159 140788
156556 164811 143955 146341
149751 157343 166336 143728
167993 143549 144635 152647
169477 162674 145395 144813
154555 159448 147196 161170
154663 160568 144641 157807
156227 141387 147949 150910
159275 169391 159911 138274
154307 159702 151173 154626
162878 186167 151763 139470
155610 172309 144344 144532
142669 177431 157786 153120
162306 158732 167696 138428
181090 136551 145266 163532
158837 146621 144405 156068
155874 155539 147753 142055
159064 157410 156984 141539
150340 154444 164273 139345
147545 159771 155102 152833
169938 157728 160292 137971
155317 144747 175549 151829
155987 147775 153411 157350
158396 148642 144800 174913
159130 144228 158474 148107
147128 162344 135036 156044
161087 146615 168697 144210
169394 142272 146568 154916
156403 148496 154635 146291
171263 157800 145147 144891
162337 156618 144290 154462
161268 159298 156278 138840
169340 152711 140231 149795
181921 168331 142590 143017
168133 151654 144288 166967
158394 159243 179288 135787
161846 156424 143009 162038
164297 160211 137863 147464
173836 152240 144159 157108
177055 141168 161506 144983
151330 159949 151645 147738
150216 177925 146866 145090
144826 150488 152177 160507
165110 149414 147946 148718
168293 176319 166302 131494
169485 167593 148289 141280
174922 167599 151546 140072
162897 166069 151728 136997
164410 145419 146299 160859
161812 153909 137744 170533
170639 175160 121464 161671
155542 152472 151216 168309
151629 157067 158970 152451
167443 139805 154911 162144
167756 145995 165612 141863
168871 153057 142820 169638
164797 151280 143569 167114
180805 152534 161482 139542
171664 162553 153374 140525
161604 145907 176698 145785
157971 148236 165333 150082
172675 170901 142356 144646
164845 149335 154447 150789
151403 153178 172179 145381
153751 159287 171332 134985
