120 68.1567
3.14684e+06 3.1606e+06 3.25494e+06 3.18049e+06
3.15108e+06 3.24316e+06 3.19559e+06 3.16202e+06
3.18708e+06 3.21163e+06 3.07538e+06 3.24228e+06
3.1786e+06 3.21443e+06 3.19625e+06 3.13152e+06
3.12991e+06 3.25341e+06 3.22588e+06 3.18536e+06
3.23938e+06 3.20613e+06 3.23491e+06 3.09129e+06
3.14956e+06 3.16247e+06 3.17742e+06 3.21426e+06
3.12878e+06 3.22334e+06 3.23444e+06 3.14911e+06
3.1271e+06 3.18978e+06 3.23e+06 3.15631e+06
3.14572e+06 3.2124e+06 3.1794e+06 3.27645e+06
3.16153e+06 3.19613e+06 3.18728e+06 3.21376e+06
3.154e+06 3.24671e+06 3.14794e+06 3.22448e+06
3.17196e+06 3.2696e+06 3.17416e+06 3.15332e+06
3.25023e+06 3.08364e+06 3.22449e+06 3.19661e+06
3.1683e+06 3.22678e+06 3.20645e+06 3.15426e+06
3.16912e+06 3.18167e+06 3.23192e+06 3.15261e+06
3.1956e+06 3.17225e+06 3.1574e+06 3.1448e+06
3.25022e+06 3.19491e+06 3.11755e+06 3.22418e+06
3.1005e+06 3.2743e+06 3.22108e+06 3.23511e+06
3.17655e+06 3.24676e+06 3.1729e+06 3.1579e+06
3.23956e+06 3.25114e+06 3.26536e+06 3.07025e+06
3.13535e+06 3.1426e+06 3.2431e+06 3.18462e+06
3.17804e+06 3.23094e+06 3.1424e+06 3.14457e+06
3.22575e+06 3.19653e+06 3.24813e+06 3.09175e+06
3.13397e+06 3.21028e+06 3.20681e+06 3.08032e+06
3.14784e+06 3.2169e+06 3.16603e+06 3.24912e+06
3.1603e+06 3.13069e+06 3.26555e+06 3.26079e+06
3.16928e+06 3.19317e+06 3.22836e+06 3.1388e+06
3.25229e+06 3.1088e+06 3.22028e+06 3.16959e+06
3.16303e+06 3.21064e+06 3.17508e+06 3.20564e+06
3.15766e+06 3.27634e+06 3.11112e+06 3.19442e+06
3.24133e+06 3.17509e+06 3.23316e+06 3.08458e+06
3.19791e+06 3.18057e+06 3.16527e+06 3.14379e+06
3.26006e+06 3.24694e+06 3.12183e+06 3.14239e+06
3.13346e+06 3.19795e+06 3.21582e+06 3.16526e+06
3.14287e+06 3.26531e+06 3.1917e+06 3.13496e+06
3.165e+06 3.19696e+06 3.17349e+06 3.18281e+06
3.24936e+06 3.10448e+06 3.26777e+06 3.22611e+06
3.1631e+06 3.21593e+06 3.1538e+06 3.17346e+06
3.11913e+06 3.22502e+06 3.18482e+06 3.19884e+06
3.19472e+06 3.2495e+06 3.13957e+06 3.17071e+06
3.23469e+06 3.2028e+06 3.13499e+06 3.13371e+06
3.18549e+06 3.19334e+06 3.13395e+06 3.19589e+06
3.12512e+06 3.27419e+06 3.25078e+06 3.18952e+06
3.14348e+06 3.20484e+06 3.19491e+06 3.18869e+06
3.16524e+06 3.19524e+06 3.13165e+06 3.22019e+06
3.22164e+06 3.24577e+06 3.08667e+06 3.22895e+06
3.17438e+06 3.17794e+06 3.18222e+06 3.1694e+06
3.16628e+06 3.18942e+06 3.13831e+06 3.25727e+06
3.16206e+06 3.13714e+06 3.2243e+06 3.24614e+06
3.18037e+06 3.14796e+06 3.19259e+06 3.23215e+06
3.29209e+06 3.20293e+06 3.19002e+06 3.10965e+06
3.26251e+06 3.19189e+06 3.2008e+06 3.1174e+06
3.30639e+06 3.24505e+06 3.0916e+06 3.16607e+06
3.11028e+06 3.2015e+06 3.19513e+06 3.20198e+06
3.29231e+06 3.24557e+06 3.17932e+06 3.07082e+06
3.19395e+06 3.13468e+06 3.15369e+06 3.23595e+06
3.22319e+06 3.21929e+06 3.1392e+06 3.16993e+06
3.22846e+06 3.26847e+06 3.10596e+06 3.20311e+06
3.22384e+06 3.19089e+06 3.19644e+06 3.12053e+06
3.12382e+06 3.17332e+06 3.191e+06 3.19077e+06
3.17448e+06 3.12336e+06 3.19599e+06 3.22966e+06
3.20709e+06 3.16503e+06 3.12068e+06 3.20941e+06
3.23456e+06 3.30726e+06 3.15376e+06 3.13215e+06
3.16091e+06 3.19801e+06 3.21092e+06 3.17765e+06
3.22986e+06 3.24608e+06 3.12751e+06 3.13967e+06
3.22577e+06 3.19611e+06 3.20741e+06 3.11652e+06
3.26613e+06 3.18708e+06 3.14319e+06 3.15085e+06
3.27806e+06 3.1893e+06 3.22937e+06 3.08687e+06
3.21507e+06 3.19156e+06 3.14932e+06 3.17003e+06
3.26593e+06 3.20505e+06 3.16555e+06 3.11123e+06
3.1171e+06 3.2688e+06 3.17407e+06 3.21042e+06
3.23608e+06 3.21296e+06 3.16213e+06 3.11773e+06
3.16771e+06 3.1699e+06 3.17069e+06 3.21893e+06
3.1734e+06 3.2231e+06 3.15938e+06 3.16515e+06
3.20928e+06 3.22149e+06 3.14754e+06 3.1521e+06
3.16064e+06 3.24664e+06 3.18412e+06 3.19453e+06
3.27012e+06 3.17673e+06 3.151e+06 3.13552e+06
3.23043e+06 3.11014e+06 3.20406e+06 3.23186e+06
3.12568e+06 3.22399e+06 3.15276e+06 3.28504e+06
3.16202e+06 3.27154e+06 3.12702e+06 3.20545e+06
3.16887e+06 3.19325e+06 3.16543e+06 3.21101e+06
3.14868e+06 3.22017e+06 3.12082e+06 3.23978e+06
3.1728e+06 3.25776e+06 3.15589e+06 3.12243e+06
3.14371e+06 3.23299e+06 3.16774e+06 3.19616e+06
3.24758e+06 3.12996e+06 3.13502e+06 3.15927e+06
3.2073e+06 3.22824e+06 3.12911e+06 3.1584e+06
3.22243e+06 3.19087e+06 3.23754e+06 3.11594e+06
3.28066e+06 3.17316e+06 3.23882e+06 3.11568e+06
3.16437e+06 3.19844e+06 3.11135e+06 3.17874e+06
3.17273e+06 3.2546e+06 3.20553e+06 3.15542e+06
3.20232e+06 3.19687e+06 3.14567e+06 3.18761e+06
3.24859e+06 3.1832e+06 3.22326e+06 3.10887e+06
3.19755e+06 3.18949e+06 3.14422e+06 3.22206e+06
3.22813e+06 3.26132e+06 3.1113e+06 3.15815e+06
3.1301e+06 3.19704e+06 3.17973e+06 3.2027e+06
3.20705e+06 3.19278e+06 3.16363e+06 3.13801e+06
3.16421e+06 3.19541e+06 3.2483e+06 3.10839e+06
3.16558e+06 3.2045e+06 3.22842e+06 3.14892e+06
3.13023e+06 3.27932e+06 3.13749e+06 3.20485e+06
3.17472e+06 3.15007e+06 3.22205e+06 3.21855e+06
3.17577e+06 3.17578e+06 3.2588e+06 3.13801e+06
3.16525e+06 3.25926e+06 3.18218e+06 3.12272e+06
3.18536e+06 3.1689e+06 3.179e+06 3.20212e+06
3.18613e+06 3.12054e+06 3.16623e+06 3.12397e+06
3.13894e+06 3.26024e+06 3.15039e+06 3.15732e+06
3.22425e+06 3.11517e+06 3.11759e+06 3.18112e+06
3.11362e+06 3.2061e+06 3.18009e+06 3.23615e+06
3.16724e+06 3.15646e+06 3.19169e+06 3.23101e+06
3.21529e+06 3.11808e+06 3.18077e+06 3.15421e+06
3.22982e+06 3.1728e+06 3.15885e+06 3.13623e+06
3.16454e+06 3.15512e+06 3.22311e+06 3.22701e+06
3.20801e+06 3.17616e+06 3.15233e+06 3.13357e+06
3.1723e+06 3.18178e+06 3.20904e+06 3.14309e+06
3.14871e+06 3.22914e+06 3.15126e+06 3.21497e+06
3.15888e+06 3.26483e+06 3.14797e+06 3.20699e+06
3.16993e+06 3.18152e+06 3.2137e+06 3.1813e+06
3.1763e+06 3.15637e+06 3.2026e+06 3.14731e+06
3.17324e+06 3.21155e+06 3.1862e+06 3.14646e+06
3.30568e+06 3.25891e+06 3.10954e+06 3.1011e+06
3.2359e+06 3.19484e+06 3.23979e+06 3.08875e+06
3.09406e+06 3.28905e+06 3.21793e+06 3.23511e+06
3.16987e+06 3.16557e+06 3.21458e+06 3.17942e+06
3.15927e+06 3.20104e+06 3.23658e+06 3.15292e+06
3.18142e+06 3.14194e+06 3.23063e+06 3.22447e+06
3.21169e+06 3.1721e+06 3.16332e+06 3.17147e+06
3.21312e+06 3.20903e+06 3.09674e+06 3.27205e+06
3.13398e+06 3.24834e+06 3.20616e+06 3.15652e+06
3.16695e+06 3.18999e+06 3.19047e+06 3.16128e+06
3.23665e+06 3.17753e+06 3.15143e+06 3.17709e+06
3.1709e+06 3.18138e+06 3.14564e+06 3.20145e+06
3.18856e+06 3.20123e+06 3.15966e+06 3.16428e+06
3.1985e+06 3.21315e+06 3.16033e+06 3.08235e+06
3.23052e+06 3.18707e+06 3.11773e+06 3.16245e+06
3.19667e+06 3.24645e+06 3.16647e+06 3.09976e+06
3.23021e+06 3.15878e+06 3.23756e+06 3.12271e+06
3.25641e+06 3.22014e+06 3.22566e+06 3.07951e+06
3.29687e+06 3.19166e+06 3.10002e+06 3.20434e+06
3.12219e+06 3.22284e+06 3.25955e+06 3.16704e+06
3.18308e+06 3.19528e+06 3.23882e+06 3.0923e+06
3.24244e+06 3.26788e+06 3.1079e+06 3.17871e+06
3.16915e+06 3.17762e+06 3.21631e+06 3.18242e+06
3.1633e+06 3.23212e+06 3.11756e+06 3.22756e+06
3.19355e+06 3.18127e+06 3.14697e+06 3.20265e+06
3.2116e+06 3.26098e+06 3.12313e+06 3.15491e+06
3.22256e+06 3.11406e+06 3.27839e+06 3.21762e+06
3.23401e+06 3.2077e+06 3.14598e+06 3.1527e+06
3.13024e+06 3.24334e+06 3.22867e+06 3.18261e+06
3.17341e+06 3.18999e+06 3.17419e+06 3.13514e+06
3.25859e+06 3.20006e+06 3.14653e+06 3.15348e+06
