400 1.09941
148788 170965 175305 156354
151322 160524 154451 164303
153439 174216 168573 159588
154576 161280 162183 163981
155433 172961 173795 153102
156448 172562 173269 157858
156653 155191 174401 173507
157324 153650 170170 167809
157446 155446 171861 160967
159817 156489 171907 153937
160642 155242 166304 167516
161804 169142 159866 150679
162348 150778 170619 149824
163918 176480 159272 141534
165759 161336 167393 150324
165893 165077 164222 150486
167367 161941 158589 149863
167622 150603 158963 160097
169464 157297 158157 173705
169611 176007 157114 134108
172117 146987 150385 160142
173051 156539 164514 152091
173440 146531 176625 162622
181874 150872 170449 159618
186498 149609 175743 151404
171519 160605 161842 151719
171752 156651 154935 152338
169659 151173 160162 152654
169572 158065 164547 155636
163631 152735 168445 169524
172249 166441 160113 138098
166104 157762 150683 158947
163647 165539 163834 146442
175374 160893 154458 150144
168038 152226 165000 157647
164434 160625 169816 152660
177511 162406 169188 148662
151033 184543 175852 152897
169387 158741 167485 150198
181422 162532 152995 152888
178033 164989 171039 136030
153446 158781 165365 161529
161489 165149 176219 144406
164536 153728 160864 162426
166045 173544 155582 154019
173300 155707 155611 154857
156992 155694 166455 154944
168692 148241 182696 177687
181174 162293 159496 149793
180341 158712 172961 146360
172262 160309 179448 144236
163651 168919 170202 139797
156633 174294 172775 150960
154242 167768 180294 144898
169390 163377 157886 148131
158664 174322 161972 148029
162023 161037 169353 145632
152798 168175 182142 144692
149727 157168 175962 145648
166696 161301 167859 152849
155501 169633 169046 159003
158344 158296 151748 154079
150995 163393 173979 162294
