890 12.196
331377 324050 285512 291047
320886 325218 297472 275736
290542 317520 293321 288040
350157 302644 295056 284151
307822 320073 298597 286138
334517 307811 307477 264661
315792 323777 280173 305455
334464 292497 320659 271146
325315 314408 272792 312771
322851 324652 284869 293961
317685 297878 298787 290018
331655 315153 282246 295056
322076 315535 286758 288290
325554 279919 296286 301783
329179 297688 299018 282101
341417 294745 297922 279429
314268 309356 286279 297227
310257 310699 281846 311195
317125 294794 297264 296708
323264 285455 294749 304772
325385 316175 289530 278991
329717 283732 291367 301988
332915 306304 284676 292622
321346 274837 301248 309050
328236 291738 294798 284719
292805 271504 329924 319370
313456 293127 294670 304616
327773 315311 289116 287610
331483 288513 286485 302697
334277 282940 300447 290293
309926 292809 297548 294347
342870 302818 273003 304439
352895 292569 282391 295985
329757 273085 304274 291154
341223 297914 299356 279026
354561 299869 276071 300517
312870 298348 295740 297724
341653 271223 312981 294564
328681 299164 274717 303718
320929 289787 286580 308001
358154 275558 317158 285003
321476 278485 293089 322246
336354 300085 271880 314849
308372 316741 280530 306818
340345 284177 298789 284608
312423 269521 311392 310045
321902 289395 294330 295700
324222 288150 297501 294836
329101 300257 290259 292960
298573 298177 298657 297066
332175 279564 286754 311256
323823 296216 292994 294037
339738 301233 292186 284754
326252 269686 339117 300757
343093 315370 274914 303336
315151 297957 296230 294849
310876 292232 299152 292560
314657 294554 290049 305685
320941 301107 283252 295807
305989 297225 292025 314910
332984 277295 285758 335263
324751 299499 279712 299935
327368 273603 303168 302006
313927 269158 302210 321983
321274 274105 308267 303331
352032 273441 301310 297693
298588 285760 293710 305398
325653 278989 282527 319396
327296 302007 280162 298456
309730 270802 321238 315350
340891 287742 288739 302879
324026 268748 317253 306588
312971 294776 281713 297770
303468 275230 293310 317928
320783 290612 285989 297105
317921 287771 302136 277476
305309 281645 308846 299111
307038 279046 296555 310660
316247 299571 295159 288658
321403 279974 292719 316515
300833 297603 283284 316638
356867 276186 305591 283560
279239 311992 309738 306561
309237 299555 281758 311303
335380 282015 299724 294884
320913 286096 299102 292767
333145 295831 300733 278878
321606 281023 288562 307348
322073 286257 299930 291946
305507 299270 291225 295371
305916 281126 289888 316801
308215 316388 293139 285833
313164 323599 291364 290431
297606 294075 284439 318732
315876 264956 293287 315573
334109 285084 309666 286893
339531 316311 278181 287769
343504 306686 280464 298371
349799 297741 284872 287918
335633 277940 296674 302175
333810 297290 280739 287943
324290 284586 301310 292680
331518 285824 303696 282603
346540 280107 303469 292054
328657 287245 282353 346350
307567 300147 300268 288419
325208 270652 306435 312086
321478 299130 295790 286402
304533 296263 308699 282659
352052 277901 277863 306612
321795 276111 303241 304501
326993 270998 309936 297922
338779 277817 300237 299149
328716 271808 301778 310633
346339 299305 293122 286617
313494 293356 292319 303411
314499 274771 335804 304901
320721 286280 288787 296551
323910 290091 283606 295041
322294 280723 310355 287192
338069 287814 292220 290649
323539 278344 292828 320934
320631 273487 301465 308976
310698 291605 276000 308236
337443 275231 301128 301166
327815 290936 281556 297156
330515 291056 280553 301435
310487 301069 281206 298593
306593 273218 302234 324960
306947 283106 318939 294540
329468 286874 294988 287764
322588 314222 291432 284505
281735 303460 294399 302035
309123 274880 305922 287861
320515 285817 287920 315658
313296 272662 302137 318771
305816 284370 314040 295891
288571 276087 306131 305523
294005 297549 319163 286793
331704 274552 293053 311464
312661 270881 321728 305448
294142 285586 301260 286902
327191 291961 298641 285621
308396 278504 292555 324968
314241 291371 291586 299699
344607 264339 325369 299065
302236 293961 293962 299817
317709 249366 321401 301816
336041 282815 293813 288128
347725 273549 300207 298108
299998 295273 291918 315582
330006 285539 316540 284649
307303 300780 282359 310677
332724 305515 286044 285155
307787 340031 280849 309113
330595 278568 292685 313522
327794 286611 287033 306855
309843 296183 303996 274698
334712 313346 273266 329525
301437 280693 312652 298370
315567 270054 300024 327332
326533 286703 309111 285496
331498 289372 331265 274007
305067 272533 307874 317889
331667 298448 290105 292954
315371 290735 306060 286473
331545 277603 300625 300887
345813 280679 295015 294833
324647 264348 294439 323735
309620 290028 283272 305902
307032 289094 292412 312865
339446 274853 298885 300893
329474 311056 293403 280787
344349 297112 292354 287656
323990 285082 303082 290493
317671 303608 292875 289757
322622 295868 299045 293920
325951 296016 275267 304260
339045 265844 305675 299583
315954 300923 295037 292056
331976 301714 287919 290312
317473 297241 299192 287444
335996 269425 307897 305448
355568 283972 290099 299725
321065 278138 299437 304347
321996 305568 293265 283160
328047 292867 297954 289603
322375 296901 291941 293138
330439 280365 296943 300834
313387 311758 293409 288472
332551 278522 302415 300357
299703 284434 311527 288056
350268 281867 311016 285893
307195 290302 300581 290611
304029 297701 330579 285606
285178 297364 302704 318791
282476 338671 290283 308383
307502 303346 282991 299668
313873 269716 332484 308810
316588 310462 292582 290295
327322 286455 297779 291749
333113 272151 308144 302982
308606 297295 286916 312008
311842 275424 303491 310286
290019 294257 305309 296547
340841 281232 293400 303255
313935 282205 288202 313800
289857 293814 312433 298287
335060 311821 271622 305994
318275 273964 336870 296975
325775 284753 304598 291585
331254 305803 289346 288406
349833 285487 309195 280571
331260 319580 278066 298220
334548 279907 303205 292305
326040 282864 283498 314403
332267 287680 286622 307226
311990 284972 292891 316508
317975 291088 292041 301300
319329 277846 313679 286534
320348 290327 292601 304368
309808 281840 327113 277790
314661 286950 295904 302544
290370 284065 296614 297069
318169 299897 299188 278954
306990 308721 308371 277086
305471 301562 283105 322495
328716 274712 329546 297374
307578 284269 317569 292444
317157 275155 301767 311079
342809 282652 297490 281385
279682 316645 307992 312148
310345 269799 317804 316731
305657 294064 292137 313396
317795 288239 285718 318727
316903 312238 289504 293082
318650 261914 307694 307311
334129 287558 289668 292778
313508 290445 292199 298106
290502 279876 315247 301466
299047 316908 319095 281512
293424 302316 290541 293853
294479 294133 295295 329434
295296 300449 287542 294502
291233 304209 324355 294314
332722 301187 292530 289042
294490 299704 289836 294355
328778 300448 297010 283075
309269 278622 300267 298757
332965 297337 288418 293151
321794 278912 320202 284097
318755 294797 285528 295192
302159 305718 286384 305426
304543 299279 289096 316632
322992 307380 287286 288650
323026 273669 315448 306003
316140 282465 324201 280952
311227 270446 337658 305437
311172 298104 296567 294471
283380 287307 314805 313529
325751 270311 308383 299986
301632 317080 314668 280704
321190 288087 285147 311406
331060 289955 275646 301741
306529 279724 299926 307879
342894 297041 274988 309077
321923 285763 295359 300309
324873 267865 314051 306814
303412 283380 304570 326646
315819 293510 304586 285990
336209 280491 296418 298594
340077 275091 300994 298571
325029 281114 284186 311274
310858 302234 286364 293955
313704 288842 297685 295853
336131 278583 300166 295717
281740 297555 318532 326306
307762 287379 289094 308558
289575 290022 316220 304656
283255 294595 303483 300911
294894 299138 289758 304681
302491 274798 318286 306429
305649 295947 278639 324982
315818 298384 300457 287015
332471 284793 299480 293628
311336 294864 325912 282451
312761 280084 288575 307217
317643 279680 299833 300601
330810 293865 287310 293607
334447 261457 283962 306298
322567 275533 295325 302437
288149 292946 311228 324294
320841 287688 282784 333883
325960 296897 309683 271546
324057 278993 290876 304278
324527 281581 291771 296770
298483 274970 313414 295934
318069 310025 286799 289610
332115 287203 313984 282429
298612 282397 306039 319761
321815 297726 291737 290301
289948 284524 298970 308983
299583 286740 292782 308523
305233 291814 315485 285025
326527 288033 288050 300079
328113 284327 298766 294864
348413 282476 292291 292443
312767 263478 313319 309419
341935 285286 314895 278459
