10 2.47976
3.12653e+06 3.20975e+06 3.2368e+06
3.24327e+06 3.17318e+06 3.13297e+06
3.20454e+06 3.11572e+06 3.26875e+06
3.12749e+06 3.23888e+06 3.10873e+06
3.22719e+06 3.12491e+06 3.18335e+06
3.21693e+06 3.11566e+06 3.23187e+06
3.26465e+06 3.17974e+06 3.1204e+06
3.10428e+06 3.2232e+06 3.22934e+06
3.11911e+06 3.17996e+06 3.27523e+06
3.19317e+06 3.12073e+06 3.18541e+06
3.12255e+06 3.20993e+06 3.16873e+06
3.1304e+06 3.15346e+06 3.17195e+06
3.14961e+06 3.2018e+06 3.09295e+06
3.17204e+06 3.13673e+06 3.25924e+06
3.21646e+06 3.11049e+06 3.2373e+06
3.25352e+06 3.2432e+06 3.08102e+06
3.322e+06 3.19198e+06 3.1203e+06
3.11682e+06 3.24785e+06 3.21851e+06
3.12769e+06 3.21869e+06 3.12135e+06
3.17398e+06 3.18904e+06 3.12613e+06
3.2636e+06 3.1877e+06 3.12291e+06
3.28276e+06 3.16086e+06 3.12978e+06
3.13678e+06 3.14098e+06 3.13652e+06
3.20197e+06 3.17379e+06 3.132e+06
3.2118e+06 3.13937e+06 3.17291e+06
3.30198e+06 3.09506e+06 3.20051e+06
3.09125e+06 3.25754e+06 3.17966e+06
3.10754e+06 3.21697e+06 3.29452e+06
3.11328e+06 3.25976e+06 3.17488e+06
3.11764e+06 3.23843e+06 3.19956e+06
3.12553e+06 3.26591e+06 3.15394e+06
3.16852e+06 3.18359e+06 3.12737e+06
3.18977e+06 3.20296e+06 3.0918e+06
3.22443e+06 3.25164e+06 3.0913e+06
3.25391e+06 3.25796e+06 3.07245e+06
3.29317e+06 3.16076e+06 3.13635e+06
3.18252e+06 3.13225e+06 3.1802e+06
3.2217e+06 3.10971e+06 3.19436e+06
3.22756e+06 3.09592e+06 3.14527e+06
