463 31.8116
634177 593118 638505
681913 599411 628377
629420 630282 613298
612258 628214 620545
616985 602884 646049
619776 609019 635307
625789 637514 616575
634536 602363 630672
662711 611099 609050
634463 606999 616746
648573 601083 620196
640915 606130 625027
692417 606167 605477
679593 605335 619761
621905 595297 641358
640017 610422 612018
595059 649837 666059
618469 622850 631268
640477 602158 636243
597798 646186 647936
603719 629711 641130
625419 605769 626429
626730 609787 623235
632152 618674 617528
634612 637299 602682
673518 643524 596140
685155 603830 619298
699752 604685 612845
640114 579728 673140
611274 626465 624474
605888 635297 630825
627946 635411 606936
646641 586969 640697
663302 615794 599348
645793 616177 597194
608281 634630 629140
612925 611302 633245
633378 609298 621860
615283 603604 648764
606153 627414 654570
608713 605074 643438
601709 627433 659382
638055 632844 608965
642575 589268 637655
621932 622424 628524
681215 580147 636438
682336 574049 621296
686985 587599 613042
704445 595608 605381
714647 593001 595798
708369 597543 603617
706025 573839 625849
721336 598151 591184
706553 581446 603691
707057 603107 586690
712733 604716 583156
701644 576498 615769
735628 569745 600272
711732 598532 591162
724243 557084 633994
700003 602525 594523
709806 572953 608751
709494 599439 589837
721296 559852 609793
718100 580775 597362
699830 599047 610297
706026 562948 610485
712443 582407 600147
711666 578408 608713
722228 564320 607217
737426 568309 606446
704954 581806 615639
719910 572760 593919
708727 582800 599500
760946 605272 581487
700039 583952 610102
712892 571375 598341
704972 590762 604361
721647 583552 586688
710350 593689 594377
