17465 376.85
351634 254135 308375 297475
323185 235939 303202 309004
309954 302956 305093 231514
305565 292257 259119 332500
299402 305204 236451 323137
279471 339028 296455 262964
239620 327411 344399 305230
222569 302373 320761 326497
337189 256920 298741 299295
292548 321287 250422 330298
243400 329419 335945 297258
236757 332403 309040 320746
241423 310384 342667 319323
294651 311329 242315 330251
327824 250878 300418 319387
240396 336727 302925 326003
235039 307815 328014 321209
289283 323773 256072 324159
318974 246127 310749 308478
323670 241066 304931 308114
305205 294087 299283 244098
294375 319778 252396 328733
242714 330603 315810 306937
229142 307350 329083 320295
231415 302091 333218 320387
297342 306853 295343 247862
245069 338956 299154 316569
291787 315768 254920 331866
225332 302713 330781 324927
303778 295153 298345 241763
231075 306435 331966 320900
279960 329169 267413 298874
294648 285514 310185 253272
276202 250276 327527 293644
307080 281554 299350 255131
321533 237882 310746 310019
317709 249366 321401 301816
310910 297539 303452 233687
308991 312455 253363 319027
224547 303106 319581 329219
290443 322704 261255 293431
326269 250514 301205 315222
297100 307458 237519 322482
308634 297882 303334 233792
275870 263261 323428 285383
295116 314140 257683 309498
301242 298791 295948 239910
293989 317207 253301 330540
264099 269493 287049 317640
316591 241058 309111 310242
290554 283209 263260 291511
319912 252553 300693 313653
306011 297782 302051 235744
294677 309106 322659 251409
306232 318357 256541 303600
228908 301803 324255 324867
290687 323654 254298 326351
255857 272277 294326 292611
308124 298140 298089 242904
297987 291615 300757 257320
242584 306248 317945 318620
321107 237253 307920 310861
277690 315951 264480 308660
274730 311583 260574 318500
306417 294342 302350 243188
247721 311107 287318 303094
296508 301677 241257 320071
322834 248020 303728 314679
299084 305752 237515 323368
275168 259950 274302 301025
301801 280164 306316 258061
282467 289767 306959 261956
313842 250982 320338 320556
292775 304429 260403 304743
307688 303698 293066 250466
302350 301081 240619 324000
243593 293087 332084 308773
319496 238831 314575 312040
274305 259484 320738 295142
245336 297899 299559 286692
282534 285499 315032 260038
296452 282057 312116 255632
323820 253719 297709 313837
283460 255588 309304 296779
320202 239065 314512 312402
248563 296718 296870 306005
312735 283879 274079 280181
315051 273795 289330 263914
246457 305693 298138 302614
303897 296998 296230 249441
270468 320743 281296 275583
327168 252085 301244 315055
321165 251189 301484 310547
253020 282746 289714 306195
318637 239815 311012 310543
227485 303662 324005 323621
289326 258522 292880 288603
304678 297196 298539 239387
311804 296692 302107 238363
327560 249046 301126 315997
270416 266150 298749 299503
279342 284799 265043 303870
267842 273350 283007 329597
223288 303838 319490 326213
284319 291919 276341 278804
298664 304535 239042 325421
288599 314574 295074 256366
309460 297163 300937 238651
240810 323185 311013 310453
276954 318871 267509 290518
308478 269953 312933 267531
296010 310839 239806 323048
282809 257372 313687 309396
300991 299270 301763 248464
327122 248776 302482 314813
318897 239489 309522 314078
246879 313852 284366 295785
322022 247777 308758 304962
291345 297347 262081 312035
264522 261121 296372 304625
299318 292665 300980 249826
288680 257814 290803 289200
302305 300816 259339 284645
285724 289090 298867 258914
244315 319329 301458 293381
310473 300745 303391 231659
292175 312265 258734 307200
303631 294819 285493 259200
297251 316515 257181 312469
264253 313656 303307 271728
288306 289261 266273 297900
226020 301330 324882 324045
320005 253572 297890 313097
313387 294556 297934 238447
321000 238979 312450 310889
295994 306614 242277 320060
284193 283305 277308 293185
303093 283090 298014 262558
299853 280985 269761 292180
278266 295736 278634 275717
282981 303484 257180 312506
304228 299582 298378 236510
300436 292011 306435 251231
290201 267452 305671 269237
273149 281265 317453 271522
250563 285437 302759 308021
250757 283662 304137 303380
258007 270424 309638 314301
289388 253549 301212 320471
262689 274273 280525 289685
292488 288082 309256 256471
316049 304230 253561 310871
315217 287263 297193 252581
264239 317588 287000 277174
274442 271745 282622 294971
316724 254671 295595 309562
297739 287920 286710 261379
287686 302489 258626 320090
280556 267540 305995 269670
252261 275260 308385 302269
240774 314435 299989 315600
258937 270633 299678 297061
292352 285071 272945 265170
281224 264235 294937 298384
241469 303281 318608 315037
243993 292027 319204 301408
252750 304337 281401 327013
284548 278920 267787 300247
287442 260368 307549 281911
317922 255230 295409 312087
255002 283810 297886 297735
269039 303843 311340 268032
285052 292819 268169 296362
298695 305447 238240 319914
288666 286981 288003 276386
281738 277270 279088 288678
249653 290695 293237 307491
249523 302050 283348 301835
308898 303475 302461 232655
274654 274239 272617 299085
277751 260560 294422 299774
284058 293262 287156 266814
248718 296395 304015 291650
267628 265274 304909 298257
263394 264463 295298 308920
304343 300238 297848 237938
308597 299022 302715 232120
272232 262391 293437 307113
267689 296095 274701 294932
296568 280917 304687 265411
301236 276120 268558 291901
297798 279324 303965 266037
284317 262062 292188 292057
293839 282946 310335 263298
279283 309322 283598 274026
273573 261642 298500 303821
308337 256946 304436 305574
253480 308291 292250 283898
273319 310196 306184 248300
302988 285828 271501 285110
251696 304339 321701 282873
244672 274710 300629 316452
308313 272156 317088 263355
266634 301212 307358 272801
304004 289570 296922 259414
295743 306414 239957 320141
283683 296504 282223 268803
279847 322791 277813 270251
307798 302182 304678 232643
288942 292850 270258 295506
241466 311984 305275 312146
269680 292301 270977 298729
272825 270624 266759 300284
268004 288156 320431 273508
267493 299758 280828 276485
274993 307910 311158 260719
288625 320970 253341 332207
299682 309481 237916 320758
293230 301095 312678 251780
251204 289888 314697 287250
305082 267290 325653 276928
244755 287575 304530 295500
300944 288262 302543 256353
265158 288605 273530 296686
264130 275035 316204 282147
288797 280822 271785 294449
256561 277028 288763 303016
256598 275609 297264 286831
289680 267085 300800 278637
297110 271343 278326 297005
305299 269284 273717 309987
318311 254365 297516 313690
266226 273176 302315 283472
305132 257434 306170 311104
260437 279459 312794 286396
326548 250289 300494 315200
227861 300027 317783 328700
286614 290521 269434 298245
305108 278422 312555 258353
255516 284508 271762 297288
279184 299190 265789 299123
284492 284925 288243 274450
259473 269496 314266 294495
265960 278673 317843 276771
315598 287852 292701 263387
269980 282587 315456 269077
285413 272025 275476 293071
268780 284645 275329 288916
301443 298640 297615 238233
264865 292521 317137 271962
282014 292826 265183 301272
305982 298999 261513 311477
261229 308513 284894 277466
261360 267298 309329 295988
287894 279168 279356 285688
253995 310275 299808 279828
279608 275356 325869 267814
298798 273518 290018 278553
247029 281471 311719 309418
281482 262929 309820 283920
283505 279985 278387 290240
227427 300590 322349 328294
278614 298557 266138 300656
263877 268717 321954 295896
260096 269508 286942 292940
305745 281966 310227 252671
302669 282434 282665 277780
281217 252330 309018 311640
263666 282405 277522 328262
286684 261199 291481 300442
224963 302858 319682 328577
277482 264708 278519 294243
268373 269112 286981 287429
300677 290647 292597 255171
265435 310704 301961 273102
287186 282776 278868 288342
299417 304662 238479 323143
274962 289942 275579 280334
228158 300396 322165 325612
253687 281478 318639 283281
257429 297379 299644 281854
303893 306352 253728 306164
293524 295903 296054 260387
278462 278361 291195 273707
286204 298441 275012 273200
261719 275292 286179 302932
272473 304952 260690 310011
296978 299312 311816 248115
282314 295262 291653 264245
277130 283404 282797 283794
283564 258261 295449 282997
278309 275842 281918 284996
280828 289614 290702 267312
226319 303364 321142 325367
298214 276931 293696 273379
290214 283068 268724 294719
265645 287726 315543 274334
291328 284232 281106 277413
251838 297261 288904 285478
277941 294679 275233 283094
306116 298418 300456 237280
297246 278477 283213 282242
225511 302956 319177 326936
316793 254388 299217 315045
259774 282215 282303 286813
309817 254559 305122 297912
282237 285607 289404 264701
297380 307087 237592 323163
291524 276599 289371 284337
247426 303221 292442 300382
301334 285927 272865 275277
287790 284124 321036 262852
243507 316949 326306 297299
286928 291338 270548 287626
295237 276051 297344 270296
274042 290612 284650 268610
280788 266840 291754 294083
281594 288756 302435 266069
293294 279722 287649 272416
273567 265114 292690 290855
244457 302010 318420 297601
280323 300663 260895 305355
269263 263736 292831 305184
319088 275012 283908 289171
272587 291211 273939 287944
278356 286700 277369 280613
306044 297228 302641 236882
290949 293231 280202 261028
302154 276807 296018 270059
228196 299993 319877 326133
254413 280647 304401 274977
273492 289049 286341 279345
271629 293800 294109 268509
291595 291592 283013 264837
295602 303479 256600 314695
275198 287797 290438 278071
300434 273886 309595 261114
266403 318712 318302 264450
307478 272489 277976 291239
302124 298042 302157 239693
271291 291794 299869 268305
262927 275346 313851 280587
317913 239798 315958 307041
283296 289540 281466 270775
269301 263529 304339 293855
226478 300904 317929 331707
278801 268316 296162 277148
284817 286219 299171 263753
283075 304005 293854 263800
267586 280706 271340 299984
257493 272634 313878 282154
243360 297631 309758 308842
293618 277791 286556 274594
280596 292342 298043 252273
282266 291331 263912 305267
290993 305253 279712 269765
293220 304635 261740 302572
271760 290448 286607 281140
289176 286573 285082 275654
294523 281099 285352 274687
261891 303147 287519 280924
287653 268470 295049 287687
270279 289940 305417 272295
283490 301768 270669 281543
269973 282862 280366 285833
300123 274462 288000 282727
258264 285258 294021 294028
273041 296240 290094 264463
252359 288632 291719 307874
287075 289684 273253 289853
262196 269629 300244 288835
269508 298829 276004 278229
281254 294979 295672 261327
271457 287076 283492 284007
299472 306470 237935 323035
271018 267742 286065 308376
285217 271150 284780 293593
283504 301058 265580 284761
293346 277615 289268 282575
257892 317148 300193 277328
266263 293508 269220 302343
263671 268802 314718 295147
277368 294353 268032 286994
277526 277987 292009 277578
291672 299415 278584 271115
270812 297779 294971 271393
267107 296290 287821 272167
292601 300177 284209 252322
292407 309162 297047 255569
291352 293520 266586 291139
258589 272081 310918 310469
226198 302409 319011 326022
261226 280833 284053 311884
293134 267705 287062 286115
305163 297594 301112 236102
313832 283117 279747 282037
273973 277498 277985 290660
273652 291920 294582 273034
276693 280182 291412 283514
283215 282408 288575 280944
292959 267744 300769 277904
294711 302837 264005 278160
295935 282137 283784 279443
275643 259686 299657 309141
294767 306003 237842 324123
295353 270994 291706 285720
263830 280782 295459 289460
293948 287840 269092 288379
281121 270068 293349 281745
282714 281965 293100 270638
281552 268951 296524 271894
270395 290838 279382 284397
250727 292945 288798 307531
257598 279563 301574 278497
277698 293997 270402 291070
225276 301783 318310 327956
309583 274799 289112 272748
265709 275521 287899 287962
261250 263673 319955 301300
259702 280377 287936 301638
281185 289779 281755 279969
274618 275109 291231 286258
299165 301036 269760 284124
275764 268038 301190 282609
296488 306035 238081 319168
268506 285708 295626 278340
298200 260934 291988 285449
276530 288300 303004 268906
284687 289058 314161 260684
222965 303695 319123 326275
266877 303451 281437 281288
277306 296661 313730 264146
294191 305515 260872 300625
252792 286301 275301 284614
276351 296835 274079 283194
305878 298469 300082 235869
272244 275027 280101 293819
276632 290272 294504 274965
280037 277898 275766 293267
293429 262555 303768 282035
283430 290336 271180 290725
272636 290936 294729 276620
307242 297821 300848 237459
280246 283475 288776 279163
272857 283465 306779 272740
275699 278188 295100 269088
278219 262752 313969 279622
269116 280425 278045 309115
285935 293314 279725 277024
296901 307268 237711 320815
286326 288556 273739 289912
306376 296373 304519 237577
261010 279810 284853 300395
267433 275857 285712 287182
278606 266638 304775 286938
290223 284083 286113 274793
266559 316927 283343 282134
265304 286034 292287 282674
273411 293683 281267 284249
266456 274193 296260 273697
260310 280280 294008 291855
264356 266428 304927 308897
267412 290988 301731 271784
298646 279200 277863 289825
281687 313699 268292 278239
267192 297357 285801 273366
271651 270074 292778 279655
254344 274910 302691 294000
278566 271049 289764 278963
270654 280179 275828 308209
265801 296170 310949 270968
275532 295057 289763 267559
275307 286526 303302 270711
286407 283433 279641 278893
264814 295886 303194 276601
278976 273237 300371 274356
273313 307227 272830 294287
252358 305595 307768 281224
269813 288381 286646 279605
275869 262812 295924 296826
260194 268872 301595 291361
285789 280569 285416 280083
262214 280904 297021 289730
262032 288542 291594 280248
305504 295736 299284 239581
260730 300195 287991 282773
322187 234907 306742 305082
236160 303040 330990 322235
224050 295817 322371 325200
325834 236126 305468 306254
262116 302707 302067 277042
321731 239936 305522 309565
280172 285936 322059 263317
276627 284060 284865 281292
271378 268994 315010 285849
288529 273823 291949 277003
292364 276654 291244 274890
285568 277517 291233 266359
