6 1.11494
1.54613e+06 1.54137e+06 1.58854e+06
1.55772e+06 1.60912e+06 1.57683e+06
1.58055e+06 1.6005e+06 1.56029e+06
1.58393e+06 1.58549e+06 1.5671e+06
1.58999e+06 1.58021e+06 1.58733e+06
1.59809e+06 1.59814e+06 1.56667e+06
1.6003e+06 1.58696e+06 1.56121e+06
1.6203e+06 1.52818e+06 1.61403e+06
1.62101e+06 1.57323e+06 1.55894e+06
1.57466e+06 1.58968e+06 1.58778e+06
1.58557e+06 1.58538e+06 1.58592e+06
1.602e+06 1.58697e+06 1.55839e+06
1.64631e+06 1.54082e+06 1.56754e+06
1.58901e+06 1.54663e+06 1.5884e+06
1.59645e+06 1.51943e+06 1.62767e+06
1.60238e+06 1.58165e+06 1.5723e+06
1.61502e+06 1.57907e+06 1.54699e+06
1.63004e+06 1.51313e+06 1.59916e+06
1.60662e+06 1.52865e+06 1.60737e+06
1.60867e+06 1.53904e+06 1.57812e+06
1.62688e+06 1.52156e+06 1.60623e+06
1.68786e+06 1.54939e+06 1.54655e+06
1.5987e+06 1.56735e+06 1.57382e+06
1.61508e+06 1.52577e+06 1.62743e+06
1.61998e+06 1.54184e+06 1.57145e+06
1.6083e+06 1.54201e+06 1.56679e+06
1.62567e+06 1.52401e+06 1.59431e+06
1.573e+06 1.6283e+06 1.55011e+06
1.57792e+06 1.53507e+06 1.61809e+06
1.59668e+06 1.56799e+06 1.58627e+06
1.61918e+06 1.60547e+06 1.54053e+06
1.63907e+06 1.57059e+06 1.53029e+06
1.64749e+06 1.50903e+06 1.57596e+06
1.67859e+06 1.55304e+06 1.56436e+06
