52224 3242.4
103527 79083
106922 71785
110841 65534
108594 68233
109526 66842
108706 68219
110511 65742
104149 75768
107980 70340
113999 62813
117354 60571
111162 64250
110020 66112
104641 72392
119204 59444
114377 61993
119170 59803
110779 65695
111760 63480
126620 57248
108351 70170
117895 60270
117441 60464
123488 58506
127313 57176
122557 58567
118672 59996
146032 52643
146527 52567
121830 58709
135347 54703
141454 53255
141169 53299
116589 60845
145524 52746
150372 52159
130433 56068
137065 54168
145809 52702
111327 64153
121586 58788
136280 54576
140674 53375
142172 53120
138919 53750
123761 57794
128389 56708
131792 55457
115124 61446
125891 57458
145029 52822
115113 61895
132485 55385
139965 53513
146304 52626
131002 55869
141677 53196
110873 64836
155981 51637
133635 55020
140451 53434
144806 52881
120061 59324
121214 59163
124530 57754
124955 57602
140188 53454
115622 61137
140145 53512
141949 53179
144543 52901
139142 53691
140946 53358
136559 54496
111847 63373
138433 53829
114201 62661
139185 53633
115853 60943
127547 57126
136634 54397
138148 53873
137925 53932
137430 54008
138962 53692
128712 56211
139680 53557
137653 53949
143289 53081
139637 53615
137119 54129
135890 54627
139457 53616
134982 54863
137288 54109
136606 54423
136145 54598
135019 54792
135124 54762
112369 62896
167261 50724
121839 58573
165493 50840
138656 53770
161423 51127
163191 51011
124870 57686
156304 51513
158139 51339
159907 51223
162209 51052
129022 56104
149408 52258
166831 50765
149631 52199
152459 51921
147573 52432
157916 51398
151641 51965
156062 51631
160993 51168
146793 52552
147796 52373
132795 55278
163977 50936
130751 55918
153476 51791
157546 51504
156081 51572
159684 51282
161986 51111
133233 55192
150638 52144
154294 51747
158072 51397
128035 57106
142438 53105
155244 51675
134901 54947
147286 52518
143441 52926
151418 52024
153409 51849
149564 52257
153253 51850
162142 51110
149341 52316
165063 50881
151399 52083
126295 57447
145276 52752
163754 50995
121248 58804
149121 52344
153186 51908
136766 54294
157849 51456
145209 52810
155021 51734
151176 52142
136353 54538
166608 50824
