68 10.4122
1.56948e+06 1.5867e+06 1.65278e+06 1.54952e+06
1.54066e+06 1.60527e+06 1.54021e+06 1.64489e+06
1.54027e+06 1.57282e+06 1.5928e+06 1.62478e+06
1.55002e+06 1.65456e+06 1.57046e+06 1.64367e+06
1.54443e+06 1.55393e+06 1.60408e+06 1.64954e+06
1.56913e+06 1.54356e+06 1.56194e+06 1.63457e+06
1.54695e+06 1.61507e+06 1.59872e+06 1.59949e+06
1.58545e+06 1.57675e+06 1.59732e+06 1.556e+06
1.55151e+06 1.55831e+06 1.64944e+06 1.62168e+06
1.58613e+06 1.59149e+06 1.61877e+06 1.54978e+06
1.59094e+06 1.55278e+06 1.53932e+06 1.64946e+06
1.59812e+06 1.51876e+06 1.60561e+06 1.62925e+06
1.55379e+06 1.54976e+06 1.60724e+06 1.59266e+06
1.52442e+06 1.59789e+06 1.54229e+06 1.65873e+06
1.61614e+06 1.53612e+06 1.6433e+06 1.56295e+06
1.62466e+06 1.51807e+06 1.57401e+06 1.60488e+06
1.61874e+06 1.57406e+06 1.57077e+06 1.5473e+06
1.57055e+06 1.54488e+06 1.60923e+06 1.60598e+06
1.57428e+06 1.52339e+06 1.60976e+06 1.60678e+06
1.59243e+06 1.53403e+06 1.60301e+06 1.60429e+06
1.58482e+06 1.53318e+06 1.56892e+06 1.60491e+06
1.57556e+06 1.53409e+06 1.57685e+06 1.64156e+06
1.58228e+06 1.5448e+06 1.59742e+06 1.57209e+06
1.61754e+06 1.51223e+06 1.57895e+06 1.61895e+06
1.53272e+06 1.59403e+06 1.59539e+06 1.62064e+06
1.53923e+06 1.56948e+06 1.60139e+06 1.62742e+06
1.58915e+06 1.57252e+06 1.63786e+06 1.5373e+06
1.59366e+06 1.5622e+06 1.66334e+06 1.54714e+06
1.61887e+06 1.53692e+06 1.65703e+06 1.55296e+06
1.57952e+06 1.52102e+06 1.62904e+06 1.60023e+06
1.49828e+06 1.61825e+06 1.54901e+06 1.64551e+06
1.57141e+06 1.54597e+06 1.63565e+06 1.59785e+06
1.57421e+06 1.54182e+06 1.57388e+06 1.63904e+06
1.52377e+06 1.58141e+06 1.60466e+06 1.59566e+06
1.5757e+06 1.54049e+06 1.59532e+06 1.58905e+06
1.58374e+06 1.53962e+06 1.57565e+06 1.60512e+06
1.6009e+06 1.61738e+06 1.5889e+06 1.54368e+06
1.55202e+06 1.59856e+06 1.57514e+06 1.63147e+06
1.58305e+06 1.58647e+06 1.60228e+06 1.55084e+06
1.59075e+06 1.5416e+06 1.61324e+06 1.58156e+06
1.59017e+06 1.54743e+06 1.55408e+06 1.61587e+06
1.64311e+06 1.56534e+06 1.63807e+06 1.53351e+06
1.65728e+06 1.51378e+06 1.59143e+06 1.60357e+06
1.55366e+06 1.54303e+06 1.61525e+06 1.63153e+06
1.56703e+06 1.54275e+06 1.63622e+06 1.60079e+06
1.58263e+06 1.53955e+06 1.5735e+06 1.64165e+06
1.58306e+06 1.52788e+06 1.61867e+06 1.60224e+06
1.63016e+06 1.56867e+06 1.56878e+06 1.54819e+06
1.64806e+06 1.58648e+06 1.63267e+06 1.52736e+06
1.54536e+06 1.6129e+06 1.59121e+06 1.61115e+06
1.62532e+06 1.58694e+06 1.56574e+06 1.55059e+06
1.63087e+06 1.56973e+06 1.63159e+06 1.53841e+06
1.58216e+06 1.59924e+06 1.61691e+06 1.5491e+06
1.61054e+06 1.50773e+06 1.59582e+06 1.59637e+06
1.58052e+06 1.51944e+06 1.59657e+06 1.66707e+06
1.60336e+06 1.53845e+06 1.5818e+06 1.56517e+06
1.61811e+06 1.498e+06 1.59134e+06 1.61077e+06
1.56479e+06 1.55322e+06 1.56268e+06 1.61662e+06
1.58436e+06 1.54333e+06 1.61755e+06 1.56667e+06
1.58933e+06 1.58775e+06 1.54406e+06 1.60326e+06
1.63734e+06 1.52199e+06 1.6411e+06 1.55339e+06
1.66557e+06 1.53853e+06 1.59201e+06 1.55424e+06
1.58875e+06 1.57875e+06 1.6308e+06 1.54947e+06
1.60353e+06 1.55605e+06 1.5612e+06 1.58317e+06
1.61897e+06 1.56526e+06 1.5306e+06 1.55789e+06
1.59385e+06 1.57786e+06 1.59126e+06 1.55527e+06
1.62561e+06 1.60388e+06 1.59797e+06 1.52553e+06
1.64504e+06 1.53541e+06 1.62576e+06 1.54486e+06
1.64555e+06 1.52173e+06 1.61262e+06 1.53946e+06
1.64759e+06 1.51754e+06 1.64474e+06 1.53845e+06
1.53626e+06 1.57822e+06 1.60329e+06 1.63966e+06
1.57286e+06 1.55703e+06 1.62135e+06 1.5565e+06
1.60987e+06 1.58487e+06 1.532e+06 1.61034e+06
1.57725e+06 1.54577e+06 1.57989e+06 1.58606e+06
1.58308e+06 1.58462e+06 1.6422e+06 1.55009e+06
1.58314e+06 1.53253e+06 1.63722e+06 1.59796e+06
1.58374e+06 1.505e+06 1.60881e+06 1.59087e+06
1.59787e+06 1.56223e+06 1.60565e+06 1.5468e+06
1.60746e+06 1.53204e+06 1.53209e+06 1.57005e+06
1.55171e+06 1.5499e+06 1.64546e+06 1.62604e+06
1.59693e+06 1.53799e+06 1.61842e+06 1.5841e+06
1.65356e+06 1.52462e+06 1.55755e+06 1.63963e+06
1.59887e+06 1.53917e+06 1.59585e+06 1.57202e+06
1.61982e+06 1.56176e+06 1.59006e+06 1.54121e+06
1.62909e+06 1.57263e+06 1.5208e+06 1.53118e+06
1.53829e+06 1.57913e+06 1.5856e+06 1.61264e+06
1.56222e+06 1.55462e+06 1.6191e+06 1.58324e+06
1.56715e+06 1.55505e+06 1.63199e+06 1.56127e+06
1.58163e+06 1.5383e+06 1.59278e+06 1.58926e+06
1.60086e+06 1.53178e+06 1.5588e+06 1.65475e+06
1.60603e+06 1.51573e+06 1.56724e+06 1.60584e+06
1.60703e+06 1.5763e+06 1.59174e+06 1.54434e+06
1.61088e+06 1.59757e+06 1.60072e+06 1.52638e+06
1.54903e+06 1.5504e+06 1.65416e+06 1.59253e+06
1.55417e+06 1.52074e+06 1.57702e+06 1.61431e+06
1.55916e+06 1.59453e+06 1.61625e+06 1.55071e+06
1.61359e+06 1.5964e+06 1.60609e+06 1.52922e+06
1.62553e+06 1.52985e+06 1.58212e+06 1.56316e+06
1.55447e+06 1.59741e+06 1.54735e+06 1.60079e+06
1.59023e+06 1.53381e+06 1.60365e+06 1.59609e+06
1.59465e+06 1.54043e+06 1.57022e+06 1.54874e+06
1.59534e+06 1.52017e+06 1.57692e+06 1.58422e+06
1.60931e+06 1.55423e+06 1.64101e+06 1.52544e+06
1.63942e+06 1.5147e+06 1.6582e+06 1.56044e+06
1.67067e+06 1.5765e+06 1.62547e+06 1.52204e+06
1.59521e+06 1.52889e+06 1.5736e+06 1.62755e+06
1.5883e+06 1.55009e+06 1.62714e+06 1.56634e+06
1.59311e+06 1.54132e+06 1.55968e+06 1.59822e+06
1.59345e+06 1.57645e+06 1.55174e+06 1.6007e+06
1.59496e+06 1.53179e+06 1.59428e+06 1.59452e+06
1.60706e+06 1.52172e+06 1.57717e+06 1.57165e+06
1.62796e+06 1.51982e+06 1.57278e+06 1.56794e+06
1.593e+06 1.53859e+06 1.5338e+06 1.62449e+06
1.5959e+06 1.55916e+06 1.53904e+06 1.61681e+06
1.59729e+06 1.59682e+06 1.53809e+06 1.59473e+06
1.61258e+06 1.5581e+06 1.6013e+06 1.54815e+06
1.61507e+06 1.58161e+06 1.58406e+06 1.53851e+06
1.66986e+06 1.5064e+06 1.66648e+06 1.5488e+06
1.5671e+06 1.56604e+06 1.60289e+06 1.55547e+06
1.57435e+06 1.54846e+06 1.64535e+06 1.58666e+06
1.58891e+06 1.59755e+06 1.54163e+06 1.61648e+06
1.58924e+06 1.58521e+06 1.55394e+06 1.55744e+06
1.60574e+06 1.59391e+06 1.54187e+06 1.61087e+06
1.5829e+06 1.5457e+06 1.56704e+06 1.58065e+06
1.59921e+06 1.51978e+06 1.61866e+06 1.58684e+06
1.60129e+06 1.57284e+06 1.54636e+06 1.57864e+06
1.62854e+06 1.58751e+06 1.57811e+06 1.54035e+06
1.63352e+06 1.55487e+06 1.59566e+06 1.537e+06
1.54694e+06 1.55712e+06 1.65037e+06 1.59664e+06
1.57133e+06 1.55622e+06 1.62615e+06 1.55854e+06
1.57565e+06 1.59652e+06 1.54633e+06 1.6349e+06
1.65417e+06 1.50936e+06 1.6263e+06 1.54827e+06
1.57912e+06 1.53409e+06 1.61292e+06 1.58424e+06
1.59448e+06 1.5912e+06 1.5899e+06 1.54985e+06
1.59915e+06 1.52339e+06 1.58614e+06 1.58361e+06
1.59964e+06 1.5784e+06 1.55078e+06 1.58305e+06
1.63965e+06 1.58115e+06 1.59011e+06 1.5302e+06
1.53205e+06 1.59077e+06 1.59948e+06 1.61288e+06
1.56288e+06 1.55035e+06 1.57396e+06 1.5867e+06
1.57765e+06 1.58229e+06 1.53837e+06 1.65173e+06
1.59389e+06 1.5382e+06 1.65892e+06 1.53399e+06
1.5971e+06 1.5484e+06 1.55044e+06 1.62256e+06
1.61142e+06 1.53395e+06 1.52025e+06 1.59058e+06
1.61369e+06 1.5294e+06 1.56564e+06 1.61083e+06
1.54124e+06 1.55931e+06 1.60219e+06 1.56575e+06
1.56576e+06 1.5464e+06 1.59082e+06 1.6002e+06
1.57399e+06 1.52009e+06 1.61012e+06 1.61475e+06
1.57567e+06 1.55193e+06 1.56215e+06 1.5683e+06
1.60421e+06 1.55023e+06 1.54702e+06 1.613e+06
1.61574e+06 1.51592e+06 1.58683e+06 1.57846e+06
1.61796e+06 1.56234e+06 1.59648e+06 1.54792e+06
1.61954e+06 1.49097e+06 1.59936e+06 1.58628e+06
1.62285e+06 1.6102e+06 1.56001e+06 1.5567e+06
1.66296e+06 1.48168e+06 1.59238e+06 1.58844e+06
1.54746e+06 1.62459e+06 1.58422e+06 1.63899e+06
1.57454e+06 1.56173e+06 1.5509e+06 1.621e+06
1.57856e+06 1.56347e+06 1.51475e+06 1.6191e+06
1.60108e+06 1.56532e+06 1.62434e+06 1.53883e+06
1.62696e+06 1.52724e+06 1.56106e+06 1.56494e+06
1.57587e+06 1.53721e+06 1.64886e+06 1.60386e+06
1.58586e+06 1.54203e+06 1.56409e+06 1.59948e+06
1.61931e+06 1.53103e+06 1.64173e+06 1.56109e+06
1.5726e+06 1.59706e+06 1.55104e+06 1.59316e+06
1.57804e+06 1.5812e+06 1.55089e+06 1.60726e+06
1.58852e+06 1.55862e+06 1.60097e+06 1.56647e+06
1.5924e+06 1.54292e+06 1.57937e+06 1.58179e+06
1.59287e+06 1.53711e+06 1.55828e+06 1.60491e+06
1.60245e+06 1.54928e+06 1.56792e+06 1.569e+06
1.62938e+06 1.51732e+06 1.58017e+06 1.60027e+06
1.57471e+06 1.54287e+06 1.59803e+06 1.60472e+06
1.58181e+06 1.55102e+06 1.59397e+06 1.57467e+06
1.5944e+06 1.57107e+06 1.56947e+06 1.55015e+06
1.60363e+06 1.49576e+06 1.60485e+06 1.56478e+06
1.60774e+06 1.56293e+06 1.59963e+06 1.54162e+06
1.62283e+06 1.58699e+06 1.60403e+06 1.52531e+06
1.56704e+06 1.60379e+06 1.5829e+06 1.554e+06
1.57723e+06 1.58442e+06 1.60894e+06 1.55225e+06
1.57755e+06 1.58659e+06 1.58315e+06 1.55505e+06
1.59072e+06 1.54078e+06 1.55973e+06 1.59714e+06
1.59072e+06 1.52335e+06 1.57503e+06 1.63144e+06
1.61282e+06 1.53411e+06 1.64837e+06 1.55341e+06
1.62151e+06 1.54184e+06 1.60564e+06 1.54803e+06
1.62917e+06 1.53352e+06 1.60208e+06 1.54739e+06
1.65662e+06 1.53214e+06 1.60813e+06 1.55991e+06
1.66087e+06 1.49827e+06 1.5912e+06 1.57954e+06
1.68056e+06 1.52725e+06 1.64978e+06 1.53841e+06
1.5528e+06 1.5594e+06 1.55178e+06 1.55792e+06
1.58046e+06 1.55581e+06 1.63215e+06 1.5609e+06
1.5916e+06 1.52754e+06 1.58215e+06 1.60604e+06
1.59218e+06 1.54751e+06 1.59857e+06 1.56103e+06
1.59878e+06 1.52e+06 1.57182e+06 1.61603e+06
1.60188e+06 1.53977e+06 1.62612e+06 1.56085e+06
1.62555e+06 1.53479e+06 1.6159e+06 1.55676e+06
1.64082e+06 1.5012e+06 1.60015e+06 1.57701e+06
1.6675e+06 1.51284e+06 1.59702e+06 1.56212e+06
1.66864e+06 1.51736e+06 1.57433e+06 1.60406e+06
