35286 2281.79
110442 86235
110996 83209
112815 79248
111740 80495
112586 79493
112910 78890
114045 74833
108264 89265
108815 86996
112933 75229
111003 82039
112801 79426
111436 81516
115372 61829
115464 61591
114940 62059
116345 60798
116083 60834
115716 61075
119655 57948
116393 59851
145778 52203
148660 52026
141495 52544
140779 52626
141007 52604
141041 52590
141233 52580
136382 53074
136490 53023
136249 53123
136752 52987
136057 53133
146040 52167
136718 53001
137206 52941
135271 53337
140745 52640
140705 52663
146006 52181
148922 51990
136944 52977
134352 53450
134555 53419
134614 53414
135068 53368
135721 53206
135795 53169
136416 53060
144115 52403
145311 52327
132796 53690
134783 53397
145744 52217
140084 52772
140645 52717
120099 57467
129756 54319
130407 54132
145704 52240
135687 53220
141461 52558
144377 52367
134278 53487
135009 53373
140346 52736
144343 52381
140312 52750
140050 52786
140538 52726
134318 53464
140088 52764
145083 52349
145345 52313
145049 52363
145670 52254
148888 52004
136456 53037
133037 53590
140054 52778
116068 61066
130899 54017
134817 53383
139826 52800
135761 53183
136023 53147
140671 52677
133003 53604
134521 53433
134244 53501
137172 52955
131039 54014
135208 53365
134492 53447
131330 53964
153655 51777
134754 53411
118607 58670
130635 54110
153393 51813
147695 52035
153621 51791
145578 52281
131068 54000
143150 52412
129138 54396
147661 52049
150577 51858
136356 53114
138407 52855
143116 52426
150543 51872
127454 54777
142662 52472
118794 57952
138861 52809
142400 52508
142888 52448
142434 52494
127000 54823
153359 51827
142696 52458
145316 52317
150315 51894
147399 52085
147433 52071
145544 52295
150281 51908
138599 52845
138145 52891
150241 51931
130170 54177
153319 51850
145282 52331
138373 52869
135587 53297
150207 51945
135661 53260
142360 52531
138827 52823
128964 54413
138071 52928
129104 54410
128206 54587
126271 54983
135237 53351
125234 55332
132308 53750
147325 52122
131894 53892
138111 52905
118684 58664
122137 56462
127228 54801
147359 52108
131102 53986
131364 53950
128443 54542
128409 54556
128930 54427
135621 53283
131755 53932
125823 55139
128235 54573
126533 54947
130344 54160
129925 54302
133719 53522
127787 54729
123388 55955
132570 53714
129959 54288
130865 54031
132342 53736
128269 54559
123422 55941
133491 53544
130373 54146
129366 54374
132122 53870
131556 53940
128083 54679
132156 53856
126966 54837
130669 54096
116516 59616
128901 54441
130158 54280
133299 53554
133265 53568
129192 54391
132604 53700
122624 56224
129226 54377
131161 53981
127262 54787
130204 54163
131615 53935
128897 54496
130861 54086
133753 53508
123736 55829
128497 54537
124505 55492
126305 54969
128671 54520
124539 55478
123910 55785
125676 55276
131301 53978
117582 58880
128531 54523
129400 54360
125710 55262
129646 54345
117518 59555
125200 55346
131784 53918
125462 55310
130606 54124
127821 54715
124353 55598
124993 55432
129592 54350
126567 54933
129854 54314
130466 54127
126759 54923
122063 56503
129680 54331
119887 57689
123944 55771
131818 53904
128705 54506
124319 55612
127682 54755
124801 55442
124091 55634
125496 55296
124767 55456
130018 54283
121059 56843
128049 54693
127995 54698
123684 55905
122974 56097
122886 56188
127716 54741
125857 55125
124057 55648
122658 56210
127961 54712
123353 56064
122438 56344
120679 57179
120168 57425
123650 55919
126119 55089
121635 56695
126085 55103
122029 56517
