65932 1275.86
273581 192914 217444 184063
234306 242704 239069 173019
230488 171614 199223 211529
227009 207653 172639 227987
200287 225622 238001 257034
200272 246951 235351 249865
196831 226516 270526 237389
194889 231400 246684 248312
273067 238631 182611 202712
196605 234054 259518 239820
200179 228016 244132 235620
199424 222811 250435 249147
263723 195342 214834 179717
195305 224925 244279 246892
258321 197423 210604 184192
200524 220813 256586 243265
268056 194970 215128 180504
198429 226526 252415 245400
200201 219975 266859 237497
198258 235112 236704 236530
198738 233913 253543 235332
197385 230144 268346 237235
198557 227657 262818 236762
201070 236746 238200 234747
198496 233643 258111 242724
199055 233425 237357 237802
199261 223683 247952 230616
198193 236004 238655 239014
200953 218741 262728 230727
197194 223771 258624 244435
226121 205244 231782 178862
200436 224629 245570 236830
265588 198472 218248 175791
267552 180010 213753 200905
211193 204344 229003 189554
203254 223790 223215 200018
201276 193186 206101 205528
245929 208965 215254 175710
235856 172218 204598 204917
256556 211855 210582 177109
241899 207315 223783 174997
219912 229518 194474 195574
233999 173892 206901 210553
237679 215302 232742 173450
198907 224832 257465 237181
215228 213360 177485 234039
257156 203451 218268 173579
249521 209644 211648 178719
205412 213170 221156 203187
235468 194963 234241 182455
207738 206060 227570 201518
213848 221579 213046 190595
255572 192003 216595 184312
222910 211510 173800 231112
248502 198124 215541 181734
226610 198528 228611 178498
214579 230253 209138 190091
248260 200746 202650 186005
204745 182614 214900 220928
221663 204771 226344 181369
224695 207376 172727 228304
232656 202720 175333 221118
234378 213485 174926 225253
249692 204378 213266 174743
264707 194978 215595 177277
236325 215762 215990 177718
252918 199885 224671 177088
257771 197882 204535 185847
223261 176493 214650 214347
233658 177352 194472 206951
203517 217472 215889 193707
204485 213253 202235 238446
221308 205781 177960 232108
244882 217243 220659 177626
225792 178237 203534 211362
220515 218381 217490 179432
206968 215034 214558 193867
212672 185607 196885 213353
243313 174809 201887 201492
227365 211026 174001 226184
251257 195291 186448 192976
247053 195527 187874 196271
219957 206764 181454 222647
219296 218881 183613 209935
228478 215237 234770 178146
230679 199575 181277 223478
240488 183102 191072 209946
225374 212672 199777 188680
264299 196640 212530 181486
233941 175747 197920 201691
255123 201453 218426 177435
214711 227032 216240 186579
228726 174212 198519 211360
249975 200023 219214 181604
218212 216464 214201 186618
221025 220261 180635 225099
250629 195970 193735 192427
253682 197000 218384 182166
228669 223101 222738 173296
206375 203814 201437 214558
226280 177072 194694 218878
257296 196918 207659 184519
251882 198018 219409 180727
211321 214314 217375 187195
218059 209946 176506 231694
220709 198001 225607 185472
246798 208671 210265 179313
218266 205981 181160 230328
221342 197904 226502 188943
232621 217412 217913 177019
207367 213384 216871 191669
246295 179013 189631 207527
222219 212326 176343 222854
253964 198285 192460 186512
219433 212274 203283 191307
211885 186950 205754 211052
221128 208480 179369 233109
234976 195206 180720 229385
229444 223879 205963 184906
214853 221194 213800 184606
233664 217131 228825 176523
233938 204683 181650 216567
244638 195699 184324 198686
213486 189680 194244 213022
238629 215408 208768 180009
216664 203936 186945 231207
217340 207764 179536 229630
229619 208234 206670 183342
224628 204519 220200 184232
208938 184983 209936 208640
227865 204222 179287 225652
231492 207871 179975 217132
243857 182347 187239 228172
242287 218487 218835 175788
252019 202970 206398 180711
213314 190373 211048 207003
224852 174801 203791 212541
204501 219443 215433 200964
232204 175549 221865 210739
206541 209402 203984 199301
254606 204902 185492 190236
218131 205525 183458 224046
239528 180564 192612 219682
217751 201733 227493 191548
217173 203459 232590 188532
221653 201693 182687 232660
229872 201826 183927 199074
211249 216748 223219 179790
252568 198513 185833 188787
235507 206264 178163 219339
236917 200352 180940 209469
223635 211117 178725 218841
221460 201898 225091 187695
208287 183474 215876 205024
230164 200540 219752 177840
210051 185644 209500 220132
250393 204338 213758 176170
236471 209467 189607 194038
213695 183650 198622 216269
212676 180521 216255 211699
226398 209190 174940 224566
233413 191913 206988 187321
216162 187619 195001 221775
215633 183931 197466 210233
204651 216707 205644 212024
251580 200660 202350 185318
227380 206214 180379 215488
233029 202340 178639 228851
243992 202104 206490 183107
210785 198806 200894 196663
254308 201556 212936 180550
215791 181773 213201 206630
216183 210288 217575 188074
241189 197079 181382 222017
223271 208035 204809 190854
242465 183319 222016 194402
213314 214088 182797 226394
219128 217099 182007 224516
225543 210273 215640 184658
206924 189863 196757 207434
213951 206434 217356 192408
208726 203210 195947 203362
214412 179624 224369 219227
239714 199111 176750 226715
220670 219623 198867 195210
229397 202613 180411 226017
226889 178637 202254 205728
218998 180393 216792 204062
223897 200887 180150 233632
244181 199579 185228 196152
211867 212433 219603 188498
233622 178874 196506 212149
211736 211641 183244 220220
228892 207459 207944 183670
234223 218523 205260 182045
225823 209760 176636 227135
225868 213015 192908 193486
214561 210577 224215 182656
225517 203771 223978 185008
231664 199229 184872 203751
218234 207168 205213 185650
229545 188571 188564 199194
239717 199788 175882 226554
238910 194585 212836 182452
230971 199790 179793 218517
208172 193370 188991 215683
228174 175572 203415 209659
222433 199549 218668 190735
235821 204428 180456 217997
267898 196791 213558 178922
241317 198401 178579 217192
221635 209021 176795 224517
231567 171833 198860 214165
222000 186840 209030 192612
215539 220599 212978 189503
227297 209767 222465 184076
232804 190778 191988 197135
222835 221363 199471 191632
215090 189106 209284 195071
229667 197284 179125 229479
246486 193331 186047 196864
206179 210041 212663 200501
220767 189412 193106 204344
238426 194303 186265 197393
239814 192249 184626 201344
222544 213790 185033 206970
238863 203366 178090 220532
210677 196083 205667 192827
217465 220023 220338 187001
229455 187912 186240 215085
218224 193775 192319 207205
252606 198590 212117 183914
216569 210861 175645 227648
243641 180219 211078 201029
240083 207019 187462 193142
220889 211782 205969 180294
223035 182495 196704 208244
241423 200738 183033 200833
252587 179534 221656 194845
219162 201226 202762 194275
206218 209828 222750 202661
214575 209257 214144 189346
216307 188136 195214 213529
240001 183191 192700 205127
220652 186537 192158 217640
215983 185185 205741 205820
216865 180755 211888 205785
240184 202466 199382 185738
221424 182070 200167 203430
224655 179455 204224 207993
258176 190413 193608 196260
238034 194043 238662 182534
240966 204700 186665 195777
235956 207502 179549 212851
235412 194012 186735 200155
226190 181341 193593 203761
241039 198778 189138 194508
204070 193970 205832 211556
217964 202259 199728 198123
224753 209247 178962 217700
205758 187236 211437 208690
230682 204128 194301 190225
217798 201754 235117 190482
231983 195731 189312 194220
216496 194148 191335 208399
219863 191085 194403 200599
216497 222979 205778 186842
219510 200389 209128 191890
237285 190621 184482 210881
214241 186590 200971 210599
203733 193004 210200 205599
216090 193375 193094 212737
209535 196175 190723 209340
222764 204931 193442 193287
239280 183746 193005 202455
221262 202242 198181 195480
242845 202540 190104 189718
230197 187688 186234 210318
216918 205679 220805 187110
209745 200922 206183 199403
255460 197364 214350 177617
225201 187064 210217 187885
225818 203583 180284 220439
210453 192583 207360 202595
214071 205774 182922 229048
233685 196193 197035 186251
252778 194151 213691 183710
216179 209980 183156 227359
217068 189525 193792 215238
236005 202400 200267 182310
220118 200124 193461 199003
209309 211280 211134 197128
239326 201949 178369 225404
232314 202900 188121 196166
209749 196957 187537 205230
209289 206019 212072 202043
211404 206064 179789 227645
210011 211709 207781 197686
219145 180897 198736 211800
217294 215107 222128 178938
218624 203747 186646 203001
246756 187122 185563 211017
217227 205708 218100 188205
232488 174805 196533 204608
205884 184685 213496 213607
251600 202556 188742 192218
225146 193309 215298 188995
225051 191619 197568 194601
224208 188059 203654 190410
221449 199640 182768 224113
222489 206675 185955 203693
213679 183982 210335 218050
213613 215257 221875 182784
222199 218598 201994 187367
231808 193311 196811 187448
250348 187922 187956 199924
203543 213435 222650 186327
215862 196567 188070 210548
204336 192551 214648 205291
224021 192835 182756 215927
229050 180873 213392 196490
210366 200682 209217 199871
227820 205909 182026 215803
210270 200825 223793 196406
222318 196127 190302 195915
236259 179391 193498 219250
231098 201864 179462 228989
234875 182946 189439 210789
237994 188780 184782 218247
226649 178374 224290 210996
205724 212413 220390 202528
220569 201573 225295 181581
211500 192404 198669 203356
226176 198836 179834 233710
228297 194203 187882 203281
234661 190506 191847 196681
220360 192869 208258 191316
221967 201288 182319 213809
234748 198046 179035 221853
222891 197584 190132 196965
211382 184323 198440 212483
217627 182974 199289 209470
232057 203374 201676 182638
217214 210819 209277 191132
230044 197121 191993 191687
214542 187925 208470 204786
210089 193874 220486 201873
213871 204427 185145 233096
234667 182534 193399 207130
226343 184260 192222 204363
221251 190732 204346 191518
222921 202116 200286 193857
242925 194632 192995 195555
223185 192483 195619 197947
224258 194647 186909 196627
238282 191257 184604 206109
228796 195689 181642 227696
220868 181639 195743 208278
238736 182169 191771 214084
218613 185411 198684 196343
210476 200457 212439 195091
218508 187696 191690 215111
238646 192262 190521 196033
209058 205562 216123 196278
220446 188255 211061 193072
204228 219990 203531 207285
249715 199071 178477 214496
231538 183521 189788 213549
226747 185969 190994 214252
217097 185028 205924 207875
246328 194334 185056 199571
206075 196713 188359 218303
226649 190183 190678 204733
227735 185608 190987 212255
220479 179284 209133 203490
234086 184137 187338 200304
220588 209583 204717 192488
228117 198945 194914 189589
220269 190306 189743 219100
223455 188944 187849 212434
209379 185262 213151 206330
242660 201993 210184 179917
220567 192971 193832 207902
220310 196308 201205 194526
237919 195605 184376 209153
215014 193091 203324 196475
230113 186441 194554 197010
237807 202242 191656 193275
225931 184726 196846 191022
241189 201251 185414 193435
209038 203389 218381 198871
214603 209072 224521 186587
218340 201164 190184 200940
232243 205324 186790 198468
234175 202329 176369 225456
223807 189985 190496 212197
226401 179292 196970 201422
226727 191482 188280 204149
237291 191680 191968 196246
209736 202228 208285 203385
223756 206572 182228 219131
209312 195041 208799 203896
218394 187467 196086 195677
221807 206569 190108 195660
214053 182781 210173 214446
228152 191739 194590 198391
217537 201936 216470 186140
213637 192834 194293 209106
238180 190528 186563 200082
223206 194670 220694 189772
234290 196438 182794 208771
216793 203700 202716 193231
228470 196282 183575 211592
228515 188742 191046 201868
230414 191660 193789 197928
221003 189497 190880 204822
238473 184099 222072 195763
225919 188743 196289 194731
209397 202622 212240 197656
233213 190728 195157 190967
220679 200341 190772 201140
213943 186099 206603 212275
238290 203092 187252 195535
219815 196397 188368 206215
216352 187405 192862 218347
243491 181524 195175 194244
228818 191972 181880 214332
219874 186901 191799 219828
218213 192745 202301 198509
220533 187182 220613 192075
216922 184536 210217 208494
222592 180833 196735 203160
239786 194374 187763 197038
215442 185617 194512 225122
227339 203259 181684 215884
225917 181909 198743 202472
214740 189050 206401 201941
255344 195498 188997 191015
217903 195359 184331 212719
216696 194831 197217 199335
215253 185789 196048 204082
219722 201694 188914 202443
209321 195551 201058 204166
224873 190532 183050 211903
222383 209455 182237 213990
217542 186204 210054 203025
218316 187309 192636 213791
213449 195156 202099 196946
229650 180275 195121 202809
231348 190375 200276 188186
231423 190071 195160 190632
223163 198371 182345 204088
222549 202117 188601 200758
226034 181369 195721 197605
223217 185037 206801 197727
225046 184511 199097 196571
255280 195017 184473 194678
213527 202375 221745 190339
214172 188184 195645 204647
219859 200348 222138 189465
217543 186202 197954 202631
223861 196456 186824 206454
222266 207434 186693 202239
222438 191165 199228 194128
224960 191738 194731 195095
229007 194347 191900 197571
233080 194834 185206 197102
217818 200259 213107 190944
210777 193016 198467 200377
217828 187970 184600 219798
238767 198915 188824 192166
218217 181586 201826 200269
220264 191807 191707 212337
223396 180280 199142 211717
226147 194453 185088 208420
215250 184667 212186 204046
220226 187083 192047 214399
244759 191713 189339 197105
238758 197088 183315 197775
223336 194712 194947 190362
218266 193250 202504 196290
220433 187202 197252 200792
219674 198485 195962 196550
242681 195629 184501 203429
223956 192594 199016 190228
222204 197116 194872 194935
223847 193230 214461 189356
213381 185839 210040 206222
232737 193373 192821 199144
238002 185847 192201 198049
230180 195094 198965 186079
233954 188916 195641 193737
221458 181475 220667 202185
240133 197062 183606 201747
222000 198356 191935 202596
220771 182855 193035 199304
222238 191299 188805 199192
248441 206252 193432 186323
220677 204374 180927 226533
231041 199046 194906 186014
