270 16.0772
852018 671659 719665 745607
833514 646805 732857 754393
775941 725324 668049 787675
744950 799258 801690 665402
709939 785889 834012 747929
705758 758394 744426 849883
698996 847275 751609 768310
648073 770782 760429 806239
654532 767739 764666 808152
691393 768527 733308 845417
843530 671856 714807 746064
666082 794414 771666 782651
699944 758257 750228 836423
846800 661477 744968 733357
727959 845699 748453 772969
754402 770237 830828 682790
849249 685827 750414 717845
722543 752048 826110 712927
677322 771949 757107 824834
828689 722760 671855 783399
718521 783323 722196 837736
841476 648653 719390 755318
668355 780362 773279 795680
751792 822889 775842 667566
709228 789055 828001 701755
685801 765504 752730 834130
733802 843171 748971 767276
791876 739485 673687 771157
739103 838049 749686 767100
791081 727170 681639 772429
721971 800612 805028 700189
657122 781443 774063 791512
664076 771796 775556 801755
737820 842539 747377 768050
712785 785033 819629 707564
723840 777998 817240 681205
774458 736900 688472 779999
701587 835192 754736 778704
749105 820373 779351 668298
704537 784045 823060 752022
741725 812841 774805 684768
668678 795730 758022 773216
823734 665554 710188 758548
687635 769346 731858 842154
742673 821122 779907 673167
776961 723551 679525 791183
734889 744059 765120 814357
773398 728296 669838 785017
720025 779898 803378 712043
705233 757512 753356 844742
679834 786694 758927 780850
848264 662882 738232 743140
659282 769359 762757 819926
759829 748991 697359 808646
739743 839723 742435 764956
801375 693432 704180 751187
834921 666667 723057 737464
815148 715128 676425 797840
678259 795597 760026 797008
718948 840486 748836 774736
686467 758510 762386 807453
736993 798048 802413 666210
754524 769989 825171 679762
661743 781353 773368 792746
835676 650787 719075 754352
775173 792896 787049 674179
708523 792504 815796 708329
789528 722266 682994 787989
805146 672765 741995 779090
784948 715542 698298 806719
749944 816437 754243 763085
753671 811190 772432 677727
748237 813559 766070 695296
781210 730250 690514 776207
694575 752594 761418 839638
773990 796726 766535 680005
839430 694469 715705 724744
775534 786627 773799 692371
725996 794587 788909 691706
715001 748170 737619 817681
660761 763117 772113 816994
680643 779881 750627 843017
788453 705811 699345 810708
785766 734265 675752 783816
803853 690070 730956 741472
706722 827986 750740 785090
690025 785262 747815 815172
828889 654249 722400 750118
739244 777157 768224 698430
769450 784383 780095 674406
706370 830002 753083 784739
670602 770700 776250 800708
831313 668404 763827 726948
691992 769334 735604 843363
733397 799775 805680 666511
713015 805783 723293 826080
813350 656928 765377 755790
756807 762471 792296 702758
740734 797057 793599 683476
689331 775439 752908 825441
802990 716779 696479 802511
759314 790595 797600 675876
710038 756841 733493 818392
728810 834047 747051 770603
713366 752287 806978 720561
742207 745529 761842 814031
832437 698527 741948 720244
732054 767481 795392 707639
748809 754884 777223 703997
833938 700629 734933 719020
766382 703983 730433 813719
780166 729214 693271 782957
726296 798652 783097 700962
709409 788368 830275 713246
695938 836551 745889 817386
752310 753199 770631 794717
703535 769926 738411 827278
782051 699847 718642 788820
802482 731985 678765 777219
737956 832126 746963 769279
730963 760025 771182 786578
831550 667198 726387 740427
708300 786724 726639 832278
757081 740095 709848 774205
698067 777809 759910 804470
766943 749857 709336 799710
715554 811920 798025 707463
831205 652623 737086 751210
663446 778531 774272 790259
700060 826667 755667 777754
831040 647461 746021 749325
779712 710517 726653 790077
673297 763219 761460 802366
760926 723890 724731 809005
752832 787688 769788 688380
679618 766728 761287 803297
783422 691329 732496 727935
808468 691698 702143 750510
816561 697856 678530 788652
840727 677309 751798 723309
816796 699316 684684 788100
751059 774408 781358 687185
764863 761588 691292 812312
705860 770629 815490 766154
777813 685335 792454 785278
712951 775640 726157 830856
658165 773290 785671 805438
739634 774999 820821 694984
727158 750820 818350 710932
738317 738506 810213 718302
697649 764240 739701 841671
720510 806140 794718 720070
696688 806796 734005 819995
682604 768520 778431 793404
716685 799991 728572 809549
793671 690838 780721 729621
758086 746864 788392 702117
716034 778895 807721 715041
808971 734652 721076 731648
789687 733265 694655 772865
817504 701032 681280 781566
715004 821847 801628 708632
674900 782981 760519 770598
806150 714278 687486 810006
683832 762102 752774 832826
779456 713456 723808 799014
837042 651135 734437 753798
824326 679530 706021 748501
702997 760885 746717 828353
745930 832902 743412 762600
697725 764548 743071 840602
693324 778843 729556 841692
761568 789725 772440 678494
847834 688073 717427 725835
731683 751725 755056 816184
673075 774041 762928 795065
836220 663420 741167 736851
750395 797627 796483 678986
819730 697149 686207 778858
804640 706715 710604 738721
807981 705863 683700 775466
761671 804957 777915 677284
827316 675451 715861 742511
786392 732836 685632 780852
839159 676673 753504 722302
755787 741457 721812 768525
816077 733804 718918 730366
768659 759113 700055 787479
709189 765072 758068 811444
724191 809805 724007 814238
710970 777427 811625 767430
811144 719629 677477 800262
801672 722220 729012 721470
806590 713868 693764 798403
769299 755178 789601 696417
820094 709079 740490 722883
721035 801118 786229 718366
705068 803262 738052 816895
706673 795020 829244 708736
682169 791509 755835 792320
821964 712148 698843 775357
836888 664343 739370 740896
825998 696407 719931 729163
684870 773451 772750 794091
741317 776448 809719 698023
752040 746179 787894 752636
756179 773315 814391 686527
821123 678741 735272 727851
692032 772252 749696 824564
769871 734574 692876 771936
776666 785730 769242 689291
738349 728701 806627 713728
725456 806924 780779 688917
710442 817089 750860 760453
685202 760117 784500 792948
826530 658286 749282 748947
729278 814899 744175 795982
802421 699831 705011 751065
825258 747563 689999 752979
805876 670647 725174 745142
769234 770276 802251 689322
734139 832333 746275 775964
717482 772360 803932 706237
847545 673574 712376 740656
784706 682565 748069 771552
710952 824148 750054 774983
719173 829861 747323 782094
824382 659952 738693 756533
823266 669276 714571 754257
809967 681581 720397 739131
816006 675145 717219 755241
801746 711288 745652 720703
797583 677984 721400 741871
727914 840004 745021 773581
724779 804367 797713 686012
840522 653463 722486 751636
736154 795366 799409 670014
733061 797402 798734 669662
799461 711632 699621 805020
709024 776002 812904 762485
810061 663569 734897 759217
697065 772875 736197 820688
711735 788801 813504 726205
818558 717686 678702 786405
727338 775385 813925 703614
772694 727557 692403 792312
722759 796858 706856 828752
830006 684919 710918 747333
836260 702728 747576 715737
726914 812280 763086 764716
709295 776388 815034 760013
806556 680984 726238 736334
814992 667422 716283 770003
754255 791329 770161 686547
698842 778688 727542 823530
788800 731532 794242 711414
765525 754071 701792 760089
807727 680131 715215 747998
787161 717015 729755 735166
798620 676362 740464 762240
770814 742464 779148 729461
671581 772729 762320 798464
767266 764609 809052 681882
816761 707143 670907 790156
779127 765728 776643 685636
837553 658701 744017 734092
762280 760502 801206 701607
719533 801540 808823 690685
774876 736036 680248 773164
804886 692361 701080 744258
825444 674503 712425 744531
768549 782936 789922 676050
818118 669994 716835 757366
699083 763968 744060 839347
787717 721368 728816 734447
764456 703433 727134 817110
822540 714460 696880 757200
707806 783837 829385 760645
757910 808068 783596 667032
712341 825296 749690 792793
725059 788622 794404 697541
784469 689384 701525 753586
767196 753503 782186 715098
766771 750933 785352 717243
807156 683343 712089 747456
731375 790231 790939 685379
810561 684656 707873 753220
842123 671063 755403 710298
779781 722987 707492 756377
798950 719199 767780 711265
813990 705457 695716 791370
799395 719642 686732 791972
710455 790880 822427 705011
700622 801906 742340 813366
840025 715226 729696 716108
730237 814495 736051 794062
700143 815757 732275 800281
770180 766942 793137 677927
683512 761263 769567 796945
762051 787977 796285 681228
838787 660977 739601 737995
764158 756241 708893 796425
796984 695533 713196 751843
759467 791907 796856 671116
807586 721540 677723 800076
746841 792133 766585 694282
768208 748579 700282 773335
811538 707604 678921 784223
780687 725864 702980 778818
765638 756011 783637 699442
707481 769650 742729 827741
757519 707209 735930 776309
735305 821158 791302 682141
749208 802403 787934 679607
758809 770755 795805 690385
763566 704868 784807 743008
770487 706634 727879 809932
788993 686630 730087 746404
684549 781119 749685 806593
802202 728048 680797 775234
695533 807486 817789 732790
723894 782655 798679 671974
723735 787011 799643 698624
745696 759554 775236 723741
820253 687438 703806 757623
747903 783958 761079 705809
718945 779934 783006 731017
706168 825940 755426 781842
716080 793513 811111 689069
717619 771673 821229 714002
739854 779949 792560 687507
696419 774751 731560 829473
790115 725002 791356 706708
744221 827335 735735 775831
811754 721654 708234 735714
771321 742233 763821 722638
818790 676080 707129 762706
748252 794038 780491 683873
771648 686847 794064 790658
711054 819381 791981 709522
795002 736797 674312 775601
751043 793397 779589 671787
743964 801082 783977 695864
797719 718859 697169 798260
771835 737806 719522 701261
846937 680441 754530 708921
803865 768626 674829 750715
723329 784233 722821 822416
834492 665029 724963 742801
836981 730699 702878 738136
755637 805443 766692 687872
838322 687048 730432 715330
791787 686451 743390 730646
779364 793168 790736 670432
718113 777396 737200 818274
730015 747929 752311 822736
778283 697907 752051 741223
786000 718272 731898 739599
711433 786062 820961 699749
745204 819804 761956 715839
755059 739631 767376 731824
814404 679590 724314 735790
744828 726708 737873 807155
747106 809374 749571 789108
824690 747569 689276 752469
785884 718901 686020 804258
794165 721090 695017 761864
763917 703289 736424 761637
700589 804128 738824 819330
786854 701362 716124 748518
717417 819000 749861 774930
700586 800108 748231 812459
835797 735598 780040 704312
782828 729541 687062 778737
765913 767865 791853 696982
762455 740616 786749 727347
827107 653725 718366 763719
804903 689050 718049 734096
799983 712788 745008 719771
736032 762743 781606 728872
760588 756317 714204 770890
724398 818043 796894 704941
833997 683820 711672 746828
749397 791847 767125 693743
738090 776452 815792 691206
820680 656514 725600 757025
842255 658016 745542 733465
772419 732883 684904 791487
795174 743070 669890 775793
824132 655641 734394 768255
702339 797401 744319 814754
701891 763424 740792 833360
709700 766969 821851 750814
817801 664864 743174 754938
707368 835801 756049 776268
783757 772997 778716 677299
814911 714116 720152 716785
760123 782197 798536 683965
722054 759699 806171 751043
711990 799145 795885 717498
796213 670306 755382 766643
742974 736401 797215 732953
794378 684207 750018 743823
827865 655971 723580 749396
812593 670832 713767 763488
823604 680546 712970 743446
807986 724421 774353 710726
814240 674454 739395 732534
695904 771291 751690 830331
708979 808738 799841 719794
812151 683489 725269 737581
676280 779260 761363 795312
825731 657582 714724 751243
795689 712261 698659 800497
792446 684989 731598 760881
775922 727264 691093 801162
672057 777455 761091 797854
820548 734974 783357 701567
796794 733171 703049 747139
809323 655675 775885 756724
803601 718031 742935 721945
800332 676540 714399 774892
790682 684170 741061 769065
796137 720748 688807 770526
804139 712621 711191 732960
832806 732652 783834 705916
832564 702116 734527 723553
829487 678192 728128 741159
708756 779597 728255 813230
719583 796830 800196 701603
753858 766277 810829 694454
767677 746577 765602 733947
824077 691510 734535 724410
675378 765712 771349 796041
817984 717003 691767 764026
721755 807422 796977 703647
703868 771494 750512 821371
760253 741547 790479 725027
728640 781982 806840 694614
824641 720214 670256 788020
773786 705155 736308 789211
709850 772470 731557 821564
723461 750248 822913 711177
774411 716269 703602 784077
745540 779486 810665 682579
732429 811724 720409 787719
732437 781572 813315 693326
693776 770231 746735 830462
734833 772216 786407 714524
768699 745618 785003 721972
771797 782358 780615 676889
723162 754636 821099 714549
836028 648135 744141 749701
705357 768112 746897 822840
743713 747095 780026 762204
792648 722930 696184 770287
806144 708054 765622 727457
736606 752192 798843 706133
808375 695344 700852 742934
818984 710572 735701 725361
822739 688260 706416 755727
807911 692981 743557 725558
819479 663697 740994 757885
760154 709024 763614 745628
742895 763749 796514 705326
823527 659106 739698 749859
762860 802306 765677 696556
689517 762966 751104 833372
758776 807970 763399 696024
737198 781755 813110 690734
720381 783455 754955 805588
716003 789250 818025 693723
735663 816153 785855 687488
817291 689147 744586 727279
842749 678493 731796 727437
699990 807529 756067 768365
826779 669634 708499 760691
762315 696066 769697 769735
778165 694989 778217 762428
710772 818097 790399 709677
801453 688414 708427 764394
707448 818126 752515 784395
704236 769956 751518 823468
763036 797204 763367 685124
670692 787593 764137 796134
790152 724948 686872 766448
712921 787389 724224 811840
824952 736742 695293 747608
719194 772537 738835 816255
754523 739182 791689 720485
732732 743014 793444 711128
787202 724249 711886 746748
838448 692692 713877 727846
755623 803602 773967 685613
782798 685727 755596 739465
827879 737424 785615 698140
814062 726663 706358 733133
668554 762788 769390 815347
824989 673221 709418 761793
685809 783371 755006 803299
