7 3.50651
3.13942e+06 3.31175e+06 3.22252e+06 3.20249e+06
3.1587e+06 3.25067e+06 3.24444e+06 3.1202e+06
3.17006e+06 3.22165e+06 3.25631e+06 3.17355e+06
3.1717e+06 3.24024e+06 3.18604e+06 3.14331e+06
3.17406e+06 3.22789e+06 3.18596e+06 3.18841e+06
3.17679e+06 3.22293e+06 3.18401e+06 3.22508e+06
3.18191e+06 3.16801e+06 3.23958e+06 3.18895e+06
3.19943e+06 3.1729e+06 3.21611e+06 3.205e+06
3.20588e+06 3.23905e+06 3.14802e+06 3.18776e+06
3.21034e+06 3.18847e+06 3.2095e+06 3.14818e+06
3.23468e+06 3.19508e+06 3.19532e+06 3.15629e+06
3.23622e+06 3.22059e+06 3.15798e+06 3.17444e+06
3.24852e+06 3.1744e+06 3.1738e+06 3.21002e+06
3.25807e+06 3.20819e+06 3.2043e+06 3.11539e+06
3.26798e+06 3.20872e+06 3.25794e+06 3.11351e+06
3.29421e+06 3.24106e+06 3.2076e+06 3.09181e+06
3.1413e+06 3.25003e+06 3.15733e+06 3.15009e+06
3.15951e+06 3.1457e+06 3.25204e+06 3.24123e+06
3.1676e+06 3.21012e+06 3.17263e+06 3.26328e+06
3.17767e+06 3.17767e+06 3.17279e+06 3.19567e+06
3.17831e+06 3.2432e+06 3.18562e+06 3.15203e+06
3.18893e+06 3.23661e+06 3.16962e+06 3.18049e+06
3.19179e+06 3.25892e+06 3.13341e+06 3.22316e+06
3.24256e+06 3.19051e+06 3.18756e+06 3.17898e+06
3.25025e+06 3.20129e+06 3.19819e+06 3.15251e+06
3.30707e+06 3.12821e+06 3.19085e+06 3.2141e+06
3.15689e+06 3.17381e+06 3.18433e+06 3.23147e+06
3.16584e+06 3.23216e+06 3.19462e+06 3.1389e+06
3.18104e+06 3.1794e+06 3.13224e+06 3.24703e+06
3.18181e+06 3.21243e+06 3.2408e+06 3.16413e+06
3.19376e+06 3.19575e+06 3.25831e+06 3.17259e+06
3.20888e+06 3.17324e+06 3.22846e+06 3.16843e+06
3.2097e+06 3.22308e+06 3.15126e+06 3.22874e+06
3.21146e+06 3.18571e+06 3.20066e+06 3.18593e+06
3.22305e+06 3.18853e+06 3.20278e+06 3.17578e+06
3.22316e+06 3.16475e+06 3.19274e+06 3.24843e+06
3.22384e+06 3.27133e+06 3.17775e+06 3.10574e+06
3.22966e+06 3.1681e+06 3.19802e+06 3.15277e+06
3.23128e+06 3.22286e+06 3.15797e+06 3.17749e+06
3.24272e+06 3.21819e+06 3.16182e+06 3.1774e+06
3.25322e+06 3.17553e+06 3.25661e+06 3.13686e+06
3.2568e+06 3.2078e+06 3.15775e+06 3.16898e+06
3.26473e+06 3.21498e+06 3.19813e+06 3.12918e+06
3.26682e+06 3.25109e+06 3.23407e+06 3.08999e+06
3.27208e+06 3.15976e+06 3.23099e+06 3.16425e+06
3.15212e+06 3.21758e+06 3.14031e+06 3.27667e+06
3.16078e+06 3.17339e+06 3.22192e+06 3.23668e+06
3.17035e+06 3.20682e+06 3.22321e+06 3.17844e+06
3.17162e+06 3.21905e+06 3.25174e+06 3.16281e+06
3.17204e+06 3.20207e+06 3.23866e+06 3.17408e+06
3.17597e+06 3.1737e+06 3.21303e+06 3.1929e+06
3.17842e+06 3.16695e+06 3.20522e+06 3.20518e+06
3.18086e+06 3.19122e+06 3.16707e+06 3.19204e+06
3.18706e+06 3.19919e+06 3.18735e+06 3.16133e+06
3.19164e+06 3.197e+06 3.19158e+06 3.15748e+06
3.19725e+06 3.16393e+06 3.28448e+06 3.22118e+06
3.2093e+06 3.19017e+06 3.21658e+06 3.12299e+06
3.21757e+06 3.32556e+06 3.23679e+06 3.09245e+06
3.23925e+06 3.1743e+06 3.1712e+06 3.2141e+06
3.2407e+06 3.23646e+06 3.19507e+06 3.12878e+06
3.25187e+06 3.18249e+06 3.26031e+06 3.14941e+06
3.25191e+06 3.229e+06 3.15556e+06 3.18745e+06
3.25518e+06 3.14447e+06 3.21772e+06 3.21402e+06
3.25652e+06 3.25788e+06 3.1654e+06 3.14252e+06
3.27593e+06 3.15839e+06 3.17894e+06 3.16112e+06
3.14854e+06 3.18446e+06 3.23141e+06 3.19599e+06
3.1658e+06 3.21985e+06 3.21414e+06 3.18341e+06
3.16585e+06 3.17068e+06 3.20597e+06 3.22811e+06
3.16984e+06 3.1706e+06 3.19903e+06 3.26763e+06
3.18684e+06 3.20938e+06 3.18415e+06 3.15087e+06
3.18992e+06 3.20426e+06 3.17616e+06 3.14029e+06
3.19045e+06 3.22516e+06 3.16406e+06 3.18083e+06
3.21241e+06 3.24198e+06 3.14741e+06 3.20617e+06
3.21502e+06 3.22812e+06 3.25435e+06 3.11828e+06
3.21668e+06 3.2327e+06 3.17546e+06 3.1351e+06
3.218e+06 3.1698e+06 3.22845e+06 3.1998e+06
3.22186e+06 3.19614e+06 3.17558e+06 3.15777e+06
3.2237e+06 3.18253e+06 3.1573e+06 3.19419e+06
3.22377e+06 3.2171e+06 3.1417e+06 3.19642e+06
3.2268e+06 3.20057e+06 3.16999e+06 3.17402e+06
3.22774e+06 3.24648e+06 3.1436e+06 3.15291e+06
3.23501e+06 3.18614e+06 3.12482e+06 3.2121e+06
3.23701e+06 3.24989e+06 3.2296e+06 3.11728e+06
3.23776e+06 3.23359e+06 3.17303e+06 3.16227e+06
3.23938e+06 3.18339e+06 3.20341e+06 3.14998e+06
3.25427e+06 3.1466e+06 3.24186e+06 3.17106e+06
3.25896e+06 3.24008e+06 3.14131e+06 3.106e+06
3.26827e+06 3.22161e+06 3.21754e+06 3.11104e+06
3.2812e+06 3.21086e+06 3.21214e+06 3.06601e+06
3.30228e+06 3.24151e+06 3.2087e+06 3.08106e+06
3.13322e+06 3.19073e+06 3.22475e+06 3.19959e+06
3.14684e+06 3.2043e+06 3.20202e+06 3.2359e+06
3.15134e+06 3.19131e+06 3.1978e+06 3.23881e+06
3.17068e+06 3.16524e+06 3.18712e+06 3.26356e+06
3.1731e+06 3.17833e+06 3.24025e+06 3.1748e+06
3.17623e+06 3.21769e+06 3.19805e+06 3.1702e+06
3.1813e+06 3.23502e+06 3.16218e+06 3.23419e+06
3.18485e+06 3.19594e+06 3.26778e+06 3.17206e+06
3.18673e+06 3.14941e+06 3.29008e+06 3.20895e+06
3.18723e+06 3.17469e+06 3.1188e+06 3.24299e+06
3.18844e+06 3.16719e+06 3.29012e+06 3.1932e+06
3.18919e+06 3.17154e+06 3.22206e+06 3.17631e+06
3.18923e+06 3.20139e+06 3.20915e+06 3.15689e+06
3.19114e+06 3.22222e+06 3.16419e+06 3.17164e+06
3.19913e+06 3.23049e+06 3.23189e+06 3.10258e+06
3.19913e+06 3.1476e+06 3.24699e+06 3.24628e+06
3.20269e+06 3.13269e+06 3.28504e+06 3.17708e+06
3.2071e+06 3.20266e+06 3.15656e+06 3.20623e+06
3.21491e+06 3.2331e+06 3.14199e+06 3.22843e+06
3.21549e+06 3.2629e+06 3.14258e+06 3.15811e+06
3.21642e+06 3.1913e+06 3.14039e+06 3.20628e+06
3.22283e+06 3.21133e+06 3.21538e+06 3.12998e+06
3.22699e+06 3.19741e+06 3.19876e+06 3.1369e+06
3.23176e+06 3.20871e+06 3.1653e+06 3.17699e+06
3.23608e+06 3.23621e+06 3.15403e+06 3.17957e+06
3.24233e+06 3.16896e+06 3.17418e+06 3.27745e+06
3.2444e+06 3.18475e+06 3.1941e+06 3.15661e+06
3.15146e+06 3.18007e+06 3.24008e+06 3.18488e+06
3.1517e+06 3.238e+06 3.1617e+06 3.19307e+06
3.15637e+06 3.25794e+06 3.184e+06 3.11895e+06
3.16465e+06 3.17788e+06 3.18512e+06 3.19968e+06
3.16844e+06 3.21489e+06 3.17936e+06 3.22813e+06
3.17732e+06 3.2009e+06 3.16864e+06 3.18342e+06
3.17737e+06 3.17035e+06 3.24999e+06 3.19593e+06
3.18332e+06 3.1885e+06 3.1889e+06 3.19363e+06
3.18403e+06 3.26483e+06 3.1568e+06 3.20703e+06
3.18698e+06 3.16654e+06 3.23046e+06 3.24495e+06
3.18876e+06 3.25228e+06 3.12491e+06 3.22723e+06
3.19289e+06 3.19721e+06 3.17235e+06 3.1756e+06
3.20016e+06 3.13619e+06 3.23138e+06 3.1815e+06
3.20053e+06 3.24647e+06 3.15323e+06 3.23108e+06
3.20239e+06 3.17022e+06 3.199e+06 3.22378e+06
3.20936e+06 3.21191e+06 3.15356e+06 3.2155e+06
3.21074e+06 3.26304e+06 3.13947e+06 3.14926e+06
3.21311e+06 3.23524e+06 3.15406e+06 3.21384e+06
3.22016e+06 3.22617e+06 3.24987e+06 3.11242e+06
3.22371e+06 3.15708e+06 3.20668e+06 3.17182e+06
3.22808e+06 3.15511e+06 3.19196e+06 3.18658e+06
3.2294e+06 3.26244e+06 3.13315e+06 3.15601e+06
3.23104e+06 3.25298e+06 3.19752e+06 3.07411e+06
3.23853e+06 3.17234e+06 3.26973e+06 3.12324e+06
3.24458e+06 3.14553e+06 3.19872e+06 3.22494e+06
3.24609e+06 3.22635e+06 3.17388e+06 3.15625e+06
3.25796e+06 3.13473e+06 3.21973e+06 3.18233e+06
3.2662e+06 3.17734e+06 3.24346e+06 3.14656e+06
3.12809e+06 3.29418e+06 3.15447e+06 3.23542e+06
3.14296e+06 3.23346e+06 3.21774e+06 3.16997e+06
3.1605e+06 3.21441e+06 3.18661e+06 3.18949e+06
3.16633e+06 3.17914e+06 3.27913e+06 3.1129e+06
3.16788e+06 3.19128e+06 3.2126e+06 3.18684e+06
3.18432e+06 3.22945e+06 3.23445e+06 3.15981e+06
3.18607e+06 3.1743e+06 3.18752e+06 3.18694e+06
3.18717e+06 3.20182e+06 3.1989e+06 3.1603e+06
3.18831e+06 3.19635e+06 3.2024e+06 3.16274e+06
3.19365e+06 3.2656e+06 3.13256e+06 3.16058e+06
3.19776e+06 3.1895e+06 3.20566e+06 3.17035e+06
3.2071e+06 3.27425e+06 3.25857e+06 3.09685e+06
3.20733e+06 3.2687e+06 3.13343e+06 3.15543e+06
3.20917e+06 3.22142e+06 3.21799e+06 3.13648e+06
3.21047e+06 3.16195e+06 3.23564e+06 3.17243e+06
3.22626e+06 3.14964e+06 3.19754e+06 3.1888e+06
3.23818e+06 3.19228e+06 3.19714e+06 3.17369e+06
3.24618e+06 3.22651e+06 3.19218e+06 3.13967e+06
3.25478e+06 3.16161e+06 3.17817e+06 3.14856e+06
3.25887e+06 3.12389e+06 3.24114e+06 3.22521e+06
3.26318e+06 3.21731e+06 3.14617e+06 3.19098e+06
3.26816e+06 3.21513e+06 3.25363e+06 3.11289e+06
3.27136e+06 3.20122e+06 3.21578e+06 3.13128e+06
3.27235e+06 3.16006e+06 3.17236e+06 3.1545e+06
3.27388e+06 3.18452e+06 3.15567e+06 3.17478e+06
3.27619e+06 3.20722e+06 3.2458e+06 3.11991e+06
3.2881e+06 3.15339e+06 3.19845e+06 3.17819e+06
3.29316e+06 3.21197e+06 3.14076e+06 3.20306e+06
3.2992e+06 3.23717e+06 3.20451e+06 3.10043e+06
3.33612e+06 3.20505e+06 3.15257e+06 3.18192e+06
