3169 239.206
894219 645698 675489 647525
790708 553778 733977 765003
771213 733087 548557 772644
756665 808374 791906 549938
688887 903733 740143 691952
673636 712827 863012 625727
670720 694152 730063 887219
550277 770202 807856 783930
673358 718505 857427 629887
686478 717595 698511 881244
664095 723738 850205 615467
793838 578905 694703 756785
694635 701506 697297 877860
786765 574313 728937 764085
659274 727579 832280 608158
662840 738127 827743 610554
885437 682661 669791 630388
573488 776859 751933 818100
762556 724325 577852 759606
840659 651998 635594 686878
767347 724859 571412 769060
747191 833102 764170 591402
714388 834673 768033 720351
678835 723795 860348 611842
725296 855861 746485 674474
576090 766338 747411 815532
647272 794708 806165 769101
834169 675713 618081 710198
696342 847969 761727 724544
744997 837366 765641 593403
866156 662263 648606 671659
642390 698034 722003 843330
697997 900705 734890 693829
750669 732527 588885 758812
809419 689322 627475 733850
768634 723463 574887 762885
842930 629124 683289 645994
702990 888355 719395 696337
656776 696967 704635 820989
802121 688961 632482 734499
841668 684134 636583 670887
640377 699378 721840 843850
763547 804911 797323 552688
839076 664373 647002 666556
633369 709052 716813 856390
639564 710252 711959 862515
747707 780457 772133 588436
588619 754159 767551 796418
614200 737139 789512 809851
556265 777001 804428 783412
819319 692813 625013 724593
851418 656254 674581 648365
619467 755310 745399 789777
605077 791181 770074 774964
791196 603874 700580 728745
671444 722778 837199 620439
752715 746985 586882 772199
736722 749441 597249 771198
760959 738996 569240 771586
576836 792021 795190 778700
664115 735964 823874 613435
626001 743205 756986 822076
615857 742270 759530 806260
610338 737543 773552 802809
644954 712884 709377 859889
847797 639562 666182 688298
786188 713616 596900 760837
818047 681050 637689 702001
881491 660948 683854 638984
776108 597506 710683 742936
682970 744729 809671 615247
888868 654119 672457 636105
799535 700651 589637 770045
653697 704327 744176 834311
669072 721483 839253 623158
826255 665781 621310 713126
603450 784046 783565 776630
788362 570149 732908 750205
583082 757808 778639 806820
559333 775995 778960 796803
635364 703171 717919 853729
691651 828953 763570 744878
823675 680220 628424 735543
766496 723859 580618 761660
688216 715770 699510 874399
661287 754567 810539 634297
710589 718949 816503 634651
873145 654606 661368 642849
751160 778299 793253 577871
624052 761928 735350 807798
846556 674436 673117 657327
820280 631716 682490 658760
824335 663308 643966 689709
650370 710642 737737 835154
773503 718280 566226 763022
798127 580226 691978 761179
772205 611640 707067 726161
891331 652770 672379 637858
622914 718736 735996 855249
879850 661367 688641 635689
562716 778669 800354 772883
635521 708441 715662 837528
656178 730905 831418 606292
727245 768831 796431 640111
745909 726113 608929 765899
773220 606607 699021 760014
814507 595627 690419 727225
783924 565092 736451 755345
802521 679211 655918 721288
821402 693733 620021 713491
695174 864680 750493 695558
673860 734557 835284 599618
659457 745802 813422 628035
607917 773376 765210 780422
614614 741442 768876 825432
803280 685033 634575 740090
812864 696045 619276 748772
856757 637325 673613 655384
810657 587549 691600 754343
836207 682856 638756 685942
809912 602206 700012 722961
742079 740737 594782 782594
707729 786733 805332 719192
584546 749677 760374 846098
792560 584479 721309 740544
769140 730688 550732 779204
639380 704806 725345 851988
777789 598651 697809 739376
587189 787173 756627 803977
864078 616502 695983 641412
877452 625614 671615 668021
737135 823976 766647 604148
884124 656743 663787 637299
739281 839071 760433 602577
758764 726455 576195 757075
709440 718819 689715 873040
674955 717825 846953 631727
748381 734265 591260 776867
835482 691731 659494 656103
858351 638404 657784 661741
725568 788793 786571 572438
645966 795905 774402 768516
606478 767344 771183 784269
716689 862621 740848 681548
723033 851944 749695 673454
738332 753194 598350 770368
739789 751598 599382 769694
635207 705688 718986 850565
687563 865060 739797 705261
869842 658822 650873 674067
664363 740319 822160 623656
754985 722728 584483 784474
740735 793075 778021 579612
680887 892122 726777 710594
733670 823596 771610 596740
879087 672221 641187 672570
679916 739819 813920 626314
755647 811948 787218 551144
826832 692035 613875 730604
845506 618792 689568 663508
822414 679025 642585 691060
865800 667042 655447 657654
633903 709688 723016 849464
585780 784019 761297 803187
724106 800160 789038 582806
874219 671879 651690 652215
860826 633021 678232 644968
768050 731911 558603 781244
682256 728586 827082 601277
782361 615106 687964 736496
684689 694836 730985 864891
763846 780963 791232 567451
800810 558376 727842 762171
692842 878417 734988 711654
779486 594225 712740 748141
752544 800941 778408 561965
814031 634600 693854 676609
621222 755209 744382 773057
757086 729942 607011 755216
711453 714549 815234 649051
807295 678105 623453 763528
844383 650730 640258 697722
782797 613637 687491 737595
718081 860269 739276 696829
704835 898395 730426 690490
812632 676692 646083 688811
801307 683071 631282 745625
721011 858284 734173 683611
702043 872458 722922 714787
787793 555622 731355 754212
794661 564335 728518 773773
756549 735815 560298 781247
675810 894060 724523 704751
725894 846051 764628 692671
759901 801632 788462 556778
825018 661574 645850 692241
819140 697158 605261 738414
806830 589308 697061 735172
694643 875698 722734 707030
579549 759808 757682 827081
757364 733222 615333 752424
754430 738878 582168 783762
825798 698594 610603 737574
699041 730319 820309 633071
733842 748592 602488 763218
658004 722966 844908 616973
806032 712215 701831 706497
862700 649398 665300 658963
681076 729301 841608 598185
786826 592735 716998 751316
766348 781634 788374 565736
852038 621267 679519 669188
830493 642599 677037 665077
812498 584211 734881 747045
837869 621643 684924 668776
665366 726848 834777 611608
639795 722630 716224 833078
779387 732349 557172 774814
553441 779351 802581 790886
871200 646922 664247 659080
730060 741109 808478 717921
754709 799102 790297 555358
611692 756592 748265 790422
867458 669621 670529 649441
643891 706682 717739 847767
827426 660072 658405 699568
806303 694016 622162 725673
689938 690839 713158 864410
763311 797507 797942 553648
740242 803261 782513 558301
765686 821284 762860 606973
650943 702402 720196 839851
570028 761156 785005 791348
889564 645530 676484 637709
630451 706974 719021 856791
717580 840223 743522 708651
719616 827694 745030 767782
728117 787820 784457 568868
865120 633424 675510 655533
692824 885684 719108 696557
731658 783317 772522 592355
552368 772388 805045 789065
774422 610268 686699 769361
769786 608933 709039 742570
744904 790196 773870 563785
704342 843079 763570 709039
828798 623796 686359 662778
574371 745727 780010 800594
870582 635949 663138 664389
596115 758999 748645 831576
738585 853333 736183 699368
827994 687730 611633 728491
679735 716574 836109 600088
793715 600347 698173 724046
751754 809831 763110 654518
817573 685859 639898 715059
595724 770841 755561 787080
715767 718656 818580 628160
722016 797082 795682 582914
591179 752321 754715 813881
677939 711156 843622 618361
660238 690028 748897 844851
811005 602552 690780 730352
761517 727309 593145 749702
648978 702314 721345 840723
852624 616888 679178 677464
695629 722942 700442 866610
578443 758734 801542 798245
795579 595028 712443 732720
804746 591705 703639 738432
815904 665273 643276 660792
608566 746894 765461 814207
804362 679481 629997 716056
660313 743942 811765 612514
663585 748323 829586 602420
698730 816873 771512 751107
774155 719619 561928 777383
853089 655359 661979 660689
732150 768032 781836 701576
784683 608256 681244 726715
685408 727130 826157 601719
668051 718833 839807 629679
768334 612762 705990 741171
819871 694892 604458 738666
784816 605340 687778 729718
665982 719561 848353 625836
637185 712619 732240 829850
705336 881125 724958 700105
862609 636221 669640 670471
771065 716188 601587 774941
624527 761998 742678 805596
829439 626991 685439 681059
596688 758158 742853 836641
882079 651322 654828 643312
652786 707055 707659 827988
618065 747687 754334 799720
746792 782037 776667 569941
700046 895798 708290 697093
700777 893809 715142 700938
771658 733621 554775 768150
760332 788207 765972 575364
728001 844302 763799 692647
741326 806314 777649 587193
731683 784376 809202 586371
780665 723878 563664 775709
848901 645067 647643 691492
833592 647760 683932 651693
575256 771648 785311 781036
598343 766915 750495 813533
708849 750126 799007 649699
798272 561557 712005 768706
822570 630389 694429 668856
617861 739837 764075 801639
686242 730051 699243 869071
861803 627817 698735 642614
832675 639976 664444 684644
629026 756495 729561 799824
859376 626797 693507 645626
770705 734167 551745 779113
669633 746636 824840 600878
807659 586498 697234 739366
709992 866516 730474 711550
644401 696601 711250 859552
742972 785196 792564 577073
796238 590519 708734 735938
594923 775322 753946 786121
561171 779600 801809 787167
601127 748181 743001 791653
793518 684478 653023 726462
768950 733037 553041 774698
868578 654557 651845 678207
745607 801698 781248 559103
557658 776459 789506 787861
799789 571582 692775 769478
785625 562420 734891 761668
816687 662867 667172 733491
676547 713043 843091 621735
780421 590993 710623 757733
660538 721153 844846 623860
706027 879826 723236 699607
749129 772877 795833 571983
854653 663597 654497 676207
781591 581828 730558 752550
668770 724972 862116 615291
758290 802886 798034 554858
855000 671651 657120 657492
849759 631731 666884 677287
657168 730049 849250 625434
743013 763551 807414 631488
729429 830129 754271 740836
832553 626367 662496 694183
682592 885194 720459 698746
712586 867817 724154 700491
831366 683265 619697 744251
757870 764682 800842 580820
857288 644758 680087 650560
688818 720456 701203 869822
597340 765260 739997 832425
571222 758654 775783 804577
855765 668671 680970 635919
743399 841700 767380 595267
707090 850633 734838 700251
726608 861707 737418 676828
845419 650502 674997 659885
581686 793475 756479 795018
652769 702083 718487 840539
627641 785926 732042 797512
843395 627568 684147 666155
815119 686818 624464 748608
789726 568200 730287 768038
847630 648310 670118 672603
677528 889782 732702 703035
672477 735491 820771 605593
797154 807713 764302 698629
756306 813323 758324 665101
690646 874671 742401 677626
734403 819164 749183 741324
731056 810998 767139 604583
790202 566450 728379 766835
704768 877035 727400 693420
715320 715684 690972 866059
636344 704962 729055 847277
828363 687035 610150 731273
854227 644528 660185 674073
760126 798259 787549 559975
816606 694958 616996 743834
706734 840298 762490 729652
766238 738762 555221 771867
769401 720184 569690 775500
790642 560125 729471 770334
818647 659037 703013 675447
571497 770184 780640 782139
826264 653099 670679 683010
794343 557177 730040 757237
716876 750967 801407 640383
766038 736406 564553 767276
723729 805417 787220 585028
725948 815659 757098 751842
688130 882133 713899 702284
790437 748343 650123 747216
564324 762620 794573 783555
863506 622515 683058 659252
689892 873263 738615 679213
743976 774648 791577 581381
717413 822061 771242 731856
651152 737906 714504 842315
753911 723899 592585 762500
705893 857237 760302 717431
858841 657656 668340 656446
682397 715777 840580 619311
830950 623421 702500 675119
746124 819120 760457 653879
706874 896084 726449 693032
778822 810425 752756 702379
883216 664661 680324 631569
550358 774074 805659 785820
705862 826759 782310 710983
667057 724884 848698 616106
597875 751916 776987 793385
775365 601024 692793 741015
877216 641814 694622 644402
713848 831294 774860 734853
746767 781836 775482 574028
590763 768581 740777 804449
714041 849375 753306 720091
702990 883499 724053 699212
706268 859142 726765 727969
876695 643249 664449 649194
580889 760322 748855 829743
568038 772579 789902 778886
639026 705237 714383 848410
713633 717230 821314 633529
700745 862355 733315 716467
891134 646099 674947 644418
711188 849432 726221 702415
611737 745445 798479 786422
593800 753328 753091 810641
671791 744989 819363 594951
807993 672786 655569 741862
627398 736910 769258 827054
598952 788329 784073 777369
756857 729312 584182 773941
693463 729219 818898 636346
730820 785641 772861 641904
555000 766596 788866 788250
656687 708720 704232 826093
561001 766121 783203 792736
764296 764509 778596 717241
680265 712113 840988 633886
700017 890188 726655 691696
600891 749631 761376 842426
677758 742989 843031 596329
654575 725365 846138 628124
857828 619403 696550 642747
834072 685241 616876 734242
742074 825379 766412 606865
687752 719948 699277 870654
711585 869165 723952 714102
677830 723964 833794 621152
716305 819626 771415 753254
775573 731432 565390 767906
849410 654222 671869 653079
742145 818247 759078 732329
781907 598610 700083 745833
728636 825796 769419 597655
715900 831236 751735 741717
581602 762992 745782 828673
808310 668289 668234 703299
719368 852574 739290 685873
638299 711069 743094 824071
875777 624238 673492 675820
690814 899416 734078 696717
629732 701218 728091 858368
592839 767923 745806 811310
793012 567417 724267 755125
788773 572312 728956 763199
752829 814944 756311 664586
670368 742493 815919 598071
638412 707920 744535 823976
755978 729216 611898 754085
566727 789854 790940 786518
858626 668245 687115 643948
743950 807381 769773 594117
835836 643214 660286 679961
703760 869663 732436 691906
751866 779248 782528 584516
566482 758983 766543 801200
594041 778786 766841 795358
630366 702427 715300 857977
817639 705649 613140 736159
629591 813456 794321 758067
793397 554418 731152 765651
598703 776630 740721 823172
747159 796959 793020 560260
868657 627358 669003 668872
744776 779413 792738 571739
794323 582202 693769 769803
845692 622786 678154 675811
875648 657478 663408 641532
744143 806582 776678 562855
