328 0.887849
152445 156195 168613 157912
153597 165279 156069 163165
154862 163640 162082 167003
155482 161786 155757 168957
156568 157740 175522 153694
156685 149320 168053 153343
158510 161249 166911 166619
158691 163009 161873 164126
159005 159270 167711 160725
159728 172326 159226 142010
159768 157460 164180 154409
160129 157322 163597 160623
162487 157275 167805 150329
163071 156654 161179 170042
163246 171124 158663 157052
163529 164651 144290 155910
164653 162536 173024 146609
164946 167920 132995 173484
165346 151618 180323 151121
167866 138758 160285 169361
168791 168168 158801 150849
169689 157128 161290 156155
170254 155909 161182 163329
170429 153964 165032 163420
171003 155582 162737 157618
172453 172146 157839 147465
173457 149224 160003 152109
174315 161216 158621 160997
174710 155092 180483 141651
175927 144449 158240 165799
178204 165290 138895 161874
188875 162137 152198 170592
162717 168515 155496 170383
177169 173059 156875 153663
159151 157690 165734 166030
170088 155145 165880 158509
164959 164617 158531 156973
155081 169925 159616 147891
157900 159033 169819 148167
180050 152721 168880 137837
151960 165872 170136 163362
172513 152688 155026 172193
158552 169744 152298 177460
154194 168004 167434 162610
169421 176512 154560 151402
161156 157280 160088 148361
155185 163345 168141 158294
172759 155153 161014 159473
175445 169666 171540 144383
173513 171844 190422 138395
180211 164181 149410 159739
156815 159427 166249 168241
158428 177389 155942 153257
170958 151526 164340 166238
168797 153655 167130 155639
174099 164382 157256 153816
162551 157135 152686 174166
171664 163798 151106 166467
180487 155662 155524 162315
159938 165224 159508 150052
180907 152511 155755 160788
172013 162104 155272 160254
168045 153732 163310 168211
156084 166759 163961 161426
158068 166118 168071 147506
