2466 758.234
1.74729e+06 1.40293e+06 1.5301e+06 1.46362e+06
1.62128e+06 1.54151e+06 1.2683e+06 1.62951e+06
1.5854e+06 1.57333e+06 1.54534e+06 1.3193e+06
1.56824e+06 1.26839e+06 1.60608e+06 1.61555e+06
1.51595e+06 1.76497e+06 1.39702e+06 1.51531e+06
1.5053e+06 1.51381e+06 1.72879e+06 1.46911e+06
1.46166e+06 1.42586e+06 1.44471e+06 1.7694e+06
1.29416e+06 1.55526e+06 1.60883e+06 1.56068e+06
1.51952e+06 1.75306e+06 1.40343e+06 1.51264e+06
1.50286e+06 1.51876e+06 1.71978e+06 1.45522e+06
1.52765e+06 1.3178e+06 1.59096e+06 1.63775e+06
1.63932e+06 1.46672e+06 1.55521e+06 1.42305e+06
1.46995e+06 1.3713e+06 1.63286e+06 1.60314e+06
1.50693e+06 1.71323e+06 1.35521e+06 1.55892e+06
1.4463e+06 1.4439e+06 1.46882e+06 1.72271e+06
1.58305e+06 1.51204e+06 1.55694e+06 1.37893e+06
1.36618e+06 1.46373e+06 1.65863e+06 1.55754e+06
1.50934e+06 1.54532e+06 1.68803e+06 1.44754e+06
1.4345e+06 1.4528e+06 1.46127e+06 1.74096e+06
1.51076e+06 1.6964e+06 1.36089e+06 1.5669e+06
1.29984e+06 1.53875e+06 1.61704e+06 1.54503e+06
1.35313e+06 1.50294e+06 1.66293e+06 1.53605e+06
1.45766e+06 1.43801e+06 1.45257e+06 1.76091e+06
1.38673e+06 1.48945e+06 1.57296e+06 1.54792e+06
1.39399e+06 1.51688e+06 1.60227e+06 1.47141e+06
1.46205e+06 1.43822e+06 1.43179e+06 1.76662e+06
1.45302e+06 1.45131e+06 1.43893e+06 1.76212e+06
1.53467e+06 1.51562e+06 1.33944e+06 1.59569e+06
1.34706e+06 1.49843e+06 1.67078e+06 1.53836e+06
1.37214e+06 1.46271e+06 1.6485e+06 1.56755e+06
1.51383e+06 1.56477e+06 1.35773e+06 1.65332e+06
1.48346e+06 1.69924e+06 1.39086e+06 1.53047e+06
1.57368e+06 1.49794e+06 1.50131e+06 1.39259e+06
1.40004e+06 1.53792e+06 1.57675e+06 1.50611e+06
1.54891e+06 1.50639e+06 1.34322e+06 1.59886e+06
1.51974e+06 1.55162e+06 1.37063e+06 1.66608e+06
1.56848e+06 1.57654e+06 1.4768e+06 1.41398e+06
1.36351e+06 1.49935e+06 1.57711e+06 1.50887e+06
1.56923e+06 1.57123e+06 1.50586e+06 1.35922e+06
1.54015e+06 1.36718e+06 1.56683e+06 1.64206e+06
1.4925e+06 1.44312e+06 1.48556e+06 1.66942e+06
1.50568e+06 1.64811e+06 1.4081e+06 1.52853e+06
1.31447e+06 1.55573e+06 1.59965e+06 1.55009e+06
1.548e+06 1.30813e+06 1.57061e+06 1.612e+06
1.44726e+06 1.431e+06 1.45679e+06 1.75342e+06
1.51452e+06 1.74842e+06 1.39136e+06 1.52186e+06
1.55871e+06 1.60742e+06 1.51918e+06 1.34721e+06
1.56249e+06 1.33853e+06 1.57353e+06 1.57291e+06
1.33055e+06 1.56124e+06 1.59338e+06 1.54583e+06
1.53692e+06 1.47994e+06 1.7159e+06 1.46108e+06
1.51629e+06 1.74627e+06 1.384e+06 1.52502e+06
1.54994e+06 1.63272e+06 1.42216e+06 1.55312e+06
1.52608e+06 1.31313e+06 1.62723e+06 1.58861e+06
1.37005e+06 1.51824e+06 1.60636e+06 1.50284e+06
1.55167e+06 1.50806e+06 1.33594e+06 1.60594e+06
1.59136e+06 1.54839e+06 1.51259e+06 1.35065e+06
1.47558e+06 1.43235e+06 1.44125e+06 1.7423e+06
1.48257e+06 1.44912e+06 1.45532e+06 1.68008e+06
1.45683e+06 1.44264e+06 1.44476e+06 1.71055e+06
1.54688e+06 1.61711e+06 1.45058e+06 1.57363e+06
1.63417e+06 1.48689e+06 1.5568e+06 1.39893e+06
1.44805e+06 1.45717e+06 1.43336e+06 1.73846e+06
1.50295e+06 1.52335e+06 1.72521e+06 1.45431e+06
1.59809e+06 1.5504e+06 1.31558e+06 1.58101e+06
1.40383e+06 1.51715e+06 1.59684e+06 1.46789e+06
1.56302e+06 1.34368e+06 1.58637e+06 1.56992e+06
1.43293e+06 1.6117e+06 1.51545e+06 1.47882e+06
1.51778e+06 1.7304e+06 1.38523e+06 1.53294e+06
1.54771e+06 1.53149e+06 1.51266e+06 1.36634e+06
1.49631e+06 1.73356e+06 1.36314e+06 1.54054e+06
1.50762e+06 1.33034e+06 1.63153e+06 1.59865e+06
1.60196e+06 1.54694e+06 1.4748e+06 1.40894e+06
1.6112e+06 1.51705e+06 1.29544e+06 1.61804e+06
1.4971e+06 1.73641e+06 1.39222e+06 1.52133e+06
1.45188e+06 1.66842e+06 1.42379e+06 1.56096e+06
1.72431e+06 1.42687e+06 1.46718e+06 1.51986e+06
1.33236e+06 1.49921e+06 1.66622e+06 1.55822e+06
1.44444e+06 1.45231e+06 1.46637e+06 1.72632e+06
1.52442e+06 1.3153e+06 1.61829e+06 1.58677e+06
1.31779e+06 1.51554e+06 1.61295e+06 1.56989e+06
1.68084e+06 1.43027e+06 1.49438e+06 1.50052e+06
1.66696e+06 1.40694e+06 1.52237e+06 1.5117e+06
1.34915e+06 1.50898e+06 1.65896e+06 1.53668e+06
1.51275e+06 1.7423e+06 1.38174e+06 1.52964e+06
1.46801e+06 1.42638e+06 1.42947e+06 1.74748e+06
1.46739e+06 1.42903e+06 1.42668e+06 1.7445e+06
1.51833e+06 1.71731e+06 1.37656e+06 1.55075e+06
1.5572e+06 1.28031e+06 1.57934e+06 1.60787e+06
1.55646e+06 1.29283e+06 1.56903e+06 1.61505e+06
1.52666e+06 1.33538e+06 1.59212e+06 1.60583e+06
1.30321e+06 1.54568e+06 1.615e+06 1.54363e+06
1.44983e+06 1.46498e+06 1.44936e+06 1.72863e+06
1.56369e+06 1.50981e+06 1.30017e+06 1.62216e+06
1.46618e+06 1.42456e+06 1.45447e+06 1.75606e+06
1.73645e+06 1.39219e+06 1.5261e+06 1.48288e+06
1.53768e+06 1.51013e+06 1.33354e+06 1.58724e+06
1.6997e+06 1.41844e+06 1.49998e+06 1.49827e+06
1.53197e+06 1.29918e+06 1.58094e+06 1.60885e+06
1.51524e+06 1.66599e+06 1.38875e+06 1.52113e+06
1.35661e+06 1.47246e+06 1.65071e+06 1.55954e+06
1.4778e+06 1.67294e+06 1.4002e+06 1.54339e+06
1.42535e+06 1.58552e+06 1.55359e+06 1.50414e+06
1.38366e+06 1.48939e+06 1.60325e+06 1.49996e+06
1.63681e+06 1.49351e+06 1.55219e+06 1.39515e+06
1.52294e+06 1.53583e+06 1.6905e+06 1.43568e+06
1.51258e+06 1.71489e+06 1.35251e+06 1.55565e+06
1.4803e+06 1.47411e+06 1.70084e+06 1.48659e+06
1.43828e+06 1.44011e+06 1.46563e+06 1.75067e+06
1.5291e+06 1.49628e+06 1.68314e+06 1.45909e+06
1.53017e+06 1.3618e+06 1.59479e+06 1.58181e+06
1.46044e+06 1.37484e+06 1.64037e+06 1.59531e+06
1.44051e+06 1.48498e+06 1.49056e+06 1.69944e+06
1.49413e+06 1.7114e+06 1.40677e+06 1.5254e+06
1.60554e+06 1.54073e+06 1.54064e+06 1.32638e+06
1.48546e+06 1.44532e+06 1.47253e+06 1.69283e+06
1.4555e+06 1.47189e+06 1.45746e+06 1.71121e+06
1.40953e+06 1.59915e+06 1.54679e+06 1.49223e+06
1.56596e+06 1.58755e+06 1.54182e+06 1.34615e+06
1.54716e+06 1.50582e+06 1.33038e+06 1.61121e+06
1.56995e+06 1.27111e+06 1.60862e+06 1.61397e+06
1.45423e+06 1.3855e+06 1.6371e+06 1.604e+06
1.50831e+06 1.68152e+06 1.37939e+06 1.57476e+06
1.48652e+06 1.48218e+06 1.69497e+06 1.49249e+06
1.6011e+06 1.52675e+06 1.28077e+06 1.62686e+06
1.47492e+06 1.37519e+06 1.65341e+06 1.58264e+06
1.59915e+06 1.5357e+06 1.3174e+06 1.57605e+06
1.61445e+06 1.53993e+06 1.27476e+06 1.63859e+06
1.34504e+06 1.49101e+06 1.64478e+06 1.54078e+06
1.55774e+06 1.2773e+06 1.58178e+06 1.60509e+06
1.4892e+06 1.64214e+06 1.43972e+06 1.56845e+06
1.55795e+06 1.54477e+06 1.50932e+06 1.3891e+06
1.74256e+06 1.40585e+06 1.53357e+06 1.47485e+06
1.56103e+06 1.27457e+06 1.61085e+06 1.61607e+06
1.57178e+06 1.27357e+06 1.60143e+06 1.60712e+06
1.61261e+06 1.53075e+06 1.53085e+06 1.37084e+06
1.40767e+06 1.6098e+06 1.54533e+06 1.48048e+06
1.54313e+06 1.48155e+06 1.68504e+06 1.47953e+06
1.56366e+06 1.51996e+06 1.53783e+06 1.37476e+06
1.58153e+06 1.50182e+06 1.3114e+06 1.61742e+06
1.45859e+06 1.43303e+06 1.44003e+06 1.76684e+06
1.59148e+06 1.52938e+06 1.35033e+06 1.57792e+06
1.66171e+06 1.40762e+06 1.51858e+06 1.508e+06
1.57852e+06 1.5799e+06 1.53186e+06 1.33547e+06
1.37444e+06 1.49787e+06 1.60446e+06 1.49517e+06
1.60016e+06 1.48235e+06 1.54194e+06 1.4117e+06
1.62378e+06 1.46283e+06 1.55122e+06 1.44316e+06
1.42083e+06 1.60166e+06 1.56934e+06 1.46175e+06
1.62003e+06 1.54451e+06 1.26894e+06 1.63455e+06
1.48942e+06 1.4301e+06 1.46227e+06 1.67645e+06
1.51913e+06 1.68452e+06 1.38789e+06 1.52217e+06
1.64128e+06 1.49055e+06 1.52049e+06 1.42498e+06
1.74514e+06 1.40111e+06 1.52781e+06 1.46879e+06
1.57708e+06 1.50776e+06 1.30207e+06 1.61474e+06
1.50516e+06 1.51995e+06 1.70596e+06 1.45608e+06
1.59688e+06 1.51138e+06 1.28941e+06 1.64888e+06
1.44241e+06 1.47007e+06 1.46842e+06 1.72821e+06
1.5903e+06 1.52783e+06 1.29201e+06 1.6195e+06
1.50159e+06 1.6711e+06 1.39608e+06 1.52594e+06
1.41699e+06 1.59352e+06 1.55378e+06 1.48825e+06
1.3276e+06 1.57255e+06 1.58905e+06 1.5482e+06
1.53977e+06 1.35096e+06 1.59131e+06 1.59385e+06
1.60824e+06 1.54251e+06 1.494e+06 1.35257e+06
1.4909e+06 1.43409e+06 1.44774e+06 1.69768e+06
1.54224e+06 1.32088e+06 1.58461e+06 1.58214e+06
1.61351e+06 1.52809e+06 1.28489e+06 1.62042e+06
1.6689e+06 1.40373e+06 1.51126e+06 1.50969e+06
1.4886e+06 1.48555e+06 1.70272e+06 1.47405e+06
1.50067e+06 1.68771e+06 1.3664e+06 1.55271e+06
1.50796e+06 1.70121e+06 1.38266e+06 1.54668e+06
1.49468e+06 1.72058e+06 1.37645e+06 1.5513e+06
1.5339e+06 1.52165e+06 1.34807e+06 1.60445e+06
1.44907e+06 1.43763e+06 1.46606e+06 1.71965e+06
1.35203e+06 1.47967e+06 1.65166e+06 1.56276e+06
1.70422e+06 1.46226e+06 1.50435e+06 1.47776e+06
1.3071e+06 1.54182e+06 1.61006e+06 1.53346e+06
1.58943e+06 1.65003e+06 1.39475e+06 1.56511e+06
1.72733e+06 1.39692e+06 1.53163e+06 1.48458e+06
1.33688e+06 1.49752e+06 1.66667e+06 1.56511e+06
1.44539e+06 1.49169e+06 1.46057e+06 1.70691e+06
1.64226e+06 1.56283e+06 1.48525e+06 1.36369e+06
1.58702e+06 1.47767e+06 1.54406e+06 1.64707e+06
1.56334e+06 1.28287e+06 1.60891e+06 1.59722e+06
1.45995e+06 1.45592e+06 1.47094e+06 1.70561e+06
1.33462e+06 1.50185e+06 1.63023e+06 1.54314e+06
1.46865e+06 1.69091e+06 1.41723e+06 1.54177e+06
1.52935e+06 1.58093e+06 1.37195e+06 1.63376e+06
1.74334e+06 1.39802e+06 1.52419e+06 1.49125e+06
1.35879e+06 1.45593e+06 1.64289e+06 1.5724e+06
1.50699e+06 1.67882e+06 1.39301e+06 1.577e+06
1.66369e+06 1.41838e+06 1.50318e+06 1.50209e+06
1.68351e+06 1.41669e+06 1.51497e+06 1.49391e+06
1.47063e+06 1.708e+06 1.39906e+06 1.58386e+06
1.54022e+06 1.51524e+06 1.32623e+06 1.59653e+06
1.47742e+06 1.46937e+06 1.43404e+06 1.7308e+06
1.5899e+06 1.57482e+06 1.53212e+06 1.32116e+06
1.65307e+06 1.41079e+06 1.51348e+06 1.51845e+06
1.36056e+06 1.4782e+06 1.58201e+06 1.52348e+06
1.55546e+06 1.51192e+06 1.32022e+06 1.60294e+06
1.39662e+06 1.51626e+06 1.59689e+06 1.47225e+06
1.47894e+06 1.47928e+06 1.6982e+06 1.49169e+06
1.49666e+06 1.62416e+06 1.45895e+06 1.58564e+06
1.41403e+06 1.46836e+06 1.65522e+06 1.54065e+06
1.58803e+06 1.58913e+06 1.40403e+06 1.56248e+06
1.4634e+06 1.46569e+06 1.42384e+06 1.74591e+06
1.58617e+06 1.57648e+06 1.52919e+06 1.33124e+06
1.48537e+06 1.69359e+06 1.35858e+06 1.5893e+06
1.50391e+06 1.74124e+06 1.3926e+06 1.5168e+06
1.47174e+06 1.66744e+06 1.41125e+06 1.52736e+06
1.60908e+06 1.55748e+06 1.27874e+06 1.61837e+06
1.71504e+06 1.43207e+06 1.54232e+06 1.47754e+06
1.3428e+06 1.49848e+06 1.63831e+06 1.54124e+06
1.57543e+06 1.58848e+06 1.53629e+06 1.33272e+06
1.48441e+06 1.43696e+06 1.4641e+06 1.71755e+06
1.58412e+06 1.57273e+06 1.53288e+06 1.32235e+06
1.5593e+06 1.28924e+06 1.58867e+06 1.59836e+06
1.4398e+06 1.44942e+06 1.47543e+06 1.71369e+06
1.59671e+06 1.55418e+06 1.28967e+06 1.60982e+06
1.54462e+06 1.36462e+06 1.56426e+06 1.65055e+06
1.44362e+06 1.69432e+06 1.42505e+06 1.56031e+06
1.62268e+06 1.45911e+06 1.56208e+06 1.44497e+06
1.40475e+06 1.5272e+06 1.5698e+06 1.51504e+06
1.32545e+06 1.50383e+06 1.63606e+06 1.54295e+06
1.61049e+06 1.56393e+06 1.47604e+06 1.40101e+06
1.56695e+06 1.30469e+06 1.56262e+06 1.60942e+06
1.51724e+06 1.62193e+06 1.4447e+06 1.55657e+06
1.67404e+06 1.43596e+06 1.49816e+06 1.4933e+06
1.61708e+06 1.53304e+06 1.52875e+06 1.35778e+06
1.59044e+06 1.52546e+06 1.28412e+06 1.62116e+06
1.43677e+06 1.44662e+06 1.46941e+06 1.71631e+06
1.54985e+06 1.29597e+06 1.58243e+06 1.61625e+06
1.52481e+06 1.54022e+06 1.67695e+06 1.4383e+06
1.62613e+06 1.56296e+06 1.2727e+06 1.62882e+06
1.49274e+06 1.62765e+06 1.44658e+06 1.54954e+06
1.47498e+06 1.37687e+06 1.62951e+06 1.5939e+06
1.72965e+06 1.4206e+06 1.50698e+06 1.47706e+06
1.49911e+06 1.43868e+06 1.48426e+06 1.67216e+06
1.41228e+06 1.46785e+06 1.65792e+06 1.53956e+06
1.4656e+06 1.42772e+06 1.48333e+06 1.70825e+06
1.57281e+06 1.55087e+06 1.32488e+06 1.58503e+06
1.4934e+06 1.7238e+06 1.37326e+06 1.53382e+06
1.59539e+06 1.56421e+06 1.52525e+06 1.32698e+06
1.39817e+06 1.51247e+06 1.59843e+06 1.47176e+06
1.69237e+06 1.40959e+06 1.51423e+06 1.49033e+06
1.42811e+06 1.5906e+06 1.56143e+06 1.46553e+06
1.39055e+06 1.46895e+06 1.6234e+06 1.5226e+06
1.48202e+06 1.6854e+06 1.38077e+06 1.59671e+06
1.55247e+06 1.28487e+06 1.59048e+06 1.61287e+06
1.50524e+06 1.70792e+06 1.36457e+06 1.55642e+06
1.61595e+06 1.53748e+06 1.26982e+06 1.63228e+06
1.52849e+06 1.60511e+06 1.41456e+06 1.61438e+06
1.51327e+06 1.32339e+06 1.6271e+06 1.59195e+06
1.63563e+06 1.49055e+06 1.52147e+06 1.41836e+06
1.47595e+06 1.4835e+06 1.48896e+06 1.68438e+06
1.64137e+06 1.48632e+06 1.56513e+06 1.40632e+06
1.48801e+06 1.72612e+06 1.37406e+06 1.54997e+06
1.43074e+06 1.5975e+06 1.56198e+06 1.4604e+06
1.48852e+06 1.65578e+06 1.41042e+06 1.58041e+06
1.29688e+06 1.54594e+06 1.60292e+06 1.55144e+06
1.52626e+06 1.35571e+06 1.5722e+06 1.5946e+06
1.5552e+06 1.32756e+06 1.57026e+06 1.57754e+06
1.5782e+06 1.56875e+06 1.50868e+06 1.35423e+06
1.54131e+06 1.63604e+06 1.42092e+06 1.55604e+06
1.53663e+06 1.49078e+06 1.71084e+06 1.46311e+06
1.50139e+06 1.73867e+06 1.39422e+06 1.51763e+06
1.493e+06 1.67543e+06 1.40432e+06 1.53947e+06
1.68607e+06 1.412e+06 1.51638e+06 1.49446e+06
1.5417e+06 1.63711e+06 1.43582e+06 1.52388e+06
1.577e+06 1.55318e+06 1.48029e+06 1.39666e+06
1.51217e+06 1.66225e+06 1.38511e+06 1.54762e+06
1.51152e+06 1.51533e+06 1.53806e+06 1.65613e+06
1.7074e+06 1.4006e+06 1.53026e+06 1.48557e+06
1.42679e+06 1.45968e+06 1.65693e+06 1.52972e+06
1.35611e+06 1.46629e+06 1.64671e+06 1.56516e+06
1.60704e+06 1.52832e+06 1.32936e+06 1.57188e+06
1.53907e+06 1.29686e+06 1.57985e+06 1.60094e+06
1.73393e+06 1.38156e+06 1.53227e+06 1.47724e+06
1.6286e+06 1.50209e+06 1.30812e+06 1.65307e+06
1.50194e+06 1.64615e+06 1.41951e+06 1.53737e+06
1.53312e+06 1.56645e+06 1.34689e+06 1.57628e+06
1.49066e+06 1.42699e+06 1.46088e+06 1.70157e+06
1.61817e+06 1.49282e+06 1.53838e+06 1.42708e+06
1.72005e+06 1.39862e+06 1.51696e+06 1.50161e+06
1.60732e+06 1.54407e+06 1.50138e+06 1.36156e+06
1.59284e+06 1.53448e+06 1.28818e+06 1.61182e+06
1.57998e+06 1.53726e+06 1.47693e+06 1.37303e+06
1.59931e+06 1.55329e+06 1.2764e+06 1.65762e+06
1.37716e+06 1.44956e+06 1.64276e+06 1.55726e+06
1.30032e+06 1.54161e+06 1.59779e+06 1.57101e+06
1.64532e+06 1.4197e+06 1.52292e+06 1.49711e+06
1.35444e+06 1.47354e+06 1.58789e+06 1.51391e+06
1.64451e+06 1.48615e+06 1.56124e+06 1.40976e+06
1.65228e+06 1.43753e+06 1.49211e+06 1.52483e+06
1.50374e+06 1.63938e+06 1.39948e+06 1.5746e+06
1.56969e+06 1.56926e+06 1.48066e+06 1.36858e+06
1.70212e+06 1.45437e+06 1.50286e+06 1.4801e+06
1.42808e+06 1.5939e+06 1.56422e+06 1.46352e+06
1.52218e+06 1.54027e+06 1.6753e+06 1.44139e+06
1.47307e+06 1.42788e+06 1.47723e+06 1.6874e+06
1.43008e+06 1.45138e+06 1.66058e+06 1.52769e+06
1.45389e+06 1.48045e+06 1.50684e+06 1.69154e+06
1.57484e+06 1.50963e+06 1.54312e+06 1.38544e+06
1.72289e+06 1.42204e+06 1.53618e+06 1.46551e+06
1.68958e+06 1.42772e+06 1.49565e+06 1.49644e+06
1.58468e+06 1.54343e+06 1.51594e+06 1.34383e+06
1.54011e+06 1.35881e+06 1.57852e+06 1.56656e+06
1.56509e+06 1.3064e+06 1.57104e+06 1.57196e+06
1.44305e+06 1.45219e+06 1.44688e+06 1.74952e+06
1.50303e+06 1.65822e+06 1.4021e+06 1.59298e+06
1.56907e+06 1.58432e+06 1.53719e+06 1.34232e+06
1.48e+06 1.65719e+06 1.41647e+06 1.52781e+06
1.59318e+06 1.5263e+06 1.28772e+06 1.6187e+06
1.47217e+06 1.45493e+06 1.46517e+06 1.69382e+06
1.70911e+06 1.43345e+06 1.4877e+06 1.51408e+06
1.32136e+06 1.52494e+06 1.62586e+06 1.55798e+06
1.4811e+06 1.40423e+06 1.51038e+06 1.67414e+06
1.50056e+06 1.52113e+06 1.72572e+06 1.45998e+06
1.49424e+06 1.62978e+06 1.4131e+06 1.58908e+06
1.67814e+06 1.42264e+06 1.51665e+06 1.49853e+06
1.34096e+06 1.48666e+06 1.6281e+06 1.54851e+06
1.52046e+06 1.49867e+06 1.67344e+06 1.46265e+06
1.71814e+06 1.41482e+06 1.55153e+06 1.47775e+06
1.30917e+06 1.53092e+06 1.60802e+06 1.54398e+06
1.48252e+06 1.48455e+06 1.69317e+06 1.49019e+06
1.51337e+06 1.70491e+06 1.40221e+06 1.51358e+06
1.73961e+06 1.38397e+06 1.53863e+06 1.46922e+06
1.55669e+06 1.50363e+06 1.31348e+06 1.5991e+06
1.3386e+06 1.47697e+06 1.65213e+06 1.5514e+06
1.48278e+06 1.3935e+06 1.62569e+06 1.58039e+06
1.3197e+06 1.53969e+06 1.60393e+06 1.55221e+06
1.61661e+06 1.4688e+06 1.55654e+06 1.41672e+06
1.6211e+06 1.49465e+06 1.56345e+06 1.40419e+06
1.52507e+06 1.65319e+06 1.40217e+06 1.56399e+06
1.45061e+06 1.45657e+06 1.45337e+06 1.73337e+06
1.48454e+06 1.43982e+06 1.48543e+06 1.68237e+06
1.4903e+06 1.66342e+06 1.40552e+06 1.53491e+06
1.56639e+06 1.57935e+06 1.49e+06 1.42125e+06
1.57502e+06 1.29041e+06 1.57556e+06 1.5998e+06
1.46842e+06 1.37345e+06 1.63484e+06 1.60046e+06
1.4553e+06 1.66691e+06 1.41849e+06 1.56875e+06
1.44892e+06 1.4797e+06 1.45197e+06 1.70389e+06
1.53764e+06 1.35987e+06 1.57155e+06 1.59074e+06
1.4985e+06 1.64442e+06 1.42796e+06 1.54188e+06
1.41898e+06 1.60252e+06 1.548e+06 1.46426e+06
1.46485e+06 1.37982e+06 1.63447e+06 1.59939e+06
1.55526e+06 1.28665e+06 1.58276e+06 1.60466e+06
1.64974e+06 1.41814e+06 1.50405e+06 1.5107e+06
1.55024e+06 1.5054e+06 1.31091e+06 1.60768e+06
1.52153e+06 1.65949e+06 1.39138e+06 1.57358e+06
1.42964e+06 1.5824e+06 1.57442e+06 1.45431e+06
1.69521e+06 1.40289e+06 1.5063e+06 1.48271e+06
1.46472e+06 1.65428e+06 1.42688e+06 1.54043e+06
1.59412e+06 1.55319e+06 1.28001e+06 1.62441e+06
1.58509e+06 1.56854e+06 1.52591e+06 1.33734e+06
1.56906e+06 1.55964e+06 1.48524e+06 1.38263e+06
1.52658e+06 1.32575e+06 1.58934e+06 1.65322e+06
1.50237e+06 1.36499e+06 1.64728e+06 1.60241e+06
1.67068e+06 1.41559e+06 1.49696e+06 1.50689e+06
1.54095e+06 1.46159e+06 1.56071e+06 1.64398e+06
1.59349e+06 1.5238e+06 1.36201e+06 1.5795e+06
1.38078e+06 1.51139e+06 1.58541e+06 1.50611e+06
1.71897e+06 1.40254e+06 1.5276e+06 1.4937e+06
1.70636e+06 1.45459e+06 1.46998e+06 1.49683e+06
1.67158e+06 1.44816e+06 1.50238e+06 1.48876e+06
1.51872e+06 1.56941e+06 1.36694e+06 1.65236e+06
1.41511e+06 1.60056e+06 1.57635e+06 1.46376e+06
1.72949e+06 1.39145e+06 1.53969e+06 1.48178e+06
1.56072e+06 1.54642e+06 1.49638e+06 1.38176e+06
1.65534e+06 1.41399e+06 1.49027e+06 1.52232e+06
1.58431e+06 1.55236e+06 1.48692e+06 1.35629e+06
1.47671e+06 1.44631e+06 1.4636e+06 1.6891e+06
1.32275e+06 1.55729e+06 1.58724e+06 1.55513e+06
1.49138e+06 1.7275e+06 1.37171e+06 1.55407e+06
1.62853e+06 1.49537e+06 1.54994e+06 1.40173e+06
1.4434e+06 1.62361e+06 1.55887e+06 1.44995e+06
1.65862e+06 1.41603e+06 1.5038e+06 1.5065e+06
1.69154e+06 1.43371e+06 1.47328e+06 1.53178e+06
1.53539e+06 1.48873e+06 1.71307e+06 1.46048e+06
1.54131e+06 1.34821e+06 1.59921e+06 1.59036e+06
1.4514e+06 1.70211e+06 1.43761e+06 1.54938e+06
1.49883e+06 1.72809e+06 1.36723e+06 1.54813e+06
1.50917e+06 1.73147e+06 1.40666e+06 1.51316e+06
1.63774e+06 1.47795e+06 1.51771e+06 1.4322e+06
1.53956e+06 1.50865e+06 1.34584e+06 1.58495e+06
1.5423e+06 1.32305e+06 1.58364e+06 1.58401e+06
1.58564e+06 1.55289e+06 1.4673e+06 1.41913e+06
1.69744e+06 1.46266e+06 1.48816e+06 1.51119e+06
1.52152e+06 1.67692e+06 1.37599e+06 1.53088e+06
1.49966e+06 1.4124e+06 1.47398e+06 1.68964e+06
1.70268e+06 1.44288e+06 1.53676e+06 1.46923e+06
1.73276e+06 1.39261e+06 1.53285e+06 1.48316e+06
1.62517e+06 1.47557e+06 1.53238e+06 1.41691e+06
1.29568e+06 1.55189e+06 1.60705e+06 1.55354e+06
1.53027e+06 1.38363e+06 1.5704e+06 1.64078e+06
1.63032e+06 1.46789e+06 1.54889e+06 1.4323e+06
1.30552e+06 1.54564e+06 1.59574e+06 1.56875e+06
1.64771e+06 1.47192e+06 1.51753e+06 1.43008e+06
1.62752e+06 1.46157e+06 1.54282e+06 1.43449e+06
1.46962e+06 1.44356e+06 1.47767e+06 1.68686e+06
1.50035e+06 1.68202e+06 1.37566e+06 1.55796e+06
1.48688e+06 1.38309e+06 1.61858e+06 1.59334e+06
1.63182e+06 1.46085e+06 1.54556e+06 1.43039e+06
1.44693e+06 1.61928e+06 1.55942e+06 1.44049e+06
1.50041e+06 1.53005e+06 1.70885e+06 1.45334e+06
1.46628e+06 1.388e+06 1.61417e+06 1.6233e+06
1.43946e+06 1.44984e+06 1.46866e+06 1.71545e+06
1.50846e+06 1.43941e+06 1.46409e+06 1.6606e+06
1.71348e+06 1.38818e+06 1.52071e+06 1.54103e+06
1.42445e+06 1.61037e+06 1.5195e+06 1.47532e+06
1.56781e+06 1.50862e+06 1.54752e+06 1.38688e+06
1.49534e+06 1.44756e+06 1.47853e+06 1.67267e+06
1.54045e+06 1.69169e+06 1.36912e+06 1.53451e+06
1.54529e+06 1.48895e+06 1.70886e+06 1.46124e+06
1.5665e+06 1.52893e+06 1.30552e+06 1.58711e+06
1.6565e+06 1.42358e+06 1.51349e+06 1.50894e+06
1.44122e+06 1.62565e+06 1.56672e+06 1.45183e+06
1.45058e+06 1.43009e+06 1.4541e+06 1.75581e+06
1.49048e+06 1.46759e+06 1.42826e+06 1.73179e+06
1.50153e+06 1.44898e+06 1.48262e+06 1.6637e+06
1.33094e+06 1.50061e+06 1.63794e+06 1.53817e+06
1.49934e+06 1.58355e+06 1.56596e+06 1.62542e+06
1.51212e+06 1.35389e+06 1.58872e+06 1.66394e+06
1.53666e+06 1.4883e+06 1.71293e+06 1.46473e+06
1.41576e+06 1.60583e+06 1.55069e+06 1.46424e+06
1.50873e+06 1.72277e+06 1.37741e+06 1.54208e+06
1.65078e+06 1.43501e+06 1.49554e+06 1.52252e+06
1.56221e+06 1.61313e+06 1.51828e+06 1.36231e+06
1.52037e+06 1.61366e+06 1.47836e+06 1.64165e+06
1.39161e+06 1.52819e+06 1.58117e+06 1.50358e+06
1.64821e+06 1.46091e+06 1.55333e+06 1.42748e+06
1.62996e+06 1.46892e+06 1.54018e+06 1.44638e+06
1.51637e+06 1.3476e+06 1.57406e+06 1.60058e+06
1.57942e+06 1.51378e+06 1.30563e+06 1.6021e+06
1.60487e+06 1.54254e+06 1.27075e+06 1.64123e+06
1.59595e+06 1.54768e+06 1.27705e+06 1.62876e+06
1.52878e+06 1.62992e+06 1.44347e+06 1.58887e+06
1.52276e+06 1.56355e+06 1.56034e+06 1.63038e+06
1.66227e+06 1.45728e+06 1.53593e+06 1.48544e+06
1.52099e+06 1.5492e+06 1.67478e+06 1.43724e+06
1.55348e+06 1.38753e+06 1.56797e+06 1.58636e+06
1.60649e+06 1.4922e+06 1.32224e+06 1.62114e+06
1.68461e+06 1.40528e+06 1.5098e+06 1.49743e+06
1.5683e+06 1.57927e+06 1.50827e+06 1.36342e+06
1.5763e+06 1.51864e+06 1.29413e+06 1.60698e+06
1.57049e+06 1.5673e+06 1.50961e+06 1.34712e+06
1.64476e+06 1.47638e+06 1.52152e+06 1.42896e+06
1.51692e+06 1.53729e+06 1.68051e+06 1.43684e+06
1.60606e+06 1.50913e+06 1.56442e+06 1.38074e+06
1.6118e+06 1.47462e+06 1.56916e+06 1.43966e+06
1.46114e+06 1.4306e+06 1.43645e+06 1.74664e+06
1.63316e+06 1.53766e+06 1.27382e+06 1.62193e+06
1.67614e+06 1.48597e+06 1.48158e+06 1.52263e+06
1.32418e+06 1.53678e+06 1.58416e+06 1.57364e+06
1.71062e+06 1.45064e+06 1.47783e+06 1.49937e+06
1.59948e+06 1.56193e+06 1.51828e+06 1.32882e+06
1.67735e+06 1.41321e+06 1.50417e+06 1.51862e+06
1.59921e+06 1.5521e+06 1.53464e+06 1.34066e+06
1.5417e+06 1.50673e+06 1.49293e+06 1.65979e+06
1.55328e+06 1.3552e+06 1.59692e+06 1.57845e+06
1.51038e+06 1.66439e+06 1.39492e+06 1.53637e+06
1.69284e+06 1.42886e+06 1.55882e+06 1.48457e+06
1.66844e+06 1.46011e+06 1.48644e+06 1.54418e+06
1.45624e+06 1.61055e+06 1.55812e+06 1.45022e+06
1.61541e+06 1.4559e+06 1.55266e+06 1.45138e+06
1.53853e+06 1.36384e+06 1.61481e+06 1.57969e+06
1.51901e+06 1.53777e+06 1.67979e+06 1.43787e+06
1.55096e+06 1.3338e+06 1.57423e+06 1.60149e+06
1.51695e+06 1.70312e+06 1.37778e+06 1.53868e+06
1.55438e+06 1.28476e+06 1.60421e+06 1.6284e+06
1.58406e+06 1.56049e+06 1.50927e+06 1.33907e+06
1.72071e+06 1.40635e+06 1.54642e+06 1.47739e+06
1.56434e+06 1.30199e+06 1.56656e+06 1.60493e+06
1.57354e+06 1.55664e+06 1.48111e+06 1.40527e+06
1.52528e+06 1.53995e+06 1.66899e+06 1.4537e+06
1.50991e+06 1.73961e+06 1.39755e+06 1.51523e+06
1.42324e+06 1.51585e+06 1.59873e+06 1.46593e+06
1.72912e+06 1.41987e+06 1.50737e+06 1.46612e+06
1.53296e+06 1.63073e+06 1.43851e+06 1.52338e+06
1.451e+06 1.45822e+06 1.4517e+06 1.73527e+06
1.68812e+06 1.42325e+06 1.50387e+06 1.49648e+06
1.65806e+06 1.41661e+06 1.49912e+06 1.51132e+06
1.69633e+06 1.4257e+06 1.48096e+06 1.53579e+06
1.49283e+06 1.37878e+06 1.60553e+06 1.62622e+06
1.31202e+06 1.54082e+06 1.60078e+06 1.55861e+06
1.5809e+06 1.53329e+06 1.54651e+06 1.33848e+06
1.37928e+06 1.51779e+06 1.59875e+06 1.50051e+06
1.4602e+06 1.43555e+06 1.45458e+06 1.75141e+06
1.52021e+06 1.70398e+06 1.35233e+06 1.56631e+06
1.5508e+06 1.51162e+06 1.32299e+06 1.59799e+06
1.55389e+06 1.50023e+06 1.50851e+06 1.40327e+06
1.60353e+06 1.47756e+06 1.56771e+06 1.44074e+06
1.50961e+06 1.52048e+06 1.70403e+06 1.45657e+06
1.71082e+06 1.38916e+06 1.53462e+06 1.48865e+06
1.71202e+06 1.39272e+06 1.52886e+06 1.48789e+06
1.5663e+06 1.50766e+06 1.30887e+06 1.6216e+06
1.47965e+06 1.39636e+06 1.62315e+06 1.59332e+06
1.3412e+06 1.51903e+06 1.62763e+06 1.55497e+06
1.48764e+06 1.47578e+06 1.6986e+06 1.50644e+06
1.53244e+06 1.34191e+06 1.57395e+06 1.61605e+06
1.48249e+06 1.46082e+06 1.49746e+06 1.6844e+06
1.57932e+06 1.51571e+06 1.52947e+06 1.38383e+06
