4314 385.586
1.07699e+06 1.28124e+06
1.10628e+06 1.20847e+06
1.06354e+06 1.30623e+06
1.08306e+06 1.25931e+06
1.05903e+06 1.34097e+06
1.092e+06 1.24774e+06
1.12583e+06 1.15701e+06
1.17442e+06 1.10353e+06
1.09824e+06 1.21721e+06
1.1002e+06 1.2152e+06
1.25994e+06 1.08123e+06
1.10777e+06 1.20302e+06
1.05781e+06 1.35635e+06
1.12748e+06 1.15161e+06
1.17884e+06 1.10322e+06
1.1708e+06 1.10903e+06
1.18717e+06 1.10311e+06
1.11019e+06 1.18124e+06
1.05683e+06 1.36479e+06
1.06808e+06 1.29906e+06
1.2467e+06 1.08699e+06
1.20229e+06 1.09716e+06
1.18992e+06 1.10261e+06
1.12327e+06 1.16158e+06
1.06195e+06 1.31503e+06
1.0666e+06 1.30553e+06
1.10156e+06 1.21118e+06
1.07815e+06 1.2806e+06
1.13495e+06 1.11278e+06
1.11433e+06 1.17904e+06
1.2457e+06 1.08784e+06
1.11704e+06 1.16659e+06
1.25612e+06 1.08647e+06
1.09156e+06 1.24944e+06
1.10888e+06 1.19979e+06
1.05967e+06 1.34047e+06
1.20615e+06 1.09517e+06
1.25743e+06 1.0813e+06
1.19528e+06 1.09742e+06
1.10938e+06 1.19422e+06
1.11592e+06 1.1769e+06
1.07885e+06 1.27029e+06
1.09385e+06 1.22612e+06
1.07252e+06 1.29271e+06
1.16855e+06 1.1097e+06
1.117e+06 1.17501e+06
1.08742e+06 1.25356e+06
1.12519e+06 1.15992e+06
1.07098e+06 1.29326e+06
1.10751e+06 1.20311e+06
1.07478e+06 1.28375e+06
1.05821e+06 1.35437e+06
