2352 528.579
1.56769e+06 1.39062e+06 1.26743e+06
1.53712e+06 1.45638e+06 1.2383e+06
1.52847e+06 1.18917e+06 1.49698e+06
1.41218e+06 1.57684e+06 1.33697e+06
1.3453e+06 1.31241e+06 1.58485e+06
1.23213e+06 1.50726e+06 1.53271e+06
1.56423e+06 1.41844e+06 1.26041e+06
1.47841e+06 1.47229e+06 1.27857e+06
1.49629e+06 1.46716e+06 1.25609e+06
1.4126e+06 1.28492e+06 1.36518e+06
1.46372e+06 1.4519e+06 1.29383e+06
1.29213e+06 1.40257e+06 1.51031e+06
1.31402e+06 1.33444e+06 1.56572e+06
1.44489e+06 1.23541e+06 1.43391e+06
1.37775e+06 1.51761e+06 1.34421e+06
1.32322e+06 1.33857e+06 1.54686e+06
1.24608e+06 1.50156e+06 1.53204e+06
1.56045e+06 1.35215e+06 1.30652e+06
1.23559e+06 1.5018e+06 1.53646e+06
1.54282e+06 1.38695e+06 1.28139e+06
1.38015e+06 1.2882e+06 1.43538e+06
1.55698e+06 1.35145e+06 1.31136e+06
1.40519e+06 1.27688e+06 1.41902e+06
1.32892e+06 1.35078e+06 1.51834e+06
1.26898e+06 1.41601e+06 1.49824e+06
1.26467e+06 1.41705e+06 1.50004e+06
1.4882e+06 1.2141e+06 1.47244e+06
1.25925e+06 1.51416e+06 1.5205e+06
1.47026e+06 1.2373e+06 1.40154e+06
1.51656e+06 1.19697e+06 1.47871e+06
1.46114e+06 1.22762e+06 1.42407e+06
1.54851e+06 1.41531e+06 1.26692e+06
1.48733e+06 1.21849e+06 1.47054e+06
1.4019e+06 1.27992e+06 1.41696e+06
1.3171e+06 1.37337e+06 1.51503e+06
1.49998e+06 1.39195e+06 1.32207e+06
1.47788e+06 1.24514e+06 1.39453e+06
1.54601e+06 1.36596e+06 1.2959e+06
1.45708e+06 1.23143e+06 1.42072e+06
1.47439e+06 1.22962e+06 1.39582e+06
1.28045e+06 1.41017e+06 1.50371e+06
1.55314e+06 1.36884e+06 1.28552e+06
1.25506e+06 1.49507e+06 1.52837e+06
1.52255e+06 1.20504e+06 1.47794e+06
1.26744e+06 1.41136e+06 1.49884e+06
1.37416e+06 1.52934e+06 1.37378e+06
1.49793e+06 1.31978e+06 1.34368e+06
1.24436e+06 1.50534e+06 1.52887e+06
1.50955e+06 1.44699e+06 1.26218e+06
1.53533e+06 1.37975e+06 1.28681e+06
1.47729e+06 1.22472e+06 1.4311e+06
1.3858e+06 1.49704e+06 1.34411e+06
1.33546e+06 1.55517e+06 1.41808e+06
1.32672e+06 1.55397e+06 1.44045e+06
1.52595e+06 1.21093e+06 1.45871e+06
1.29057e+06 1.40912e+06 1.48239e+06
1.27888e+06 1.42014e+06 1.48035e+06
1.48994e+06 1.46212e+06 1.26944e+06
1.47193e+06 1.45424e+06 1.29124e+06
1.50658e+06 1.46016e+06 1.24943e+06
1.51168e+06 1.38338e+06 1.31429e+06
1.37976e+06 1.51604e+06 1.35994e+06
1.31641e+06 1.39799e+06 1.46576e+06
1.28317e+06 1.40787e+06 1.49961e+06
1.46792e+06 1.39933e+06 1.3477e+06
1.51818e+06 1.21308e+06 1.47669e+06
1.33163e+06 1.37136e+06 1.50399e+06
1.33261e+06 1.55839e+06 1.43584e+06
1.34591e+06 1.32912e+06 1.54936e+06
1.49532e+06 1.22186e+06 1.46899e+06
1.42151e+06 1.44521e+06 1.32443e+06
1.33491e+06 1.57516e+06 1.41506e+06
1.25309e+06 1.51308e+06 1.52321e+06
1.51648e+06 1.20123e+06 1.47982e+06
1.23817e+06 1.48996e+06 1.53521e+06
1.36988e+06 1.53999e+06 1.3677e+06
1.43652e+06 1.25199e+06 1.39925e+06
1.41072e+06 1.30405e+06 1.36728e+06
1.24046e+06 1.50177e+06 1.53234e+06
1.24954e+06 1.49152e+06 1.53283e+06
1.40999e+06 1.27318e+06 1.40676e+06
1.33337e+06 1.32146e+06 1.58348e+06
1.29653e+06 1.44981e+06 1.46142e+06
1.41868e+06 1.4435e+06 1.32939e+06
1.4425e+06 1.42709e+06 1.34887e+06
1.46716e+06 1.32023e+06 1.3507e+06
1.52446e+06 1.46391e+06 1.24632e+06
1.51954e+06 1.20026e+06 1.47845e+06
1.27687e+06 1.42269e+06 1.49202e+06
1.2611e+06 1.41313e+06 1.50025e+06
1.52342e+06 1.19158e+06 1.48548e+06
1.50176e+06 1.20074e+06 1.4876e+06
1.46896e+06 1.30807e+06 1.3534e+06
1.51752e+06 1.44249e+06 1.2578e+06
1.53062e+06 1.19508e+06 1.48463e+06
1.2971e+06 1.34678e+06 1.57458e+06
1.383e+06 1.2928e+06 1.43125e+06
1.53943e+06 1.39193e+06 1.27727e+06
1.3827e+06 1.50609e+06 1.34179e+06
1.34931e+06 1.31125e+06 1.57267e+06
1.29336e+06 1.3675e+06 1.54047e+06
1.43341e+06 1.24192e+06 1.41241e+06
1.53318e+06 1.43118e+06 1.25941e+06
1.39576e+06 1.27579e+06 1.43144e+06
1.33778e+06 1.3351e+06 1.52948e+06
1.42577e+06 1.26094e+06 1.38644e+06
1.26344e+06 1.41068e+06 1.50071e+06
1.52311e+06 1.4536e+06 1.24763e+06
1.35391e+06 1.31646e+06 1.5716e+06
1.5375e+06 1.43222e+06 1.25154e+06
1.32124e+06 1.5726e+06 1.41648e+06
1.31239e+06 1.39528e+06 1.47162e+06
1.41898e+06 1.32332e+06 1.36428e+06
1.32436e+06 1.56727e+06 1.42006e+06
1.53215e+06 1.43839e+06 1.24419e+06
1.28596e+06 1.40315e+06 1.50734e+06
1.53822e+06 1.43044e+06 1.23956e+06
1.36294e+06 1.52658e+06 1.39377e+06
1.55646e+06 1.36531e+06 1.29546e+06
1.40006e+06 1.26968e+06 1.42516e+06
1.37543e+06 1.52295e+06 1.36922e+06
1.49734e+06 1.42167e+06 1.2761e+06
1.27107e+06 1.41081e+06 1.4966e+06
1.28503e+06 1.41355e+06 1.49294e+06
1.39029e+06 1.28024e+06 1.43023e+06
1.34044e+06 1.33814e+06 1.52505e+06
1.32795e+06 1.57136e+06 1.41545e+06
1.42817e+06 1.25388e+06 1.4203e+06
1.3518e+06 1.54531e+06 1.39262e+06
1.34457e+06 1.5499e+06 1.41105e+06
1.30302e+06 1.3406e+06 1.56284e+06
1.51906e+06 1.36277e+06 1.30365e+06
1.39254e+06 1.27515e+06 1.44279e+06
1.29957e+06 1.35911e+06 1.56802e+06
1.5628e+06 1.40801e+06 1.26769e+06
1.28804e+06 1.40516e+06 1.49863e+06
1.33721e+06 1.33223e+06 1.5447e+06
1.38576e+06 1.29146e+06 1.43518e+06
1.38373e+06 1.49155e+06 1.35574e+06
1.53646e+06 1.4356e+06 1.24276e+06
1.48042e+06 1.4591e+06 1.27445e+06
1.30634e+06 1.34962e+06 1.5508e+06
1.47987e+06 1.46458e+06 1.28584e+06
1.39142e+06 1.4965e+06 1.35273e+06
1.37282e+06 1.5308e+06 1.37114e+06
1.38104e+06 1.50374e+06 1.37142e+06
1.41694e+06 1.26209e+06 1.42235e+06
1.49572e+06 1.20825e+06 1.48625e+06
1.42416e+06 1.26742e+06 1.38412e+06
1.53605e+06 1.21641e+06 1.45829e+06
1.45431e+06 1.43009e+06 1.31975e+06
1.49217e+06 1.24857e+06 1.37842e+06
1.39373e+06 1.26617e+06 1.45027e+06
1.54156e+06 1.42814e+06 1.25158e+06
1.42695e+06 1.44247e+06 1.3234e+06
1.36576e+06 1.29609e+06 1.43838e+06
1.33928e+06 1.34407e+06 1.52173e+06
1.53294e+06 1.38133e+06 1.28436e+06
1.32541e+06 1.34221e+06 1.54418e+06
1.49338e+06 1.42519e+06 1.28208e+06
1.45072e+06 1.31763e+06 1.35843e+06
1.41414e+06 1.26565e+06 1.38948e+06
1.23261e+06 1.50561e+06 1.53791e+06
1.53386e+06 1.43829e+06 1.2541e+06
1.36428e+06 1.50944e+06 1.38256e+06
1.43248e+06 1.47549e+06 1.30589e+06
1.47882e+06 1.42199e+06 1.32652e+06
1.33612e+06 1.48552e+06 1.45381e+06
1.51521e+06 1.37783e+06 1.30474e+06
1.44881e+06 1.30991e+06 1.35892e+06
1.46525e+06 1.4439e+06 1.29982e+06
1.51093e+06 1.22242e+06 1.44963e+06
1.4201e+06 1.26984e+06 1.37717e+06
1.41639e+06 1.25851e+06 1.43065e+06
1.36865e+06 1.53238e+06 1.3686e+06
1.45796e+06 1.42e+06 1.33174e+06
1.466e+06 1.40399e+06 1.3466e+06
1.23967e+06 1.47876e+06 1.55401e+06
1.24666e+06 1.47684e+06 1.56139e+06
1.29868e+06 1.42299e+06 1.47399e+06
1.5494e+06 1.35024e+06 1.334e+06
1.52567e+06 1.38732e+06 1.29272e+06
1.52977e+06 1.36087e+06 1.30175e+06
1.44331e+06 1.48068e+06 1.297e+06
1.27783e+06 1.44277e+06 1.48144e+06
1.36654e+06 1.50936e+06 1.38584e+06
1.44843e+06 1.24602e+06 1.40562e+06
1.36803e+06 1.32482e+06 1.40019e+06
1.50386e+06 1.26684e+06 1.37544e+06
1.38542e+06 1.30018e+06 1.41623e+06
1.52616e+06 1.45509e+06 1.24102e+06
1.27521e+06 1.42902e+06 1.48846e+06
1.5495e+06 1.41912e+06 1.25456e+06
1.36397e+06 1.5249e+06 1.39647e+06
1.32188e+06 1.38899e+06 1.46706e+06
1.30087e+06 1.42405e+06 1.46066e+06
1.52674e+06 1.35938e+06 1.31315e+06
1.52458e+06 1.21831e+06 1.45493e+06
1.50607e+06 1.43646e+06 1.2635e+06
1.50805e+06 1.43489e+06 1.26814e+06
1.41521e+06 1.25994e+06 1.42868e+06
1.48165e+06 1.42871e+06 1.31659e+06
1.55183e+06 1.41163e+06 1.26381e+06
1.55219e+06 1.40333e+06 1.2708e+06
1.3731e+06 1.53181e+06 1.35741e+06
1.35608e+06 1.54367e+06 1.37997e+06
1.3484e+06 1.56366e+06 1.40733e+06
1.48556e+06 1.4068e+06 1.33528e+06
1.44658e+06 1.46678e+06 1.29628e+06
1.54507e+06 1.35691e+06 1.31729e+06
1.44484e+06 1.30681e+06 1.35958e+06
1.35848e+06 1.32793e+06 1.5085e+06
1.51354e+06 1.20847e+06 1.47689e+06
1.52025e+06 1.20678e+06 1.4722e+06
1.35284e+06 1.52801e+06 1.41293e+06
1.32581e+06 1.37533e+06 1.50819e+06
1.41787e+06 1.24823e+06 1.44237e+06
1.32882e+06 1.47396e+06 1.45597e+06
1.4566e+06 1.24018e+06 1.40872e+06
1.33814e+06 1.54176e+06 1.42699e+06
1.38823e+06 1.28316e+06 1.42288e+06
1.24669e+06 1.51125e+06 1.52694e+06
1.36721e+06 1.28244e+06 1.43797e+06
1.33168e+06 1.32586e+06 1.55908e+06
1.35439e+06 1.53577e+06 1.41072e+06
1.2566e+06 1.51454e+06 1.52138e+06
1.46002e+06 1.23015e+06 1.42966e+06
1.43104e+06 1.47851e+06 1.30445e+06
1.42006e+06 1.26928e+06 1.38208e+06
1.34656e+06 1.35661e+06 1.50632e+06
1.38759e+06 1.28143e+06 1.45266e+06
1.34122e+06 1.353e+06 1.51563e+06
1.46017e+06 1.45666e+06 1.30733e+06
1.43847e+06 1.44062e+06 1.3305e+06
1.41141e+06 1.2716e+06 1.41204e+06
1.55696e+06 1.34668e+06 1.32658e+06
1.36073e+06 1.53787e+06 1.38964e+06
1.24848e+06 1.49608e+06 1.53376e+06
1.27332e+06 1.41933e+06 1.49481e+06
1.2477e+06 1.50494e+06 1.52747e+06
1.44002e+06 1.23092e+06 1.45286e+06
1.334e+06 1.32288e+06 1.58121e+06
1.39492e+06 1.48375e+06 1.38034e+06
1.33942e+06 1.33088e+06 1.54568e+06
1.51322e+06 1.41983e+06 1.27458e+06
1.40798e+06 1.26284e+06 1.42718e+06
1.30413e+06 1.38845e+06 1.53836e+06
1.32511e+06 1.32719e+06 1.57561e+06
1.41668e+06 1.25028e+06 1.44551e+06
1.25367e+06 1.52054e+06 1.52272e+06
1.34974e+06 1.53821e+06 1.40337e+06
1.28177e+06 1.41954e+06 1.49049e+06
1.24494e+06 1.49142e+06 1.53482e+06
1.42866e+06 1.26891e+06 1.38378e+06
1.37152e+06 1.52182e+06 1.37529e+06
1.411e+06 1.27799e+06 1.37255e+06
1.3363e+06 1.32071e+06 1.57934e+06
1.46621e+06 1.24756e+06 1.40449e+06
1.43066e+06 1.24163e+06 1.41385e+06
1.44194e+06 1.44083e+06 1.3104e+06
1.35678e+06 1.31359e+06 1.56067e+06
1.4856e+06 1.24542e+06 1.38558e+06
1.25745e+06 1.48859e+06 1.53426e+06
1.54456e+06 1.41381e+06 1.27234e+06
1.24704e+06 1.482e+06 1.53964e+06
1.49237e+06 1.2402e+06 1.37678e+06
1.39728e+06 1.25686e+06 1.43425e+06
1.48181e+06 1.29927e+06 1.35419e+06
1.35818e+06 1.5232e+06 1.39808e+06
1.32735e+06 1.3898e+06 1.46381e+06
1.44724e+06 1.43837e+06 1.3201e+06
1.36531e+06 1.31072e+06 1.40497e+06
1.51381e+06 1.22109e+06 1.462e+06
1.38163e+06 1.52471e+06 1.34307e+06
1.50457e+06 1.44116e+06 1.26904e+06
1.31098e+06 1.35509e+06 1.54025e+06
1.5045e+06 1.38275e+06 1.33236e+06
1.30398e+06 1.33732e+06 1.56247e+06
1.32996e+06 1.37676e+06 1.49343e+06
1.27185e+06 1.42609e+06 1.49088e+06
1.35993e+06 1.30213e+06 1.43819e+06
1.50951e+06 1.29574e+06 1.35536e+06
1.47304e+06 1.3051e+06 1.35629e+06
1.34866e+06 1.34153e+06 1.52345e+06
1.51434e+06 1.44541e+06 1.2554e+06
1.2981e+06 1.35367e+06 1.57008e+06
1.45287e+06 1.42182e+06 1.33016e+06
1.4292e+06 1.43767e+06 1.33755e+06
1.29789e+06 1.36465e+06 1.56634e+06
1.39299e+06 1.27449e+06 1.45793e+06
1.46258e+06 1.22542e+06 1.42955e+06
1.37142e+06 1.31534e+06 1.39889e+06
1.4083e+06 1.24985e+06 1.45162e+06
1.44109e+06 1.44184e+06 1.31922e+06
1.43918e+06 1.47622e+06 1.29785e+06
1.34095e+06 1.46049e+06 1.44927e+06
1.52757e+06 1.19064e+06 1.49676e+06
1.43858e+06 1.43398e+06 1.33869e+06
1.42986e+06 1.25517e+06 1.39743e+06
1.28861e+06 1.42345e+06 1.47528e+06
1.29442e+06 1.41439e+06 1.47535e+06
1.39452e+06 1.49e+06 1.3721e+06
1.40707e+06 1.30057e+06 1.41101e+06
1.24622e+06 1.48701e+06 1.55349e+06
1.33554e+06 1.54731e+06 1.43469e+06
1.39521e+06 1.32044e+06 1.38785e+06
1.53028e+06 1.38899e+06 1.28999e+06
1.24896e+06 1.49308e+06 1.52864e+06
1.36286e+06 1.52006e+06 1.40965e+06
1.50922e+06 1.39278e+06 1.31517e+06
1.33149e+06 1.32944e+06 1.56477e+06
1.45157e+06 1.46581e+06 1.30159e+06
1.42239e+06 1.25701e+06 1.41522e+06
1.32855e+06 1.55159e+06 1.43694e+06
1.32173e+06 1.39342e+06 1.46499e+06
1.30484e+06 1.3622e+06 1.55581e+06
1.34907e+06 1.56254e+06 1.40024e+06
1.25679e+06 1.48292e+06 1.53782e+06
1.30654e+06 1.45618e+06 1.4596e+06
1.39689e+06 1.27456e+06 1.44457e+06
1.35735e+06 1.5344e+06 1.3915e+06
1.46281e+06 1.44808e+06 1.29876e+06
1.26335e+06 1.42537e+06 1.49347e+06
1.36081e+06 1.51866e+06 1.41836e+06
1.5569e+06 1.34556e+06 1.33577e+06
1.31071e+06 1.33559e+06 1.55796e+06
1.32844e+06 1.35424e+06 1.51012e+06
1.31743e+06 1.39094e+06 1.48337e+06
1.34268e+06 1.31292e+06 1.57848e+06
1.49111e+06 1.41173e+06 1.28372e+06
1.48313e+06 1.45815e+06 1.28831e+06
1.50844e+06 1.19348e+06 1.4893e+06
1.50213e+06 1.40628e+06 1.29951e+06
1.34618e+06 1.53405e+06 1.41154e+06
1.47069e+06 1.30548e+06 1.35422e+06
1.53683e+06 1.42715e+06 1.26557e+06
1.55435e+06 1.35197e+06 1.3216e+06
1.53753e+06 1.39737e+06 1.28024e+06
1.55482e+06 1.40106e+06 1.27352e+06
1.55401e+06 1.35995e+06 1.29745e+06
1.47356e+06 1.43702e+06 1.31831e+06
1.23878e+06 1.48713e+06 1.53804e+06
1.43468e+06 1.23688e+06 1.46128e+06
1.54045e+06 1.40802e+06 1.27288e+06
1.32082e+06 1.32598e+06 1.58181e+06
1.5212e+06 1.19323e+06 1.48968e+06
1.42317e+06 1.25219e+06 1.42624e+06
1.3616e+06 1.53897e+06 1.38697e+06
1.34352e+06 1.31756e+06 1.56351e+06
1.30962e+06 1.3619e+06 1.51548e+06
1.50287e+06 1.40319e+06 1.28354e+06
1.35102e+06 1.52169e+06 1.44628e+06
1.51592e+06 1.20571e+06 1.48168e+06
1.43292e+06 1.48446e+06 1.30322e+06
1.38859e+06 1.49687e+06 1.35435e+06
1.46694e+06 1.22345e+06 1.43578e+06
1.35252e+06 1.52464e+06 1.44113e+06
1.32013e+06 1.4889e+06 1.45565e+06
1.32646e+06 1.37264e+06 1.50684e+06
1.29836e+06 1.3477e+06 1.56878e+06
1.34009e+06 1.55216e+06 1.41874e+06
1.41584e+06 1.56608e+06 1.33995e+06
1.48348e+06 1.21976e+06 1.48434e+06
1.34888e+06 1.34873e+06 1.50574e+06
1.30214e+06 1.39826e+06 1.46775e+06
1.31867e+06 1.33777e+06 1.5523e+06
1.42388e+06 1.26437e+06 1.40863e+06
1.55507e+06 1.37331e+06 1.28491e+06
1.44131e+06 1.32372e+06 1.36233e+06
1.33284e+06 1.56395e+06 1.417e+06
1.52912e+06 1.39613e+06 1.28755e+06
1.35544e+06 1.53556e+06 1.40661e+06
1.29478e+06 1.42829e+06 1.46855e+06
1.35994e+06 1.51538e+06 1.43699e+06
1.33093e+06 1.5605e+06 1.42358e+06
1.40588e+06 1.49379e+06 1.3531e+06
1.34157e+06 1.54132e+06 1.42842e+06
1.45579e+06 1.47956e+06 1.28884e+06
1.344e+06 1.56516e+06 1.3975e+06
1.2588e+06 1.48005e+06 1.53213e+06
1.43437e+06 1.45803e+06 1.30821e+06
1.30587e+06 1.35891e+06 1.5432e+06
1.48429e+06 1.29728e+06 1.35687e+06
1.32073e+06 1.5681e+06 1.42551e+06
1.45525e+06 1.24552e+06 1.40981e+06
1.33083e+06 1.33181e+06 1.54591e+06
1.3515e+06 1.44636e+06 1.45156e+06
1.52109e+06 1.21997e+06 1.45354e+06
1.33436e+06 1.5479e+06 1.44625e+06
1.52736e+06 1.20629e+06 1.47502e+06
1.3539e+06 1.54317e+06 1.39622e+06
1.45205e+06 1.24967e+06 1.39188e+06
1.40591e+06 1.26524e+06 1.42344e+06
1.52894e+06 1.42475e+06 1.27206e+06
1.53447e+06 1.43886e+06 1.24129e+06
1.25716e+06 1.48186e+06 1.55242e+06
1.30256e+06 1.34842e+06 1.56672e+06
1.35615e+06 1.52064e+06 1.44807e+06
1.39106e+06 1.27461e+06 1.44677e+06
1.46302e+06 1.32833e+06 1.35498e+06
1.39658e+06 1.303e+06 1.40605e+06
1.53258e+06 1.40157e+06 1.27982e+06
1.33992e+06 1.56878e+06 1.4025e+06
1.53133e+06 1.43642e+06 1.26495e+06
1.52937e+06 1.38335e+06 1.30079e+06
1.40743e+06 1.25246e+06 1.44849e+06
1.33022e+06 1.55917e+06 1.42957e+06
1.46634e+06 1.24888e+06 1.3935e+06
1.43609e+06 1.32782e+06 1.3612e+06
1.30542e+06 1.39384e+06 1.53651e+06
1.38698e+06 1.27464e+06 1.45953e+06
1.44859e+06 1.41467e+06 1.33302e+06
1.48232e+06 1.42795e+06 1.31452e+06
1.33198e+06 1.32382e+06 1.56383e+06
1.43543e+06 1.25658e+06 1.39061e+06
1.31042e+06 1.39125e+06 1.48257e+06
1.44397e+06 1.42799e+06 1.34694e+06
1.40019e+06 1.27474e+06 1.42368e+06
1.48382e+06 1.42564e+06 1.2699e+06
1.30796e+06 1.4564e+06 1.45702e+06
1.30802e+06 1.39264e+06 1.53252e+06
1.35252e+06 1.33642e+06 1.52729e+06
1.31826e+06 1.34524e+06 1.54256e+06
1.34595e+06 1.31482e+06 1.57698e+06
1.35472e+06 1.54489e+06 1.39102e+06
1.5216e+06 1.36197e+06 1.31362e+06
1.54066e+06 1.39008e+06 1.27629e+06
1.53124e+06 1.43909e+06 1.2491e+06
1.46148e+06 1.31391e+06 1.35548e+06
1.2926e+06 1.40471e+06 1.47786e+06
1.30975e+06 1.39675e+06 1.48858e+06
1.4506e+06 1.44e+06 1.31442e+06
1.33367e+06 1.56171e+06 1.41833e+06
1.27297e+06 1.40424e+06 1.50576e+06
1.43191e+06 1.26086e+06 1.39593e+06
1.34496e+06 1.5406e+06 1.40863e+06
1.36883e+06 1.31325e+06 1.40314e+06
1.47431e+06 1.47883e+06 1.289e+06
1.43328e+06 1.46373e+06 1.30613e+06
1.37511e+06 1.52804e+06 1.36212e+06
1.41579e+06 1.27862e+06 1.37038e+06
1.42106e+06 1.44647e+06 1.30859e+06
1.49086e+06 1.29686e+06 1.36169e+06
1.43554e+06 1.434e+06 1.33133e+06
1.53467e+06 1.43619e+06 1.24841e+06
1.30616e+06 1.35564e+06 1.536e+06
1.28093e+06 1.41881e+06 1.49413e+06
1.34196e+06 1.32712e+06 1.55678e+06
1.50872e+06 1.37749e+06 1.31854e+06
1.44542e+06 1.22965e+06 1.43451e+06
1.534e+06 1.39392e+06 1.28228e+06
1.27426e+06 1.42324e+06 1.49431e+06
1.53494e+06 1.37427e+06 1.29198e+06
1.53234e+06 1.40953e+06 1.27921e+06
1.41226e+06 1.44354e+06 1.34046e+06
1.36204e+06 1.52931e+06 1.39176e+06
1.54235e+06 1.35317e+06 1.32356e+06
1.30162e+06 1.36226e+06 1.55735e+06
1.27125e+06 1.43508e+06 1.49121e+06
1.39611e+06 1.25621e+06 1.45688e+06
1.52863e+06 1.34767e+06 1.33966e+06
1.31968e+06 1.39447e+06 1.46846e+06
1.31676e+06 1.3539e+06 1.54138e+06
1.30586e+06 1.35774e+06 1.55597e+06
1.29301e+06 1.43046e+06 1.47152e+06
1.52454e+06 1.21708e+06 1.46026e+06
1.55506e+06 1.35333e+06 1.30916e+06
1.41342e+06 1.25241e+06 1.4407e+06
1.33639e+06 1.32032e+06 1.57684e+06
1.51144e+06 1.40033e+06 1.29199e+06
1.33435e+06 1.3443e+06 1.5267e+06
1.39502e+06 1.27201e+06 1.44606e+06
1.34399e+06 1.31258e+06 1.57808e+06
1.31822e+06 1.39054e+06 1.47936e+06
1.27486e+06 1.41307e+06 1.49418e+06
1.3752e+06 1.32241e+06 1.3987e+06
1.38271e+06 1.30795e+06 1.39743e+06
1.4624e+06 1.44932e+06 1.30151e+06
1.29794e+06 1.44929e+06 1.46338e+06
1.44942e+06 1.32655e+06 1.35703e+06
1.46543e+06 1.27934e+06 1.36184e+06
1.38781e+06 1.30271e+06 1.40884e+06
1.36181e+06 1.29754e+06 1.4613e+06
1.30189e+06 1.41051e+06 1.46274e+06
1.35482e+06 1.53799e+06 1.40752e+06
1.4078e+06 1.56951e+06 1.33832e+06
1.36428e+06 1.51295e+06 1.37679e+06
1.49015e+06 1.40668e+06 1.29848e+06
1.32617e+06 1.34432e+06 1.54198e+06
1.34134e+06 1.56956e+06 1.39618e+06
1.35636e+06 1.51717e+06 1.43802e+06
1.4496e+06 1.44528e+06 1.30796e+06
1.43606e+06 1.24019e+06 1.42118e+06
1.51503e+06 1.21372e+06 1.4603e+06
1.39727e+06 1.26781e+06 1.43515e+06
1.33725e+06 1.56884e+06 1.41458e+06
1.30258e+06 1.35614e+06 1.56443e+06
1.25316e+06 1.48447e+06 1.53438e+06
1.38079e+06 1.52261e+06 1.34416e+06
1.345e+06 1.53893e+06 1.42885e+06
