1021 571.422
3.19687e+06 2.80891e+06 3.06109e+06
3.09785e+06 2.7852e+06 3.1553e+06
3.0522e+06 2.80595e+06 3.20019e+06
3.03635e+06 2.97346e+06 2.80482e+06
2.74466e+06 3.11721e+06 3.06458e+06
3.03702e+06 2.96258e+06 2.8179e+06
3.04071e+06 2.96488e+06 2.80783e+06
2.95283e+06 2.89775e+06 2.96811e+06
3.05391e+06 2.80362e+06 3.19241e+06
2.75518e+06 3.10613e+06 3.06591e+06
2.78354e+06 3.13852e+06 3.0406e+06
3.04269e+06 2.94472e+06 2.86963e+06
2.87422e+06 3.122e+06 2.94605e+06
3.06606e+06 2.95358e+06 2.83648e+06
2.99911e+06 2.83131e+06 3.17092e+06
2.91816e+06 2.96698e+06 2.96082e+06
2.99018e+06 2.88995e+06 2.95532e+06
2.99447e+06 2.9718e+06 2.89273e+06
3.0406e+06 2.91556e+06 2.91718e+06
2.9101e+06 2.96525e+06 2.97947e+06
2.91717e+06 2.99528e+06 2.95737e+06
3.05754e+06 2.80562e+06 3.17603e+06
2.79473e+06 3.13275e+06 3.02251e+06
3.05744e+06 2.80888e+06 3.1853e+06
2.90168e+06 3.06304e+06 2.94927e+06
2.78878e+06 3.05878e+06 3.0278e+06
2.95906e+06 2.95634e+06 2.90395e+06
2.97029e+06 3.0044e+06 2.89603e+06
3.17632e+06 2.87419e+06 2.98509e+06
3.11092e+06 2.94694e+06 2.83168e+06
3.01982e+06 3.05505e+06 2.83271e+06
2.84744e+06 3.01505e+06 3.10985e+06
3.00599e+06 3.05832e+06 2.84928e+06
2.99049e+06 2.9017e+06 2.93578e+06
2.92037e+06 3.09643e+06 2.91189e+06
3.19188e+06 2.85369e+06 2.98946e+06
2.91409e+06 3.11132e+06 2.92847e+06
3.00343e+06 2.82096e+06 3.17933e+06
3.07671e+06 2.92673e+06 2.85457e+06
3.02755e+06 3.0363e+06 2.8283e+06
3.09602e+06 2.78775e+06 3.15562e+06
2.96396e+06 2.88537e+06 2.95983e+06
3.00054e+06 2.83167e+06 3.14595e+06
3.0816e+06 2.79891e+06 3.16807e+06
2.8093e+06 3.04562e+06 3.10536e+06
3.16368e+06 2.81809e+06 3.04436e+06
2.89336e+06 2.99111e+06 3.01179e+06
3.05446e+06 2.81553e+06 3.15952e+06
3.108e+06 2.95212e+06 2.82986e+06
3.08488e+06 2.7982e+06 3.16206e+06
2.94835e+06 2.8923e+06 3.02991e+06
2.93975e+06 3.00546e+06 2.927e+06
3.07916e+06 2.93341e+06 2.84543e+06
3.04435e+06 2.91752e+06 2.9118e+06
2.763e+06 3.12559e+06 3.05626e+06
3.0779e+06 2.92211e+06 2.86517e+06
2.96661e+06 3.07411e+06 2.89161e+06
2.8565e+06 2.99932e+06 3.0919e+06
3.04558e+06 2.91911e+06 2.90286e+06
2.79776e+06 3.06975e+06 3.0219e+06
2.9833e+06 2.90358e+06 2.93251e+06
3.09176e+06 2.80084e+06 3.15401e+06
2.88535e+06 3.13545e+06 2.94402e+06
2.78055e+06 3.1272e+06 3.04818e+06
2.9874e+06 2.96124e+06 2.89839e+06
3.15834e+06 2.83988e+06 3.01092e+06
2.94347e+06 2.93685e+06 2.94015e+06
2.80517e+06 3.06391e+06 3.01904e+06
3.10468e+06 2.79529e+06 3.13721e+06
3.03966e+06 2.93426e+06 2.90495e+06
3.17174e+06 2.84986e+06 3.00747e+06
2.77765e+06 3.07598e+06 3.11294e+06
3.13777e+06 2.85513e+06 3.02604e+06
2.83594e+06 3.10501e+06 2.97416e+06
3.16667e+06 2.82031e+06 3.04359e+06
2.95071e+06 2.93031e+06 2.93427e+06
2.81041e+06 3.0689e+06 3.00966e+06
3.1043e+06 2.7905e+06 3.14955e+06
2.96252e+06 2.91061e+06 2.95969e+06
2.89953e+06 3.11725e+06 2.92535e+06
3.1288e+06 2.81878e+06 3.04729e+06
3.1809e+06 2.86237e+06 2.98806e+06
2.86715e+06 2.9989e+06 3.10782e+06
2.93102e+06 2.90878e+06 3.00686e+06
2.88451e+06 3.02491e+06 2.99786e+06
2.96509e+06 3.0758e+06 2.88879e+06
3.04778e+06 2.93957e+06 2.88187e+06
2.88919e+06 3.11455e+06 2.94237e+06
3.12059e+06 2.8809e+06 3.00308e+06
3.15271e+06 2.83116e+06 3.03104e+06
2.86201e+06 2.98622e+06 3.1161e+06
3.09774e+06 2.79898e+06 3.14881e+06
3.03532e+06 2.9378e+06 2.89939e+06
3.11779e+06 2.87706e+06 3.00366e+06
3.05292e+06 2.80589e+06 3.18888e+06
2.85988e+06 2.98202e+06 3.11688e+06
2.8259e+06 3.03924e+06 3.12002e+06
2.94395e+06 2.89292e+06 2.98113e+06
2.80896e+06 3.06113e+06 3.02556e+06
2.79646e+06 3.1285e+06 3.02267e+06
2.82078e+06 3.05962e+06 3.0173e+06
3.00492e+06 2.86822e+06 3.11761e+06
3.12352e+06 2.87019e+06 2.9947e+06
3.1565e+06 2.85634e+06 3.0012e+06
3.14277e+06 2.83647e+06 3.03369e+06
2.89738e+06 2.98023e+06 2.9576e+06
2.9243e+06 2.91273e+06 2.98062e+06
2.95427e+06 2.92506e+06 2.93157e+06
3.12567e+06 2.88011e+06 2.98842e+06
2.8873e+06 3.00728e+06 3.02484e+06
3.05677e+06 2.80434e+06 3.18748e+06
2.82596e+06 3.11209e+06 2.97923e+06
2.76008e+06 3.10043e+06 3.07078e+06
2.83109e+06 3.03101e+06 3.12936e+06
2.99772e+06 2.98312e+06 2.88526e+06
3.12214e+06 2.88288e+06 2.96352e+06
2.87423e+06 2.98704e+06 3.11539e+06
2.953e+06 2.8919e+06 2.99276e+06
2.91192e+06 2.96046e+06 2.97995e+06
2.92172e+06 3.07713e+06 2.94835e+06
3.0124e+06 2.8582e+06 3.1032e+06
2.95756e+06 3.00553e+06 2.90767e+06
2.825e+06 3.03429e+06 3.12743e+06
2.88003e+06 3.03631e+06 3.02444e+06
2.78668e+06 3.12962e+06 3.02913e+06
2.85513e+06 3.02254e+06 3.05363e+06
2.78608e+06 3.1333e+06 3.04222e+06
3.09368e+06 2.81264e+06 3.08739e+06
3.0319e+06 3.01309e+06 2.83297e+06
2.75646e+06 3.10067e+06 3.06798e+06
2.84971e+06 3.02088e+06 3.06578e+06
2.7654e+06 3.10763e+06 3.06311e+06
2.859e+06 3.00982e+06 3.0885e+06
3.14976e+06 2.85382e+06 3.00991e+06
3.05244e+06 2.94324e+06 2.8726e+06
3.05796e+06 2.93082e+06 2.85768e+06
2.80926e+06 3.06689e+06 3.01434e+06
3.10246e+06 2.85932e+06 3.00919e+06
2.97156e+06 3.00427e+06 2.89844e+06
2.85699e+06 3.05731e+06 3.01676e+06
2.96813e+06 2.89318e+06 2.95973e+06
2.86563e+06 2.9802e+06 3.12978e+06
3.02564e+06 2.97729e+06 2.83552e+06
2.93789e+06 3.00985e+06 2.89292e+06
2.77838e+06 3.08542e+06 3.10687e+06
2.98882e+06 2.87571e+06 3.0358e+06
2.91938e+06 3.08085e+06 2.94134e+06
2.94919e+06 2.93572e+06 2.96276e+06
3.18913e+06 2.87126e+06 2.98359e+06
2.93508e+06 2.95884e+06 2.93147e+06
3.18644e+06 2.85332e+06 3.00088e+06
3.0502e+06 2.92415e+06 2.90027e+06
2.86793e+06 3.1238e+06 2.95364e+06
3.02584e+06 2.94243e+06 2.91025e+06
3.14575e+06 2.84462e+06 3.02064e+06
2.91783e+06 2.9236e+06 2.96607e+06
3.05011e+06 2.82598e+06 3.15626e+06
2.75766e+06 3.10774e+06 3.0626e+06
3.09428e+06 2.83854e+06 3.05199e+06
2.93393e+06 2.90796e+06 3.01428e+06
3.03456e+06 2.93316e+06 2.9079e+06
2.98891e+06 2.94906e+06 2.92178e+06
3.03156e+06 2.81987e+06 3.1792e+06
3.13472e+06 2.85046e+06 3.02712e+06
2.9928e+06 3.02894e+06 2.87855e+06
2.87338e+06 3.02228e+06 3.05834e+06
2.86942e+06 2.97791e+06 3.14181e+06
2.88195e+06 3.03305e+06 3.02844e+06
3.15394e+06 2.8592e+06 3.00253e+06
2.84102e+06 2.99782e+06 3.12222e+06
2.9162e+06 3.09758e+06 2.92018e+06
2.95714e+06 2.92401e+06 2.92607e+06
2.86777e+06 3.04856e+06 3.00208e+06
2.77e+06 3.10248e+06 3.06683e+06
2.8697e+06 3.05178e+06 2.99126e+06
2.91534e+06 2.95464e+06 2.96426e+06
3.07932e+06 2.95964e+06 2.82866e+06
2.80121e+06 3.07997e+06 3.02056e+06
2.98499e+06 2.91081e+06 2.92495e+06
2.80582e+06 3.06344e+06 3.02493e+06
3.1747e+06 2.84898e+06 3.00927e+06
3.09762e+06 2.8009e+06 3.15077e+06
3.05792e+06 2.95064e+06 2.85092e+06
3.03784e+06 2.82328e+06 3.16557e+06
3.09297e+06 2.82362e+06 3.08099e+06
2.91973e+06 3.09588e+06 2.93634e+06
2.82318e+06 3.10375e+06 2.98622e+06
2.78578e+06 3.07123e+06 3.11439e+06
3.06109e+06 2.93464e+06 2.8564e+06
2.83158e+06 3.09365e+06 2.98855e+06
2.87271e+06 2.97502e+06 3.13677e+06
2.86212e+06 3.10292e+06 2.97273e+06
3.10724e+06 2.80125e+06 3.12456e+06
2.78195e+06 3.07881e+06 3.09914e+06
3.04896e+06 2.92478e+06 2.88927e+06
3.02687e+06 3.03014e+06 2.83448e+06
3.06434e+06 2.82284e+06 3.14379e+06
2.98189e+06 3.09002e+06 2.88228e+06
2.85233e+06 3.01246e+06 3.09634e+06
3.11296e+06 2.80804e+06 3.07431e+06
2.98437e+06 2.99776e+06 2.88498e+06
2.8641e+06 3.05298e+06 2.99664e+06
2.9393e+06 2.89454e+06 2.97707e+06
2.85257e+06 3.00295e+06 3.09331e+06
2.88947e+06 3.06538e+06 2.98221e+06
2.7711e+06 3.11694e+06 3.05027e+06
3.04905e+06 2.9578e+06 2.84345e+06
2.80339e+06 3.04858e+06 3.02729e+06
3.13033e+06 2.84064e+06 3.04467e+06
2.99314e+06 2.91508e+06 2.92177e+06
2.7684e+06 3.09427e+06 3.13045e+06
3.06168e+06 2.80683e+06 3.1615e+06
3.09669e+06 2.79175e+06 3.15446e+06
3.02302e+06 2.84383e+06 3.13273e+06
2.83829e+06 3.0189e+06 3.11949e+06
3.07842e+06 2.81444e+06 3.12968e+06
3.04112e+06 2.83858e+06 3.13618e+06
3.183e+06 2.83156e+06 3.01294e+06
2.8956e+06 3.09067e+06 2.9438e+06
2.87602e+06 3.00629e+06 3.07315e+06
3.14458e+06 2.87645e+06 2.98113e+06
2.99058e+06 2.87374e+06 3.11401e+06
2.87815e+06 3.06583e+06 2.97029e+06
2.9235e+06 2.96345e+06 2.96018e+06
2.8127e+06 3.07981e+06 3.00696e+06
3.03651e+06 2.96592e+06 2.8758e+06
3.06044e+06 2.94873e+06 2.84365e+06
3.10933e+06 2.82116e+06 3.07578e+06
3.13444e+06 2.83697e+06 3.03244e+06
2.83868e+06 2.9892e+06 3.12592e+06
2.99552e+06 2.89462e+06 2.9395e+06
3.13993e+06 2.85448e+06 3.0253e+06
3.02092e+06 2.82651e+06 3.1639e+06
3.04104e+06 2.84066e+06 3.10244e+06
2.88122e+06 3.03605e+06 2.99325e+06
3.13348e+06 2.83171e+06 3.03824e+06
2.8287e+06 3.0387e+06 3.09655e+06
2.91123e+06 3.0897e+06 2.93843e+06
2.78694e+06 3.09847e+06 3.06204e+06
3.00337e+06 2.84532e+06 3.13079e+06
2.76729e+06 3.12535e+06 3.05466e+06
2.98648e+06 2.94923e+06 2.90925e+06
2.9499e+06 2.91408e+06 2.96426e+06
2.87109e+06 3.11639e+06 2.9532e+06
3.09871e+06 2.82812e+06 3.04663e+06
3.09541e+06 2.80267e+06 3.14366e+06
3.0913e+06 2.84286e+06 3.06924e+06
2.89025e+06 3.02152e+06 2.96449e+06
2.82707e+06 3.0295e+06 3.1431e+06
2.85414e+06 3.00233e+06 3.09428e+06
3.16058e+06 2.82432e+06 3.04582e+06
2.86382e+06 3.0974e+06 2.95864e+06
3.10609e+06 2.9592e+06 2.83563e+06
3.06525e+06 2.86951e+06 3.05979e+06
3.01811e+06 2.83207e+06 3.1433e+06
2.98078e+06 3.05069e+06 2.88558e+06
2.99702e+06 3.07868e+06 2.86321e+06
2.84609e+06 3.0122e+06 3.11127e+06
2.89132e+06 3.08768e+06 2.95474e+06
2.8409e+06 3.01977e+06 3.10416e+06
3.16101e+06 2.86159e+06 2.99648e+06
3.1406e+06 2.84512e+06 3.01646e+06
2.83314e+06 3.02632e+06 3.12364e+06
3.06692e+06 2.82176e+06 3.14064e+06
3.08823e+06 2.86734e+06 3.03181e+06
3.09739e+06 2.83354e+06 3.06772e+06
2.97498e+06 3.0991e+06 2.8866e+06
2.89578e+06 2.92139e+06 3.02181e+06
2.97755e+06 3.02653e+06 2.88639e+06
3.07382e+06 2.83049e+06 3.0784e+06
2.97334e+06 2.91e+06 2.9257e+06
2.83554e+06 3.10659e+06 2.98133e+06
2.97957e+06 2.84653e+06 3.14255e+06
3.11504e+06 2.80355e+06 3.09016e+06
2.9839e+06 2.87834e+06 3.12814e+06
2.8651e+06 3.10955e+06 2.9568e+06
2.91123e+06 2.97566e+06 2.97726e+06
3.08625e+06 2.82156e+06 3.0998e+06
2.88589e+06 3.09976e+06 2.95106e+06
3.04464e+06 2.94138e+06 2.88012e+06
3.09477e+06 2.79112e+06 3.16358e+06
2.93736e+06 2.90761e+06 2.98734e+06
2.92288e+06 2.90706e+06 3.0369e+06
3.05521e+06 2.86246e+06 3.07909e+06
3.02856e+06 2.84137e+06 3.13811e+06
3.0745e+06 2.81975e+06 3.13154e+06
3.1627e+06 2.85106e+06 3.00132e+06
3.13365e+06 2.85175e+06 3.03283e+06
2.85785e+06 2.98223e+06 3.12594e+06
2.9931e+06 3.02624e+06 2.87654e+06
3.10175e+06 2.80375e+06 3.13948e+06
2.82891e+06 3.10367e+06 2.98294e+06
3.12949e+06 2.87897e+06 2.98767e+06
2.76185e+06 3.0975e+06 3.07068e+06
2.82886e+06 3.11093e+06 2.97599e+06
2.92921e+06 3.08964e+06 2.91828e+06
3.1002e+06 2.8044e+06 3.14034e+06
2.93788e+06 2.89535e+06 3.0248e+06
2.77886e+06 3.10826e+06 3.04981e+06
2.93483e+06 2.91145e+06 2.98398e+06
2.86192e+06 3.10252e+06 2.97754e+06
3.18863e+06 2.84694e+06 2.99556e+06
3.07073e+06 2.84812e+06 3.07354e+06
3.12128e+06 2.87275e+06 2.99642e+06
2.89971e+06 3.0347e+06 2.95619e+06
3.05216e+06 2.82956e+06 3.11285e+06
3.07313e+06 2.92697e+06 2.85689e+06
2.88613e+06 3.0411e+06 2.99073e+06
2.92522e+06 2.90691e+06 3.0196e+06
3.05304e+06 2.93729e+06 2.86346e+06
3.11638e+06 2.88331e+06 2.97856e+06
3.04264e+06 2.93069e+06 2.88313e+06
2.89143e+06 3.10737e+06 2.93499e+06
3.13216e+06 2.86574e+06 2.98844e+06
3.0592e+06 2.81115e+06 3.14971e+06
3.12277e+06 2.79421e+06 3.14216e+06
3.09422e+06 2.79322e+06 3.15538e+06
3.03232e+06 2.85412e+06 3.08381e+06
3.08959e+06 2.83494e+06 3.07518e+06
2.81476e+06 3.06072e+06 3.02464e+06
3.04969e+06 2.92816e+06 2.87768e+06
2.98538e+06 2.84564e+06 3.13378e+06
3.11351e+06 2.88529e+06 2.98881e+06
3.04179e+06 2.85544e+06 3.08262e+06
2.99856e+06 2.87127e+06 3.07743e+06
3.16192e+06 2.85256e+06 3.006e+06
2.86838e+06 3.01688e+06 3.08194e+06
3.0264e+06 2.92249e+06 2.9085e+06
2.86737e+06 3.08296e+06 2.96522e+06
2.95886e+06 2.9198e+06 2.95593e+06
2.84662e+06 3.01921e+06 3.06983e+06
3.14121e+06 2.83915e+06 3.03173e+06
3.08122e+06 2.80868e+06 3.11129e+06
3.02414e+06 2.85774e+06 3.08977e+06
3.05217e+06 2.94424e+06 2.85182e+06
2.91768e+06 2.94415e+06 2.97243e+06
3.03839e+06 2.86496e+06 3.06568e+06
3.18186e+06 2.82188e+06 3.01332e+06
2.99684e+06 2.88408e+06 3.0114e+06
2.98544e+06 3.06029e+06 2.87436e+06
3.07873e+06 2.81102e+06 3.1246e+06
3.08737e+06 2.85276e+06 3.05706e+06
3.08312e+06 2.85606e+06 3.05469e+06
2.88908e+06 3.09588e+06 2.94431e+06
2.80148e+06 3.07496e+06 3.00706e+06
2.99863e+06 2.87325e+06 3.04205e+06
3.08287e+06 2.84707e+06 3.07154e+06
3.0654e+06 2.82784e+06 3.1393e+06
3.09802e+06 2.86462e+06 3.05097e+06
3.02944e+06 2.86385e+06 3.08624e+06
2.8995e+06 3.08897e+06 2.94743e+06
2.93529e+06 2.90904e+06 2.99105e+06
2.90155e+06 2.97426e+06 2.98997e+06
3.05678e+06 2.92024e+06 2.87289e+06
3.06854e+06 2.86172e+06 3.07518e+06
3.06582e+06 2.84218e+06 3.08524e+06
3.13318e+06 2.87808e+06 2.98673e+06
3.14824e+06 2.84111e+06 3.0202e+06
3.07691e+06 2.86696e+06 3.06031e+06
3.18519e+06 2.81586e+06 3.0456e+06
3.07175e+06 2.82481e+06 3.12324e+06
3.18495e+06 2.83576e+06 3.00517e+06
3.06266e+06 2.84963e+06 3.09022e+06
2.88851e+06 3.08866e+06 2.95813e+06
2.90145e+06 3.08133e+06 2.94008e+06
3.0273e+06 2.84592e+06 3.11176e+06
2.8936e+06 3.08486e+06 2.9489e+06
2.871e+06 3.05131e+06 2.99695e+06
3.02636e+06 2.86581e+06 3.08461e+06
3.18738e+06 2.84962e+06 3.00412e+06
3.02138e+06 2.83121e+06 3.14498e+06
2.83764e+06 3.08157e+06 2.98785e+06
3.06921e+06 2.82925e+06 3.12475e+06
2.87381e+06 3.11101e+06 2.95175e+06
2.78446e+06 3.1019e+06 3.06e+06
2.84268e+06 3.01624e+06 3.11316e+06
2.97414e+06 3.05092e+06 2.89262e+06
3.0217e+06 2.94367e+06 2.91966e+06
2.86762e+06 3.04071e+06 3.02221e+06
2.7676e+06 3.09678e+06 3.08918e+06
2.84877e+06 2.98979e+06 3.12256e+06
3.01368e+06 2.85392e+06 3.11714e+06
2.97535e+06 2.88445e+06 3.00785e+06
3.08749e+06 2.81152e+06 3.09239e+06
2.89242e+06 3.06597e+06 2.9622e+06
2.89628e+06 2.99007e+06 3.00953e+06
2.9787e+06 2.86242e+06 3.13315e+06
3.086e+06 2.82376e+06 3.09245e+06
3.10031e+06 2.79086e+06 3.15523e+06
3.07452e+06 2.84563e+06 3.0752e+06
3.11058e+06 2.81118e+06 3.07272e+06
3.10856e+06 2.80791e+06 3.07816e+06
3.1822e+06 2.82063e+06 3.03545e+06
2.86449e+06 3.0173e+06 3.08818e+06
2.95029e+06 2.92586e+06 2.94739e+06
2.8153e+06 3.04494e+06 3.10423e+06
2.87722e+06 3.04463e+06 2.99304e+06
2.87545e+06 3.11667e+06 2.94983e+06
2.91024e+06 2.94022e+06 3.01395e+06
3.03078e+06 2.84106e+06 3.13823e+06
3.08451e+06 2.83561e+06 3.07207e+06
2.80233e+06 3.07102e+06 3.00967e+06
2.84859e+06 3.02872e+06 3.03672e+06
3.07214e+06 2.86831e+06 3.06192e+06
2.97639e+06 2.89211e+06 2.94761e+06
2.7663e+06 3.10575e+06 3.06775e+06
3.07276e+06 2.86296e+06 3.07151e+06
2.80253e+06 3.05147e+06 3.03452e+06
2.80137e+06 3.09205e+06 3.01967e+06
2.92657e+06 2.91086e+06 2.99646e+06
2.8386e+06 3.11033e+06 2.97021e+06
2.91452e+06 2.9497e+06 2.98776e+06
2.89442e+06 3.11045e+06 2.93224e+06
2.88852e+06 3.09933e+06 2.9529e+06
2.88273e+06 3.05937e+06 2.98273e+06
3.11655e+06 2.88339e+06 2.95692e+06
3.04821e+06 2.92881e+06 2.8806e+06
3.04527e+06 2.83406e+06 3.1373e+06
2.88334e+06 3.05847e+06 2.98713e+06
3.00935e+06 2.84492e+06 3.14196e+06
3.05471e+06 2.84573e+06 3.09756e+06
2.89238e+06 3.07912e+06 2.9544e+06
3.12522e+06 2.86349e+06 2.99621e+06
2.85776e+06 2.99081e+06 3.11545e+06
3.09324e+06 2.80736e+06 3.12502e+06
3.08647e+06 2.80717e+06 3.13858e+06
3.1682e+06 2.82553e+06 3.02648e+06
2.95012e+06 2.92917e+06 2.94934e+06
3.04001e+06 2.94385e+06 2.87341e+06
2.78506e+06 3.10199e+06 3.04873e+06
2.88784e+06 3.05797e+06 2.98634e+06
3.07704e+06 2.94066e+06 2.84261e+06
3.08404e+06 2.84873e+06 3.06154e+06
3.16783e+06 2.83439e+06 3.02017e+06
3.0714e+06 2.82595e+06 3.08697e+06
3.08367e+06 2.80537e+06 3.15405e+06
2.97469e+06 2.88465e+06 3.00581e+06
2.86932e+06 3.03526e+06 3.03172e+06
2.86464e+06 3.08629e+06 2.9866e+06
2.88522e+06 2.98305e+06 3.08627e+06
2.87884e+06 3.05944e+06 2.9895e+06
3.0616e+06 2.80686e+06 3.16534e+06
2.88448e+06 3.10535e+06 2.94693e+06
3.12274e+06 2.8573e+06 3.00894e+06
3.0461e+06 2.82102e+06 3.1654e+06
3.05095e+06 2.82288e+06 3.14192e+06
2.87544e+06 3.11029e+06 2.954e+06
3.05539e+06 2.85261e+06 3.08596e+06
2.84808e+06 3.0598e+06 3.00362e+06
3.09113e+06 2.82042e+06 3.08312e+06
2.9704e+06 2.89502e+06 2.95398e+06
3.12436e+06 2.86432e+06 2.991e+06
3.14842e+06 2.83472e+06 3.01403e+06
3.09124e+06 2.82889e+06 3.07494e+06
3.16809e+06 2.83176e+06 3.02303e+06
3.06506e+06 2.83607e+06 3.09967e+06
3.12078e+06 2.88084e+06 2.98419e+06
3.0261e+06 2.94059e+06 2.88075e+06
3.06168e+06 2.84442e+06 3.09481e+06
3.15358e+06 2.84908e+06 3.00891e+06
3.07065e+06 2.80093e+06 3.15437e+06
2.82436e+06 3.0449e+06 3.02666e+06
3.02346e+06 2.94418e+06 2.91845e+06
2.92344e+06 3.07396e+06 2.94685e+06
2.80289e+06 3.06641e+06 3.01964e+06
2.91424e+06 3.0015e+06 2.95135e+06
2.92161e+06 2.90977e+06 3.02289e+06
3.0048e+06 3.0402e+06 2.85237e+06
3.00875e+06 2.98131e+06 2.84351e+06
2.78365e+06 3.10561e+06 3.05299e+06
2.83336e+06 3.02491e+06 3.047e+06
2.83429e+06 3.08814e+06 2.98453e+06
2.92159e+06 3.09408e+06 2.92197e+06
2.92442e+06 2.90366e+06 3.02164e+06
2.93299e+06 3.01348e+06 2.94788e+06
3.03279e+06 2.98498e+06 2.81619e+06
3.09848e+06 2.93875e+06 2.84163e+06
3.03713e+06 2.82496e+06 3.16235e+06
2.83151e+06 3.05793e+06 3.01077e+06
2.96254e+06 3.09577e+06 2.89124e+06
3.03009e+06 2.9771e+06 2.863e+06
3.04451e+06 2.95035e+06 2.8693e+06
3.05358e+06 2.85002e+06 3.09332e+06
2.77079e+06 3.12812e+06 3.0424e+06
3.04839e+06 2.93994e+06 2.87649e+06
3.05418e+06 2.82041e+06 3.17259e+06
2.81364e+06 3.06081e+06 2.99245e+06
2.84346e+06 3.04034e+06 3.045e+06
3.00192e+06 2.87276e+06 3.04094e+06
3.01562e+06 2.83543e+06 3.1459e+06
3.16204e+06 2.81132e+06 3.05468e+06
