9576 600.064
1.01396e+06 1.24593e+06
1.18331e+06 1.06057e+06
1.2623e+06 1.03192e+06
1.11832e+06 1.09839e+06
1.11768e+06 1.10089e+06
1.28031e+06 1.02256e+06
1.18335e+06 1.0566e+06
1.16693e+06 1.06588e+06
1.16627e+06 1.06789e+06
1.17988e+06 1.06106e+06
1.07383e+06 1.12257e+06
1.04202e+06 1.16797e+06
1.1606e+06 1.07675e+06
1.14347e+06 1.08978e+06
1.25163e+06 1.04562e+06
1.04648e+06 1.15173e+06
1.1512e+06 1.08325e+06
1.01133e+06 1.25618e+06
1.01132e+06 1.25773e+06
1.05225e+06 1.15018e+06
1.03625e+06 1.18917e+06
1.03597e+06 1.1896e+06
1.00878e+06 1.26851e+06
1.12796e+06 1.09663e+06
1.06988e+06 1.12267e+06
1.06324e+06 1.12423e+06
1.11106e+06 1.1048e+06
1.13408e+06 1.09481e+06
1.16192e+06 1.06824e+06
1.04641e+06 1.15908e+06
1.25306e+06 1.03262e+06
1.18472e+06 1.05357e+06
1.1737e+06 1.06233e+06
1.05615e+06 1.13172e+06
1.27988e+06 1.02389e+06
1.01756e+06 1.23522e+06
1.24573e+06 1.04649e+06
1.01944e+06 1.23492e+06
1.0399e+06 1.16925e+06
1.05909e+06 1.13071e+06
1.0222e+06 1.20461e+06
1.14314e+06 1.08995e+06
1.03696e+06 1.17441e+06
1.24122e+06 1.04839e+06
1.01016e+06 1.26545e+06
1.16854e+06 1.06435e+06
1.08539e+06 1.10896e+06
1.07593e+06 1.11469e+06
1.10131e+06 1.10618e+06
1.27102e+06 1.02669e+06
1.05032e+06 1.15041e+06
1.0323e+06 1.19047e+06
1.0557e+06 1.13669e+06
1.16926e+06 1.06249e+06
1.14718e+06 1.08971e+06
1.15153e+06 1.08107e+06
1.11122e+06 1.10383e+06
1.17781e+06 1.06159e+06
1.23897e+06 1.05225e+06
1.08455e+06 1.11389e+06
1.13662e+06 1.09149e+06
1.15862e+06 1.07881e+06
1.0071e+06 1.27316e+06
1.06674e+06 1.12298e+06
1.11154e+06 1.10123e+06
1.02397e+06 1.19318e+06
1.05966e+06 1.13035e+06
1.06875e+06 1.12282e+06
1.04397e+06 1.16453e+06
1.01987e+06 1.20667e+06
1.13066e+06 1.09619e+06
1.03156e+06 1.19207e+06
1.0532e+06 1.145e+06
