36 0.723676
143601 164557 143178
139918 177154 175542
143358 166196 150494
144988 154079 157869
147802 156268 146622
144066 155688 156525
145644 150599 157864
147789 148454 169515
140821 171668 164744
147394 167370 138994
147112 158112 146644
163627 134179 158015
167516 155570 133218
159149 136947 161946
157926 135730 167982
144494 148631 168382
146420 155226 148005
157595 132279 171094
162094 145076 145319
162541 140158 144641
144403 154486 162754
154203 140635 160841
144564 164270 141193
147594 150099 149942
156426 151391 138956
165387 132931 159714
156047 140560 157483
149199 137745 168659
164352 133334 159890
140900 140473 169920
156096 141184 153672
156793 132135 177622
160038 140270 159136
160781 135963 149154
142434 158285 152879
156685 136224 162025
189479 144733 140929
149562 137946 164257
149882 134752 169185
152555 141966 156863
153969 141565 156637
158221 134555 164368
161366 150547 140956
163595 135692 160143
154644 141980 155060
158340 141374 147077
159934 131109 162439
164814 151639 133817
171803 134927 152416
150961 162361 145152
153611 139874 161016
139272 162747 178474
152712 137941 166751
160250 128047 170737
160499 137763 146470
175023 142650 144103
148482 142362 145636
161828 162605 138420
162850 145769 134866
173091 154221 132930
178755 141849 141709
155080 149937 142724
159122 145128 145038
160874 129788 165910
172147 128224 168338
