11479 3248.42
118888 69629
118821 69659
118949 69571
119677 69248
119172 69524
119830 68976
119960 68936
119817 69011
109550 73075
120465 68660
107884 73893
120335 68700
120452 68695
110650 72608
108533 73584
120322 68735
108128 73799
107952 73826
107379 74169
106942 74450
107335 74301
107447 74102
107623 74075
93281 91974
93480 91788
106914 74676
106252 75061
107113 74379
110064 72869
93319 91972
87989 97368
86725 99005
86147 99791
86505 99248
88226 97144
88253 97063
86060 99886
86461 99310
86418 99343
86344 99498
87032 98652
86103 99853
106320 74994
106402 74981
88033 97306
152931 61252
152552 61263
106136 75191
106470 74914
86254 99699
116714 70526
106757 74713
85238 101066
86328 99544
86033 99967
86391 99424
85596 100523
85896 100182
85281 101033
106582 74835
107275 74313
109925 72965
85970 100087
109993 72898
106650 74768
85639 100490
85148 101267
87098 98481
84871 101721
86667 99032
86974 98679
85506 100724
86623 99094
84914 101688
85670 100368
87726 97659
119947 68971
87054 98543
85312 100911
152095 61373
84781 101922
86747 98896
86791 98834
141322 62328
85580 100569
86301 99625
86265 99637
85977 100030
85887 100231
116844 70486
106033 75195
87589 97773
110726 72586
139170 62684
87546 97806
87896 97435
85643 100449
87633 97711
87940 97373
85211 101147
85089 101487
85569 100604
140806 62352
84824 101889
86309 99575
87326 98064
87519 97887
87853 97468
87282 98126
87826 97549
108327 73716
85222 101112
138492 62945
139686 62660
87445 98042
87772 97620
107822 73992
87472 97961
139786 62505
84754 102003
84958 101626
140048 62469
85062 101568
74414 122479
107010 74383
84844 101802
74516 122292
107186 74356
141690 62246
74223 123501
74328 123456
151337 61490
74357 122533
106545 74890
151794 61380
117094 70359
85757 100273
85713 100335
150906 61542
141952 62210
86389 99439
74421 122415
110069 72850
120836 68352
110145 72828
109702 73005
88331 96966
108395 73649
119815 69112
85285 100992
120766 68492
152121 61315
120753 68527
113448 71526
110245 72823
120966 68312
140544 62388
85399 100816
93365 91894
88547 96500
117277 70110
88590 96467
117104 70256
117609 69980
117152 70219
116979 70365
88634 96405
121328 68111
88520 96581
88295 97002
117407 70070
80582 108055
80445 108817
80935 107115
80555 108136
88161 97162
87208 98281
138831 62841
87252 98219
102648 77758
120292 68822
102333 78040
102221 78239
121271 68216
102953 77633
102216 78273
80908 107196
102265 78107
102580 77825
102104 78472
102885 77700
117523 70062
102148 78340
121258 68251
88497 96583
86885 98736
102576 77928
102261 78210
73999 124913
87815 97587
85553 100650
109412 73140
117657 69943
102570 77982
85195 101193
86020 99997
102100 78575
74133 123945
112443 71812
108685 73514
85939 100149
112590 71761
151664 61425
78278 111754
108617 73581
115312 70701
115070 70810
78322 111620
74760 120121
74626 121089
108969 73317
109344 73207
111343 72279
85121 101348
78232 111821
138071 63048
86841 98798
109547 73114
109266 73272
74670 120322
112440 71851
74801 120057
113535 71403
108901 73384
96820 81968
102394 78037
115138 70743
88134 97243
97480 81573
112957 71606
85355 100878
109990 72937
85479 100805
96752 82035
74536 121290
96489 82403
74891 119856
97580 81566
98566 80994
97406 81657
96920 81961
97474 81590
98498 81061
81009 106675
81091 106335
114379 71000
136090 63512
110762 72521
114205 71042
80629 107696
80982 106756
98134 81195
99071 80718
126114 65423
102209 78337
135079 64273
78203 111873
80738 107275
102144 78443
107792 74061
114137 71109
80601 108037
97838 81456
126244 65383
137316 63132
102326 78104
141681 62323
80711 107356
97412 81640
110694 72588
126225 65394
138791 62937
80948 107020
81449 105792
126095 65434
135585 63788
81422 105873
98066 81262
113700 71318
113874 71276
80656 107615
113632 71385
81064 106416
117739 69940
80519 108377
108894 73492
127718 64916
136895 63235
80862 107257
136511 63409
80492 108458
104929 75870
113168 71558
98492 81078
127107 65104
97906 81389
104657 75976
141709 62235
81301 106080
87148 98460
127909 64818
81364 105960
81539 105591
93161 92095
104554 75980
127094 65139
80463 108785
119747 69151
120252 68875
81181 106134
128714 64721
104730 75953
98770 80848
105235 75677
128181 64735
126688 65213
105434 75594
120265 68840
96696 82218
87515 97928
99159 80600
140563 62377
151363 61432
98343 81180
117912 69794
112514 71783
126416 65296
93058 92232
81154 106215
126064 65436
81391 105879
80574 108118
78861 110379
91969 92945
138810 62926
78249 111806
127557 64958
138389 63029
127928 64807
128200 64724
78817 110441
78728 110541
78772 110479
126577 65242
129250 64635
139805 62494
102565 78020
75284 118593
126558 65253
92007 92943
126286 65336
86534 99151
91650 93252
140825 62341
88454 96616
128733 64710
127737 64905
127285 65041
97257 81759
82116 104681
75510 118388
82701 103955
82627 104110
81758 105224
111340 72318
79079 110126
118158 69746
96628 82285
82837 103855
81980 104781
82190 104526
93063 92129
81789 105218
92225 92788
107372 74277
81906 104936
81890 104982
98411 81113
87162 98420
82911 103700
92326 92636
115581 70619
75198 119503
91888 93097
140067 62458
81816 105137
106935 74558
89550 95143
82674 104036
135751 63669
82163 104607
79161 109786
81458 105680
106209 75168
92582 92479
90506 94229
115407 70661
117782 69834
93536 91674
105753 75345
89734 94953
82023 104748
90413 94345
93518 91786
82067 104686
81879 105017
90323 94546
96157 82653
118028 69786
76477 116263
90635 93756
95647 82944
95745 82787
89243 95496
108464 73593
76582 116218
95764 82711
91576 93407
116656 70581
79132 109838
93217 91981
95628 83020
82386 104465
137832 63108
89367 95460
114648 70918
76203 116778
81953 104862
123065 66654
88745 95945
89052 95592
114580 70985
82233 104493
90545 93957
96269 82435
80927 107178
89772 94554
98838 80781
104879 75898
82744 103922
105685 75412
123006 66683
90728 93640
96250 82511
120823 68371
78312 111686
102085 78770
76129 116933
78774 110474
105248 75621
110251 72765
99072 80652
78909 110193
121298 68198
75637 117653
75386 118406
155522 60988
94837 85168
89701 95031
104947 75831
88407 96784
93435 91826
95125 84456
97985 81297
105452 75555
81622 105324
82788 103860
75739 117466
105929 75318
126435 65285
81665 105291
75267 119038
91149 93537
112889 71673
95144 84380
136390 63511
75591 118240
88655 96146
119760 69116
153376 61039
102089 78667
103316 76701
118687 69660
79033 110175
95588 83362
103248 76768
150040 61595
80038 108995
129441 64537
92508 92608
113133 71579
103420 76557
159590 59896
81501 105647
81548 105479
81875 105036
75944 117300
77155 113996
79285 109768
73792 125061
145836 61828
98567 80928
88364 96817
118642 69718
117102 70357
141971 62199
92597 92425
92810 92410
153114 61075
92815 92270
150059 61584
95223 83847
120628 68551
95211 83912
95270 83494
160895 59684
79953 109123
81832 105069
110275 72681
106010 75217
110343 72614
131438 64409
146183 61788
80162 108977
76046 117113
92240 92734
76771 114774
94047 88256
94257 87136
86488 99290
104991 75699
87192 98327
89641 95069
105496 75423
131971 64395
158008 60686
121133 68275
123391 65938
82670 104077
110924 72372
153892 61015
110856 72439
123261 65978
77536 113065
75863 117448
85950 100111
119438 69336
146816 61734
79701 109530
124102 65767
124986 65565
150575 61560
158629 60164
87236 98265
92159 92886
123136 66087
88451 96722
93937 88911
77889 112125
76646 115181
77446 113266
102974 77197
117232 70168
124861 65674
76720 115026
77799 112326
92516 92577
93841 89685
110921 72411
160487 59693
158832 60013
78795 110472
88869 95909
94599 86310
103885 76050
124977 65619
114075 71261
155270 61010
159074 59920
94074 88149
105939 75246
83505 103210
95185 84084
146797 61745
163758 59629
83918 103008
123123 66122
75203 119365
77978 112025
93900 89267
93996 88493
95289 83418
94316 86718
95204 84008
123248 66013
78102 112007
95230 83836
78146 111945
120758 68511
158171 60419
92544 92481
103146 76986
112024 71905
129974 64523
94755 85338
111443 72147
76413 116458
99153 80617
125688 65448
84347 102300
84076 102511
146699 61764
77030 114403
111581 72082
112095 71876
157431 60828
121263 68235
136556 63392
92734 92422
94179 87480
94732 85723
78699 110593
94658 85770
108180 73790
84257 102501
94198 87404
113528 71511
79577 109548
81709 105229
94106 87838
83415 103411
112021 71944
119192 69384
147332 61710
80395 108864
83205 103666
88430 96782
94696 85756
145320 61852
78160 111877
83986 102712
111728 72031
135246 63945
111375 72214
79829 109141
98639 80919
132334 64301
145339 61841
123695 65871
156673 60945
83279 103511
103611 76479
142439 61975
125168 65521
147574 61617
109145 73290
130337 64429
101418 78849
80271 108882
144100 61918
82564 104142
130870 64415
111904 72004
132850 64277
93625 91460
104061 76023
158374 60268
111956 71972
118933 69612
123565 65911
82477 104237
112602 71702
82403 104392
94984 85044
83579 103055
94335 86642
78341 111136
101339 79064
99880 79585
95043 84626
111000 72324
119019 69530
121737 66717
100540 79190
94276 87060
94125 87762
83489 103256
98499 80995
103713 76261
112857 71691
82613 104137
93768 90504
100151 79438
101844 78788
77081 114151
124176 65723
79494 109622
121333 67569
144616 61894
100534 79207
103781 76194
78547 110778
79800 109193
89373 95245
88882 95788
109814 72974
112171 71854
95003 84968
99004 80719
99219 80046
