9716 131.364
154639 100851 86608 119278
132564 84636 104367 133997
131217 104113 107108 87025
123466 119173 82625 115663
116066 93663 98091 143911
104264 138202 156287 113890
101817 150233 150936 122290
95016 134399 153573 128991
104246 143934 143174 120431
114257 100987 122412 100096
99550 147973 150235 125271
104688 138611 146564 119643
100485 137460 147750 140090
151153 93847 96708 106301
103445 132586 154362 119679
103167 133782 144543 120846
148508 98328 90665 104429
102670 148699 153700 117914
120498 91821 99210 142854
100847 134402 145686 126455
109842 129459 93114 124211
114940 92850 107087 140424
100791 134135 149527 126281
109514 136013 96884 119878
132482 126815 88192 105085
113609 93585 103921 137735
113742 120349 119956 95862
112013 131295 94418 114732
129275 123914 85602 107480
152783 94013 90647 113943
112154 130232 93174 110581
103843 133143 154001 119476
113171 125549 105995 97073
116145 95448 98657 139004
113487 101390 121233 100455
117794 92161 100823 136651
154281 102530 84493 117445
115309 89363 107430 135028
105460 100463 115746 115277
153168 96764 88665 117406
147178 88600 102001 107763
116185 107292 117312 97269
143522 88961 88938 129739
119231 91389 116222 106063
108839 112180 98946 133568
124683 87101 122118 124927
101433 118092 113730 122294
126125 91905 92701 134258
103952 126497 118720 121337
116528 109893 114844 93333
143103 86883 100510 121827
120017 90256 100311 139411
123578 88795 102174 135956
144850 98074 86445 120253
112231 93308 109654 135683
104774 119707 110029 107766
123358 90701 99718 128508
105307 116579 105036 126152
139320 85254 107232 108611
119043 102452 117868 96021
133288 86700 115861 107241
144202 91610 91367 114044
119586 103589 118255 93786
123593 123219 86349 107110
126354 92593 94106 133025
127382 111935 84537 130996
124024 121248 83067 114435
112631 99404 95948 122574
137906 114717 83651 123052
110286 116126 98259 102030
107786 106117 111964 108860
146336 110385 86514 105360
129896 112942 83941 126709
106135 111817 112222 100210
115626 107200 119150 96979
126898 93595 91872 127009
110428 108246 97573 115755
130562 86109 108020 112982
121076 126077 86836 110218
110819 123104 103262 100933
107263 109156 114535 111292
117207 122446 94015 103743
116607 94246 98026 132072
115640 88787 112977 132455
119457 118439 102027 95444
139776 121538 91415 99437
118770 121945 89013 117324
115296 87402 106918 140140
108176 111447 99284 129980
110783 126103 101264 100928
137507 112762 85540 110386
106737 110886 105087 101935
143643 102279 84966 123491
125277 122328 83246 112037
129478 100707 111693 90462
105074 105627 106027 118727
130074 110260 99656 91383
145572 99262 101100 94619
130851 85554 109861 109255
131783 85558 103432 130488
126043 88509 100616 122959
107444 104851 106845 111714
129185 88247 104750 105682
140782 109594 84402 113472
118276 115569 89618 112290
129404 103743 108154 88737
132598 103900 85893 106918
135560 96510 113694 93067
146084 88658 103193 103706
123816 117330 85987 118072
125485 109204 111327 87490
107174 116745 104352 107965
106307 98577 99933 114879
142238 90817 99107 102897
109000 99815 96188 130240
122758 89483 112614 118904
123236 119513 84140 116830
129364 101754 112812 88151
133590 120755 84023 113360
123297 108461 106785 89179
127007 90390 108528 101226
112756 99187 113818 104428
109330 106006 107244 104710
114808 108320 88767 128084
117488 114599 105714 95196
107999 117102 103829 107134
128234 90882 113977 99179
118943 113899 109669 94460
136544 117568 84882 110263
142120 102649 85653 106693
145120 98607 86346 121559
122965 99020 91148 127845
129686 104298 103008 90014
122242 92487 108737 98382
137583 99319 87955 107373
122287 90533 105829 131797
118060 92832 96864 133810
133238 103417 102648 90249
110981 116809 103295 100884
130330 92369 95109 115529
105887 113577 110971 107172
109030 109843 95631 132804
114300 113588 96452 104649
130936 98485 105175 91875
122446 93070 93927 118694
119171 100194 92328 117118
110937 97239 100030 128174
135966 105343 89068 106090
146647 93899 88909 119878
132045 106493 95229 96733
106751 102204 110852 112700
109961 115058 97825 117023
127740 114107 95371 94971
133980 90774 99981 117666
143006 112608 84663 109830
111406 111734 94666 104848
122041 89883 118541 115405
125508 98038 87557 131353
131191 105404 101841 87803
136220 86455 103059 123816
113460 101683 95467 123253
116900 91017 100885 131244
116759 100332 114280 100516
134149 118741 84842 124586
113359 115957 91218 115978
138454 89970 93330 119541
139427 95437 92492 111193
123516 90079 106428 122147
121911 91359 119489 105950
120131 114895 110431 93821
136144 94640 90976 112802
142928 90953 94275 116605
145108 96813 90675 106599
139128 96621 88499 117795
143244 105491 92357 99347
123164 104177 110200 93225
129455 94428 89508 127355
143880 102789 87231 105293
127167 113032 91908 103061
108424 118955 97817 119921
122220 104455 102237 91662
138208 101372 86036 110688
108557 112190 101012 111105
141362 107653 85788 106323
131158 109328 101586 89464
108963 119048 97265 120660
134075 102479 86140 116234
123241 121143 100340 93328
138676 107339 89845 103319
132875 103217 100729 90316
113353 96471 106083 130628
114628 93861 118933 112043
129314 91240 100427 103801
111650 122160 101677 100727
126653 100936 97354 91863
139956 101641 93844 99995
131649 97899 108094 92072
122090 113463 105949 91560
120674 114221 113336 90761
112528 113276 90250 119850
135127 89099 97206 102973
134461 94900 89533 120075
131100 103006 108249 87191
125129 112025 85433 119020
121544 99012 106612 98520
109426 118721 102776 104436
124311 90447 102193 108281
105890 112103 108943 103214
114021 104323 106206 99014
111799 118011 104178 100245
114105 117955 102606 97089
119429 106344 107906 97612
125907 112185 103960 89796
120906 110825 87513 121361
141734 105561 86342 106138
137685 96530 88332 118530
124476 117718 93981 99749
111224 103131 105671 111768
119750 113977 97497 93934
138988 102423 91535 102280
128646 100322 94861 99582
122010 96125 108893 108515
146839 103989 87219 105375
130481 101932 110679 87972
121890 112305 85247 119118
120581 97991 110062 93432
109748 97278 109102 114672
117623 104837 100887 101814
108297 113191 100244 105298
130641 87190 106074 104917
118996 115473 92769 109411
129277 89065 96341 121597
114050 96341 100033 132643
118616 88788 106442 121144
127968 93720 90870 125726
124473 108106 104018 90600
146981 102670 87477 106412
124235 120764 102381 91029
121473 105873 109373 90983
123653 103890 107747 88645
136363 102664 93385 92181
116025 95774 100050 125201
138925 94416 91412 112946
131904 103697 102407 91534
120839 91591 113263 104216
118456 92718 98405 121226
107882 110225 105781 102776
128076 111376 87106 115660
141120 98242 95085 105134
138381 100570 87121 112422
115072 95308 112134 105842
145804 101535 89372 104123
120452 110541 95330 104009
140066 98106 102422 96212
135762 96060 92165 112488
112036 107644 98162 102162
135441 114706 93828 98199
140597 106207 88838 100400
108963 108881 109494 101554
123204 106897 109140 91153
136963 103967 85048 115387
125781 102023 104660 94545
117059 99353 97701 110315
131535 112251 86964 114542
126180 96707 110629 96419
120380 101271 97816 108140
119817 111075 94511 113688
110315 110007 108497 96582
129646 96723 86340 126059
142729 99452 91196 105605
137762 97385 87318 110073
128450 87989 100161 109385
133850 97613 86733 123816
135782 102829 103644 89720
140469 105789 87369 103377
134740 92543 93125 124464
116293 102910 106346 102387
138385 87553 98479 127490
118089 102723 118754 92694
114445 119651 101679 101104
137056 90284 94084 117282
142501 95803 93543 111043
115695 114769 102030 95593
121298 92836 96610 125448
118431 107370 99242 98102
128391 101946 109605 88396
137194 91695 92915 122983
113709 103341 93636 115998
139756 104920 91068 103006
121836 109428 106442 90819
137370 87622 99487 118982
125527 99744 104937 97723
118665 118610 86643 119495
136898 93480 89792 114643
136614 91036 95555 111484
127260 102070 94922 100613
141309 99994 90107 105503
129992 98891 89685 116906
144117 91984 93099 112657
127848 106718 101789 88448
139264 94168 93069 113296
125032 105046 89331 111835
126783 101112 92171 114338
119827 109620 104434 94825
137929 108778 84800 120513
135626 94241 88458 130024
123737 98667 92663 102558
113342 107065 105316 111588
139789 92163 91936 116452
113119 96553 119445 122358
124035 122196 86290 112242
130746 104942 101357 90087
117775 106846 112016 92921
120674 101589 90432 124803
113021 100647 99863 115851
115844 100307 101415 112684
118172 90401 105420 132835
128316 99099 103185 90751
124154 97499 93624 108791
114688 109736 95425 105484
114846 108479 98443 97429
131374 98290 103388 94151
130893 111591 94164 96615
112381 108124 103190 97172
130920 87744 100768 124075
120986 95899 95871 113777
124769 97689 89132 118416
116743 98848 93467 115087
113862 102729 110934 104119
121460 108688 103539 94125
127557 106028 88689 107911
115241 115002 102093 92855
135263 96873 89428 118320
111079 102250 111516 107676
120295 109078 106658 92552
116364 107495 104626 97942
132778 104747 91773 105611
122554 102323 88642 114972
111509 97831 96152 125723
123201 88413 110823 109957
131482 94477 93905 113543
127907 112599 93765 100715
132938 95940 99760 98259
126425 89454 107464 101493
129083 93177 90556 116551
127647 117232 96673 92870
122664 94804 103748 110948
122810 90246 108354 107967
124913 100372 87578 118113
110128 107478 98505 104269
136280 95762 89868 116129
116820 111794 95704 103991
117346 104335 90892 114229
128128 88930 102302 105527
117411 101209 94980 110871
133612 99519 91523 106184
131321 86237 107157 130511
133021 107788 90878 106002
124679 103490 87704 113212
120250 103740 88399 123658
134995 94709 90776 115451
135049 90114 104170 99261
124626 89612 105600 110160
113201 109066 90416 125682
115489 105391 98804 115927
122304 99601 101639 109132
145766 97022 95798 103486
127463 109190 104946 89248
121261 102998 102545 94326
123629 99651 97870 107640
129599 107847 84765 126124
120374 94550 107624 108700
113272 106970 105574 112884
122743 91090 99753 124678
121688 93318 96543 126456
122507 105091 101763 95142
122775 104166 89996 109648
109493 104633 105878 110840
121523 104537 108208 92308
126228 115229 92246 101670
129683 102587 107364 87292
137138 91868 112885 97835
117275 100758 100322 108428
106244 111239 109137 113966
129814 100035 91472 111951
124785 114495 85794 105184
128368 95374 99510 102467
128525 96919 91466 124396
132207 110066 89771 105817
124715 100487 107759 92498
114977 104546 93214 120039
128729 98074 91718 118295
132349 88021 96499 118372
114276 95662 112111 123923
130286 95154 99891 107469
131323 89518 93355 131963
140245 101697 91135 105149
126539 108453 96160 96056
140726 93202 109625 97313
133832 109511 92515 103635
126068 92087 97982 119717
137783 97132 91863 112143
127343 101815 88131 113044
130435 104961 106410 89615
125198 87804 105447 103286
134555 91433 101326 102708
127944 110652 87402 113443
107957 107087 110287 100328
133474 97119 95578 99686
123979 105657 98587 101524
141823 96423 91064 111989
137298 94530 87449 125412
123386 99900 99416 102728
128855 112311 92612 102087
115342 114304 96567 99301
134591 119459 90744 100931
113180 101064 113116 101709
121826 107946 100001 93591
124567 86311 109130 126698
132186 92154 98349 114150
132205 99461 97096 95774
122298 105751 101902 94656
130183 89067 97155 119403
131595 106417 94344 99846
120021 108973 101545 96275
120077 101867 109968 96699
115323 108655 89251 126452
136704 88567 94283 113099
123057 96866 104465 104970
118104 94784 105473 122411
117188 106552 95803 99813
138037 92005 94237 109511
115192 107698 104456 95493
128579 89723 109704 100377
124454 98170 95896 97993
126695 89723 94320 118176
134862 102253 90367 105919
126509 107149 94639 96467
133433 101799 90328 109028
134382 95014 98480 103521
120221 105525 109289 94880
120753 106282 97703 103591
127454 102917 92001 108957
121770 104507 92549 104302
116102 112600 88557 126607
112292 102506 111393 101023
116484 105144 105046 101949
139229 95711 101014 98928
126332 92777 101544 104997
134360 99436 89244 109722
119201 104978 104232 101343
141970 88001 98112 122325
141157 92016 97166 98825
138001 102968 84964 127627
131151 98795 91259 114589
127836 100832 106371 93678
117688 93181 98365 127681
114429 104721 100195 112297
131624 111127 95414 93984
123376 107981 96968 99146
132069 93868 96797 104812
124843 101331 91634 114395
147069 90525 103641 101082
124252 119270 90661 108635
111117 115321 100322 103429
128950 96441 95823 101632
125687 87773 105852 104521
126057 103065 94650 98586
119954 90567 101136 113113
119670 96244 111150 113125
119708 115280 94488 111337
117872 95931 99931 119093
109814 109489 99169 120283
129971 112345 90769 104243
132499 102131 107452 87429
127910 95607 107831 97495
114438 97993 107937 125025
122686 106298 87755 111015
132260 98214 91980 112562
115776 101465 95920 105228
125656 95528 93631 109985
132367 98533 92389 109079
116417 101346 109294 98789
112967 107034 107115 105981
113583 97635 111084 100980
138108 95752 102529 97880
116739 97938 103527 106244
129078 93803 92933 114691
126227 96947 101189 107981
121194 99276 95752 109724
111546 104061 110720 107944
125351 106751 91826 105989
118814 114829 93142 113130
134124 93394 97008 111165
130261 104121 94555 101391
124121 102610 107675 91067
127913 93728 98523 116418
140149 96225 88367 122381
122550 113279 94338 103182
116442 101030 104885 102626
