5795 164.385
324557 330272 194822 303278
310989 198196 299041 322295
269219 256650 293511 312043
278279 227580 277206 341704
348387 317057 195235 316325
288953 202523 296460 318227
351852 291626 200620 302154
355182 311523 198160 301094
279148 234293 281846 332867
271950 217185 289650 331370
355875 312266 217740 273543
275753 225243 319849 313258
326462 333603 204054 274659
311891 205178 282802 331573
305951 209339 287795 335400
273532 242271 282555 299891
281885 207280 306826 330686
353678 252900 242098 265068
310780 326187 207696 300943
347142 271380 220223 277747
282532 221963 303732 318077
284081 340615 277909 285085
325315 207702 275405 328707
318828 282446 319334 268276
312698 269745 283780 268908
293345 244093 301145 286315
325396 249057 285810 264143
337105 328309 215744 274547
291663 261069 232711 282546
340443 307076 237914 267473
301262 212530 315232 309996
302787 324793 205962 313917
320101 223000 315811 285512
286720 299714 240789 295632
317707 305297 200267 311504
346595 221386 243770 327020
292111 283099 256178 272584
294037 246618 277387 283060
339852 324801 211893 279672
272703 227031 323041 311290
319862 220951 295705 293287
279846 228895 297537 315633
302987 309596 204986 304732
327317 251491 275679 265597
280812 240913 290174 309586
323278 225780 229708 325643
345307 235571 277998 277120
279078 236717 302909 307177
288760 312566 215305 320451
319544 321996 254284 267809
344907 291227 210904 276425
321510 328375 238177 270660
324581 231961 233349 315316
323756 214323 300245 301752
292698 287562 219296 280719
298268 233224 287977 272892
345547 262339 215317 299305
289151 228307 234288 320716
317851 272075 198702 312390
285969 244183 317643 291550
328888 262540 284255 264363
306229 224428 258747 305787
320269 339669 200738 307170
337643 309291 202761 294753
319133 243392 273505 279641
272915 256245 308647 318025
335450 215301 280425 307901
298882 214834 294393 310212
314667 208003 313815 305239
323208 219819 290754 289734
327642 332864 216023 276524
343528 279094 202962 288492
292082 209881 294156 322294
282931 225048 299092 315676
327236 229329 245772 298771
283616 320935 228810 315729
280130 262157 229208 312040
317610 225883 296333 287517
330935 280507 198529 306313
280612 221940 307947 313595
308480 241212 271902 284484
319735 210782 321858 291219
300682 209545 309494 316875
289553 254751 305214 272078
325274 259158 216210 298409
318179 251310 263946 284192
334535 264975 215239 296184
285367 240561 268476 304174
310228 264347 231976 287848
310851 217146 290348 300999
287356 219944 286417 314807
324533 230156 230274 318516
290502 247174 288786 287974
313521 305897 201213 302319
286000 252082 247256 332439
337961 223481 242053 305587
307467 324308 212030 281170
315750 309794 253093 275031
339238 270410 221310 285755
279855 226374 269842 311513
340807 227303 239355 301617
298265 253416 271351 285016
299139 254638 248909 287637
320305 243985 268583 277255
330089 326661 208696 282497
281999 283637 232536 303789
315488 229153 267427 289211
297800 287030 243283 281016
309867 213420 283704 303388
327952 269196 223606 278341
308591 224559 291002 297402
317773 225329 314196 289307
313266 218234 291699 300151
316099 220508 287282 296447
284932 247286 254487 307782
287154 291314 257060 284778
303489 302134 250145 276047
311216 307321 209867 285727
300437 214558 292891 305438
315589 255681 235435 283606
272819 242202 294721 318687
311322 223906 250927 307006
314205 252978 245676 281493
318637 215856 268850 303730
308342 227581 257092 299196
324081 219141 272312 299574
338924 217182 248141 319812
300671 215516 267449 326815
309089 322218 245628 275461
280104 220038 316065 318575
300952 225241 259479 307845
329051 218658 246535 314143
336291 311675 203908 294566
287697 210736 308378 320974
316776 248265 272694 281720
300248 213661 285260 321429
325193 244859 228969 294393
312874 285938 204040 286080
304443 286138 223484 285605
284560 307722 285150 296845
330303 233508 229681 312137
303625 274894 238740 281165
336236 272503 213022 281007
276136 257716 248003 299761
313480 236092 241045 302607
327596 326913 203089 296904
287643 220397 270312 298274
303777 237033 273181 284912
330438 270549 219017 283396
304144 257823 236394 287940
327819 235303 274588 283390
313773 318317 255483 271600
305272 256619 261441 272172
317367 241822 275264 284015
319396 277028 219142 281868
282803 219015 265095 316060
299849 268709 244049 279788
312606 228517 288883 291119
314248 247346 268994 283476
333750 218587 289307 295466
297218 211920 292275 314288
304813 237620 246896 297451
312090 332442 203379 286060
300905 212693 313193 294469
330694 215112 294333 289227
314989 225546 247801 313923
323124 239239 277111 274760
333886 265080 215802 302412
332720 320547 203479 287036
330889 236873 287151 281240
312941 225611 299343 284894
290749 213495 294866 317864
332865 226809 235729 314143
287610 223796 299554 311976
308965 225382 250026 314521
298073 221484 261274 312030
327927 219091 249185 303239
297790 240437 247382 292658
320495 280463 221557 280331
332407 225809 243088 312982
313745 221500 250209 292424
334287 265460 215158 302414
336256 238611 242700 294066
319434 220378 282561 293951
307560 244989 225732 294015
312166 228983 269120 287122
324719 239217 231046 282518
336603 275162 208338 285918
333886 228990 246630 295810
312173 240305 276991 283809
320756 201175 283089 309342
319053 245372 216881 289532
272443 231733 312894 322245
309927 230865 296119 284242
308906 208151 287378 325475
325538 234233 231218 296993
320026 266418 226847 272122
324361 220450 244043 305608
319285 305374 229628 275261
321322 229792 239501 312290
316159 232929 242206 299243
286610 215240 288958 323181
298549 304835 206231 333726
303563 231892 247020 303362
301860 208015 287848 304446
328848 199897 316064 312871
299542 253201 279278 282469
295705 275367 254971 273334
290206 284176 218961 295003
289053 239492 222998 296951
331893 335900 203047 297096
303202 328810 207654 296575
277737 236072 276308 312192
321786 233008 250736 285511
312872 224093 266641 300999
331951 299484 201054 299257
304264 206901 309073 317805
274750 252142 286352 298605
308182 241680 222604 298673
319602 234614 230446 316477
294254 217306 270799 322408
319440 266366 213621 296770
287776 237065 262607 291599
300200 254235 213781 304795
304786 239263 236773 304957
315270 216910 283218 299085
291750 248772 237524 289852
317850 213109 287751 305108
301616 206783 295942 334604
343832 323995 215290 275511
287953 214390 291081 311487
313306 309089 255819 270554
300473 237388 261843 299507
323680 308459 200888 304409
324591 224827 248583 284642
312256 207498 292617 310533
314077 243999 239027 294754
326149 274981 199340 306288
317069 246231 241296 291822
338822 302787 203854 297360
318402 242355 273801 284210
275331 237597 293218 314817
284753 244426 264981 305417
298910 274221 208167 291048
299026 215638 290683 320020
325900 232160 236745 313956
319378 251197 239653 283084
329881 265143 213462 303469
328060 268839 208734 295374
301493 213662 254614 308321
286104 229299 265745 299224
279211 230403 304639 308161
284152 221353 315541 311723
304252 235348 252187 301526
286766 289875 257347 298775
318298 216012 267573 305269
282830 212684 301594 318669
285991 226312 287391 313009
277220 251958 317539 299554
289549 209184 321885 316362
336347 254559 227670 284210
311484 212991 275670 331082
337131 238035 275386 281431
285218 216621 293343 334435
292009 214868 283106 321915
306286 250941 274021 273395
324511 290365 216870 276799
311945 217171 258153 304131
313205 247303 226689 284299
314970 252784 258618 273755
322000 269497 222388 287935
315743 227547 249090 303074
280348 230869 296787 300369
309688 204560 293048 310651
296302 245231 281877 283819
311189 270404 217330 304080
319158 219601 269483 302704
337480 228569 238034 307549
322437 311071 224411 278181
279078 221167 293396 324612
323710 240095 235921 270343
287839 257905 282391 286944
343803 265129 223010 282830
333716 316404 201689 298851
302031 263223 226879 287939
308408 212058 307195 292443
313323 264543 230509 283856
306094 294591 232199 277943
315046 277706 207600 318097
324584 269202 205006 304182
296332 227499 260541 299767
273584 232263 295904 314212
301149 245241 282238 282456
283908 235328 289046 310898
325075 278303 198596 319041
317268 259335 219959 293226
305346 230500 251588 306876
312900 246836 251477 285310
318528 244737 261605 279899
314490 239326 265953 285276
287668 256817 229567 299654
308817 241790 240192 295505
302212 234632 255279 286167
302464 254735 261637 285131
318328 245799 259906 276956
315963 225098 290212 290394
305604 202494 304728 330834
306739 270403 222346 278715
309552 278662 233961 276623
336732 272816 204772 303485
320171 253258 243645 269176
316046 224936 249534 303381
329089 274061 223804 269879
313206 237809 276077 275170
296070 267914 220287 290923
318319 280366 215172 282373
318724 235544 236789 302040
302949 206851 295275 322095
312651 265455 215581 300887
324252 268239 221310 288486
263315 255943 309153 307882
269584 215002 331045 313417
313272 226287 247392 307897
315835 266215 216974 294545
323343 207445 278603 311668
290392 238032 247873 288457
296490 222212 262841 306520
301117 229602 252561 305337
320935 285191 258820 260572
304514 237691 253179 290968
305918 228181 240752 304483
332619 221100 275819 292833
339322 303436 220638 275945
316598 221657 313937 290155
296998 226149 261482 328069
318289 255342 247819 276010
328580 262755 214029 302614
330377 220708 266335 297457
309347 271668 218921 288957
332386 242143 214262 306545
302755 259494 282506 274389
314689 253824 263604 276293
301849 221270 267911 297905
305125 264645 235503 281567
316531 208312 261215 307966
339319 269144 225875 271796
296545 208728 289972 321897
294522 227826 289602 297432
322455 274043 203140 305782
341946 306604 215870 278139
309372 313510 220362 275481
321404 230608 237794 310443
295230 230770 247327 314252
311353 228825 230914 322141
334660 266848 222242 284755
309706 239526 241649 295964
280794 217883 298681 328423
289925 218884 276615 312972
316893 256785 251839 281187
329966 245211 225977 291293
265446 262389 281808 321965
316238 200092 286023 308947
322722 241084 239378 286116
330165 217528 283778 298435
306899 227587 262300 298726
301757 205740 294863 325109
346164 309295 202140 287309
306647 244669 281906 279877
319924 326542 213559 280783
329628 218542 268462 297018
286101 214802 298619 324067
289736 217275 316524 309492
281021 223512 307427 321520
311799 220116 263220 308134
291882 266234 210552 305606
304146 215154 298884 297515
307249 204115 297077 311848
305802 227517 236528 317508
320763 269887 222678 288589
296067 234601 245476 316830
317396 281038 243805 273758
327090 240443 220596 318593
277886 249058 266698 301976
315141 242628 207318 304645
325373 201353 278916 321450
314249 228119 242160 299686
283859 245785 254593 300487
295973 209977 278527 322545
309117 207987 302870 310180
328331 275421 211041 280777
286269 226689 253229 303847
318055 288619 209325 281898
302743 229491 248390 311036
312949 226829 289242 293008
305747 229678 243924 285961
293552 218474 287373 318101
313815 284075 202146 298267
286049 237338 272660 307786
283964 226600 291970 293294
303633 265504 228578 281963
286631 272178 233726 308266
295218 271123 208797 293727
314874 236091 238382 300656
284500 220923 311005 313027
293588 269187 220186 290266
299946 222176 253599 309550
288974 292239 293678 281026
304419 229020 245469 313063
319626 273742 263210 271584
305313 232512 251277 298489
312795 266320 249261 280956
310395 224981 311600 291458
290603 215839 277292 327109
290807 215620 292736 293388
347412 224578 238361 314424
274458 216076 303753 327568
309865 316103 214587 289863
348344 256484 205965 290930
280209 246104 268862 307048
298115 243893 288208 285413
306965 252499 236504 282650
317213 269933 206876 330928
327373 215198 282669 301289
282645 226209 300146 323510
327755 274828 221592 287857
313011 271062 212935 295568
331486 267053 209181 291459
284321 239323 250214 309753
309601 209263 280841 309426
310657 206839 286089 320278
289575 210254 311142 311040
290400 235068 243304 302170
297477 270809 215208 303673
307707 236082 236376 311049
327789 285362 207518 296803
319617 240100 253719 280211
301518 251702 217599 293745
283896 242291 274768 309682
310056 256577 231777 292522
337727 272650 211757 291403
308892 215519 244479 320346
314338 249864 271683 281485
304787 228596 291485 291231
301316 232919 294884 289089
313487 258334 227156 277163
321910 228100 247464 304778
303651 235761 252233 301817
310824 217400 264529 306636
325293 275268 206303 301156
301087 244168 274569 284415
285541 217476 279946 325175
328003 226810 244811 305214
303551 232019 263897 292798
339392 271524 223606 277359
328668 214226 252683 328285
285129 211862 304377 323134
301836 232242 269432 296722
301052 233239 274547 297847
318574 262508 224951 278391
