112 1.77992
156358 140554 156360
150017 154355 152778
141413 149125 170979
151240 153489 150932
150307 141770 165262
138452 162074 161516
156474 165333 136374
164375 146787 139907
144810 145563 154202
154653 135794 167355
159128 144376 149737
157325 135212 164197
142729 146756 167081
145047 169943 135432
153870 147857 152565
173426 140466 144528
152254 149364 147432
151961 167161 133684
150224 144588 160079
153996 148359 151024
143540 148751 153734
145913 163200 144008
151303 141282 168746
176157 143557 140376
140725 152621 163655
147808 157873 138217
149693 139428 176240
158559 146897 150587
159185 144519 140147
150112 153606 149069
155707 154660 138441
152960 148764 148873
152652 153556 147271
173576 145154 138412
165261 143557 144049
171364 147961 136936
174276 146148 135872
163642 154467 137243
153121 151198 145993
156600 155380 134419
155070 146910 145369
157349 149530 140141
154353 151381 142458
160322 130524 149934
139363 159270 151974
151115 153435 151780
155080 156816 142252
166555 151917 131012
170641 146706 138307
131418 170065 164716
146131 157999 146947
153949 142117 156787
164218 157501 134148
169838 158373 128878
131784 167462 181967
131970 163967 165337
139081 152825 154378
133382 167015 160682
134213 163787 164247
149650 156625 149741
151723 151893 152978
143600 157734 153633
149350 145562 172632
157911 162156 116121
