5 0.137315
308718 318749 352851 329373
321142 321460 321007 312375
321504 317598 318475 308103
323019 328884 315659 294796
325304 317551 294296 308391
325882 319905 312247 304037
332893 302657 304872 306454
334648 334060 298883 295575
308615 326545 328672 323453
318503 342348 291517 309543
320347 300030 316546 318142
320826 322630 301573 312551
321163 306514 311468 312203
324802 311754 308952 314769
326844 315443 314258 294000
336802 302037 304749 313657
362811 301267 302431 319832
291626 347538 319963 321345
309652 314482 321861 310009
324943 335684 294031 326424
327760 304158 312114 308833
329827 315922 297834 329288
347723 338966 280275 314017
353379 305427 314637 305578
362265 297457 310145 331440
297912 340256 322073 326752
301175 332775 308316 320922
311366 326762 321786 298269
313079 330026 320667 300799
315430 310980 321489 335816
316040 301013 327056 305228
316377 318692 317895 332501
317627 323695 309872 308092
317925 316435 306485 315507
320193 333170 306776 296552
322383 323472 308039 311064
323034 322204 302537 303062
325213 314777 306955 327187
329683 329615 296840 301442
330121 306866 304873 306994
331347 316230 298755 309277
331892 318561 289334 314624
332708 325211 316374 285607
333097 288624 345638 330530
333843 300800 318882 315507
335856 301629 323441 314875
337538 297125 320678 330576
346519 303718 303131 324312
347766 313173 292723 297582
361916 300880 309662 324406
369424 328374 281876 312750
290072 349057 323313 320809
291691 322333 304528 327900
299875 332691 329592 316472
307668 310457 330037 330076
315095 330590 305103 304284
315184 329147 303039 336044
317467 308821 312449 336774
319945 315930 322932 306677
320215 316727 308182 312740
321806 334379 305324 293266
322559 343323 324896 287173
323363 329118 300839 290235
324404 319059 320467 290977
331719 324892 312518 297897
331957 310197 299564 290225
333639 328459 298853 298496
335918 305649 299833 303656
336697 300519 323714 299433
337075 293293 329708 305541
345126 314992 324381 288141
353324 304732 302499 305675
354649 324155 284491 303034
365330 305766 293179 318960
301489 319053 316754 324244
303363 331818 294859 299541
305352 331559 327918 320913
309328 330055 335138 311360
309883 324902 316064 319606
309927 329180 321303 300698
309991 316904 328048 307884
311766 328413 305932 305043
314115 321623 310615 298572
317399 326765 307822 312408
317686 330992 294721 308433
321529 330774 295896 322638
323578 312801 308540 310626
323900 327068 294066 309605
324956 341419 281126 343114
325196 314642 314587 305825
326754 330939 297333 300031
327653 313785 319343 304433
327777 330553 284295 305045
329710 309726 322913 299201
331923 328385 301196 300634
331926 319313 324917 282175
334330 313960 299514 312373
334789 321238 284529 284073
335754 305880 304502 317435
336347 316431 293276 324556
338851 296994 320011 339700
343606 298734 313785 320449
345437 313065 295907 296371
357938 294623 332503 297868
