4504 901.457
55845 74647
55500 75325
55740 74692
55395 75370
56116 74348
55352 75439
55697 74761
56011 74393
55560 75283
55603 75214
50816 87628
47966 98840
54977 76179
55659 74939
55616 75008
48940 95553
55169 76124
55213 75595
55256 75526
53490 79402
53420 79714
53447 79471
53377 79783
53595 79357
55968 74462
53792 78793
53835 78724
54467 77086
54572 77041
52883 81168
52840 81237
55082 76134
52804 81308
48968 95427
48140 98139
56324 74192
53829 78746
56819 73609
57709 70424
59013 67714
57604 70469
49601 90941
54608 76454
54713 76409
58773 68022
58908 67759
58624 68445
57930 70263
49359 92699
58552 68611
58581 68514
78300 56632
49924 89341
61972 65145
49323 92770
49779 90123
58509 68680
61908 65151
49479 91722
54263 77132
54607 76920
62013 65106
49090 94679
48362 97034
54368 77087
49295 92896
48334 97160
49026 94876
62077 65100
46289 101485
48566 96559
58159 69246
49860 89538
58010 69669
49645 90629
56571 74084
48064 98146
49565 91012
58214 69116
56466 74129
61433 65582
90761 53215
49715 90320
49523 91410
58065 69539
48588 96549
49415 91919
58730 68091
46007 102830
58277 69018
58128 69441
49443 91793
49210 93702
49743 90194
58865 67828
49888 89412
77950 57033
46260 102044
58320 68949
58332 68888
58679 68315
76123 57591
77984 56863
49537 91138
58636 68384
48036 98272
58053 69600
58202 69177
46378 101273
75807 57822
49054 94750
48021 98511
49007 95029
46493 101010
75900 57775
76216 57544
46582 100798
49146 93899
58437 68843
59610 66645
46719 100525
58716 68251
49276 93049
53983 77920
59758 66531
46808 100313
58564 68550
54124 77288
79940 55920
45764 104283
79033 56320
79112 56206
49174 93773
61390 65651
78379 56518
50513 88462
55177 75666
78796 56437
49504 91563
60503 65854
91604 53053
91046 53105
54080 77817
49673 90503
90129 53229
54229 77243
60354 66277
78063 56749
60398 65899
90893 53163
49249 93271
49696 90473
49127 94052
49841 89691
54088 77359
53947 77991
54044 77888
61865 65220
49626 90782
45721 104648
45964 103195
45736 104409
52113 82599
61538 65537
49396 92072
45979 102956
60355 65968
59609 66954
59504 66999
50705 87658
88241 53693
46465 101136
88478 53576
59461 67068
88394 53635
87844 53761
50626 87956
50654 87830
46691 100651
58495 68840
61032 65761
50309 88508
47558 99490
49384 92540
92162 52983
89627 53280
46369 101421
93079 52859
50029 88780
50204 88553
88710 53404
92315 52925
47863 98962
50001 88906
80202 55729
50176 88679
79374 56015
47986 98759
87997 53703
79058 56246
79886 55960
52203 82155
49982 89059
50564 88290
45940 103671
54816 76298
46102 102753
47958 98885
54921 76253
88557 53462
45887 104080
89474 53338
82704 54979
93795 52774
47685 99124
45859 104206
47562 99327
49767 90150
93232 52801
77475 57128
77568 57081
56722 73712
80123 55843
46487 101126
57957 69872
58000 69803
49837 89841
45686 104888
79295 56129
41154 126626
58108 69470
41065 127102
45714 104762
58257 69047
93988 52684
50607 88109
56644 73818
78979 56360
45460 105373
45488 105247
46981 100113
41010 127627
47104 99910
53654 78973
42256 116340
47317 99612
60249 66322
42171 116587
47579 99200
57562 70700
51667 83600
57808 70295
53690 78902
51463 84259
51816 83177
52301 81717
50065 88709
51435 84385
51533 83947
56829 73171
51036 85827
51718 83453
49856 89688
51612 83836
81238 55497
51134 85389
52231 82029
52273 81843
51170 85318
50942 86479
51682 83524
51499 84188
83336 54701
51064 85701
81554 55266
56855 72494
41004 128412
49786 89997
81322 55438
68124 60202
81984 55164
45445 105612
81401 55324
50872 86791
45421 106088
51639 83726
46112 102247
56835 73007
60206 66391
51505 84073
41051 127422
46140 102121
50669 87729
82551 55037
76540 57510
51227 85118
50978 86408
56899 71965
69676 59818
50641 87855
83134 54877
83020 54932
63029 64000
84486 54414
67621 60250
51106 85515
60077 66439
51569 83876
56879 72478
77415 57139
51014 86366
59125 67698
69839 59360
83183 54759
51100 85630
51852 83106
76633 57463
84092 54584
63101 63799
77322 57186
40915 128888
93544 52788
41363 123298
83939 54642
85242 54297
50822 87456
70827 59227
44858 107065
80726 55552
80647 55666
76834 57420
67413 60581
69514 59859
48391 96687
47635 99126
47037 100039
46264 101710
52337 81646
53873 78450
59972 66484
76949 57232
69487 59904
42345 115864
45611 105044
52380 81577
43479 113056
48543 96601
48793 95555
71473 58978
42902 114096
66974 60725
72461 58845
51773 83217
76927 57373
43602 112853
84333 54472
85089 54355
68836 60201
51922 82794
53100 80159
47373 99538
72275 58967
82471 55142
85403 54290
52267 81958
41558 121607
48779 95875
81810 55242
71287 59100
49709 90432
47713 98998
51737 83288
53030 80471
42817 114343
69112 60069
45183 106277
57114 70874
74844 58278
65872 61431
80982 55528
61255 65671
41227 124764
51654 83650
61150 65716
42260 115921
44615 108518
63417 63568
42728 114819
80458 55705
48647 95964
63345 63769
57094 71387
52994 80542
103951 49562
41242 124590
101559 49862
49814 89871
103034 49686
40873 129870
50914 86605
69690 59783
53064 80230
65192 61572
102476 49738
50844 86917
62895 64039
75399 58186
57070 71403
42349 115445
103428 49662
42998 114015
52061 82638
53036 80356
69729 59776
104979 49353
43409 113142
48187 97162
62823 64240
43578 113052
62356 64476
62150 64716
42067 116992
48173 97482
103936 49582
56435 74179
65165 61864
84253 54577
44591 108994
62284 64677
49635 90703
56820 73217
42553 114970
52966 80668
106454 49177
48376 96926
62078 64917
74572 58308
64984 61903
53909 78379
41303 124240
51199 85244
82310 55149
111430 49134
65969 61365
66581 60741
48413 96677
66294 60866
97671 50481
89387 53401
104223 49470
71377 59071
41740 120253
42063 117221
82921 54950
41825 120006
66464 60777
63954 62394
63849 62439
73383 58777
43021 113868
100803 49979
99344 50240
46898 100248
41978 117468
97424 50688
41365 122488
64849 62166
95889 51046
63694 62940
60822 65762
85647 54073
98305 50296
44630 108279
74411 58319
96388 51023
99780 50120
73856 58411
97388 50720
97470 50570
65479 61447
95443 51458
59154 67596
41904 118887
86403 53956
86564 53949
44395 109971
94629 51711
95573 51277
87167 53890
87320 53832
96523 50861
106211 49262
83074 54892
104736 49438
41323 123470
51322 84507
94759 51530
59197 67527
95515 51413
100536 50003
41248 124566
57050 71916
72365 58938
41096 126896
59639 66543
44873 106826
47126 99651
51886 82865
97223 50777
69472 60041
66177 60902
94313 51942
100945 49913
43637 111850
73396 58538
43110 113202
94392 51828
52149 82486
86250 54014
43984 111312
51252 84819
60717 65807
41666 121259
101725 49787
44749 107237
63739 62855
52519 81421
63584 63356
69797 59542
94163 52620
95688 51135
98019 50380
103443 49596
51294 84633
53239 80003
