2702 18.9197
144875 174954 146769
150550 146454 149806
155793 145585 157648
146283 176316 144982
156011 141565 155603
157578 140571 151395
147861 148655 154446
168210 155660 132505
143674 150006 154347
145117 157907 149604
151746 143745 163099
147536 150558 151077
134489 162091 175724
142113 150348 160431
144373 176454 148710
140831 166903 150557
163060 135572 169206
147279 143818 168563
147417 158502 144450
180774 130941 166268
166994 137924 149101
173053 136700 148056
149357 154586 147551
152645 166410 137240
160497 169305 135904
145950 144964 159869
144876 163629 148989
151585 146394 156850
166983 132460 172069
163907 147545 143438
154657 150375 137066
152172 139599 170208
164205 139538 144105
179783 147345 139321
145914 143503 170523
139147 166339 154234
142157 146075 179375
145443 148037 171555
157292 143200 152300
166825 137731 157425
146012 167293 145443
130976 169364 168875
135094 161091 162769
179073 135820 158008
153705 140115 164624
168047 136158 154204
162014 148634 140042
161410 172137 135616
157469 149487 142862
153911 145806 145886
156026 138856 155519
145277 164702 146118
145381 151249 152719
141612 149521 179983
142958 148220 155717
149764 150848 138663
131510 168224 158549
156711 143228 143613
175339 136976 147489
181550 135675 161432
151821 145165 157751
161411 157859 129751
134891 171904 150509
151976 143452 182788
151350 143693 169028
155295 165524 136270
142328 154029 149965
161513 131134 173777
138154 155829 171909
136867 167958 154664
166630 134898 163788
176964 145559 140014
183779 137730 147050
152008 144242 161170
165000 135550 170666
158051 136215 162407
152107 141593 175933
161292 167307 136129
148504 161809 143047
149132 170332 140915
145664 145537 170510
146449 173205 144750
139237 152248 153635
142109 171473 149597
175662 149190 136183
137918 155806 175950
168414 147131 142771
143672 147395 174978
133035 162205 154873
159802 163979 137044
154768 141130 163354
150462 149542 151547
166128 138286 160984
172971 132883 163674
170852 135130 163336
149104 149999 154266
141676 155781 152105
154061 143834 162066
131604 164644 162017
