54 20.2066
3.23657e+06 3.18969e+06 3.19658e+06 3.11819e+06
3.2107e+06 3.16873e+06 3.16152e+06 3.2108e+06
3.21541e+06 3.23895e+06 3.1573e+06 3.11301e+06
3.23173e+06 3.17767e+06 3.10794e+06 3.23042e+06
3.11394e+06 3.21872e+06 3.25554e+06 3.19828e+06
3.11816e+06 3.17809e+06 3.14912e+06 3.13155e+06
3.21329e+06 3.2523e+06 3.13693e+06 3.15322e+06
3.22096e+06 3.22379e+06 3.21702e+06 3.11271e+06
3.20888e+06 3.20671e+06 3.22681e+06 3.13134e+06
3.21946e+06 3.26514e+06 3.10277e+06 3.23997e+06
3.23158e+06 3.19374e+06 3.14759e+06 3.15542e+06
3.29633e+06 3.1962e+06 3.14359e+06 3.12923e+06
3.17674e+06 3.18413e+06 3.12027e+06 3.21046e+06
3.26136e+06 3.23087e+06 3.11059e+06 3.17178e+06
3.17615e+06 3.16014e+06 3.208e+06 3.22691e+06
3.21738e+06 3.16267e+06 3.1782e+06 3.16556e+06
3.24222e+06 3.23059e+06 3.13882e+06 3.15982e+06
3.1979e+06 3.14482e+06 3.20306e+06 3.22875e+06
3.21466e+06 3.22835e+06 3.13712e+06 3.16573e+06
3.21764e+06 3.21769e+06 3.11767e+06 3.22844e+06
3.27454e+06 3.11392e+06 3.24044e+06 3.25247e+06
3.19924e+06 3.12179e+06 3.21695e+06 3.25641e+06
3.21203e+06 3.10823e+06 3.24509e+06 3.19494e+06
3.22844e+06 3.22115e+06 3.12105e+06 3.1811e+06
3.18111e+06 3.09965e+06 3.28425e+06 3.21048e+06
3.22267e+06 3.15169e+06 3.17487e+06 3.23349e+06
3.24935e+06 3.18098e+06 3.14403e+06 3.223e+06
3.1597e+06 3.16639e+06 3.2346e+06 3.16324e+06
3.20759e+06 3.09998e+06 3.25291e+06 3.18478e+06
3.22809e+06 3.25203e+06 3.14278e+06 3.14661e+06
3.2304e+06 3.20528e+06 3.10999e+06 3.17268e+06
3.24128e+06 3.28523e+06 3.12132e+06 3.16254e+06
3.27625e+06 3.13264e+06 3.16742e+06 3.18023e+06
3.18633e+06 3.233e+06 3.12575e+06 3.17996e+06
3.21854e+06 3.16101e+06 3.17073e+06 3.23092e+06
3.25493e+06 3.23869e+06 3.23633e+06 3.08892e+06
3.21895e+06 3.22246e+06 3.21052e+06 3.12229e+06
3.2122e+06 3.17535e+06 3.2305e+06 3.10725e+06
3.22112e+06 3.19536e+06 3.21127e+06 3.12852e+06
3.27273e+06 3.14489e+06 3.25082e+06 3.16528e+06
3.12427e+06 3.17196e+06 3.27175e+06 3.2318e+06
3.22342e+06 3.26285e+06 3.0998e+06 3.21714e+06
3.15863e+06 3.1569e+06 3.2453e+06 3.2298e+06
3.21834e+06 3.144e+06 3.25619e+06 3.16376e+06
3.18448e+06 3.21493e+06 3.25198e+06 3.12854e+06
3.19284e+06 3.15765e+06 3.21879e+06 3.19646e+06
3.21494e+06 3.22524e+06 3.1931e+06 3.12881e+06
3.18373e+06 3.15664e+06 3.26169e+06 3.24766e+06
3.23855e+06 3.12378e+06 3.24123e+06 3.21207e+06
3.11705e+06 3.24549e+06 3.23551e+06 3.19457e+06
3.17713e+06 3.29909e+06 3.12888e+06 3.1814e+06
3.17962e+06 3.24702e+06 3.14434e+06 3.2006e+06
3.2074e+06 3.25258e+06 3.1338e+06 3.16599e+06
3.21832e+06 3.24813e+06 3.13497e+06 3.14932e+06
3.24231e+06 3.22539e+06 3.08268e+06 3.24763e+06
3.25523e+06 3.16384e+06 3.14787e+06 3.17709e+06
3.21634e+06 3.17255e+06 3.15042e+06 3.19458e+06
3.18325e+06 3.27501e+06 3.25149e+06 3.12582e+06
3.19664e+06 3.16587e+06 3.19359e+06 3.19288e+06
3.21228e+06 3.16234e+06 3.25739e+06 3.16335e+06
3.20481e+06 3.13554e+06 3.24135e+06 3.17142e+06
3.21399e+06 3.21625e+06 3.14619e+06 3.18764e+06
3.22137e+06 3.1682e+06 3.19508e+06 3.16263e+06
3.24956e+06 3.17158e+06 3.21026e+06 3.14622e+06
3.26798e+06 3.21053e+06 3.1356e+06 3.12767e+06
3.29627e+06 3.15709e+06 3.24623e+06 3.13997e+06
3.17565e+06 3.16653e+06 3.19602e+06 3.21832e+06
3.19552e+06 3.20645e+06 3.25957e+06 3.11911e+06
3.22425e+06 3.17497e+06 3.22255e+06 3.14565e+06
3.17854e+06 3.19552e+06 3.13834e+06 3.20776e+06
3.20349e+06 3.14239e+06 3.19465e+06 3.19924e+06
3.22659e+06 3.16183e+06 3.15994e+06 3.23605e+06
3.19735e+06 3.16558e+06 3.26814e+06 3.18001e+06
3.22942e+06 3.14642e+06 3.17362e+06 3.15665e+06
3.23317e+06 3.23125e+06 3.13102e+06 3.10658e+06
3.21454e+06 3.22158e+06 3.22128e+06 3.1315e+06
3.15463e+06 3.16219e+06 3.22279e+06 3.25555e+06
3.25007e+06 3.17442e+06 3.25785e+06 3.14252e+06
3.17723e+06 3.16898e+06 3.17205e+06 3.16002e+06
3.28482e+06 3.25882e+06 3.12987e+06 3.14493e+06
3.1312e+06 3.13961e+06 3.2795e+06 3.1834e+06
3.18681e+06 3.22103e+06 3.14446e+06 3.19169e+06
3.23857e+06 3.13367e+06 3.20945e+06 3.19528e+06
3.24549e+06 3.1673e+06 3.19804e+06 3.15318e+06
3.19129e+06 3.28896e+06 3.12651e+06 3.1694e+06
3.20845e+06 3.25325e+06 3.25742e+06 3.10703e+06
3.20889e+06 3.2338e+06 3.25054e+06 3.09544e+06
3.2304e+06 3.20872e+06 3.21114e+06 3.1104e+06
3.23147e+06 3.22289e+06 3.14686e+06 3.13576e+06
3.23754e+06 3.15982e+06 3.13629e+06 3.24265e+06
3.25763e+06 3.16744e+06 3.26752e+06 3.15155e+06
3.18919e+06 3.26011e+06 3.12143e+06 3.19525e+06
3.22436e+06 3.15986e+06 3.22748e+06 3.17703e+06
3.24566e+06 3.18727e+06 3.23004e+06 3.12315e+06
3.18363e+06 3.23433e+06 3.20939e+06 3.12597e+06
3.2346e+06 3.22326e+06 3.20422e+06 3.12893e+06
3.23527e+06 3.22253e+06 3.20442e+06 3.1091e+06
3.26338e+06 3.22723e+06 3.14277e+06 3.1302e+06
3.20574e+06 3.2724e+06 3.19403e+06 3.12496e+06
3.20672e+06 3.20017e+06 3.14866e+06 3.16465e+06
3.21424e+06 3.34352e+06 3.18412e+06 3.12859e+06
3.19953e+06 3.21201e+06 3.11733e+06 3.24804e+06
3.22913e+06 3.1514e+06 3.21495e+06 3.1627e+06
3.25799e+06 3.22101e+06 3.20879e+06 3.11026e+06
3.16655e+06 3.1777e+06 3.16733e+06 3.25998e+06
3.19182e+06 3.15282e+06 3.18819e+06 3.20018e+06
3.20411e+06 3.21509e+06 3.2232e+06 3.11442e+06
3.16853e+06 3.14872e+06 3.27303e+06 3.12655e+06
3.27017e+06 3.20226e+06 3.13426e+06 3.13816e+06
3.27106e+06 3.23009e+06 3.12584e+06 3.16569e+06
3.22118e+06 3.1315e+06 3.23567e+06 3.21203e+06
3.22909e+06 3.12565e+06 3.24985e+06 3.18441e+06
3.27596e+06 3.18796e+06 3.21702e+06 3.12947e+06
3.15815e+06 3.16774e+06 3.18972e+06 3.2319e+06
3.22816e+06 3.23056e+06 3.13194e+06 3.16647e+06
3.19882e+06 3.14064e+06 3.25225e+06 3.19382e+06
3.25209e+06 3.16556e+06 3.24747e+06 3.15555e+06
3.2029e+06 3.2393e+06 3.20467e+06 3.1258e+06
3.22111e+06 3.23851e+06 3.17512e+06 3.10149e+06
3.24954e+06 3.14216e+06 3.17528e+06 3.19973e+06
3.13692e+06 3.17362e+06 3.26634e+06 3.18588e+06
3.19763e+06 3.16532e+06 3.26295e+06 3.15628e+06
3.22704e+06 3.14994e+06 3.21588e+06 3.18221e+06
3.25476e+06 3.18865e+06 3.14272e+06 3.18412e+06
3.26148e+06 3.16536e+06 3.2207e+06 3.14969e+06
3.2619e+06 3.17014e+06 3.21547e+06 3.1491e+06
3.31392e+06 3.15221e+06 3.16343e+06 3.20196e+06
3.21598e+06 3.16308e+06 3.15652e+06 3.27281e+06
3.26454e+06 3.17242e+06 3.18247e+06 3.15638e+06
3.26042e+06 3.13213e+06 3.2151e+06 3.21069e+06
3.25524e+06 3.17131e+06 3.25639e+06 3.12833e+06
3.25608e+06 3.12152e+06 3.1963e+06 3.21472e+06
3.1703e+06 3.17444e+06 3.26252e+06 3.12903e+06
3.21065e+06 3.22795e+06 3.19091e+06 3.11199e+06
3.19638e+06 3.17529e+06 3.16824e+06 3.18028e+06
3.20627e+06 3.22558e+06 3.13533e+06 3.17124e+06
3.23327e+06 3.21353e+06 3.25536e+06 3.10392e+06
3.25635e+06 3.18433e+06 3.13554e+06 3.2033e+06
