397 6.73823
156588 140050 136621 130914
138843 162924 141444 147840
166342 137010 129709 146207
169850 149770 114381 145850
142432 152716 140049 165160
147407 145183 170141 138535
154934 149589 149729 131296
166408 163998 121828 139093
162640 129060 145616 143259
175064 147122 132379 137224
136160 161837 151872 145756
154745 137466 138365 156965
156499 137700 166509 133772
153925 137608 152638 138932
168074 177807 141080 128212
144148 151912 141586 147889
171647 151479 120710 133772
151241 158072 153230 123175
128483 151435 166927 154350
156097 148318 149691 124163
144838 145575 126116 147544
161481 161029 116368 157595
155630 133483 164049 138738
165795 146464 106627 160311
152324 157152 151651 129099
143951 170146 162944 120095
142291 149122 147366 144294
171068 154961 121141 143661
142703 152383 135167 152176
168140 144164 133665 135691
171979 128916 142733 157019
160310 130443 147033 151049
171472 142364 119470 148281
144316 151447 137094 140837
148446 133054 165859 138104
142140 161307 143921 134273
144431 157734 134206 147359
143719 151566 143365 149846
144309 153995 169982 133014
146639 146398 146581 145719
152652 158035 153742 120371
148202 150958 144467 140054
127543 153041 163853 170100
149306 167579 146131 134162
149761 138615 135589 134371
142366 138894 171232 144763
147786 139589 137917 147644
159850 142509 120211 160271
169740 154987 116015 148117
154162 145737 156363 128876
163633 131319 128758 169050
180322 122530 150037 146834
129103 173883 163172 148127
172919 140932 122509 151194
166194 163949 166917 113912
141628 149308 165233 136119
145927 146418 167110 138063
141576 162834 143572 152212
144074 151229 145363 150297
173952 159359 125802 133470
134501 167213 148136 146282
148718 146766 164294 137010
159669 171462 110396 156643
153102 139161 166674 131990
163423 124104 143375 164014
133156 145624 145833 155264
155529 123798 156849 159346
131825 152712 158138 157299
139597 144130 151742 145782
144069 145043 135811 164603
139999 142125 151786 142898
144470 150425 140309 149868
165588 156861 113945 144295
163120 138969 123632 154457
129419 145920 169244 147046
139445 151355 144708 146337
159776 132394 132053 145054
145349 155435 118794 151321
157220 129104 134969 152104
132880 153164 155696 157050
137085 163330 128006 149692
163281 127249 146825 155823
159491 160101 113432 158543
152766 136600 136789 162442
135226 145737 171126 154946
163928 169832 149960 118048
148272 175044 147298 133863
172325 170182 119102 142832
134784 147544 163337 148330
159069 138434 130444 146309
132243 152642 154968 163100
143915 146169 141550 155567
148609 133887 155668 144963
175094 134713 121374 154059
124052 161835 171226 141432
138614 178972 158082 129971
150590 167266 150706 129857
150101 152228 121200 167075
148892 144044 143166 137847
164278 148729 118635 143673
139995 159436 159086 132928
145064 166707 131671 137859
140822 164661 160559 132698
135790 151625 159424 149701
140662 157399 140450 159091
130468 150655 169080 143883
131968 161548 147333 155935
143816 143592 140212 157058
154686 148778 152125 128910
169354 152994 165446 111403
143433 154001 162020 130327
156629 158828 120963 150188
145213 140131 162616 141974
144511 147651 153465 123882
154552 156927 147714 119663
174465 150261 163425 120524
145122 173133 138720 135977
154369 148998 121289 147414
158884 143995 138126 128980
166149 145203 160109 126356
175327 138975 119184 172138
154234 127163 145980 164264
156499 157823 121742 146848
140015 162601 148045 141292
155293 128362 175778 145875
161679 149478 105470 167471
153435 164217 114947 144559
171618 143426 158742 123549
160563 141982 116371 151082
134118 153167 167395 136372
138209 144081 160894 139976
141370 168445 153082 130092
143963 164017 147337 130848
146991 154911 146388 136527
161308 139922 129070 160586
131365 167767 152092 130689
136240 141801 150527 170076
166022 129062 135035 164257
142673 143378 140490 162030
147420 133923 146024 163991
140145 165899 140186 137076
148125 136877 145062 157931
132595 157290 162569 127505
142216 151185 151479 133359
128573 154524 172858 148616
151856 160868 134038 138757
163819 179193 122412 134330
169118 147322 158405 121918
161652 129221 164545 146552
174727 145735 115740 154632
146734 140128 124581 140626
129664 162945 170914 145173
143491 153956 126476 151749
148930 143587 162367 140448
152207 146457 162837 131483
127439 158302 154646 149899
138679 164239 157781 137264
145790 151265 124599 148760
154354 144285 160473 134195
166030 165032 110579 145250
170782 155951 110443 156135
141193 158753 152419 131498
154303 153140 120333 155144
148699 150253 122121 156570
150201 178320 146941 131722
158307 171679 121625 142315
166490 125817 164140 147570
179635 130344 133605 161300
158117 150711 175220 117621
130377 149029 159215 158360
132026 170069 151005 153092
144245 164006 159804 128763
154553 170895 108231 158015
159518 138146 130859 150493
168279 160132 120893 142507
119734 167705 151394 167141
140481 149276 140816 160806
148695 136014 145509 164529
149203 140542 171144 124644
137607 138516 145503 160999
172000 127136 146400 145429
142127 153188 147736 141372
146703 128154 171044 158317
167291 130191 128593 161613
134897 157666 151965 137516
136972 148682 159003 139565
151230 152063 117503 156165
164476 121734 156334 156091
168992 159974 147443 128002
172922 144538 115080 157024
129670 166874 162505 143419
142626 144319 179353 130985
153154 137565 136045 154801
166986 159532 120899 141114
128639 165770 164535 126567
129465 170748 154531 158150
152938 141659 168983 133464
154224 166446 151706 117321
154922 123613 165834 172786
160626 138601 124977 161591
163813 159976 115407 159208
164948 144487 129917 137623
151299 176880 132826 135956
140054 156411 163073 129965
145326 151788 122672 142063
159750 135299 130825 159668
168719 131967 126975 168456
153847 168728 152815 115634
167135 170667 138378 128561
153659 155417 147997 125024
161319 141196 120833 153517
148194 144965 178482 130927
150991 139811 132925 176677
134777 141007 163841 160466
141081 155900 160502 133890
150890 157742 161439 122913
160310 154586 120132 150333
168985 129506 131041 162104
146686 129619 152239 158060
148167 154531 121947 155259
127933 135218 165090 162882
158993 120302 147672 169523
139925 139991 160437 143723
145278 131619 171040 155485
149927 147317 151381 131929
154610 156083 153912 123604
157425 153372 156125 121984
160245 155179 165613 116160
173481 131424 132254 152424
139496 156659 162267 130587
150065 137704 158773 144929
160111 162565 136308 132911
129159 160759 164298 148938
132538 149762 175420 145174
138122 144972 163394 142012
151044 156346 145384 130545
130008 161924 159196 144238
133234 147767 166056 143422
189949 147141 113305 157114
129546 171424 162020 146148
143241 133765 153501 164291
150902 160853 149925 131971
152803 128078 150960 153101
160622 147174 175388 116638
138590 159192 120296 153200
167904 143416 113465 157295
172224 136340 131887 155596
155512 144401 120625 157470
161292 123252 139230 164315
183241 148657 111887 158225
156179 136594 130846 162929
159236 155312 112872 167445
144561 132083 145715 168155
144631 148241 134827 142028
146623 141741 184057 141566
147716 157397 143476 135620
152059 131116 139868 139996
163756 116698 155281 160389
178022 139146 120412 154739
134897 147119 142503 157654
170840 126346 137260 169519
133996 160795 152468 143929
144622 142452 168829 139966
167116 139290 125974 152228
182225 137841 120115 171144
136438 157575 146341 143513
155926 157028 142881 133900
158641 145944 116754 154828
169014 138274 125981 172688
156124 143325 122574 146782
136346 147611 166794 144913
150080 130714 171695 152732
172180 155423 111687 155350
147457 138710 140475 159362
149788 150616 151926 129677
164510 121969 140028 162857
166783 160580 112261 151539
171528 137325 128194 164425
135542 164423 147151 134178
147407 156065 161959 118782
166471 146129 109063 165686
132597 158454 160715 122599
161137 145197 121961 149960
165551 158370 113496 146165
136549 131503 156164 159111
182983 137031 134596 141745
161335 147265 113800 176970
165452 127922 139603 157508
182098 130881 130756 150422
132095 164493 151867 153767
139324 171148 120208 168810
151358 141689 121179 150943
159100 137437 133017 152788
160221 126556 168737 152530
165634 121408 154327 158622
174757 127436 132938 162135
153441 150698 121017 151342
160465 163512 101813 166111
170106 162825 128151 133307
140226 162850 138479 144793
145123 168922 123527 146550
143903 155361 141458 149845
144868 156572 148601 134283
166033 139084 116400 156745
167582 156014 107433 149156
173028 135537 127259 159706
136667 149468 160460 148680
160185 151302 120622 147136
169552 145824 113231 178516
146224 161169 152614 131266
129967 147947 166353 161449
145747 174313 133365 137781
146975 171487 164227 114857
171965 150936 104524 159729
171806 156937 119455 137912
177241 154201 109656 159490
141630 159122 150939 138903
152174 157195 110912 164410
160231 116500 158682 155296
142868 151257 134151 174345
133971 173341 151547 142656
149031 160048 117631 147314
175241 127580 143330 150707
151397 145228 170290 127308
167096 120269 143904 155640
138473 135505 146905 145873
144476 156902 161996 130078
144483 137925 164521 145571
149515 129281 142341 155586
161374 130961 150859 150125
137714 147517 150984 137756
147324 131462 155736 152729
157565 145594 154121 130809
154263 124167 140714 160825
165549 132295 137718 136748
172398 119222 145181 158086
133671 153861 173533 139040
140843 162455 158305 134092
142022 166112 156586 129218
150529 171925 143069 119094
156959 155773 123032 133903
164036 158399 113382 160929
167624 141584 135535 134013
150281 171434 189339 117798
151051 160010 145636 130257
136685 159365 138489 157197
145158 170783 139427 135616
149983 147807 131086 139640
152242 138143 154213 138931
158766 154377 165113 119615
164966 135967 127189 178766
130801 164942 161435 143176
144779 163008 151594 121101
146216 161518 152419 127818
148030 171588 150810 118253
149214 147199 155992 137259
133956 143607 158149 161316
164051 135910 145524 129182
165882 131171 133247 168206
166941 154955 116459 146150
169835 149579 113395 159302
135868 157329 144973 154106
147677 160859 137914 140009
149185 132527 144773 148804
152772 163076 131457 129610
158587 128336 159771 152097
175986 155162 110115 156881
142508 189869 150738 124366
155703 160396 117154 157964
172371 121125 136037 155411
181645 126056 125531 161073
139969 153039 163892 135492
154047 137956 133923 172579
156823 162466 112960 157056
162346 138592 129654 155938
164860 141821 118415 171099
156250 131424 139767 160436
158954 156712 118926 144723
159457 129313 154402 146686
162104 147172 123338 133624
168523 143599 121059 148371
178533 146682 114686 147304
138296 176396 142245 149350
154569 170578 130924 136102
164026 128499 136672 164666
133111 167775 136306 149953
144586 151254 137681 160239
147943 164129 110595 151877
150265 154968 114926 159564
156452 147429 117042 163234
161982 139430 119484 168736
165386 148307 114331 157378
166853 169341 108465 159341
184759 120568 147559 154535
144252 162626 147931 132562
159467 124442 151145 160779
162598 139793 129064 149293
163079 147378 110479 164941
170035 142674 114345 164538
