694 60.1037
75838 63519
75910 61665
89165 52863
76888 61222
86038 54133
81200 56707
79380 58459
86161 53867
86409 53789
78292 59286
79572 58188
80314 57489
81531 56508
88400 53100
94142 51184
87540 53467
80645 57290
78906 58692
79738 58112
81149 56933
81902 56164
84770 54597
88874 52989
91905 52077
87001 53671
88917 52941
90865 52300
77682 59837
81729 56478
83302 55485
85077 54476
88152 53178
78564 59140
79734 58159
79814 57692
81118 57203
81815 56429
81855 56343
82995 55606
83201 55543
84210 54879
84436 54724
84684 54646
90526 52477
85628 54143
88034 53185
89777 52574
81502 56557
83655 55078
87786 53263
82435 55888
82661 55733
84296 54830
91728 52094
82128 56009
84522 54675
85303 54321
83429 55233
78540 59208
78579 58936
88626 53067
89530 52694
92399 51795
87249 53593
85380 54221
92151 51873
87253 53539
90025 52496
88749 53048
93530 51473
93895 51304
86928 53717
91618 52149
93282 51551
94390 51106
91480 52172
87005 53617
90617 52378
92517 51788
93114 51658
93239 51599
95230 50910
93361 51538
91370 52227
92765 51710
94982 50988
89244 52850
92991 51677
96093 50704
95845 50782
88996 52928
93609 51460
96685 50586
96933 50508
97916 50349
86061 54120
91984 52064
97668 50427
79158 58567
91366 52281
