115 5.07746
744112 714031 768559
772677 700665 734039
710548 761426 715568
766586 675672 803349
764768 732324 677578
807190 674570 785773
725764 712279 790783
755728 736778 680315
793609 698909 726832
722531 728412 729149
763231 706715 707432
812502 687348 708983
739164 715348 776722
756536 735700 680058
764194 675768 795035
784217 704687 726505
723465 730579 721168
753958 709909 726446
767735 735651 676031
719338 714713 791361
720459 731362 725414
727171 726334 722546
739674 722317 709932
757890 744019 669410
714910 758765 720316
725934 732031 719063
728643 730380 700776
729171 735976 696718
730007 730092 708455
747243 715056 682154
758432 727283 681878
762809 678348 790422
741467 735829 685305
754688 690442 759027
794654 699679 724131
815354 665376 785064
722309 716297 788020
733003 716310 735552
744890 713718 718630
756699 744510 670183
756827 678970 796935
756881 685997 774635
773913 674592 790250
715527 760407 719827
716134 754538 707855
730491 768286 677718
736737 695266 779847
745138 745033 669290
781424 666443 798769
717283 765172 703721
729990 755856 680921
733677 736870 688670
736552 737379 674955
741796 715148 701303
744638 715055 706552
746938 760687 658175
752324 709650 745352
753750 703378 736277
757905 736147 679171
761159 735878 679756
769140 724771 674355
796749 691506 736490
809777 711308 706960
811966 691498 710180
718131 746424 715465
725943 752423 696212
732427 705074 789583
732920 720499 712992
735195 723730 706594
738728 694835 778772
743377 687986 783436
745337 716518 685021
749343 712241 722822
755613 687096 763580
756740 685646 792919
761380 735987 670501
767283 682198 775587
794126 712235 701309
720861 757399 695617
721038 763558 692324
721961 729233 739367
725501 757370 688850
726629 743922 698350
733215 764404 675557
747260 713372 682610
760058 708321 710986
762519 685563 790587
763782 697636 749424
770261 676618 790909
777234 680080 785954
784754 700359 711176
719125 735080 725067
722134 741509 701049
727973 712222 791458
734048 729597 698348
740598 735046 692602
741394 690332 776905
742897 727431 684364
746236 737599 673786
747314 699118 759491
754428 712415 714979
756118 759578 654312
768988 729043 679737
770330 701739 736487
774591 727798 673499
780791 703702 727808
709083 766756 767912
716984 737766 726763
720070 732614 708160
720805 752226 700613
730705 742090 683417
731568 708487 797105
731882 706258 791504
732078 737845 692320
732790 701334 789380
733804 749457 665373
736362 708784 779351
744729 730240 681341
749543 712678 715218
750483 678350 797858
754078 733241 681042
764820 679115 789841
771961 705217 716559
777181 711840 704322
777501 672251 804372
784672 691297 756045
