815 58.0423
1.58733e+06 1.62941e+06 1.54707e+06 1.59293e+06
1.6173e+06 1.50702e+06 1.60284e+06 1.61216e+06
1.61827e+06 1.50536e+06 1.61787e+06 1.60118e+06
1.58823e+06 1.59959e+06 1.58305e+06 1.55062e+06
1.65388e+06 1.55387e+06 1.53239e+06 1.59918e+06
1.60987e+06 1.55057e+06 1.56938e+06 1.58063e+06
1.63223e+06 1.55053e+06 1.55743e+06 1.58656e+06
1.60742e+06 1.60019e+06 1.58007e+06 1.55686e+06
1.59098e+06 1.54523e+06 1.60573e+06 1.57894e+06
1.5572e+06 1.57993e+06 1.60692e+06 1.56871e+06
1.67453e+06 1.50394e+06 1.60285e+06 1.65222e+06
1.57329e+06 1.59855e+06 1.54812e+06 1.5999e+06
1.63523e+06 1.5709e+06 1.56708e+06 1.56928e+06
1.59829e+06 1.58823e+06 1.62338e+06 1.53907e+06
1.63805e+06 1.55124e+06 1.62062e+06 1.56166e+06
1.62887e+06 1.60033e+06 1.60354e+06 1.54469e+06
1.61661e+06 1.62981e+06 1.59242e+06 1.54003e+06
1.62214e+06 1.55854e+06 1.58026e+06 1.54952e+06
1.64806e+06 1.61848e+06 1.52781e+06 1.6234e+06
1.55806e+06 1.57637e+06 1.58962e+06 1.56227e+06
1.63852e+06 1.60569e+06 1.61228e+06 1.53641e+06
1.61072e+06 1.5205e+06 1.62624e+06 1.57582e+06
1.62608e+06 1.51358e+06 1.61466e+06 1.59278e+06
1.62828e+06 1.53442e+06 1.58672e+06 1.58138e+06
1.59547e+06 1.60478e+06 1.56319e+06 1.56542e+06
1.58333e+06 1.51795e+06 1.5789e+06 1.61767e+06
1.63513e+06 1.57416e+06 1.53636e+06 1.59866e+06
1.55046e+06 1.63078e+06 1.63559e+06 1.56324e+06
1.56436e+06 1.52939e+06 1.59884e+06 1.65173e+06
1.62936e+06 1.54112e+06 1.55039e+06 1.61213e+06
1.58138e+06 1.62699e+06 1.54033e+06 1.59907e+06
1.6526e+06 1.6003e+06 1.58136e+06 1.54331e+06
1.61445e+06 1.5302e+06 1.64061e+06 1.55878e+06
1.57279e+06 1.60901e+06 1.51201e+06 1.63688e+06
1.65983e+06 1.53272e+06 1.55394e+06 1.62222e+06
1.57389e+06 1.62664e+06 1.55546e+06 1.5963e+06
1.56281e+06 1.60566e+06 1.56703e+06 1.58802e+06
1.58626e+06 1.57965e+06 1.64367e+06 1.53695e+06
1.63816e+06 1.63575e+06 1.56572e+06 1.55777e+06
1.61585e+06 1.56342e+06 1.56067e+06 1.57852e+06
1.563e+06 1.54718e+06 1.56319e+06 1.68217e+06
1.60015e+06 1.5533e+06 1.61678e+06 1.5577e+06
1.66988e+06 1.58542e+06 1.56461e+06 1.56297e+06
1.62267e+06 1.5365e+06 1.57634e+06 1.58827e+06
1.56841e+06 1.6311e+06 1.56607e+06 1.58484e+06
1.59534e+06 1.56647e+06 1.5557e+06 1.58659e+06
1.58692e+06 1.58231e+06 1.60871e+06 1.54968e+06
1.60266e+06 1.5065e+06 1.60165e+06 1.63257e+06
1.6533e+06 1.55018e+06 1.60607e+06 1.55597e+06
1.64884e+06 1.51729e+06 1.55968e+06 1.63544e+06
1.59879e+06 1.56504e+06 1.55619e+06 1.57311e+06
1.58894e+06 1.56452e+06 1.54826e+06 1.61054e+06
1.57982e+06 1.56956e+06 1.57617e+06 1.57054e+06
1.58915e+06 1.52644e+06 1.6081e+06 1.57102e+06
1.64319e+06 1.52065e+06 1.55964e+06 1.6267e+06
1.61949e+06 1.62281e+06 1.56108e+06 1.56671e+06
1.58108e+06 1.55923e+06 1.61501e+06 1.56113e+06
1.58018e+06 1.58e+06 1.61619e+06 1.55106e+06
1.6426e+06 1.52231e+06 1.55347e+06 1.64144e+06
1.55766e+06 1.55963e+06 1.55836e+06 1.60987e+06
1.56833e+06 1.58598e+06 1.54852e+06 1.64313e+06
1.61431e+06 1.63587e+06 1.52981e+06 1.62668e+06
1.58449e+06 1.54475e+06 1.54938e+06 1.58683e+06
1.56712e+06 1.61033e+06 1.56327e+06 1.60751e+06
1.59017e+06 1.52004e+06 1.61717e+06 1.61167e+06
1.59664e+06 1.50838e+06 1.62652e+06 1.61468e+06
1.59293e+06 1.5951e+06 1.55712e+06 1.57553e+06
1.62041e+06 1.53379e+06 1.59647e+06 1.59856e+06
1.60508e+06 1.61351e+06 1.55473e+06 1.57538e+06
1.59e+06 1.53934e+06 1.58898e+06 1.59653e+06
1.59515e+06 1.55837e+06 1.57292e+06 1.5721e+06
1.57824e+06 1.59373e+06 1.60585e+06 1.55286e+06
1.59434e+06 1.56004e+06 1.57051e+06 1.57098e+06
1.58428e+06 1.5533e+06 1.5637e+06 1.5914e+06
1.62215e+06 1.56056e+06 1.53958e+06 1.60996e+06
1.57046e+06 1.51543e+06 1.64861e+06 1.62268e+06
1.62377e+06 1.5527e+06 1.53807e+06 1.61618e+06
1.54383e+06 1.54188e+06 1.58866e+06 1.59703e+06
1.60379e+06 1.535e+06 1.64229e+06 1.5423e+06
1.65111e+06 1.6039e+06 1.60246e+06 1.54276e+06
1.57735e+06 1.5523e+06 1.61193e+06 1.56662e+06
1.56181e+06 1.55481e+06 1.58402e+06 1.60795e+06
1.62759e+06 1.59754e+06 1.54319e+06 1.60358e+06
1.63078e+06 1.55561e+06 1.61022e+06 1.54478e+06
1.57575e+06 1.55856e+06 1.63857e+06 1.567e+06
1.51837e+06 1.567e+06 1.63539e+06 1.60184e+06
1.61295e+06 1.57427e+06 1.54388e+06 1.59613e+06
1.5749e+06 1.56588e+06 1.59056e+06 1.56297e+06
1.54779e+06 1.53588e+06 1.59702e+06 1.6203e+06
1.56309e+06 1.55307e+06 1.58418e+06 1.6082e+06
1.59408e+06 1.57827e+06 1.62682e+06 1.55104e+06
1.60991e+06 1.53174e+06 1.55362e+06 1.63851e+06
1.58308e+06 1.53602e+06 1.62194e+06 1.5864e+06
1.62264e+06 1.52053e+06 1.61516e+06 1.60615e+06
1.59725e+06 1.56731e+06 1.53019e+06 1.65957e+06
1.61526e+06 1.54065e+06 1.59493e+06 1.58683e+06
1.62436e+06 1.57853e+06 1.59093e+06 1.54905e+06
1.58907e+06 1.5267e+06 1.62546e+06 1.56894e+06
1.53085e+06 1.53534e+06 1.63292e+06 1.61207e+06
1.54292e+06 1.55958e+06 1.60309e+06 1.60922e+06
1.57597e+06 1.55917e+06 1.64097e+06 1.56597e+06
1.62039e+06 1.51837e+06 1.60995e+06 1.61175e+06
1.64142e+06 1.60211e+06 1.53015e+06 1.61261e+06
1.52649e+06 1.61565e+06 1.61372e+06 1.59158e+06
1.59691e+06 1.55144e+06 1.62684e+06 1.5603e+06
1.6326e+06 1.52819e+06 1.58576e+06 1.59578e+06
1.59767e+06 1.53598e+06 1.6036e+06 1.58336e+06
1.59686e+06 1.53572e+06 1.5575e+06 1.61477e+06
1.60272e+06 1.58423e+06 1.54941e+06 1.58373e+06
1.60431e+06 1.56924e+06 1.61653e+06 1.52407e+06
1.59793e+06 1.63189e+06 1.5681e+06 1.55535e+06
1.58092e+06 1.56934e+06 1.5965e+06 1.55155e+06
1.5936e+06 1.5462e+06 1.58001e+06 1.57888e+06
1.56136e+06 1.61562e+06 1.63472e+06 1.55299e+06
1.56152e+06 1.52062e+06 1.66942e+06 1.62532e+06
1.61257e+06 1.57134e+06 1.54993e+06 1.56752e+06
1.57913e+06 1.57155e+06 1.54949e+06 1.60313e+06
1.63314e+06 1.52948e+06 1.59981e+06 1.57898e+06
1.53708e+06 1.57052e+06 1.57132e+06 1.57873e+06
1.55576e+06 1.56173e+06 1.56667e+06 1.58877e+06
1.58798e+06 1.52868e+06 1.61415e+06 1.59704e+06
1.53505e+06 1.62411e+06 1.59073e+06 1.58382e+06
1.56223e+06 1.55978e+06 1.63239e+06 1.55942e+06
1.56853e+06 1.53983e+06 1.57685e+06 1.60043e+06
1.60533e+06 1.5575e+06 1.57262e+06 1.57824e+06
1.60847e+06 1.52186e+06 1.58335e+06 1.61155e+06
1.55977e+06 1.63081e+06 1.53153e+06 1.60559e+06
1.55781e+06 1.54483e+06 1.57233e+06 1.64635e+06
1.57388e+06 1.52226e+06 1.57099e+06 1.63083e+06
1.54474e+06 1.54487e+06 1.68882e+06 1.59674e+06
1.58286e+06 1.57205e+06 1.55502e+06 1.58584e+06
1.543e+06 1.54217e+06 1.68926e+06 1.59542e+06
1.58174e+06 1.56873e+06 1.51076e+06 1.63687e+06
1.58111e+06 1.60097e+06 1.54703e+06 1.59897e+06
1.60251e+06 1.52046e+06 1.61869e+06 1.5958e+06
1.63526e+06 1.52308e+06 1.60027e+06 1.6102e+06
1.59695e+06 1.52542e+06 1.6262e+06 1.59505e+06
1.60459e+06 1.51279e+06 1.61093e+06 1.61723e+06
1.56667e+06 1.54113e+06 1.57418e+06 1.64676e+06
1.60913e+06 1.54848e+06 1.62843e+06 1.5315e+06
1.57685e+06 1.51328e+06 1.63265e+06 1.59267e+06
1.60882e+06 1.52375e+06 1.60153e+06 1.58039e+06
1.61554e+06 1.58053e+06 1.53945e+06 1.6149e+06
1.57633e+06 1.5396e+06 1.63486e+06 1.54766e+06
1.52814e+06 1.56744e+06 1.6335e+06 1.58358e+06
1.52777e+06 1.56439e+06 1.61218e+06 1.60278e+06
1.57e+06 1.57423e+06 1.62536e+06 1.56638e+06
1.57185e+06 1.55267e+06 1.53991e+06 1.61755e+06
1.61469e+06 1.58288e+06 1.57883e+06 1.55604e+06
1.5545e+06 1.52706e+06 1.6259e+06 1.63931e+06
1.55857e+06 1.51959e+06 1.64496e+06 1.63636e+06
1.55975e+06 1.60238e+06 1.53943e+06 1.61561e+06
1.56634e+06 1.61943e+06 1.59456e+06 1.56131e+06
1.56862e+06 1.52126e+06 1.6089e+06 1.62823e+06
1.55956e+06 1.55786e+06 1.58711e+06 1.58667e+06
1.60006e+06 1.5186e+06 1.61857e+06 1.61318e+06
1.57731e+06 1.56242e+06 1.57056e+06 1.5713e+06
1.5524e+06 1.52954e+06 1.62097e+06 1.61994e+06
1.55578e+06 1.56798e+06 1.63416e+06 1.56251e+06
1.56028e+06 1.52845e+06 1.60014e+06 1.62796e+06
1.62132e+06 1.55235e+06 1.57744e+06 1.55069e+06
1.59665e+06 1.55436e+06 1.57907e+06 1.57841e+06
1.6025e+06 1.55954e+06 1.57245e+06 1.5777e+06
1.57046e+06 1.52568e+06 1.579e+06 1.59876e+06
1.53238e+06 1.57033e+06 1.59119e+06 1.64634e+06
1.53745e+06 1.55193e+06 1.59282e+06 1.61292e+06
1.5569e+06 1.53615e+06 1.62203e+06 1.58666e+06
1.59745e+06 1.56744e+06 1.53095e+06 1.65904e+06
1.53902e+06 1.54287e+06 1.60091e+06 1.64348e+06
1.55188e+06 1.53263e+06 1.5792e+06 1.68376e+06
1.59711e+06 1.5676e+06 1.52832e+06 1.65739e+06
1.54901e+06 1.55002e+06 1.58514e+06 1.59478e+06
1.54491e+06 1.55792e+06 1.57708e+06 1.60591e+06
1.55504e+06 1.53632e+06 1.58692e+06 1.62163e+06
1.54712e+06 1.55548e+06 1.55094e+06 1.61874e+06
1.59988e+06 1.54326e+06 1.59047e+06 1.58344e+06
1.53537e+06 1.56537e+06 1.53488e+06 1.67928e+06
1.58102e+06 1.52631e+06 1.57311e+06 1.61097e+06
1.5791e+06 1.55889e+06 1.59556e+06 1.57628e+06
1.62022e+06 1.56448e+06 1.62464e+06 1.55458e+06
1.56872e+06 1.51986e+06 1.60598e+06 1.61463e+06
1.56962e+06 1.63984e+06 1.55289e+06 1.58686e+06
1.61052e+06 1.59213e+06 1.5473e+06 1.60936e+06
1.6003e+06 1.51944e+06 1.5921e+06 1.61318e+06
1.54173e+06 1.55179e+06 1.57715e+06 1.6272e+06
1.54778e+06 1.59337e+06 1.56773e+06 1.58395e+06
1.5429e+06 1.54118e+06 1.61381e+06 1.60405e+06
1.5582e+06 1.53719e+06 1.6175e+06 1.59283e+06
1.55734e+06 1.53725e+06 1.57278e+06 1.65634e+06
1.60334e+06 1.60957e+06 1.56625e+06 1.5554e+06
1.62341e+06 1.55046e+06 1.5452e+06 1.63086e+06
1.55266e+06 1.54975e+06 1.58612e+06 1.59838e+06
1.60448e+06 1.57771e+06 1.59195e+06 1.55559e+06
1.59175e+06 1.53955e+06 1.56722e+06 1.62914e+06
1.5656e+06 1.54768e+06 1.57035e+06 1.65331e+06
1.56346e+06 1.55087e+06 1.58289e+06 1.57673e+06
1.64121e+06 1.54056e+06 1.53751e+06 1.57962e+06
1.60676e+06 1.56423e+06 1.59487e+06 1.56108e+06
1.54586e+06 1.56928e+06 1.59164e+06 1.5844e+06
1.54512e+06 1.61505e+06 1.56792e+06 1.64447e+06
1.54523e+06 1.56787e+06 1.57509e+06 1.64909e+06
1.57463e+06 1.54239e+06 1.55456e+06 1.59827e+06
1.56286e+06 1.52691e+06 1.61361e+06 1.61991e+06
1.55218e+06 1.56878e+06 1.62044e+06 1.56673e+06
1.59766e+06 1.58022e+06 1.54757e+06 1.61374e+06
1.5869e+06 1.53643e+06 1.62382e+06 1.5673e+06
1.6081e+06 1.51707e+06 1.61061e+06 1.61602e+06
1.55519e+06 1.5706e+06 1.58448e+06 1.57774e+06
1.5646e+06 1.5267e+06 1.59876e+06 1.64545e+06
1.57637e+06 1.54299e+06 1.55301e+06 1.59495e+06
1.58845e+06 1.52859e+06 1.56751e+06 1.66822e+06
1.55416e+06 1.62557e+06 1.60932e+06 1.56565e+06
1.56006e+06 1.53069e+06 1.59246e+06 1.63418e+06
1.59587e+06 1.57523e+06 1.60585e+06 1.53964e+06
1.54555e+06 1.5961e+06 1.56817e+06 1.61934e+06
1.56858e+06 1.55203e+06 1.5647e+06 1.63421e+06
1.59624e+06 1.54496e+06 1.62957e+06 1.55074e+06
1.63911e+06 1.53878e+06 1.56541e+06 1.5966e+06
1.58824e+06 1.54175e+06 1.58619e+06 1.59692e+06
1.63293e+06 1.62886e+06 1.50288e+06 1.65032e+06
1.63866e+06 1.53347e+06 1.58933e+06 1.56768e+06
1.54532e+06 1.53069e+06 1.6148e+06 1.61189e+06
1.6763e+06 1.56142e+06 1.56971e+06 1.57204e+06
1.5893e+06 1.54493e+06 1.63853e+06 1.53332e+06
1.60977e+06 1.54775e+06 1.6067e+06 1.56897e+06
1.63242e+06 1.52176e+06 1.60945e+06 1.57876e+06
1.59432e+06 1.48508e+06 1.60088e+06 1.6719e+06
1.60269e+06 1.59925e+06 1.54442e+06 1.60824e+06
1.53287e+06 1.61815e+06 1.5905e+06 1.59334e+06
1.61217e+06 1.52913e+06 1.57018e+06 1.60692e+06
1.58058e+06 1.53954e+06 1.60216e+06 1.58473e+06
1.59575e+06 1.57185e+06 1.57731e+06 1.56116e+06
1.52792e+06 1.5936e+06 1.62023e+06 1.58076e+06
1.59354e+06 1.55556e+06 1.57493e+06 1.56827e+06
1.58017e+06 1.54602e+06 1.54899e+06 1.6288e+06
1.66124e+06 1.52342e+06 1.57926e+06 1.60389e+06
1.56342e+06 1.52425e+06 1.61953e+06 1.61105e+06
1.53606e+06 1.55734e+06 1.57884e+06 1.61903e+06
1.55926e+06 1.60505e+06 1.58574e+06 1.57086e+06
1.61757e+06 1.54473e+06 1.5604e+06 1.57289e+06
1.53819e+06 1.57223e+06 1.6285e+06 1.57738e+06
1.56627e+06 1.53391e+06 1.57982e+06 1.64298e+06
1.5759e+06 1.61387e+06 1.61293e+06 1.55336e+06
1.60383e+06 1.51611e+06 1.61651e+06 1.61157e+06
1.56952e+06 1.6265e+06 1.60039e+06 1.55924e+06
1.60146e+06 1.59444e+06 1.59618e+06 1.55613e+06
1.55678e+06 1.54792e+06 1.6267e+06 1.58797e+06
1.5574e+06 1.53329e+06 1.61122e+06 1.61656e+06
1.56275e+06 1.59302e+06 1.54783e+06 1.62723e+06
1.62421e+06 1.514e+06 1.60025e+06 1.61765e+06
1.55245e+06 1.56754e+06 1.58544e+06 1.59361e+06
1.57239e+06 1.52378e+06 1.58878e+06 1.64024e+06
1.56923e+06 1.54789e+06 1.55172e+06 1.60519e+06
1.63692e+06 1.52084e+06 1.57478e+06 1.6281e+06
1.5731e+06 1.6253e+06 1.56369e+06 1.57413e+06
1.56297e+06 1.57641e+06 1.57107e+06 1.56724e+06
1.54133e+06 1.52056e+06 1.63786e+06 1.65396e+06
1.61033e+06 1.52737e+06 1.60005e+06 1.59341e+06
1.55275e+06 1.52443e+06 1.64196e+06 1.64742e+06
1.631e+06 1.50703e+06 1.59555e+06 1.65347e+06
1.54669e+06 1.57215e+06 1.55456e+06 1.65045e+06
1.58763e+06 1.54128e+06 1.568e+06 1.61778e+06
1.53601e+06 1.56011e+06 1.57209e+06 1.66904e+06
1.55926e+06 1.61764e+06 1.63548e+06 1.54912e+06
1.63716e+06 1.53503e+06 1.57276e+06 1.58978e+06
1.53562e+06 1.53198e+06 1.62329e+06 1.62831e+06
1.55502e+06 1.53254e+06 1.6106e+06 1.62222e+06
1.56703e+06 1.62386e+06 1.63302e+06 1.55596e+06
1.56632e+06 1.53356e+06 1.57205e+06 1.67034e+06
1.56799e+06 1.63108e+06 1.62944e+06 1.55523e+06
1.58297e+06 1.57422e+06 1.56732e+06 1.55707e+06
1.51825e+06 1.58392e+06 1.63346e+06 1.63028e+06
1.58488e+06 1.50786e+06 1.59006e+06 1.65498e+06
1.61336e+06 1.55868e+06 1.5942e+06 1.55969e+06
1.50683e+06 1.60071e+06 1.6155e+06 1.57005e+06
1.54169e+06 1.55191e+06 1.58598e+06 1.6717e+06
1.59995e+06 1.53585e+06 1.60322e+06 1.58943e+06
1.58477e+06 1.5303e+06 1.61163e+06 1.56809e+06
1.61977e+06 1.52299e+06 1.61005e+06 1.59466e+06
1.5186e+06 1.59653e+06 1.62246e+06 1.65512e+06
1.57187e+06 1.54404e+06 1.60738e+06 1.58659e+06
1.59022e+06 1.50866e+06 1.58293e+06 1.62107e+06
1.53636e+06 1.59771e+06 1.56644e+06 1.67457e+06
1.5534e+06 1.53221e+06 1.63642e+06 1.61156e+06
1.58059e+06 1.58278e+06 1.5759e+06 1.56512e+06
1.57379e+06 1.61012e+06 1.62104e+06 1.55015e+06
1.53569e+06 1.57842e+06 1.644e+06 1.58028e+06
1.62923e+06 1.57197e+06 1.53882e+06 1.60226e+06
1.59714e+06 1.61726e+06 1.53792e+06 1.60429e+06
1.53697e+06 1.5303e+06 1.63871e+06 1.62847e+06
1.55423e+06 1.56223e+06 1.57434e+06 1.61004e+06
1.56921e+06 1.54901e+06 1.5736e+06 1.59497e+06
1.59794e+06 1.56807e+06 1.52432e+06 1.6559e+06
1.57458e+06 1.54742e+06 1.56608e+06 1.65824e+06
1.55282e+06 1.56161e+06 1.57474e+06 1.60216e+06
1.55873e+06 1.54542e+06 1.59593e+06 1.57225e+06
1.60027e+06 1.56623e+06 1.52253e+06 1.65646e+06
1.55912e+06 1.59606e+06 1.53378e+06 1.61605e+06
1.56886e+06 1.54938e+06 1.57932e+06 1.59497e+06
1.5085e+06 1.58101e+06 1.62341e+06 1.67344e+06
1.52742e+06 1.59659e+06 1.61581e+06 1.58943e+06
1.60975e+06 1.59116e+06 1.61378e+06 1.53697e+06
1.63983e+06 1.5323e+06 1.60312e+06 1.56023e+06
1.5695e+06 1.59127e+06 1.56756e+06 1.58009e+06
1.57181e+06 1.55718e+06 1.65562e+06 1.56635e+06
1.56384e+06 1.51431e+06 1.60806e+06 1.64887e+06
1.53532e+06 1.54177e+06 1.61486e+06 1.65314e+06
1.58612e+06 1.61322e+06 1.53184e+06 1.61702e+06
1.56858e+06 1.54737e+06 1.58427e+06 1.58662e+06
1.51893e+06 1.57938e+06 1.56955e+06 1.59364e+06
1.57017e+06 1.56114e+06 1.55926e+06 1.58527e+06
1.58998e+06 1.53149e+06 1.60416e+06 1.59119e+06
1.53199e+06 1.59019e+06 1.65106e+06 1.56789e+06
1.5349e+06 1.58604e+06 1.60352e+06 1.58216e+06
1.56424e+06 1.52758e+06 1.60421e+06 1.63873e+06
1.55359e+06 1.54812e+06 1.57716e+06 1.62051e+06
1.56919e+06 1.54882e+06 1.5701e+06 1.5975e+06
1.55862e+06 1.5462e+06 1.59759e+06 1.57139e+06
1.62911e+06 1.51799e+06 1.60135e+06 1.61619e+06
1.5463e+06 1.53344e+06 1.59814e+06 1.65212e+06
1.54885e+06 1.55013e+06 1.58063e+06 1.62443e+06
1.54368e+06 1.53528e+06 1.63992e+06 1.62634e+06
1.56585e+06 1.56864e+06 1.58184e+06 1.58617e+06
1.5462e+06 1.57656e+06 1.61278e+06 1.57657e+06
1.57081e+06 1.54639e+06 1.56909e+06 1.60035e+06
1.54983e+06 1.55331e+06 1.60619e+06 1.57378e+06
1.56939e+06 1.56122e+06 1.5579e+06 1.58612e+06
1.58745e+06 1.50605e+06 1.66204e+06 1.65476e+06
1.55067e+06 1.55473e+06 1.5755e+06 1.63427e+06
1.53094e+06 1.54404e+06 1.6247e+06 1.61918e+06
1.59377e+06 1.53805e+06 1.60734e+06 1.5836e+06
1.61586e+06 1.56475e+06 1.62786e+06 1.55156e+06
1.52872e+06 1.55265e+06 1.59478e+06 1.61706e+06
1.5549e+06 1.59939e+06 1.63329e+06 1.56332e+06
1.54185e+06 1.56167e+06 1.65161e+06 1.59387e+06
1.54887e+06 1.56072e+06 1.6185e+06 1.58369e+06
1.5859e+06 1.54127e+06 1.59703e+06 1.58986e+06
1.60634e+06 1.57265e+06 1.5885e+06 1.55377e+06
1.5494e+06 1.5594e+06 1.61653e+06 1.58272e+06
1.54262e+06 1.54514e+06 1.58725e+06 1.64255e+06
1.58489e+06 1.53754e+06 1.56944e+06 1.63209e+06
1.60165e+06 1.55853e+06 1.56711e+06 1.58468e+06
1.60232e+06 1.54125e+06 1.59357e+06 1.59273e+06
1.57144e+06 1.53561e+06 1.59744e+06 1.59288e+06
1.53877e+06 1.5628e+06 1.60376e+06 1.60678e+06
1.58884e+06 1.56629e+06 1.53385e+06 1.61988e+06
1.60332e+06 1.50254e+06 1.62467e+06 1.5782e+06
1.54386e+06 1.61695e+06 1.55793e+06 1.65354e+06
1.53602e+06 1.56114e+06 1.58568e+06 1.62451e+06
1.53054e+06 1.56386e+06 1.61635e+06 1.58471e+06
1.53446e+06 1.57279e+06 1.59918e+06 1.59894e+06
1.56512e+06 1.547e+06 1.58556e+06 1.60369e+06
1.55416e+06 1.55137e+06 1.56634e+06 1.65077e+06
1.58839e+06 1.58637e+06 1.54739e+06 1.5806e+06
1.58663e+06 1.56447e+06 1.5592e+06 1.58216e+06
1.5689e+06 1.60917e+06 1.56939e+06 1.57656e+06
1.61118e+06 1.51294e+06 1.58154e+06 1.62324e+06
1.62063e+06 1.52119e+06 1.61118e+06 1.60462e+06
1.56388e+06 1.51336e+06 1.62078e+06 1.62461e+06
1.59279e+06 1.51698e+06 1.62385e+06 1.60205e+06
1.53996e+06 1.55136e+06 1.63806e+06 1.60301e+06
1.56638e+06 1.52859e+06 1.59909e+06 1.60197e+06
1.6123e+06 1.60032e+06 1.5381e+06 1.58752e+06
1.57938e+06 1.54197e+06 1.55668e+06 1.61019e+06
1.58332e+06 1.51886e+06 1.6031e+06 1.66474e+06
1.54961e+06 1.57842e+06 1.55774e+06 1.6098e+06
1.54988e+06 1.55313e+06 1.57714e+06 1.64022e+06
1.57909e+06 1.54226e+06 1.60478e+06 1.58192e+06
1.53064e+06 1.56718e+06 1.60118e+06 1.61041e+06
1.54701e+06 1.60722e+06 1.55797e+06 1.61108e+06
1.5522e+06 1.54023e+06 1.64956e+06 1.59374e+06
1.53404e+06 1.57932e+06 1.58242e+06 1.61055e+06
1.57915e+06 1.51288e+06 1.65018e+06 1.65145e+06
1.61145e+06 1.54236e+06 1.54964e+06 1.62048e+06
1.52805e+06 1.55005e+06 1.621e+06 1.62831e+06
1.56631e+06 1.52904e+06 1.59977e+06 1.60366e+06
1.64306e+06 1.5162e+06 1.60285e+06 1.60062e+06
1.64891e+06 1.51748e+06 1.59792e+06 1.6145e+06
1.55906e+06 1.57583e+06 1.62353e+06 1.55675e+06
1.56616e+06 1.60714e+06 1.56343e+06 1.60414e+06
1.56074e+06 1.59731e+06 1.55596e+06 1.60904e+06
1.56302e+06 1.63101e+06 1.55822e+06 1.59787e+06
