46728 866.091
373897 321158 278529 291868
360194 270618 313293 333347
352724 338989 260153 339914
343626 360422 288065 276979
340342 326390 330126 259637
321882 297658 343657 287272
302268 326532 282567 345329
274927 312781 333326 329927
370327 325420 278091 290681
364884 296402 318733 283513
336525 336424 309809 262531
343168 357025 289132 273759
341714 320321 262612 338986
337916 275781 311270 330207
278613 339324 324322 336646
334556 332144 337516 266241
362117 319765 282904 285057
356312 299721 276810 338660
344108 322860 341069 268176
344019 360380 287438 276934
304411 313020 341937 289826
344944 352784 265527 316252
307888 355590 272230 302085
336180 272806 322587 302881
353188 317678 278179 295548
356072 293266 296858 288546
313315 281293 339752 317606
328446 277734 324362 323096
358444 316877 269967 322867
282927 328482 303338 337193
333290 282684 335314 309028
283533 316376 338334 308577
351923 339474 263587 309019
327412 344846 329455 269016
338940 273636 317497 284270
305569 349778 277229 322662
337194 321897 266766 305861
286752 342760 295713 319819
347368 277963 302794 304932
326526 330139 264999 319687
289617 342055 295085 307852
288487 350768 293275 315088
291313 348782 285848 336907
304110 340316 275412 334199
341907 279536 299093 305943
334156 339156 269175 306484
307511 351902 271210 313680
330902 284058 298274 335075
278757 335291 325426 322089
284580 334048 330517 297349
345008 324957 321059 267481
324594 301843 334042 281733
317910 354378 291607 281997
328602 328646 336422 267895
318233 344180 283265 291040
335251 298473 337290 277483
327693 353763 269985 303218
358789 311528 279814 298214
282145 326465 312476 320730
295817 330536 331996 277632
307142 314074 339713 285054
295286 353098 287268 313127
286883 339701 302064 329143
305265 291063 336060 328113
280139 320146 323316 318185
331156 280187 314842 314244
293406 337682 297301 302539
296609 351162 306980 287773
298559 347402 304575 283783
292182 303737 318130 299987
347906 321148 274428 297021
320369 301509 278929 330917
323334 287994 331243 297069
349924 326287 320250 266800
335391 300954 270973 335617
348348 279590 309529 291582
291301 330714 287847 331841
309891 340876 271858 323773
302622 312110 324929 290833
311758 313440 274760 333360
329696 347625 268372 303281
338003 273431 304191 312741
305883 309719 286420 295206
315639 309049 317009 269939
331352 301077 314248 268615
284037 320322 315615 332190
309673 341300 274958 314861
314005 291767 333952 300339
311266 333036 304918 282019
282451 340429 315715 303980
346654 331377 322091 266429
342351 298222 326772 274505
352108 286349 306046 295631
285467 336336 304753 306861
339724 310088 309722 274877
307009 346364 292825 292227
314525 285484 329019 312071
316990 324476 273564 303295
288084 328736 315506 300683
303062 325459 319516 275962
287792 319229 332900 303849
325088 284244 289425 295900
313958 290802 289775 332761
281221 336994 319077 310881
332530 283743 295820 330760
337579 338471 290146 279385
343600 345391 308152 267870
301088 329051 314543 280822
294280 346473 287859 290819
289053 294759 306213 328614
347638 321553 268672 296881
340912 284215 293835 325684
289551 302192 319059 321333
304780 311099 316630 286255
349690 326373 307945 269668
305765 318318 311938 277841
329844 348062 300159 276910
336801 295174 330833 284306
298884 329144 281569 298617
351379 313802 274849 297298
346666 332340 296655 273568
346095 331218 275769 287131
332776 334558 300820 272938
350313 299896 307929 271378
315035 330922 327759 275676
359845 325403 277959 293976
288922 326346 311349 294774
338044 335688 265476 316869
306364 335624 305567 285631
314973 310902 319730 284782
290777 315415 309810 314191
338354 317253 299866 270215
301675 294003 317859 317881
330051 329739 267702 330579
289427 317871 319884 301555
331210 310708 273264 326548
313894 311708 273127 327039
285581 334316 314453 307530
296569 329340 307691 284897
345829 321571 278282 279721
308711 318835 284434 310834
323021 316704 315249 277213
347268 299341 308042 278940
341571 283213 303802 329549
331282 281752 337639 311019
325435 334448 303502 270917
303628 333569 303688 288673
336398 327123 272496 305827
350874 320990 271705 301693
344011 295782 293435 294671
331364 338093 280197 286795
326327 300131 318422 271605
339455 325176 297763 275406
287322 335067 304681 305169
348914 314898 275434 296973
332901 323964 270412 324996
337403 324346 276346 300058
295471 323814 320810 283727
311990 298251 294112 324653
316427 290279 320672 306105
320534 285987 309721 321188
336145 291173 325091 287661
341218 299220 277628 329676
316047 306021 283368 326042
314154 305553 308282 285883
325544 323648 303235 276541
328896 303407 310154 282615
283688 326239 325911 316137
313050 309265 313568 288455
319547 315539 299859 288149
333180 322102 305086 273984
299623 345618 293664 292721
325393 283164 323955 305618
324362 287644 304270 320238
334595 299893 284807 307296
300414 338371 305720 286669
319346 302578 285257 304610
299230 319473 284381 315721
323771 301648 317261 288767
338524 287258 307205 283975
293114 341173 292084 312352
304615 310338 292360 323892
333818 301382 289256 302681
325606 333355 301057 278136
330174 327895 272861 288951
313864 299134 325799 296164
326331 298073 301274 289454
329085 324077 270539 319294
310208 313799 327359 281840
319918 299973 286700 327602
312424 344320 294596 281425
312237 304457 285888 319340
280465 330786 302292 312881
312954 317796 329950 276881
290295 316017 326664 302281
332254 344550 289813 279769
297677 325893 284289 306158
307410 320883 309091 284500
340146 332109 285549 280308
303287 314268 280111 323010
309451 331685 303098 288070
298561 316173 326141 278734
287498 340265 294772 309081
302026 314572 292601 313445
343289 282791 294826 315914
280885 319696 322735 325564
327991 330622 310384 272011
330617 335926 284152 281146
316559 293921 312284 299082
321731 313167 298841 291684
307897 305855 301845 293378
347773 297294 310480 276818
313343 302905 288130 326191
331843 304140 271353 309012
333680 298776 281093 315431
316220 290646 300125 312263
298237 334803 281108 306418
327172 282996 322169 311820
337673 292275 326438 279649
286221 319050 311699 306880
312657 283616 331992 314267
316537 289299 337900 305886
324812 304746 305796 275435
316544 306880 329109 281626
350704 326538 298214 272146
305875 293784 327151 313858
290001 328445 302754 306672
286066 325499 310418 336121
330699 300806 282367 320341
326003 312504 280514 304453
333075 294289 299060 285162
313672 307866 290407 301881
291980 330763 300530 310062
330985 300677 310685 271527
320788 331933 287570 286854
290492 316956 316271 302400
338651 300226 286720 299312
347177 296660 320259 283255
351855 309359 278295 298297
296305 323638 309317 290485
326647 308173 295424 277103
304207 307458 323743 292619
310309 290673 313061 303668
331062 292722 284372 309889
350044 297934 288366 299562
296177 330018 290887 318651
294961 325274 312694 292311
339281 321710 276103 297973
301214 322515 314044 291009
334808 304980 286056 295092
323658 340518 307154 273374
331961 282019 311182 320666
317004 316522 290539 293783
326189 324798 270777 311689
322204 303701 318579 287500
292432 328669 293748 308044
320276 300327 288158 312365
306802 305137 288690 315197
319165 286870 316203 317127
333140 317591 267244 308463
316739 295344 319036 296379
322333 286300 330168 302983
286803 318465 321663 322391
321510 293013 300238 308820
308243 299690 310886 289304
321346 293420 299019 313426
300552 305625 331664 297486
328087 327465 276118 301120
321893 288601 313813 305439
310633 337249 302438 276909
343439 326766 278647 292547
312395 293225 328565 301750
315956 292794 307409 323146
321949 333952 288963 283836
310228 324751 299947 286419
335771 289333 326788 291895
303195 314824 285471 316414
319091 289649 321132 304859
349356 304958 290742 293025
339104 329580 293387 277635
330968 298920 278360 318767
294753 318137 299275 311676
342921 331615 291265 279816
348968 317193 300766 272539
293978 322360 302140 319423
321087 305277 337586 282428
315712 298303 290071 324254
334382 332231 299223 275862
310719 329132 271522 293519
315395 320115 309648 272770
303837 322563 291006 303964
327522 295654 288282 333310
327892 331117 285193 288068
323028 330249 267791 318138
326755 337114 283418 286698
327573 299645 287173 328081
319174 286561 296188 327460
305681 336635 293642 291185
321501 324455 283923 290029
336627 297428 305276 283192
349786 312870 280005 295462
320234 290056 305427 320005
359903 337173 294269 274245
314794 312277 276583 321182
291684 322679 302638 314877
309191 332573 293537 282520
324039 298696 328049 288610
304440 323292 323535 285924
329474 299527 312373 284109
289127 317496 326416 305413
318542 311610 301451 289151
318029 291952 325423 301395
318550 289103 314436 306346
290974 336028 298661 317196
293790 296941 318772 309555
346935 317133 276518 304470
317244 301448 281681 309382
287803 326165 299676 325473
317543 288876 311787 311594
307811 285170 331567 317639
299679 325883 285524 305182
325820 315113 282012 305242
296869 307588 284991 329639
338864 298498 282940 294201
289523 318019 308899 322215
327106 339590 277511 293419
333318 279782 318560 301439
315094 334856 267337 307048
302853 322736 279911 318650
307695 320502 280808 292039
330398 308052 289190 279926
331662 307124 285324 297648
318351 292077 297117 314412
307154 307726 283658 324071
324937 310379 294972 290231
294046 320745 304369 311296
320032 322878 306652 280556
291362 319916 326260 297580
317311 325374 296226 285531
294607 326859 295264 289077
307430 313592 274571 326772
315550 325772 289856 282232
293684 319387 290283 319501
320437 308806 275226 314455
305425 334714 276288 326729
299432 291072 321516 317763
325141 289837 316133 295185
307771 307268 322311 289136
286353 332483 311127 304667
300733 320720 291536 298832
333359 291428 297351 286164
314021 323577 299601 287876
309263 288214 321334 312324
322684 284675 322672 304779
335763 290862 281013 327445
322465 318803 307057 275005
284217 328020 303395 318227
317853 300717 284162 321823
297068 321187 294765 310415
340538 295086 282807 304162
327287 311139 291507 292857
321979 302783 319182 283093
329157 312725 282429 298079
316950 283185 302501 336220
295100 309122 297927 303470
290203 323551 291173 318028
349249 320642 295020 279583
331961 318082 288514 286056
330043 283582 317590 301312
297215 326005 288371 309692
292785 322882 310086 293222
306491 315894 333142 283055
315124 298639 294493 310343
324203 284826 306736 312912
323254 315659 277367 303024
322791 308042 279814 324924
288977 319120 308636 301044
323512 306376 289285 302044
323896 338349 284941 282771
297308 314632 287090 309405
309714 306308 302009 289174
315267 297119 304308 296726
316839 296230 291348 304885
334922 281997 308666 309430
311453 301044 291847 319094
320470 311880 268430 329991
310254 288644 306162 323405
319839 319592 281452 303213
338922 283370 323423 297867
329314 321448 300645 274054
324490 325026 309002 274303
294166 318637 293743 320583
291026 310123 303203 328862
309237 292864 306414 323515
313007 310528 279281 318280
313491 323048 280546 306183
331677 297848 297034 290536
292945 320353 286173 319680
335444 311996 285694 288683
341129 345561 291677 273449
315837 332102 309664 271056
322710 314071 294042 282021
306683 309402 291415 313301
286087 322887 320406 319808
336827 281944 306786 319051
305107 327791 294673 296288
342725 300928 281429 301065
338669 327705 275139 298674
316381 308654 282706 318451
308538 341041 276720 303320
292641 323402 297862 304147
323152 288256 298434 322876
307277 308704 294614 308319
338043 293832 279427 304236
308500 312026 317961 282983
287691 326903 302345 319622
307183 326105 281989 307215
321986 316867 305886 280128
325504 301837 327171 278606
318142 317071 296280 285091
315080 328085 271416 317237
315972 296391 293072 297431
318773 313321 278615 320040
318674 320197 294400 292430
323555 296733 297634 290812
317541 297995 289931 311536
320371 295561 291597 321102
332916 326799 279065 297744
306421 323920 289666 293578
308789 291048 328271 308919
294100 321337 292627 300334
316719 306641 300964 292155
313567 293954 325590 301185
346116 305066 291629 293848
318334 288351 321792 305865
305747 292956 322004 316682
309183 318777 296056 293886
320859 289917 301175 318097
297364 320459 297480 293294
335753 307713 288835 287695
322427 308423 318886 283077
323741 295901 321626 289280
309001 306773 297929 298818
304761 310564 287524 314645
293779 309512 313409 291393
297005 340670 290780 297273
324713 297417 327072 285623
331455 292268 333101 292816
291217 334771 295320 309217
300550 330354 279651 322796
323059 311785 271204 311133
325924 329830 281322 289953
316031 333244 306480 278281
338187 308567 280598 288483
311523 310646 277174 321868
321306 285204 323194 303256
318162 314464 300389 291217
350777 339014 277125 286248
323036 336441 282126 291387
329927 319325 272684 306432
308012 317282 306784 280141
338297 336990 283021 286130
322605 287089 305674 306005
308538 284917 311113 317431
330145 295020 311103 291657
336300 294183 281279 322092
317759 285349 300148 328802
339246 290999 277893 304787
290981 303177 303609 317616
320237 299681 328715 290163
313983 338414 323863 272341
323983 305160 290148 300657
314620 293247 298124 314991
335292 319208 279715 296674
317776 314513 314947 284041
328517 295592 322986 292764
287841 323357 304050 307025
305191 327362 312838 287599
296479 313671 297421 320187
317002 294593 302785 294106
322258 316291 306611 280959
314440 316693 304669 282861
303131 313770 295608 319884
333484 298331 282725 316720
331811 320526 283129 281106
312096 330936 286551 289296
308758 327336 303901 284220
321114 304955 320950 288524
316658 309482 287657 303759
301332 292755 330036 311593
326021 334389 294704 278346
315787 316622 314747 278683
318978 325681 288238 286163
322252 287129 308430 319014
338733 328407 270432 296982
327525 315219 287947 291921
291495 316383 304803 293507
290535 307741 322791 319024
328866 313465 292773 292157
285864 326152 308410 316696
