4934 62.0675
776107 775755 806737 815849
804923 757520 822171 796948
822949 796842 754017 777140
797992 772654 776300 817194
810985 755367 800910 801367
768362 778674 796443 838551
774988 782559 798402 805787
793157 762844 784388 813301
833897 790899 751522 807478
778940 791784 767104 799350
785923 765433 779949 810860
826490 770781 758205 800923
820037 764688 778619 812160
777762 765723 796967 814503
814192 767461 786990 778934
771239 771471 815252 841760
776756 806657 788293 783438
852126 785099 776408 779253
803674 799348 742513 794977
771741 787822 789594 810910
782393 803716 773458 799113
823220 807008 783590 766676
801307 757291 800518 815656
754587 782149 792893 805820
777306 811280 772749 791731
774524 814882 824864 786511
788055 750346 782876 822068
803169 810832 740911 806158
767982 784656 809876 800695
789580 794274 764208 792002
762082 777094 808404 815110
804411 771102 783759 809268
823794 786069 775255 763527
799720 776292 790990 790785
768375 821729 787898 793507
793864 775224 789277 806288
772579 805447 782065 819459
800172 775853 776463 779451
863752 744899 803308 842804
808176 759236 790897 804550
786746 776068 805405 784010
761690 798714 801570 801171
782206 769560 771525 821590
836217 770571 781539 780652
773916 846958 782980 818466
819737 772735 786212 808590
816339 790802 791384 761666
823460 768160 763525 847498
794798 785426 775181 815300
773364 791959 811673 786575
805108 808801 815131 762969
779825 839306 804974 780942
854521 806303 771690 770627
776652 775333 775473 793794
773330 771937 810369 798008
776499 784965 790624 846148
823913 758812 791580 821616
796886 783047 792316 774422
789973 757948 792490 764158
773609 777557 808572 802263
770593 779912 803505 811302
778702 819711 739986 800702
781679 766111 784928 840677
835355 771847 753010 821057
798406 758972 772881 828047
801989 808880 769652 770063
781915 777231 802106 789201
797937 786320 775110 810137
773029 811881 806476 796078
796657 780292 755792 835966
763978 817177 799865 805178
771430 791674 786674 832146
801426 795202 815774 762875
789952 797425 745431 780396
782735 763905 793799 819831
764426 834256 789223 830290
773361 775490 833892 792937
805153 835644 813804 760840
812141 773102 776246 805641
786338 783447 791234 791497
807053 777794 763580 782846
828351 751200 793268 793520
797877 749365 801238 802904
787219 762997 792723 825854
803717 773217 757020 795824
769971 780381 809007 788855
784605 786822 766140 771257
807963 791332 784196 743055
