1479 300.493
76418 67814
77757 66745
76479 67805
75855 68408
60872 90412
76007 68377
75076 69031
60283 92448
60885 90290
75137 69022
60475 91216
61338 89299
70495 72996
74288 69888
60928 90225
62787 84669
60544 91025
60954 90099
60758 90505
67619 76404
65463 79693
72703 71004
73527 70256
60676 90818
63643 83080
64537 81361
76599 67800
65934 78979
63253 83556
71581 71948
74349 69879
59734 95883
65864 79005
74820 69198
60462 91338
61420 88986
63454 83158
61155 89701
73173 70644
60941 90103
62231 86353
65802 79112
62377 85595
66219 78413
61351 89177
74881 69189
69942 73492
70474 73077
61433 88864
62578 85197
63925 82444
61010 89912
61023 89790
71417 72212
62843 84482
62988 84271
71356 72233
63044 84084
63724 82842
65450 79815
61168 89579
59747 95761
59816 95570
71852 71696
71028 72444
71709 71891
59829 95448
60352 92257
60967 89977
65664 79295
67680 76395
60745 90627
77158 67411
60069 92968
62962 84397
61765 87466
66420 78015
66885 77315
65925 78996
60557 90903
64911 80984
67702 76289
61224 89392
69809 73561
64210 81878
62761 84795
66947 77208
62496 85510
61142 89705
77447 67197
61211 89514
60151 92655
60365 92135
70597 72985
71361 72221
77501 66912
70757 72696
61552 88779
70413 73086
60082 92846
62295 85908
67347 76618
75916 68399
76162 67981
69799 73687
60164 92533
74633 69784
64387 81747
70895 72513
76149 68103
75812 68535
72370 71227
74469 69874
66135 78581
66558 77832
70885 72639
75751 68544
62149 86666
63800 82804
69639 73964
61966 87068
65651 79417
65792 79238
65241 80343
66747 77498
65191 80436
68490 75432
59948 95363
61683 87779
69671 73744
59979 94976
66126 78598
67020 77135
75257 69017
66882 77318
72923 70731
77569 66848
70956 72504
73112 70653
75374 68838
72500 71204
69870 73552
61884 87381
63582 83101
65254 80221
60001 93749
64186 82145
61634 88466
70818 72687
66620 77725
76397 67890
67536 76540
68135 75761
62175 86540
63372 83471
66273 78398
66407 78137
73255 70470
67609 76470
65053 80619
63171 83869
66065 78607
72323 71290
67148 76810
68695 75235
66734 77620
61621 88588
66821 77327
74213 70041
63715 82859
75435 68829
72160 71470
65582 79608
67747 76287
67763 76280
68074 75770
76223 67972
73583 70247
60715 90726
76343 67967
65601 79510
67286 76627
59644 97891
72984 70722
62705 84982
67085 77025
69117 74265
69178 74256
71145 72426
71560 72029
73665 70073
59666 96664
59988 93871
67808 76278
60939 90203
75599 68575
65368 80128
67135 76932
73194 70479
66674 77710
70059 73474
60460 91438
75555 68824
69658 73866
59653 96786
73181 70601
75001 69184
72099 71479
63855 82470
60473 91316
65127 80607
67475 76549
75055 69107
76040 68330
72841 70821
66002 78822
66052 78729
70072 73469
66959 77144
72698 71016
63916 82461
64128 82191
66203 78424
61923 87289
69732 73735
70536 72994
71908 71687
65066 80616
71719 71765
65381 80006
67209 76801
61669 88426
71084 72435
61372 89096
60394 92119
64672 81181
64009 82276
70556 72987
74093 70046
62093 86853
59642 97991
77006 67442
75660 68566
81902 64233
69998 73483
63843 82757
64938 80673
71227 72252
73051 70674
84490 63153
65185 80530
63983 82413
64471 81579
79506 65315
63834 82774
65198 80408
63654 82868
70331 73160
71166 72261
72051 71504
83438 63597
60067 93068
84145 63257
70141 73300
80235 64963
60883 90390
70392 73151
59966 95098
67840 76106
59631 98013
59664 96764
65172 80534
74032 70055
77488 67034
68064 75896
84839 63063
82631 63881
71642 71939
69104 74387
70080 73309
74799 69274
83093 63701
59732 95983
59999 93849
67923 76075
60080 92946
72426 71218
73189 70491
66808 77449
71347 72247
73324 70456
72227 71422
70203 73217
61573 88698
80377 64938
66536 77893
64999 80664
68566 75339
69245 74208
71780 71756
69937 73504
59624 100585
74661 69613
74759 69538
82105 64154
64737 81071
87435 61948
72830 70881
68716 74953
84881 63058
68851 74773
69306 74187
74267 69964
68918 74725
67276 76753
76626 67609
71990 71513
76101 68321
85848 62645
90447 61070
59964 95198
64326 81756
68389 75470
71023 72456
77925 66473
84422 63217
68790 74782
85370 62796
68263 75692
69043 74692
59745 95861
59986 93971
73393 70287
64126 82218
63244 83794
64410 81588
78725 65616
73522 70268
78218 66095
90426 61146
83719 63571
77962 66262
64798 81062
64917 80977
67901 76097
83364 63691
86009 62520
82173 64090
68982 74713
82569 64063
85429 62710
59629 98113
68202 75713
84957 62964
67066 77123
75834 68484
73332 70296
72246 71344
68703 75075
71155 72412
80580 64859
67936 75953
87712 61908
68854 74770
76985 67518
79364 65340
89961 61295
78030 66198
87116 62158
64611 81190
66357 78230
74698 69547
77193 67246
72508 71044
76647 67533
79325 65382
82699 63817
86077 62456
79183 65407
86422 62352
67830 76232
70612 72782
78312 65784
82976 63777
88168 61758
59977 95076
80708 64702
84796 63089
89610 61367
88617 61547
81121 64534
81760 64258
83395 63641
85025 62900
85302 62860
59651 96886
75337 68961
77619 66761
87780 61844
68633 75291
72569 71035
77807 66658
88131 61772
63445 83396
79528 65303
81992 64157
83857 63461
71945 71638
86739 62218
85687 62662
86309 62353
84077 63321
84771 63127
69388 74013
90379 61222
81579 64325
87259 62055
83044 63713
71165 72286
88596 61623
71975 71596
86654 62249
62535 85418
79777 65172
66335 78291
81053 64598
89191 61432
89893 61315
68376 75592
79596 65239
61681 87879
77356 67206
71436 72034
79709 65236
80776 64638
85789 62660
87293 61973
84056 63397
85990 62563
83370 63661
68505 75348
64529 81503
81472 64462
81528 64438
81647 64261
83755 63463
85296 62890
