3417 193.269
629864 664698 606301
653157 617178 615993
652454 621300 624455
631889 633753 617350
647704 642426 592237
641957 626340 617081
627228 648159 610837
649010 623866 606391
635583 630229 603387
636474 655196 603342
653041 629908 584046
698375 641855 571359
640784 652597 588083
654109 621772 602117
624274 656976 614058
642983 665647 586829
649724 640596 590191
666468 620782 587510
660607 666820 550488
643852 649595 592692
650256 639192 588755
666983 615847 605550
658003 630338 582440
668049 635184 579083
638247 661769 590619
665614 636827 579549
667378 629240 579734
688126 635890 577792
642584 626945 611025
664663 610089 607137
640803 626787 635341
650593 615839 643433
661550 620267 596006
637375 656623 598537
667883 611042 605324
641147 628673 595936
651578 641025 588662
651279 625162 593442
643533 684405 573598
647352 643369 557707
666061 620773 588045
638701 667328 577172
641903 633033 593740
659744 612515 649108
619054 667551 591107
649342 642744 587485
651028 631306 592826
668610 609334 605932
644541 626596 612203
669321 637471 573056
706294 596684 654749
706034 577417 670722
693944 596218 661367
633654 639101 608425
671948 600589 597360
674428 613243 590654
670499 619163 587355
663065 619387 603748
672406 599574 601348
668756 602278 595490
722788 598129 632906
730232 582844 639410
711228 589258 641550
723599 584566 638905
723431 591693 633758
717747 591858 638694
707280 591940 669332
736432 582915 636160
771952 592336 617591
754894 593390 613337
757933 581053 630632
741464 580604 632381
748803 591677 620203
750219 566337 646437
753152 569749 637858
716862 589691 640705
753450 567062 634517
725612 587436 635396
708831 580941 649633
745684 564338 659586
718574 597503 637739
734756 572702 642224
719454 579074 663400
749216 556111 666276
729579 584548 637511
739572 554481 666940
749087 561335 652769
743035 560897 664517
734834 564073 674447
707714 595572 664137
672263 624246 578459
744095 552369 672760
729564 565997 673306
739370 566000 671328
737985 561484 672383
722868 580643 644643
760344 555802 664513
749049 560873 658379
748644 577306 633768
716652 569219 667438
744666 558889 666262
736848 560102 676335
760649 551343 683671
780956 589582 619990
720965 572636 659926
736367 562071 673062
747063 565175 649354
740750 583476 634062
715076 576750 670884
716737 583813 641180
751341 565832 645021
760673 554330 666795
769705 576134 626518
746108 569900 638528
721662 588619 639797
755921 584569 626620
730523 585859 629745
756669 550194 685177
750679 560051 646370
725907 567338 644040
661115 625149 581418
735446 567061 669291
723514 571520 648552
724982 566406 677094
758498 574468 629010
710012 597323 638922
737720 585124 620984
741161 580441 632827
741562 566178 647499
741662 570585 635623
