141 15.2633
1.65374e+06 1.50703e+06 1.53278e+06 1.58829e+06
1.65346e+06 1.53134e+06 1.57055e+06 1.54412e+06
1.6241e+06 1.61514e+06 1.54647e+06 1.55494e+06
1.60061e+06 1.5808e+06 1.52586e+06 1.59547e+06
1.5988e+06 1.56584e+06 1.62761e+06 1.53376e+06
1.63342e+06 1.54311e+06 1.63722e+06 1.53262e+06
1.56365e+06 1.55306e+06 1.58662e+06 1.56929e+06
1.61793e+06 1.54846e+06 1.5508e+06 1.56398e+06
1.61126e+06 1.5538e+06 1.53828e+06 1.60185e+06
1.49834e+06 1.62272e+06 1.60962e+06 1.58948e+06
1.62162e+06 1.55672e+06 1.5266e+06 1.55494e+06
1.61398e+06 1.59488e+06 1.64227e+06 1.53257e+06
1.59851e+06 1.55306e+06 1.54611e+06 1.58558e+06
1.66749e+06 1.62482e+06 1.53818e+06 1.55027e+06
1.54393e+06 1.60187e+06 1.60443e+06 1.55014e+06
1.59065e+06 1.53328e+06 1.60404e+06 1.54489e+06
1.63075e+06 1.4997e+06 1.60025e+06 1.60425e+06
1.60466e+06 1.575e+06 1.56082e+06 1.55155e+06
1.5856e+06 1.53541e+06 1.61292e+06 1.55817e+06
1.61131e+06 1.59311e+06 1.6026e+06 1.53512e+06
1.54637e+06 1.53818e+06 1.61229e+06 1.58423e+06
1.60698e+06 1.5394e+06 1.56181e+06 1.56806e+06
1.62887e+06 1.49126e+06 1.59633e+06 1.62671e+06
1.62979e+06 1.51042e+06 1.58032e+06 1.59174e+06
1.61474e+06 1.58953e+06 1.58781e+06 1.52631e+06
1.61697e+06 1.53084e+06 1.5529e+06 1.5899e+06
1.62155e+06 1.50384e+06 1.59111e+06 1.58963e+06
1.53509e+06 1.5839e+06 1.56827e+06 1.57679e+06
1.53473e+06 1.55917e+06 1.61999e+06 1.56232e+06
1.61085e+06 1.55987e+06 1.55552e+06 1.5449e+06
1.55154e+06 1.59903e+06 1.55725e+06 1.5943e+06
1.60616e+06 1.50123e+06 1.59801e+06 1.58694e+06
1.63609e+06 1.51529e+06 1.55434e+06 1.6163e+06
1.63747e+06 1.48888e+06 1.55345e+06 1.58039e+06
1.52417e+06 1.56346e+06 1.62444e+06 1.58502e+06
1.58404e+06 1.55157e+06 1.56333e+06 1.54364e+06
1.66901e+06 1.53556e+06 1.54558e+06 1.58215e+06
1.64024e+06 1.51746e+06 1.59858e+06 1.54187e+06
1.56837e+06 1.53799e+06 1.56184e+06 1.57511e+06
1.59341e+06 1.56089e+06 1.54461e+06 1.58679e+06
1.59798e+06 1.53142e+06 1.56934e+06 1.58338e+06
1.63432e+06 1.52842e+06 1.57011e+06 1.55664e+06
1.55963e+06 1.58448e+06 1.55242e+06 1.53966e+06
1.56506e+06 1.53435e+06 1.56493e+06 1.62623e+06
1.61873e+06 1.58384e+06 1.58512e+06 1.53653e+06
1.59928e+06 1.57714e+06 1.56054e+06 1.54801e+06
1.6104e+06 1.55497e+06 1.579e+06 1.54075e+06
1.63028e+06 1.53972e+06 1.54372e+06 1.5808e+06
1.5889e+06 1.55787e+06 1.52452e+06 1.6065e+06
1.64061e+06 1.57257e+06 1.49583e+06 1.5896e+06
1.52238e+06 1.57891e+06 1.59166e+06 1.56064e+06
1.59839e+06 1.59259e+06 1.51811e+06 1.60497e+06
1.59926e+06 1.48852e+06 1.60986e+06 1.59512e+06
1.59459e+06 1.58631e+06 1.53229e+06 1.59848e+06
1.61149e+06 1.52139e+06 1.58276e+06 1.58521e+06
1.61267e+06 1.58357e+06 1.62246e+06 1.53556e+06
1.64484e+06 1.5456e+06 1.55422e+06 1.56761e+06
1.57593e+06 1.56872e+06 1.58092e+06 1.56521e+06
1.59981e+06 1.51446e+06 1.58341e+06 1.58639e+06
1.60207e+06 1.57413e+06 1.65033e+06 1.53158e+06
1.60634e+06 1.56272e+06 1.51312e+06 1.63738e+06
1.65854e+06 1.56701e+06 1.50799e+06 1.56755e+06
1.61704e+06 1.50994e+06 1.55752e+06 1.62111e+06
1.54112e+06 1.57077e+06 1.55894e+06 1.57275e+06
1.5491e+06 1.56944e+06 1.56066e+06 1.55478e+06
1.537e+06 1.54579e+06 1.58133e+06 1.58007e+06
1.56732e+06 1.53851e+06 1.62804e+06 1.55063e+06
1.58769e+06 1.61609e+06 1.51411e+06 1.59264e+06
1.59032e+06 1.56307e+06 1.53291e+06 1.5905e+06
1.63411e+06 1.51788e+06 1.55975e+06 1.57288e+06
1.55091e+06 1.5505e+06 1.56951e+06 1.58657e+06
1.57527e+06 1.5735e+06 1.54717e+06 1.59598e+06
1.59253e+06 1.53214e+06 1.55309e+06 1.57143e+06
1.6046e+06 1.55334e+06 1.52853e+06 1.60649e+06
1.6312e+06 1.56381e+06 1.49677e+06 1.59386e+06
1.6446e+06 1.52487e+06 1.55014e+06 1.57988e+06
1.645e+06 1.58557e+06 1.52575e+06 1.57007e+06
1.58397e+06 1.54362e+06 1.55932e+06 1.58502e+06
1.53986e+06 1.52633e+06 1.65226e+06 1.59663e+06
1.58701e+06 1.54377e+06 1.54245e+06 1.62499e+06
1.59945e+06 1.53761e+06 1.57201e+06 1.5579e+06
1.60129e+06 1.55806e+06 1.51763e+06 1.57052e+06
1.51908e+06 1.56746e+06 1.5846e+06 1.6064e+06
1.52095e+06 1.55816e+06 1.5428e+06 1.60324e+06
1.56058e+06 1.55339e+06 1.58241e+06 1.56333e+06
1.54257e+06 1.59636e+06 1.61333e+06 1.55981e+06
1.64598e+06 1.56764e+06 1.64565e+06 1.52707e+06
1.56517e+06 1.54499e+06 1.5575e+06 1.57412e+06
1.58347e+06 1.56278e+06 1.56424e+06 1.56511e+06
1.5838e+06 1.49684e+06 1.6043e+06 1.60342e+06
1.59639e+06 1.54428e+06 1.54976e+06 1.58321e+06
1.6051e+06 1.52962e+06 1.54187e+06 1.63607e+06
1.61296e+06 1.60989e+06 1.50346e+06 1.56948e+06
1.63542e+06 1.52476e+06 1.57184e+06 1.57271e+06
1.59636e+06 1.57616e+06 1.53249e+06 1.56916e+06
1.65046e+06 1.58629e+06 1.61226e+06 1.52098e+06
1.57687e+06 1.58099e+06 1.56846e+06 1.55424e+06
1.57862e+06 1.55488e+06 1.54393e+06 1.59125e+06
1.59222e+06 1.52448e+06 1.54488e+06 1.631e+06
1.60693e+06 1.54703e+06 1.54768e+06 1.59685e+06
1.64993e+06 1.55238e+06 1.55408e+06 1.55216e+06
1.53409e+06 1.60809e+06 1.56687e+06 1.58875e+06
1.58114e+06 1.58757e+06 1.53259e+06 1.56399e+06
1.59134e+06 1.60456e+06 1.50968e+06 1.56695e+06
1.59983e+06 1.5093e+06 1.55969e+06 1.59674e+06
1.60718e+06 1.53997e+06 1.57134e+06 1.56199e+06
1.62263e+06 1.55897e+06 1.60598e+06 1.53478e+06
1.62455e+06 1.52892e+06 1.54733e+06 1.5941e+06
1.552e+06 1.49248e+06 1.57005e+06 1.60467e+06
1.62977e+06 1.54347e+06 1.56516e+06 1.56231e+06
1.51449e+06 1.58377e+06 1.60346e+06 1.60534e+06
1.5332e+06 1.59249e+06 1.61406e+06 1.55508e+06
1.56644e+06 1.52477e+06 1.54308e+06 1.59852e+06
1.56862e+06 1.53845e+06 1.5853e+06 1.53706e+06
1.61079e+06 1.52672e+06 1.60856e+06 1.54663e+06
1.61913e+06 1.55383e+06 1.53764e+06 1.59551e+06
1.51656e+06 1.58805e+06 1.54199e+06 1.6249e+06
1.53248e+06 1.56827e+06 1.59639e+06 1.5882e+06
1.55702e+06 1.57628e+06 1.59411e+06 1.55328e+06
1.5749e+06 1.61737e+06 1.54478e+06 1.5741e+06
1.58458e+06 1.53069e+06 1.59061e+06 1.56305e+06
1.58876e+06 1.50736e+06 1.61014e+06 1.55627e+06
1.64601e+06 1.58647e+06 1.65995e+06 1.52342e+06
1.54912e+06 1.5395e+06 1.59981e+06 1.57895e+06
1.5594e+06 1.57622e+06 1.53831e+06 1.57541e+06
1.58345e+06 1.55694e+06 1.57739e+06 1.57302e+06
1.58604e+06 1.60173e+06 1.62127e+06 1.50599e+06
1.52741e+06 1.52894e+06 1.56542e+06 1.60109e+06
1.55143e+06 1.60359e+06 1.49754e+06 1.62585e+06
1.57983e+06 1.51869e+06 1.60172e+06 1.59953e+06
1.55876e+06 1.56926e+06 1.60237e+06 1.56326e+06
1.5606e+06 1.56138e+06 1.64453e+06 1.55992e+06
1.56704e+06 1.57918e+06 1.55496e+06 1.55926e+06
1.57499e+06 1.52767e+06 1.58069e+06 1.56607e+06
1.58132e+06 1.55692e+06 1.57994e+06 1.56897e+06
1.58533e+06 1.59288e+06 1.50569e+06 1.65039e+06
1.60677e+06 1.53762e+06 1.56189e+06 1.56481e+06
1.61384e+06 1.51088e+06 1.58806e+06 1.57838e+06
1.62068e+06 1.55318e+06 1.5835e+06 1.54004e+06
1.54795e+06 1.54621e+06 1.57773e+06 1.59013e+06
1.59279e+06 1.5964e+06 1.51689e+06 1.56584e+06
1.61602e+06 1.48278e+06 1.59889e+06 1.62032e+06
1.5865e+06 1.56307e+06 1.54245e+06 1.55791e+06
1.60074e+06 1.57602e+06 1.53257e+06 1.58398e+06
1.62208e+06 1.52671e+06 1.5315e+06 1.62282e+06
1.62318e+06 1.57875e+06 1.4784e+06 1.5823e+06
1.65373e+06 1.6011e+06 1.53857e+06 1.55379e+06
1.53022e+06 1.56895e+06 1.5908e+06 1.58481e+06
1.54357e+06 1.54955e+06 1.51711e+06 1.60869e+06
1.54519e+06 1.563e+06 1.56592e+06 1.59066e+06
1.57579e+06 1.52047e+06 1.56434e+06 1.61389e+06
1.57844e+06 1.5454e+06 1.5423e+06 1.61339e+06
1.62457e+06 1.53552e+06 1.59203e+06 1.54398e+06
1.54752e+06 1.57717e+06 1.58658e+06 1.55856e+06
1.55135e+06 1.54202e+06 1.57899e+06 1.57993e+06
1.57829e+06 1.57049e+06 1.51609e+06 1.66027e+06
1.59339e+06 1.56219e+06 1.54063e+06 1.58925e+06
1.61076e+06 1.52368e+06 1.54914e+06 1.6077e+06
1.62435e+06 1.51019e+06 1.55288e+06 1.64404e+06
1.64632e+06 1.55994e+06 1.5174e+06 1.5874e+06
1.57265e+06 1.51636e+06 1.55832e+06 1.66342e+06
1.54979e+06 1.58565e+06 1.55861e+06 1.59399e+06
1.58878e+06 1.60459e+06 1.5924e+06 1.53657e+06
1.60308e+06 1.55568e+06 1.52546e+06 1.57157e+06
1.61364e+06 1.53191e+06 1.54746e+06 1.58461e+06
1.62116e+06 1.52655e+06 1.53858e+06 1.60764e+06
1.67288e+06 1.57496e+06 1.64943e+06 1.5267e+06
1.53367e+06 1.52378e+06 1.58012e+06 1.63482e+06
1.55948e+06 1.55598e+06 1.56649e+06 1.58631e+06
1.56262e+06 1.55082e+06 1.5988e+06 1.56503e+06
1.57808e+06 1.56476e+06 1.53268e+06 1.5655e+06
1.5786e+06 1.56317e+06 1.54888e+06 1.5916e+06
1.58648e+06 1.57234e+06 1.53027e+06 1.60452e+06
1.59176e+06 1.55855e+06 1.53963e+06 1.60098e+06
1.61255e+06 1.49942e+06 1.60349e+06 1.58286e+06
1.61611e+06 1.5247e+06 1.53669e+06 1.63606e+06
1.53747e+06 1.53592e+06 1.55743e+06 1.59606e+06
1.56208e+06 1.57164e+06 1.61304e+06 1.54889e+06
1.5822e+06 1.53201e+06 1.63999e+06 1.5536e+06
1.61754e+06 1.53589e+06 1.58978e+06 1.56314e+06
1.62545e+06 1.54937e+06 1.53024e+06 1.59544e+06
1.63034e+06 1.50866e+06 1.58968e+06 1.59701e+06
1.52744e+06 1.58415e+06 1.58266e+06 1.58637e+06
1.55889e+06 1.54438e+06 1.53175e+06 1.61723e+06
1.55926e+06 1.52946e+06 1.58803e+06 1.56734e+06
1.56019e+06 1.54702e+06 1.6289e+06 1.56004e+06
1.57158e+06 1.52771e+06 1.57511e+06 1.57408e+06
1.57771e+06 1.6074e+06 1.54709e+06 1.56577e+06
1.58854e+06 1.61269e+06 1.50483e+06 1.59026e+06
1.66315e+06 1.56888e+06 1.56474e+06 1.53884e+06
1.52186e+06 1.56493e+06 1.60571e+06 1.58814e+06
1.54298e+06 1.56322e+06 1.6077e+06 1.56349e+06
1.55045e+06 1.51044e+06 1.61394e+06 1.58285e+06
1.55595e+06 1.54032e+06 1.55457e+06 1.61554e+06
1.56037e+06 1.5203e+06 1.56414e+06 1.65256e+06
1.59204e+06 1.49704e+06 1.55879e+06 1.60686e+06
1.5939e+06 1.53929e+06 1.572e+06 1.56383e+06
1.61416e+06 1.55487e+06 1.53956e+06 1.59905e+06
1.64266e+06 1.5281e+06 1.54948e+06 1.58804e+06
1.53901e+06 1.57868e+06 1.58686e+06 1.56685e+06
1.58009e+06 1.51278e+06 1.5917e+06 1.57488e+06
1.58146e+06 1.51463e+06 1.60564e+06 1.57304e+06
1.59377e+06 1.50997e+06 1.58414e+06 1.58963e+06
1.59962e+06 1.55543e+06 1.5213e+06 1.59587e+06
1.60933e+06 1.52151e+06 1.56529e+06 1.59034e+06
1.63142e+06 1.60655e+06 1.54885e+06 1.55206e+06
