9991 2223.85
49897 77886
49766 78152
50773 76876
49707 78188
49826 78139
49957 77873
50570 77212
50302 77501
50362 77488
50833 76863
50714 76912
49693 78306
50583 77178
50027 77704
49896 77970
50643 77165
49837 78006
50701 77155
50247 77598
50432 77319
50492 77306
50713 77071
75453 54334
74907 54420
74858 54534
50301 77585
74970 54386
74610 54723
48260 80016
48116 80316
48450 79714
47926 80618
47897 80872
47820 81173
47849 80919
49706 78272
73956 55102
73907 55216
73659 55405
74019 55068
47705 81219
72692 55996
72381 56219
72444 56185
48039 80617
75484 54333
72741 55882
72804 55848
72332 56333
48391 79750
48247 80050
48581 79448
71339 57098
71290 57212
74001 55074
72363 56225
73938 55108
72314 56339
72786 55854
73889 55222
72674 56002
72723 55888
48057 80352
75296 54383
75359 54349
71402 57064
72426 56191
47646 81255
71272 57218
72028 56650
72131 56355
71321 57104
73641 55411
74315 54887
74309 54903
71771 56692
74358 54789
71789 56686
72149 56349
74421 54755
71384 57070
73364 55569
72046 56644
73346 55575
49349 78610
48711 79266
48580 79532
50087 77691
65397 62075
65337 62088
78365 51216
47836 80953
66078 61909
66018 61922
65012 62199
78205 51407
65072 62186
65693 62033
65292 62150
64967 62261
77982 51576
65753 62020
70729 57571
70747 57565
71089 57234
68849 59808
70626 57866
71107 57228
70935 57541
68831 59814
70953 57535
71313 57198
48521 79568
67944 60897
67715 60998
68040 60516
67962 60891
48931 79160
49479 78428
50026 77863
70986 57529
68022 60522
71295 57204
70644 57860
79170 50646
68246 60486
62557 63554
62337 63660
71582 56724
71479 57019
48187 80170
63120 63250
62882 63443
71050 57476
70690 57813
79083 50810
79243 50619
49289 78730
62397 63647
62617 63541
62942 63430
67760 60921
67741 60941
67778 60915
67434 61417
78812 50991
62722 63536
70490 57899
67416 61423
70850 57562
67723 60947
70508 57893
70868 57556
67461 61346
71497 57013
48986 79063
49116 78881
65973 61984
74810 54718
66220 61881
66901 61715
67226 61604
69008 59496
68701 59972
67181 61666
67479 61340
71004 57523
68719 59966
69330 58746
92523 43396
64713 62653
48390 79834
90796 43975
91957 43635
90777 44006
91587 43680
67676 61240
61952 64000
61892 64013
62082 63818
64758 62591
75311 54365
68312 60455
61821 64266
92020 43597
62302 63712
61761 64279
68320 60404
78860 50979
69000 59547
68619 59979
69348 58740
68601 59985
91568 43711
93315 43182
68294 60461
69973 58314
92001 43628
59726 65963
62022 63831
92819 43256
67983 60764
78516 51052
69991 58308
92298 43491
78759 51010
60111 65839
67684 61189
93901 42959
57273 67683
56950 68162
57142 67949
57333 67670
57065 68103
86504 45255
79510 50418
77877 51777
57010 68149
57202 67936
71600 56718
68339 60384
57678 67298
91653 43644
57272 67842
57738 67285
61509 64612
58625 66475
61699 64310
61569 64492
61832 64133
92136 43592
93302 43204
50242 77621
59786 65950
57607 67551
57547 67564
58565 66488
58375 66790
92735 43347
92783 43309
57219 67895
57083 67985
93642 43124
92589 43360
48926 79183
91201 43774
93694 43076
41260 98064
60452 65552
41312 97526
57488 67600
93755 42972
61629 64479
41401 97145
70704 57755
57624 67510
87295 44960
56662 68381
41869 92769
82556 47669
41817 93307
82411 47785
41453 96607
82648 47474
61688 64433
61759 64297
63540 62969
61135 64641
82512 47714
63865 62858
61005 64823
80867 49216
63380 63062
63320 63075
60812 65120
79350 50609
63925 62845
63600 62956
81080 49125
48377 79868
89173 44320
60191 65565
63165 63110
81145 48774
63111 63322
63705 62951
60516 65454
81219 48747
56942 68262
69690 58409
69708 58403
64531 62704
89319 44307
93643 43118
94809 42730
88237 44604
64471 62717
67344 61548
83653 46483
69091 59074
56882 68275
97304 42416
60682 65302
64764 62380
89602 44181
90942 43958
84576 46158
69109 59068
64146 62828
64824 62367
84226 46414
84454 46198
88890 44433
61065 64810
77111 52283
84372 46401
57677 67457
87427 44930
70296 58195
60742 65289
80461 49305
88218 44635
69305 58930
68807 59955
68825 59949
80030 49677
91088 43945
81950 48047
63466 63050
63791 62939
79870 49868
88520 44478
96068 42499
97433 42346
97707 42230
80301 49496
97561 42243
87446 44899
41715 93931
95922 42512
99669 41987
53545 71594
64265 62743
41495 96536
88501 44509
64205 62756
80078 49665
79647 50037
79511 50277
51935 74801
64131 62837
41808 93382
69896 58379
69536 58716
52559 73220
83517 46723
52379 73490
65881 62017
99096 42096
98950 42109
51945 74769
52369 73522
66521 61742
52189 73792
66461 61755
67997 60706
69914 58373
80860 49236
41663 94469
95242 42647
42889 89272
69554 58710
50431 77478
67708 61176
66416 61817
61004 64907
48246 80134
52619 73207
60934 65076
52439 73477
60874 65089
63108 63341
58845 66369
58785 66382
96405 42460
60137 65777
69031 59443
76476 52616
53994 70976
64534 62683
53934 70989
76148 52986
42206 90624
76137 53093
59946 65857
76465 52723
60006 65844
76699 52447
41902 92681
42056 91519
69013 59449
59110 66271
59170 66258
66296 61832
76371 52817
70351 57971
75932 53432
100152 41935
69323 58924
54561 70511
63048 63354
76108 53305
95785 42637
98190 42178
40729 103989
70314 58189
58088 67152
96551 42447
67690 61182
76324 52859
64594 62670
75921 53539
76063 53323
58160 66873
89456 44194
75423 54341
76652 52489
57970 67175
81527 48254
42014 91682
58220 66860
58950 66364
58030 67162
46198 82685
76641 52596
81462 48605
60618 65357
75847 53769
83074 46909
41985 91936
46273 82189
42108 90981
42224 90148
41611 95703
42172 90686
53220 71705
81249 48696
41788 93561
75915 53733
42079 91235
41010 100707
53148 71984
58159 67032
42414 89846
77551 51813
99523 42000
82938 47149
46977 81736
86859 45154
75537 54169
75548 54062
46580 82032
86087 45418
98044 42191
47284 81579
82106 47828
69469 58731
41265 97944
81601 48227
86068 45449
41831 93098
76051 53331
45058 83369
85936 45479
78787 51006
75836 53876
52058 74058
45365 83212
77328 51982
84965 46082
77223 52183
46493 82083
68015 60700
97311 42378
52428 73486
46800 81926
93522 43173
105058 41550
58440 66754
47197 81630
75736 54024
42742 89476
103814 41765
46214 82673
86878 45123
85145 45774
45907 82830
47571 81471
52958 72286
68955 59608
45386 82999
69451 58737
45181 83362
45606 82893
60488 65539
104464 41752
41634 94723
45509 82992
45693 82842
52248 73756
42667 89657
42857 89355
45816 82835
47504 81473
54409 70590
85718 45705
40958 101245
42339 90027
51986 74337
42529 89725
46396 82182
41686 94185
40822 102044
48056 80436
58564 66647
70333 57977
42912 88988
46703 82025
47100 81729
51973 74698
52343 73726
79010 50837
46923 81919
53440 71599
68973 59602
104575 41602
76875 52320
40963 101125
85864 45692
45913 82736
52153 74028
84595 46127
46036 82729
67641 61267
55445 69302
75747 53917
52440 73255
59673 65967
73389 55477
59348 66078
41124 98863
60678 65344
52775 72968
59408 66065
52368 73534
73470 55437
53831 71007
73110 55774
73340 55591
76131 53287
52906 72824
87161 44997
73452 55443
57911 67253
52620 72985
52791 72878
46867 81924
53700 71273
56023 68885
81104 49078
68228 60492
55963 68898
81869 48139
40770 102582
46770 82023
54467 70564
59733 65954
87710 44804
54154 70883
69052 59316
62242 63725
41925 92397
55773 68932
68394 60139
40911 101663
68376 60145
58380 66767
44800 84096
55713 68945
55385 69315
55659 69157
56291 68528
84136 46431
44472 84466
55162 69630
55331 69527
82180 47801
94038 42846
94471 42763
45278 83263
41165 98370
41024 99289
56118 68560
56178 68547
41074 99161
87142 45028
54834 70000
82796 47351
51490 75138
47599 81408
52178 73836
51923 74862
54644 70302
44823 84094
53548 71335
58958 66350
55850 68917
103474 41930
56398 68441
59283 66239
53768 71229
44991 83664
55314 69568
59018 66337
61195 64628
46954 81873
55031 69896
55254 69581
41022 99699
56338 68454
56678 68352
44868 83671
55102 69643
54773 70172
43260 86206
54774 70013
44711 84122
87729 44773
55582 69211
43375 86085
73092 55780
75743 53981
42916 87670
54051 70901
54584 70315
52047 74102
43070 86508
43542 85637
43997 84806
55042 69815
43185 86387
43732 85335
43855 85328
54971 69909
43510 86068
44310 84497
56738 68339
51269 75342
43018 87046
43870 85267
50887 76383
44494 84347
88099 44728
44120 84799
44187 84504
50919 75952
90056 44062
43665 85630
91634 43675
51089 75612
47415 81558
54159 70637
53816 71137
90426 44017
79431 50483
47292 81565
93189 43211
46647 82030
41954 92143
93622 43128
86370 45292
44638 84127
86351 45323
44515 84134
56070 68811
68350 60146
51551 74903
55642 69198
