8411 2225.48
96665 59296
77657 75070
96784 59235
75541 80663
76247 78474
74989 82183
76203 78646
73703 86950
74885 82527
75718 80015
73544 87606
75264 81344
76300 78346
74938 82399
75213 81560
75591 80338
75866 79499
75547 80510
75919 79371
75644 80210
75689 80147
75033 82011
75308 81172
73491 87734
74673 83311
73595 87390
74827 82731
96535 59364
96850 59195
74783 82903
75086 81883
97609 58696
74777 82967
73645 87154
74571 83687
73692 87090
74821 82795
96993 58964
74874 82667
97427 58734
99806 57642
99925 57581
100240 57412
73389 88110
96731 59256
73601 87326
73497 87670
73639 87218
73433 87938
72848 90218
96961 59096
66521 99710
66440 99832
73285 88454
74679 83247
74467 84031
74615 83515
73338 88326
74726 83183
63427 105896
73249 88893
69070 95149
69163 94946
66285 100141
67427 97847
72538 91282
68556 95665
66366 100019
67346 97969
69082 95068
73167 89207
72642 90938
68637 95543
73486 87810
74732 83119
73550 87542
72744 90562
72502 91721
72892 90046
72686 90766
67131 98470
72481 92086
72591 91154
75713 80091
72739 90638
73720 86859
74520 83903
67212 98348
74668 83387
61017 111954
99774 57774
73698 87026
61098 111832
72797 90434
61237 111527
61765 109842
61599 110553
62011 109607
72496 91825
62509 107874
62343 108585
62424 108463
62729 107447
61846 109720
62289 108982
74880 82603
63882 104751
71238 92976
62590 107752
63801 104873
62216 109124
112289 53537
112937 53396
110730 53847
110082 53988
112344 53453
112992 53312
62455 108271
69167 94903
69876 94060
121605 51574
56370 149731
112076 53580
112724 53439
67524 97601
125758 51027
67335 98062
67416 97940
56588 144952
69522 94440
72401 92307
69260 94700
70138 93800
69350 94657
123751 51337
61061 111866
72452 92091
69783 94263
71130 93010
69441 94562
57018 137248
68734 95297
112255 53553
123806 51253
56424 149334
107031 54747
111439 53718
56897 139322
106383 54888
108097 54457
112087 53577
69795 94182
70416 93594
56625 144498
68626 95636
71408 92804
68653 95419
56843 139719
70571 93406
112903 53412
107449 54598
67443 97723
68854 95268
71148 92988
66463 99773
70057 93922
69955 94046
120165 51909
70309 93666
123557 51348
131503 50493
126286 50953
107181 54725
70228 93788
87223 63442
122280 51491
109543 54169
71426 92782
86344 63892
87954 63110
118213 52135
73797 86021
107829 54584
69179 94822
124694 51127
120414 51814
110359 53922
86096 64241
112029 53622
104892 55381
73901 85677
86659 63723
124101 51184
109561 54085
126701 50817
71049 93132
88202 62761
126053 50958
124481 51170
73755 86564
86225 63953
68920 95253
83494 66739
89081 62311
107299 54620
67778 96490
69666 94426
62247 109066
108645 54353
106489 54884
85688 64620
105746 55026
106651 54761
108008 54491
84816 65373
126934 50812
122548 51364
109711 54063
88083 62822
85569 64681
121900 51505
69874 94168
124749 51043
88962 62372
121357 51604
109443 54190
67898 96461
84945 65085
106544 54863
84830 65334
110242 53982
111699 53708
81754 68443
56545 147260
108913 54226
61195 111586
70490 93528
83654 66410
108374 54407
86540 63784
82642 67575
85373 64789
74382 84118
84582 65683
88517 62592
107980 54517
109293 54212
83571 66527
108806 54328
97664 58382
82976 67065
71736 92530
119156 51925
115951 52670
100021 57416
111168 53789
84093 65921
126433 50944
62328 108944
67697 96612
99345 57815
82203 68064
84697 65434
67228 98224
83686 66278
71841 92410
100477 57060
85254 64850
71319 92854
84571 65764
124982 51038
107192 54722
83974 65982
73850 85893
82688 67361
86193 64085
62687 107506
71067 93110
85862 64551
104887 55385
74107 84957
82523 67636
82803 67112
83805 66217
89396 62142
83539 66659
102355 56331
87104 63503
84686 65515
63443 105772
77626 75166
98583 58089
87835 63171
103739 55829
102387 56199
89984 62017
91497 60944
103987 55646
82171 68247
61114 111708
65426 101088
89277 62203
122781 51359
73046 89525
57337 131458
87419 63334
88398 62653
82139 68379
87538 63273
124334 51179
69086 95025
80303 70097
66618 99464
115930 52732
93247 59912
103947 55762
81640 68470
85945 64434
62024 109264
58114 125189
84083 65980
91877 60708
58168 124792
81228 68977
71482 92738
85064 65024
92838 60365
90472 61582
85977 64302
70825 93198
81466 68739
121590 51599
125991 51022
79107 71746
57216 133532
83091 66816
83059 66948
57470 129984
57981 126663
57162 133929
121108 51699
88930 62504
58334 124081
100450 57187
122133 51500
68394 95850
117458 52247
57803 127752
106394 54885
105478 55153
82656 67493
57082 135282
57295 132455
79599 71072
69612 94428
117190 52374
83942 66114
108756 54346
57857 127355
108906 54324
57136 134885
74151 84785
93540 59744
104595 55621
64152 103516
87968 63071
79054 71874
57391 131061
68485 95755
116542 52515
68300 95914
78090 73598
90158 61868
111816 53648
76930 76277
65211 101589
108656 54350
70744 93320
57938 127233
82354 67871
104984 55300
119389 51920
77027 75977
56907 137753
66761 99066
56961 137356
80097 70203
103149 55925
117753 52178
59309 118299
104716 55427
64899 102175
74003 85301
93722 59706
66907 99018
79694 70748
82449 67752
91850 60835
58035 126266
62606 107628
94302 59470
67435 97804
84913 65217
91182 61113
57269 133411
64818 102297
84665 65566
88051 62954
94183 59531
72993 89653
103797 55784
105207 55207
79809 70499
120602 51716
81516 68681
57040 136279
90564 61388
92919 60244
126612 50917
109454 54187
98426 58108
81260 68845
63898 104627
82156 68250
58249 124670
65507 100966
61566 110593
118401 52037
71500 92716
80820 69655
124500 51138
57524 129587
118634 52032
65318 101427
71088 93065
115196 52782
56652 142986
58900 120874
76549 77302
57215 133808
76337 78086
120586 51806
66984 98747
81145 69094
59390 118177
66382 99895
91416 61065
79516 71221
120835 51711
100336 57247
56827 140515
66214 100231
57732 128792
82067 68391
104668 55543
90879 61219
58376 123997
81519 68529
101259 56825
73998 85377
84398 65811
57969 127041
102834 56094
58743 121506
57613 129147
61620 110196
79662 70880
116810 52388
121341 51694
79777 70631
57720 128823
59200 118978
61339 111048
100792 56891
56434 147765
56689 142532
90031 61941
101554 56617
59462 117786
76088 78675
92301 60519
60828 112577
101673 56556
59853 116112
90998 61158
57605 129465
76762 76889
59255 118696
59760 116389
60138 114913
56488 147368
58785 121422
105431 55195
79022 71974
80788 69787
76434 77786
56743 142135
58430 123600
94998 59432
74659 83437
106112 54942
58577 122217
64841 102185
82235 67932
64787 102582
56822 141058
66680 99188
113287 53243
116271 52569
59517 117504
60786 112583
92222 60550
59005 120314
58511 123478
58523 122614
81026 69549
87072 63635
69693 94306
76646 77002
73097 89309
92515 60488
57786 128395
117986 52173
98860 57878
59683 116793
61258 111170
98741 57939
58839 121025
59968 115594
78795 72190
77564 75278
82519 67652
78545 72768
57779 128436
65720 100880
78037 73726
60022 115197
77328 75465
58689 121903
81068 69306
77878 74382
93225 59913
97979 58213
57251 133489
59475 117588
103117 56057
59706 116786
90334 61835
90852 61346
78848 72062
97783 58321
90537 61515
58658 122095
59628 117075
76425 77822
98098 58152
90039 61929
82771 67244
136771 50139
59926 115678
76380 77896
77028 75676
76879 76493
65801 100758
114548 52923
100911 56830
101522 56749
118133 52164
134010 50361
70563 93458
56996 137313
59840 116310
78379 72951
79232 71401
57559 129544
60400 113721
68304 95893
57690 128876
93421 59805
64603 102798
97251 58749
57426 131018
65952 100491
68180 95943
76498 77518
76815 76761
61368 110597
131969 50463
59571 117107
64052 104031
59421 117985
133477 50389
80356 69887
59949 115631
113935 53102
121838 51569
64710 102636
67309 98102
75760 79642
114280 53050
59872 116075
97132 58810
134278 50234
76974 76105
59146 119375
78729 72644
63444 105240
62105 109142
74231 84335
93128 59973
75999 78921
65399 101305
65112 102089
101378 56764
65193 101913
63525 105118
111018 53811
67563 96991
58951 120711
77081 75548
60346 114118
60928 112036
71563 92616
73199 88933
89505 62122
81433 68798
82633 67628
78156 73254
64133 103909
133630 50375
114928 52909
59366 118267
68130 96218
72928 89768
75344 80894
79953 70432
63935 104048
132202 50458
79520 71105
136314 50220
76035 78803
75113 81561
76593 77130
77380 75332
138279 50065
74585 83632
79376 71334
56523 147325
78326 73079
93079 60101
97024 58820
142877 49946
133335 50444
113895 53237
80065 70335
92711 60380
133546 50379
140841 49960
64353 103365
77881 74093
128828 50699
128533 50768
64233 103394
74187 84507
62876 106313
93868 59700
58280 124478
59895 116028
78103 73464
140315 50051
59737 116396
80651 69879
140772 49970
129476 50558
60481 113599
100596 56999
77998 73976
66033 100369
77668 74934
62795 106435
64706 102704
80015 70393
129208 50685
79340 71388
144385 49872
80939 69583
91562 60877
60103 115075
60304 114202
138348 50055
120295 51876
66295 100109
77704 74495
140384 50041
100304 57379
60188 114486
74056 85173
142808 49956
127524 50784
73945 85505
88845 62548
122493 51448
56785 141512
71301 92876
60566 113010
63278 105951
75946 79049
61879 109618
129441 50680
75388 80722
129709 50553
95117 59371
