40 0.41177
174616 145889 166242 143989
176304 153770 144550 171440
148945 158647 164721 147433
162290 144796 176951 152563
178779 161207 166057 135982
140460 157253 173748 165108
150845 150134 165857 159512
156292 172207 144939 164865
176314 138474 161486 160548
188070 140296 174028 152617
145058 159469 153880 143719
149121 159347 157651 152642
157516 144972 169148 147458
164964 153415 159190 151852
165478 162950 148428 148076
169172 176174 145703 136867
136333 161806 172162 163162
169108 163178 159202 143223
145260 149872 155897 161291
155266 168243 171347 139627
162084 154103 158233 149947
154918 164172 147838 156024
163984 170465 144531 141159
167776 164770 153309 144845
175273 151489 160870 149988
143982 163302 167795 156964
144618 162697 158492 150189
160838 173969 153104 140604
164826 150197 167151 149981
144540 163644 168431 156700
162281 151453 164249 145012
164046 156542 138238 154607
164163 146259 162168 158492
160056 152595 172050 142454
167067 144932 175238 159328
171158 146801 153833 153215
173954 167551 146322 152349
150284 169178 148683 155785
152447 158637 149677 161925
154380 157461 177991 138846
155391 158541 148943 157730
176294 141068 164279 151960
153268 175137 151318 147138
157631 158541 155374 151484
158565 161614 166457 134236
164261 148041 150687 163285
165385 153494 163686 146251
171445 140304 161716 155887
172373 140757 181801 154132
176428 154842 150468 150799
141362 158618 166770 165386
169594 165671 147696 151087
171730 166796 143115 153648
172033 140246 164309 163480
145287 174605 146167 149104
165140 166657 147848 154033
176157 145863 167111 154811
151591 142591 171829 160567
157826 159448 154530 153006
177834 174710 148881 138668
138801 178486 178697 159503
150980 169524 148757 154854
153408 166558 160672 143585
170109 148095 157668 150292
151205 149715 150826 153056
157767 176951 161017 142479
159733 151887 177145 147294
168327 170527 168264 130656
168516 149007 168485 147124
148876 173287 145421 163456
156713 149351 170927 156928
165166 165621 148652 150735
173480 163161 156763 143466
146713 169977 152554 166009
150323 166984 148249 167208
156345 155782 143543 155062
161337 157551 149204 153671
149118 160596 153544 167416
160829 147956 151138 161473
165386 156741 162247 149651
167329 143397 169891 165443
167603 168848 132898 150758
175219 163570 142314 151965
155777 164420 169269 140662
158446 166000 164816 139635
160086 157378 150014 148736
160338 147232 155509 152350
161741 168248 156059 139604
173891 153855 158078 138638
173935 140787 152993 155464
153967 157900 161189 145663
154800 155829 164533 140706
159324 163622 161475 142157
188843 162373 179998 129851
146786 159786 162451 140690
156132 167732 174020 136765
164776 155058 170923 140772
164868 143925 145968 161254
165493 165737 155812 140281
173114 142412 160144 161943
152825 190093 154009 143692
166969 155822 169444 140005
167152 145284 165631 159020
156267 148050 172495 159175
170613 165127 162372 141105
177810 147515 153901 152223
159583 165017 152743 142297
151767 153828 171446 146467
165669 153161 162266 147250
167144 168209 148800 146578
148149 171858 152326 148009
150987 153363 163944 155916
151172 165043 152143 149171
154134 155381 167305 152597
169219 165978 163343 138397
142473 184320 174671 159964
154574 155663 164244 143825
158740 182306 159091 137796
164391 155846 163850 144077
167297 152228 156951 145447
168665 158378 148874 149905
169430 166717 147905 139764
171058 144231 167333 150636
177777 152471 153935 151919
158307 154438 145583 160416
175459 139898 167914 165373
151141 148746 159497 166819
164065 144111 165068 159669
157565 177750 142585 171051
159280 186594 164140 136908
166396 154414 151289 145636
161644 174882 139077 172079
163138 150794 164291 143398
173525 159037 171771 134831
147542 158293 171889 137845
154964 152762 167327 152112
158970 155606 162720 152162
160250 140606 169254 178434
