14411 3246.22
50870 62876
51049 62462
51079 62257
51002 62534
51528 61619
49365 66753
51632 61579
52233 61003
50995 62611
52063 61068
52167 61028
51812 61289
51916 61249
51426 61714
51246 62004
51677 61493
51779 61398
51142 62044
50857 62905
51112 62249
51065 62321
51058 62398
49442 66476
49358 66830
50933 62663
42745 80522
51349 61991
51035 62526
42060 81580
42190 81432
42117 81465
42222 81425
77716 46757
78072 46729
77676 46797
78121 46706
77584 46893
77624 46853
72781 48907
72873 48811
42397 81087
42454 80972
54681 58285
49594 65966
53002 59526
53161 59435
78384 46637
53253 59305
49517 66243
78476 46541
42527 80939
53057 59475
54696 58258
54947 58037
49406 66605
53308 59254
49510 66320
55051 57997
73839 48478
72930 48717
73022 48621
50856 62940
53744 58941
54847 58089
54641 58309
53995 58720
54862 58062
55113 57841
53940 58771
54596 58310
78832 46513
53323 59227
73546 48573
53519 59057
53574 59006
53427 59187
78881 46490
79237 46462
53268 59278
51393 61823
73378 48593
52532 60305
52539 60228
54089 58620
52616 59951
42758 80389
54193 58580
53678 58966
39857 86465
37010 109073
52867 59730
36792 112191
36897 110383
42815 80274
54753 58189
54355 58372
54459 58332
52922 59679
52671 59900
53412 59214
71428 49792
71838 49435
49558 66095
71930 49339
40386 84622
40109 85526
40041 85966
49481 66372
39984 86081
39833 86472
52580 60080
40052 85641
52503 60357
40261 85177
54104 58593
40329 84737
54208 58553
55058 57892
54792 58140
54807 58113
40285 85114
53838 58841
72079 49149
77329 47059
46005 73664
71987 49245
55217 57801
46066 73596
50920 62798
46170 73556
46569 73247
44839 74724
54966 58022
45180 74282
54698 58240
40008 86018
45096 74636
52831 59859
43782 77443
43246 78616
45284 74242
39943 86166
39886 86281
43314 78176
39951 86133
43418 78136
42816 80182
44018 76995
41750 81840
80056 46301
79651 46352
43306 78232
80577 46224
58350 55521
58084 55769
57416 56201
57803 55874
58361 55482
58880 55365
49433 66597
57552 56095
58110 55703
57792 55913
57974 55809
58869 55404
57963 55848
57405 56240
40487 84490
79295 46380
80221 46252
40163 85377
46901 72994
41693 81955
59313 55062
54300 58423
79700 46329
41941 81758
41334 82531
47005 72954
44943 74684
47123 72844
80626 46201
53188 59431
42099 81511
43886 77403
58725 55458
40228 85229
58095 55730
45135 74566
46642 73090
47196 72687
47192 72791
45530 74084
57448 56135
57699 55914
57312 56241
57301 56280
51383 61910
77104 47161
50898 62806
77052 47217
73841 48460
56147 57100
57061 56462
57688 55953
77144 47121
42042 81626
41572 81976
55896 57321
72980 48678
41414 82223
41055 82799
41357 82338
41515 82091
40998 82914
41213 82552
72888 48774
40954 83291
54049 58644
46221 73322
44537 75306
55579 57567
42380 81178
41156 82667
53783 58892
42036 81714
59437 54984
59688 54763
46591 73174
72635 48923
54034 58671
77289 47099
57433 56162
55830 57346
42275 81218
56611 56712
57537 56122
41742 81943
57046 56489
57035 56528
56360 56933
56507 56752
55475 57607
56241 57000
56256 56973
43119 79000
56345 56960
84364 45031
44641 75266
56496 56791
55990 57221
55979 57260
42229 81382
52966 59655
56136 57139
55568 57606
74227 48243
55726 57386
44118 76682
43213 78668
44168 76280
59511 54959
55715 57425
56795 56710
77546 46976
75319 47508
43205 78724
72037 49206
44272 76240
55819 57385
75411 47412
75271 47641
40978 83103
74319 48147
79203 46476
43275 78408
43174 78900
42933 79493
43034 79001
36685 124604
43639 77896
42925 79549
42966 79441
36996 109273
57150 56449
40637 83757
40694 83642
40593 84134
41118 82670
41477 82094
46861 73067
40417 84546
41061 82785
41420 82209
43584 77985
43647 77840
40960 83277
41655 81958
43751 77800
43684 77804
43026 79057
43775 77563
42612 80725
44738 75216
40536 84249
81656 45715
81748 45619
84257 45124
82567 45458
82923 45430
81494 45811
43480 78025
40316 85038
71506 49705
58755 55454
71414 49801
83438 45285
71692 49451
71543 49641
56809 56668
74668 47987
74620 48120
69396 50707
70039 50401
69675 50639
75166 47851
37550 96878
82207 45547
82104 45591
65235 51907
63140 52634
69304 50803
56600 56751
52369 60405
63453 52398
80694 46067
42555 80840
52292 60682
44100 76720
86310 44880
75229 47763
65224 51946
83026 45386
38096 93084
85214 44999
62141 53166
62501 52818
37901 93908
62188 53054
43267 78464
62250 53039
62425 53006
45780 73741
62676 52785
45635 74044
62177 53093
74760 47891
86808 44827
38764 90862
43138 78961
63377 52586
63628 52365
38775 90537
70420 50198
70328 50294
64643 51960
64468 51993
64457 52032
65479 51814
65490 51775
71159 49960
65665 51742
62490 52857
42995 79233
69873 50475
40626 84082
70897 49966
42894 79725
70516 50169
75767 47384
45640 73751
72450 48985
42857 79989
72358 49081
64129 52185
59290 55129
63943 52257
83897 45213
63954 52218
48776 67821
48624 68331
48699 68098
48547 68608
42886 79781
48756 67989
59301 55090
60172 54353
60347 54320
59812 54701
60063 54480
48833 67712
66130 51710
60680 54040
48669 68303
37837 94364
60505 54073
60931 53819
48517 68813
60423 54132
59642 54766
61810 53217
61559 53438
48594 68536
60756 53852
60145 54421
60396 54200
61275 53598
61635 53250
59724 54707
59975 54486
66661 51403
61384 53471
61051 53751
45389 74202
42699 80549
61226 53718
61302 53530
63390 52453
66486 51436
48921 67450
38315 92253
48998 67173
48746 68026
60134 54460
43973 77104
59895 54640
60412 54171
48891 67655
41959 81737
48968 67378
38383 91813
48768 67877
48913 67506
48990 67229
48846 67683
59546 54949
63401 52414
49055 67064
60745 53891
48407 69216
59906 54601
63576 52381
49047 67120
41914 81775
44067 76772
59264 55150
48616 68387
68421 50975
48825 67768
61257 53672
68596 50942
44755 75078
61369 53498
61118 53719
49306 66843
59391 54987
49249 66952
48484 68939
47301 72647
48691 68154
61036 53778
59879 54669
55460 57634
60490 54100
60665 54067
55449 57673
48978 67341
38164 92644
48960 67434
69061 50910
62363 53021
60157 54380
60239 54321
66235 51657
66410 51624
75116 47863
48539 68664
71600 49547
70699 50130
70410 50237
37486 97334
38330 92004
38262 92444
38067 93268
48269 69805
38440 91698
71176 49898
70791 50034
71451 49737
66475 51475
61249 53675
71268 49802
63315 52601
38538 91498
70244 50311
61264 53637
61624 53289
60385 54239
85713 44884
57158 56359
85469 44951
59964 54525
37274 100168
38549 91173
40852 83395
73747 48511
37421 97709
69767 50543
38606 91058
70887 50005
56903 56568
69217 50854
38481 91613
56892 56607
57169 56320
55394 57724
59631 54805
55405 57685
37650 96458
67152 51233
37658 96028
37772 94739
56201 57024
45144 74411
44453 75660
83382 45358
56918 56541
64180 52183
86666 44852
62118 53177
37708 95195
56190 57063
67837 51091
55935 57272
37357 98165
56081 57190
71913 49343
76138 47347
37349 98595
64355 52150
56441 56842
76230 47251
56452 56803
61544 53465
40795 83510
56175 57090
67662 51124
71970 49249
36724 122666
67617 51201
37165 100964
72062 49153
48261 69861
73730 48515
66977 51266
37018 103423
72433 48989
76586 47223
37049 103201
48399 69272
72341 49085
37101 101420
72913 48721
42826 80165
37082 102967
48302 69679
71876 49407
48294 69735
48476 68995
59119 55194
40518 84414
66224 51696
39149 88703
37840 94299
48371 69458
47623 71289
47471 71799
39048 89195
59015 55234
56092 57151
38919 90026
48241 69905
87075 44805
39542 87133
47403 72239
49241 67008
39116 88755
37969 93468
87319 44738
71821 49439
61291 53569
59380 55026
47548 71522
48509 68869
55924 57311
59713 54746
39282 88115
65439 51839
73005 48625
39087 88939
39509 87185
72856 48815
49298 66899
38954 89527
39011 89412
66966 51305
67651 51163
47865 70479
47788 70756
48379 69402
44287 75811
69206 50893
47643 71127
47414 71914
47566 71404
55660 57476
68410 51014
39314 88009
81212 45943
48454 69169
39610 86693
44748 75198
47955 70238
39275 88265
48032 69961
47733 70886
47898 70353
63177 52605
39343 87825
47581 71396
47810 70609
48332 69474
81304 45847
55671 57437
47975 70076
65264 51872
39383 87623
48409 69197
47676 71001
49952 63268
47658 71119
49743 63887
39188 88447
81050 46039
44137 76526
49916 63397
63002 52638
49820 63610
66286 51654
39013 89305
49993 63120
50029 62991
49623 65692
49651 64297
37230 100589
38610 90883
38824 90274
50133 62951
74170 48337
