9885 2827.18
79852 62639
78986 63135
79715 62732
79951 62611
80302 62406
80171 62442
80581 62236
80450 62272
79820 62647
79721 62675
78855 63171
80549 62244
80165 62532
76995 64180
75960 64891
77274 64010
80270 62414
76474 64463
75681 65061
76464 64548
76753 64293
76884 64257
76333 64584
76054 64754
76185 64718
76605 64427
79305 62938
76048 64844
76743 64399
76044 64860
79584 62768
75442 65242
77203 64060
77724 63777
77126 64144
75946 64899
75815 64935
76747 64383
75573 65206
76235 64644
81049 61995
82513 61132
82332 61262
80918 62031
81603 61665
81225 61863
82612 61104
81883 61507
78003 63607
81356 61827
81504 61693
81784 61535
81324 61835
82644 61096
82677 61065
75809 65025
93813 57700
93627 57781
82364 61254
92047 58132
95108 57454
77340 63967
94270 57607
88546 58996
93682 57736
91576 58271
94139 57643
80359 62359
92266 58112
94032 57680
92504 58039
89678 58751
89474 58764
95966 57287
91861 58213
89236 58837
80638 62189
95565 57361
89017 58857
94489 57587
93379 57837
92723 58019
89916 58678
89459 58771
91916 58168
88867 58938
92373 58075
94671 57533
88886 58893
92708 58026
78738 63180
80769 62153
91240 58332
83550 60653
91109 58368
94540 57569
89328 58807
87912 59200
92489 58046
90783 58425
80802 62122
88857 58946
84507 60232
89785 58714
90652 58461
87781 59236
92358 58082
84638 60196
85878 59824
87682 59264
87813 59228
88284 59089
92667 58038
85485 59953
94083 57662
92815 57989
88153 59125
77619 63797
93469 57807
94433 57606
85584 59925
92946 57953
88415 59032
88252 59097
92998 57946
92759 58008
92448 58058
94214 57626
92867 57982
93248 57873
81367 61786
84864 60173
84408 60260
88383 59061
88736 58974
90633 58506
90149 58629
86806 59592
90312 58564
86349 59685
86218 59721
90502 58542
83451 60681
91002 58405
86568 59665
77101 64148
83714 60586
78459 63350
90181 58600
89343 58800
91482 58305
88840 58968
82397 61223
87403 59434
90606 58536
84227 60390
87010 59579
78069 63564
87502 59406
92890 57972
81082 61964
87248 59506
83615 60614
75645 65135
93124 57945
86068 59802
92905 57965
81088 61956
87117 59542
81219 61920
84539 60224
93338 57843
86199 59766
83301 60762
80912 62121
87025 59572
87532 59345
78328 63386
83400 60734
83746 60578
86675 59628
86660 59635
92774 58001
92317 58094
93564 57797
84978 60093
87631 59317
89693 58744
84879 60121
83432 60726
78607 63216
79336 62813
77042 64173
83116 60830
77173 64137
86791 59599
93156 57920
82985 60866
78966 63162
85109 60057
93342 57839
81213 61928
103096 56110
103422 56053
79057 62983
79188 62947
103152 56091
85010 60085
103371 56071
103048 56114
79467 62777
102829 56134
78601 63306
82966 60911
84357 60313
102698 56170
77321 64003
82178 61281
79327 62905
86069 59796
84258 60341
83942 60445
83792 60526
83662 60603
83149 60799
83582 60645
93211 57875
85462 59970
102428 56208
80103 62583
103265 56078
91703 58239
85141 60028
82118 61393
79051 63073
82172 61371
78050 63600
85272 59992
83923 60490
99098 56743
85583 59942
86185 59767
86054 59803
82835 60947
91572 58275
101103 56428
97836 56952
85612 59889
99229 56707
79156 62955
95704 57328
98261 56873
95303 57402
56319 100156
101504 56354
102365 56219
97130 57046
95434 57366
96140 57272
98392 56837
98828 56781
56313 100246
56658 98804
101723 56334
94846 57495
96108 57286
97967 56916
99808 56674
77593 63846
95835 57292
96999 57082
97566 56990
57331 94937
56384 99780
56378 99870
94977 57459
97753 56984
57349 94824
84828 60174
88102 59178
78188 63539
96272 57213
98186 56896
77462 63882
102341 56224
96729 57120
97935 56930
57541 94134
97510 57009
97991 56911
96598 57156
77741 63712
59103 89424
95247 57421
98210 56891
59317 88938
59109 89334
57069 95890
97860 56947
57547 94044
56404 99553
81619 61609
101940 56298
57672 93652
58000 92749
56664 98714
58065 92373
102103 56297
57646 93969
98154 56910
101047 56447
57980 92976
57422 94244
59098 89467
56080 101277
56074 101367
58775 90327
96542 57175
102560 56204
57010 96176
55470 109379
88139 59171
57142 95310
57416 94334
57652 93879
59426 88564
57666 93742
57737 93276
58781 90237
56013 101767
56469 99177
56992 96289
84389 60305
95196 57439
58466 91205
85743 59853
57004 96266
95378 57385
97349 57026
55954 102984
96141 57249
82555 61105
55840 104371
57136 95400
57337 94847
101299 56385
55999 102721
57731 93366
58323 91889
56463 99267
61396 82906
55694 106422
61062 83899
66937 72219
57994 92839
56398 99643
55463 109563
55596 107672
109820 54966
55637 106865
57357 94620
58382 91603
57071 95776
58059 92463
96673 57139
56337 100043
57077 95686
57290 95110
56617 98977
60222 86033
57995 92792
58054 92506
77872 63676
82705 61024
55833 104555
96491 57193
56753 97410
57051 96003
65935 73782
56092 101254
56159 100764
64360 76831
55522 108346
56139 100991
67298 72070
61323 83486
60545 85173
96948 57100
57989 92882
96892 57119
56747 97500
60216 86123
55643 106775
66656 72737
56007 101857
55529 108162
56986 96379
57351 94710
56686 97900
59823 87402
58716 90613
96271 57236
99047 56761
58388 91513
57664 93856
58460 91295
60146 86542
60152 86452
61067 83856
56812 97124
81898 61439
55702 105558
59039 89753
55688 106512
55948 103074
56098 101164
56745 97614
84073 60409
59432 88474
55763 105158
56145 100901
64620 76324
56396 99757
57969 93109
60211 86166
58317 91979
59104 89377
56072 101481
59829 87312
60480 85549
56676 98691
98991 56780
61073 83766
66662 72647
60151 86499
100842 56478
56771 97297
58060 92416
60739 84759
56005 102631
91445 58307
55696 105648
97804 56966
55905 103995
65929 73872
59821 87516
60021 86934
65210 74900
57209 95129
66931 72309
58844 90065
82276 61275
56230 100298
59579 87904
57868 93240
65660 74210
60032 86801
61003 84185
56765 97387
64746 75995
56224 100388
61390 82996
59172 89162
59888 87026
90050 58652
65485 74472
60144 86656
66212 73337
55769 105068
58654 90833
60430 85637
55781 105045
60539 85263
59573 87994
67357 71875
99448 56687
59044 89710
62722 80236
59894 86936
101593 56342
62898 79946
59038 89800
55898 104179
70587 68139
56165 100674
63990 77483
101724 56306
70500 68343
56903 96431
61008 84142
82041 61407
58529 91033
60217 86076
63984 77573
67621 71412
68027 70948
71007 67848
60424 85727
100331 56551
67896 70984
56838 96807
59167 89205
61325 83372
56680 97990
62570 80849
55761 105272
58660 90743
60538 85461
62657 80612
81482 61735
60024 86848
69730 69059
60210 86364
69861 69023
58535 90943
60157 86409
64354 76921
64376 76647
64943 75464
58381 91808
56157 100878
62728 80146
61305 83599
66206 73427
70312 68567
67068 72183
107690 55303
58249 92099
58850 89975
60745 84669
60997 84275
56536 98996
60349 86031
110143 54923
55787 104955
59173 89115
58186 92271
112483 54538
66487 72909
64450 76524
56331 100133
60355 85941
67615 71502
67726 71184
68316 70640
72455 66765
56832 96897
109306 55053
68591 70212
60988 84369
67351 71965
109707 54979
61002 84232
59809 87539
60674 85135
55589 107829
58247 92180
61766 82254
57864 93274
55438 110934
58710 90703
69011 69921
95653 57346
59386 88676
55445 109649
66492 72847
70581 68229
55569 108056
61389 83194
62400 81049
62892 80036
69720 69165
55504 108432
55907 103881
107858 55301
61200 83764
64382 76557
62717 80279
102985 56125
57203 95219
59366 88789
66680 72623
65315 74672
60977 84502
60982 84459
62723 80189
79435 62785
68175 70814
64115 77121
94633 57566
55571 107942
67890 71074
64773 75664
65479 74562
114241 54326
59380 88766
56830 97011
65955 73741
57975 93019
59501 88212
83280 60763
61760 82344
69005 70011
61068 83809
62663 80522
65040 75100
114306 54321
60352 85945
65034 75190
109251 55056
55417 111446
56897 96521
58180 92361
65309 74762
56530 99086
64752 75905
55900 104038
57869 93231
61206 83674
78706 63188
67446 71674
102561 56176
71479 67325
107989 55265
55815 104641
60680 85045
62538 80914
63962 77781
64937 75554
60915 84521
102104 56269
56636 98839
62394 81139
64642 76116
64485 76469
110087 54942
59178 89072
69560 69259
65204 74990
59293 89060
64109 77211
108983 55096
64767 75754
66767 72419
55435 111360
64648 76026
66311 73199
59299 88970
97534 57004
62652 80655
63421 78634
70866 67969
100462 56515
63415 78724
119953 53839
98611 56817
56818 97034
71469 67431
71200 67495
81761 61565
55925 103768
62335 81425
64246 77085
100005 56608
69724 69149
112548 54533
60872 84667
59495 88302
61331 83282
66036 73627
100061 56589
66481 72999
60126 86769
57875 93141
67720 71274
99930 56625
55343 114758
69448 69292
101323 56380
60132 86679
66623 72811
101192 56416
67364 71816
72732 66546
66761 72509
100298 56588
103146 56108
59704 87704
67269 72093
68722 70176
68753 70064
98772 56800
97785 56970
68421 70412
70577 68245
107559 55339
61629 82816
106198 55547
57974 93066
69173 69720
105797 55621
116183 54165
72312 66837
62035 81916
69868 69001
116402 54145
73284 66126
69579 69256
62980 79752
68585 70302
64546 76447
68146 70840
69032 69894
63045 79376
73153 66162
67440 71764
113385 54403
65621 74374
57057 95913
60027 86844
64923 75598
67451 71612
74091 65520
59698 87794
68415 70502
58765 90578
63320 78948
108414 55186
62170 81759
62658 80565
72258 66967
118687 53887
106685 55473
115023 54262
64375 76680
68552 70376
100866 56473
113604 54383
72971 66365
55937 103715
72551 66656
114460 54306
64317 76933
65308 74891
125314 53481
71899 67034
99604 56682
73943 65654
74222 65484
63051 79286
66898 72383
107152 55395
82426 61194
112352 54574
63606 78582
68870 70042
59360 88879
65490 74410
74781 65361
118143 53992
105773 55626
114110 54362
74912 65325
72682 66620
70571 68335
87663 59309
118468 53907
104717 55776
130039 53353
69163 69858
119727 53861
112767 54513
67639 71388
103811 55947
116929 54099
58982 89930
61635 82726
74081 65626
55943 103625
66317 73109
127836 53446
65896 73946
73102 66329
117304 54010
124968 53573
55292 115165
117173 54046
71122 67706
120629 53726
65759 74072
120172 53819
109202 55076
55880 104265
73392 65981
55358 112663
66173 73501
69142 69885
78470 63309
114686 54284
108013 55260
59887 87224
72030 66998
65765 73982
66230 73313
116201 54153
118230 53980
66042 73537
112702 54518
64724 76003
67857 71148
105073 55738
75223 65275
120410 53746
73476 65866
66405 73051
107090 55414
115362 54171
123111 53574
61606 82854
55310 115079
115143 54191
66486 72937
71751 67168
105474 55664
55336 114942
68577 70354
64904 75628
58459 91493
72443 66801
100681 56495
71610 67289
111203 54705
114525 54301
73671 65811
65484 74500
71620 67204
70718 68103
102160 56250
112417 54569
71190 67601
55632 107416
70061 68648
108314 55224
67582 71576
106366 55531
78191 63479
125095 53501
64279 77011
64551 76390
105609 55643
67171 72102
116710 54119
69285 69687
55626 107506
60878 84577
112928 54496
68308 70692
61660 82375
104212 55873
56678 98577
113254 54439
104936 55756
108453 55136
71331 67459
71889 67140
69366 69420
107272 55360
108186 55227
119573 53876
61061 84097
102309 56238
61738 82352
128182 53354
110470 54812
116847 54103
118011 54000
55351 113948
87352 59487
106847 55439
58988 89840
109091 55084
65654 74300
102766 56145
105848 55603
107066 55419
63709 77829
64058 77450
71194 67585
103592 55967
62986 79662
61654 82465
100898 56459
122832 53633
103461 56003
107978 55266
70925 67923
104854 55758
69727 69122
70022 68812
69691 69223
109880 54946
58255 92009
63644 78205
107254 55383
63381 78732
63484 78598
69442 69382
105423 55682
61901 82097
105255 55684
72961 66450
109311 55036
111526 54662
61311 83509
72830 66486
116628 54123
122274 53704
125979 53447
61895 82187
110147 54855
63182 79250
59803 87629
107968 55284
109509 54986
113147 54476
62041 81826
69288 69631
113685 54376
70192 68612
128107 53432
55375 111507
106548 55477
78934 63170
108109 55230
73715 65685
74533 65434
62265 81535
68303 70754
68277 70804
70422 68554
80120 62540
110871 54738
122055 53724
104078 55923
117122 54086
106793 55472
60883 84534
111927 54588
74450 65466
74664 65398
104535 55830
119792 53856
62271 81445
104316 55850
111515 54704
71020 67801
105554 55646
110984 54725
111090 54718
114804 54282
63290 79106
106446 55513
111708 54608
105741 55640
104081 55909
69891 68848
122613 53653
105979 55567
110414 54831
112961 54493
110740 54774
67318 72039
63215 79176
