11615 540.252
74054 53416
73822 54180
73627 55056
72231 55069
95619 39901
92464 40424
93604 40244
95047 39985
97698 39731
92833 40397
93235 40271
94811 40071
94876 40030
88607 41114
93807 40187
94176 40160
95988 39874
93064 40316
93480 40259
94052 40175
93636 40232
93036 40340
92240 40461
94848 40054
97730 39719
92865 40385
95416 39958
98270 39647
94276 40138
95448 39946
94677 40099
96623 39785
97901 39674
97583 39742
92831 40400
98905 39558
99274 39531
96992 39758
96403 39819
98685 39592
124416 37560
94591 40105
93024 40379
113374 37719
114334 37676
117525 37613
100844 39262
103538 38557
74833 48814
113565 37696
104309 38404
111785 37725
114976 37662
116756 37633
109011 37928
111416 37752
116387 37660
103907 38530
104110 38473
106729 38155
104881 38320
106960 38150
123647 37580
75828 48420
121867 37609
101840 39054
109380 37901
103939 38518
107098 38128
109937 37890
76061 48336
113196 37723
98586 39611
104678 38377
75453 48526
102742 38678
105250 38293
108051 37971
104009 38493
108420 37944
104710 38365
103314 38594
107163 38093
76232 48291
76037 48380
105769 38198
75066 48730
107532 38066
110456 37795
100119 39379
103111 38651
106138 38171
100408 39345
102262 38888
99040 39550
106992 38138
104138 38449
103143 38639
75042 48774
75686 48442
75662 48486
75857 48397
75237 48685
102442 38767
76355 48261
75951 48390
110825 37768
76184 48306
101044 39175
101413 39148
101747 39072
99948 39424
101616 39091
102091 38933
102571 38723
98757 39566
100436 39321
99601 39472
74675 48971
100873 39220
100607 39276
98558 39635
101576 39117
77050 46814
77029 47135
101445 39136
77259 46774
99612 39466
99836 39429
99126 39539
74264 49219
74055 49259
77283 46730
77670 46526
100113 39400
74288 49175
77005 47179
74459 49130
77454 46685
99329 39482
101951 39011
76796 47219
101858 39017
101822 39055
100307 39365
100744 39264
102067 38977
99698 39455
77408 46729
77539 46654
77563 46610
76435 47334
78442 45262
78679 44891
77700 45284
85237 41693
80784 43779
86403 41254
86593 41184
85365 41662
89108 40955
89279 40910
90226 40531
90397 40486
83266 42489
83441 42427
84388 42048
85475 41608
86232 41299
86569 41228
90036 40601
82446 42821
82909 42587
83037 42556
84247 42086
84290 42072
84480 42002
84881 41807
85090 41767
85242 41692
85740 41556
88875 41039
88998 41009
89041 40995
89841 40690
89865 40646
90202 40575
78754 44834
78879 44518
80186 43977
81270 43313
81631 43198
81681 43065
81890 43025
81914 42981
82042 42950
82085 42936
82650 42760
83160 42526
83270 42472
83393 42442
83564 42397
83768 42336
83794 42247
83886 42201
84027 42163
84119 42117
84456 42046
84622 41980
84788 41936
85004 41777
85114 41723
85285 41678
85408 41648
85598 41578
85973 41472
85999 41383
86360 41268
86764 41139
88870 41040
88918 41025
89402 40880
89632 40730
78564 45076
80326 43826
80946 43538
81422 43238
82275 42866
82417 42844
82520 42798
82676 42671
82799 42641
82885 42631
83203 42512
83515 42404
83627 42374
83670 42360
84095 42161
84855 41896
85646 41563
85769 41533
86208 41343
88747 41070
89231 40925
89606 40819
89993 40615
79451 44450
81310 43268
84651 41957
81465 43224
81655 43154
82648 42767
83032 42557
89582 40863
82251 42910
82412 42845
84617 41981
83080 42542
84384 42065
84745 41950
79611 44200
85949 41516
80920 43627
89373 40903
