4400 1022.09
55689 68931
56173 68134
56732 67222
57388 66600
58068 65940
56473 67555
55802 68823
57095 66937
56300 67901
58093 65894
58724 65318
57446 66558
56668 67532
58807 65230
59429 64612
57129 66933
55813 68772
57192 66899
59066 64897
58361 65603
59537 64604
57813 66217
57705 66225
56686 67437
59174 64889
58574 65485
57556 66521
56945 67104
59279 64779
56432 67801
57601 66482
59642 64494
58166 65809
59234 64818
59387 64771
58469 65595
58529 65524
56934 67139
57193 66806
58026 66099
58612 65436
59750 64486
60891 63394
58720 65428
57639 66433
58274 65801
57898 66100
58871 65103
58979 65095
60528 63679
59931 64377
59823 64385
69512 57435
69443 57519
69438 57574
68636 58176
69246 57863
62115 62348
61493 62966
60653 63566
61752 62633
60458 63772
60031 64184
61557 62839
60290 63851
68627 58258
60095 64057
59948 64272
59753 64478
60866 63448
61410 63054
68903 58071
68567 58260
60649 63610
60411 63782
68795 58079
61873 62564
59187 64828
69177 57947
59400 64710
59585 64557
63451 61230
69189 57877
58992 65034
64924 60367
58061 66066
62746 61936
55710 68917
64711 60485
56197 68046
59390 64763
61215 63154
61725 62654
59944 64316
70068 56912
59377 64777
61920 62448
63256 61436
63664 61112
57509 66531
57589 66517
59572 64571
60696 63494
62959 61818
56456 67713
60501 63700
62133 62330
60909 63376
58482 65534
56853 67153
70296 56731
55776 68894
65570 59869
59796 64406
69773 57183
61555 62878
61360 63084
64523 60496
59991 64200
60804 63486
63895 60904
64960 60182
95760 48778
67882 58588
65783 59751
62995 61633
70137 56828
69545 57364
61428 63036
63913 60809
63208 61515
69614 57280
68117 58414
65155 60159
86534 49727
67485 58783
82717 50423
70221 56816
62779 61832
60216 63988
83333 50252
64765 60388
66857 59159
88849 49474
63700 60927
66247 59472
66622 59333
83663 50173
63177 61580
65173 60064
66644 59277
86204 49806
94262 48880
97917 48545
89903 49331
93208 49023
96058 48744
64108 60786
56387 67864
83047 50344
87588 49584
70227 56815
96090 48699
66012 59646
69704 57267
67904 58532
64310 60614
89416 49403
84717 50030
91731 49150
91947 49133
64505 60591
85918 49898
67507 58727
62974 61809
66225 59528
94231 48898
71053 56161
96863 48688
67294 58845
95036 48842
93775 48952
97886 48563
66034 59590
67835 58594
85887 49916
64718 60473
69698 57268
81935 50626
67272 58901
71848 55682
71663 55848
91700 49168
94617 48863
49117 85339
51782 76105
57826 66156
51658 76264
63505 61133
95861 48772
51426 76798
71127 56022
67702 58704
82551 50455
96059 48717
93177 49041
67099 59051
78642 52118
60624 63664
51913 75773
68907 58065
52603 74265
62584 61965
59706 64488
52946 73382
97302 48653
81439 50897
81838 50701
74012 54455
51879 75813
51789 75932
79657 51614
95475 48807
95506 48789
73243 54865
81140 50958
97303 48626
78717 52033
51997 75497
50107 80835
71737 55709
80823 51068
82881 50376
99130 48472
80920 50993
95005 48860
93744 48970
53421 72482
66575 59339
69880 57068
49149 84855
48612 89591
49987 81374
80310 51306
78032 52431
49064 85392
49431 83727
52749 73914
49424 83903
51557 76466
49772 82144
48577 89593
51219 77182
79427 51736
65765 59846
81869 50683
78899 51946
98831 48533
51099 77721
81536 50822
65368 60041
73853 54552
80524 51129
79650 51632
79732 51529
81250 50914
51096 77933
51254 77180
50099 81221
99161 48454
72630 55197
80854 51050
81219 50932
53167 72931
49705 82502
92975 49059
49216 84497
52845 73584
58287 65740
81539 50762
49892 81605
72448 55344
80204 51436
53642 72031
62992 61714
80442 51232
49029 85394
50022 81372
50998 78410
73645 54693
82155 50591
79509 51633
75463 53689
50445 79641
53077 73050
71631 55905
70508 56417
82485 50512
75622 53592
80213 51381
49184 84853
97334 48608
50772 78718
53070 73223
53766 71872
79905 51497
50565 79102
53291 72772
53676 71991
51134 77719
50600 79100
73537 54701
79295 51810
97004 48687
75012 53905
53545 72323
50480 79639
62982 61786
78051 52400
73402 54768
53552 72150
49769 82356
60945 63191
72301 55421
72918 55096
49336 83958
70434 56556
67225 58907
72522 55205
62476 61973
79914 51442
71118 56104
74240 54334
71903 55600
71523 55913
51541 76529
50265 80409
74853 54002
62169 62145
74306 54291
71044 56243
52022 75347
48557 90066
49129 85328
50350 79872
52128 75165
54703 70184
51730 76133
54163 71120
82234 50565
49551 83188
49889 81994
66442 59449
54731 70094
69811 57152
53741 71955
73058 55031
73132 54892
53201 72891
55031 69515
50797 78568
51582 76316
51825 75879
52542 74298
51451 76648
82265 50547
62382 62027
73022 55081
53828 71659
49674 82764
55007 69603
49740 82500
52821 73783
51790 75881
52163 75163
51717 76260
48969 86010
51921 75549
71058 56106
72681 55108
52714 73916
51914 75722
59785 64453
72513 55287
48517 90209
50230 80411
50385 79870
72789 55100
68086 58445
73696 54604
53018 73251
81457 50865
50297 80351
52112 75228
54544 70386
74742 54029
89677 49334
53617 72114
80244 51363
88204 49498
89646 49352
49466 83725
67438 58789
66178 59534
73399 54787
53811 71817
66788 59221
74399 54237
72453 55289
71286 55925
61974 62351
50557 79488
49371 83956
75003 53987
51956 75547
71896 55612
54420 70545
72672 55190
53320 72684
73291 54795
68299 58327
75414 53733
52786 73785
79383 51773
66826 59190
87150 49641
72007 55585
68048 58476
76810 52857
88592 49495
53945 71445
90519 49245
71394 55917
53918 71540
77531 52517
52450 74512
74132 54342
75147 53838
52507 74300
72170 55495
50339 80301
50968 78451
54679 70212
50442 79853
52319 74844
54289 70877
69988 57060
74123 54424
50696 78770
79110 51817
50198 80767
50731 78768
50919 78489
48901 86526
86795 49658
78500 52130
76960 52842
68909 58014
50163 80769
48449 90725
73957 54535
86013 49861
73513 54737
75009 53924
54960 69609
68696 58132
48726 88538
79028 51920
87519 49594
91408 49171
89093 49424
52838 73757
78840 51998
53621 72043
93788 48945
90907 49242
93236 48990
70667 56320
52360 74631
49927 81603
67039 59072
82416 50522
50481 79540
90938 49224
90164 49262
65965 59652
71277 56007
55084 69450
61677 62733
83142 50307
71668 55793
51039 77950
75467 53615
91992 49081
73063 54976
87818 49533
52638 73968
54092 71214
70775 56312
86764 49676
49467 83626
57314 66737
87849 49515
91961 49099
72409 55413
83111 50325
50058 81271
48806 87144
68494 58304
75306 53741
48841 87142
50330 80345
75795 53361
77579 52447
84279 50087
72062 55503
85982 49879
53443 72440
69317 57641
50142 80833
53214 72866
54069 71286
53493 72351
89465 49388
49009 85867
78141 52204
82812 50386
53345 72534
77228 52806
62364 62122
77303 52721
49807 82142
54609 70350
52870 73434
50227 80623
87803 49558
91960 49126
75102 53895
82526 50478
54413 70718
49839 82084
78095 52321
48786 87617
70984 56245
48497 90682
48389 91341
51204 77553
71827 55696
89110 49405
48041 96226
48354 91343
55271 69158
83893 50122
83308 50275
84947 49979
85333 49944
88623 49477
47627 99211
92765 49070
53146 72943
79491 51729
53769 71860
54753 69993
84978 49961
83924 50104
74550 54163
76516 53021
76564 52951
83277 50293
48414 90727
48061 95753
89062 49442
54213 70929
77420 52544
85752 49923
51004 77952
52506 74351
54361 70746
76062 53256
81797 50753
84648 50040
91377 49189
52229 74963
82978 50354
51170 77618
75954 53264
74490 54165
83594 50183
54820 69895
75945 53346
47672 98538
78896 51994
55830 68246
48866 86528
93819 48927
48106 95080
55360 68959
70365 56640
86465 49737
48534 90188
74848 54010
78702 52072
49256 84288
52630 74192
53294 72760
79409 51756
48846 87001
52673 73966
54139 71208
69104 57991
47740 97247
48706 89011
76411 53190
85683 49940
51350 76850
47785 96574
48086 95553
55307 69024
62671 61950
48394 91200
47662 99209
49221 84290
73781 54573
86179 49829
73222 54879
49559 82769
95063 48836
54901 69810
50884 78491
52762 73809
48157 93769
53814 71777
70598 56404
77317 52665
71217 56009
47820 96572
75169 53768
49980 81550
50043 81308
75277 53760
47732 97922
48741 88290
48177 93296
49201 84763
53216 72857
48986 85989
86148 49847
48128 94721
83528 50240
48217 93153
48237 92375
47572 99590
48967 86490
76191 53252
48297 91759
48672 89048
