7692 1623.1
80930 45240
81425 45041
80781 45329
80410 45499
80905 45300
81945 45000
78812 45885
78292 46144
78764 45971
79408 45683
79456 45597
78936 45856
80613 45443
81377 45127
82026 44832
80492 45445
61656 56345
81136 45157
86733 43138
81738 45027
61728 56228
78092 46151
87242 43055
80616 45416
80641 45356
56976 59633
61716 56264
84764 43694
84142 43956
84475 43810
62110 55670
84716 43780
85385 43619
84786 43668
86755 43112
62108 55845
62122 55634
62536 55232
83400 44248
86060 43350
85674 43503
85696 43477
62792 55043
81978 44918
87643 42947
62378 55445
88029 42794
86349 43234
86371 43208
84738 43754
79167 45713
86323 43294
61869 56061
82778 44510
78523 46001
61857 56097
79119 45799
88318 42678
82285 44813
88641 42648
86672 43204
77167 46478
76647 46737
77740 46207
90255 42274
78074 46181
77423 46410
88340 42652
81916 45006
63253 54624
80882 45326
76878 46594
76358 46853
75911 47064
76931 46582
77451 46323
75964 47052
88051 42768
77134 46526
76484 46793
62997 54813
76167 46996
88292 42738
95611 41070
81759 45015
94303 41337
97072 40913
86707 43198
96226 41048
56919 59653
94659 41285
77220 46466
82436 44785
82441 44712
90233 42300
86082 43324
95765 41053
82489 44626
97226 40896
87376 43037
87665 42921
62583 55215
83422 44222
62799 54931
95008 41274
82172 44829
83111 44364
62847 54845
84497 43784
62433 55247
62421 55283
76873 46667
78647 45972
85120 43642
63089 54708
87089 43086
75906 47137
61930 55885
61942 55849
61777 56173
63055 54742
61789 56137
102889 40553
62619 55146
82484 44699
95322 41186
62241 55498
102014 40629
95162 41257
61689 56276
61677 56312
53558 62500
51910 66487
62356 55447
50811 69642
51189 69290
63103 54656
51083 69323
51025 69584
100575 40760
62667 55060
63041 54794
101428 40710
71026 49004
71636 48691
96486 40994
71552 48727
70942 49040
72196 48439
97947 40837
62253 55462
94277 41397
63455 54478
53425 63009
70661 49079
70745 49043
71355 48730
71676 48690
51940 66383
71271 48766
62689 55058
53300 63357
72165 48455
72660 48208
72576 48244
71234 48808
71928 48459
78468 46074
71839 48568
71844 48495
67384 51440
80105 45548
80206 45523
69687 50136
105923 40420
64971 52700
69724 50117
53323 63209
95551 41071
97012 40914
64557 53102
53249 63510
95503 41157
84149 43889
83860 44005
83238 44267
97887 40838
83882 43979
64715 52889
77735 46280
84171 43863
64301 53291
83527 44151
62403 55430
77446 46396
94325 41311
64289 53327
64097 53547
96426 40995
64667 52975
105048 40496
57025 59351
70331 49445
65213 52563
58540 57600
64145 53461
64957 52752
63719 53899
65565 52385
66256 51905
85419 43605
85467 43519
58162 57952
65323 52522
68576 50632
57030 59278
58524 57714
64909 52838
57696 58444
85445 43545
57701 58371
56982 59535
68484 50683
58043 58103
58079 58019
64401 53272
83834 44065
71817 48663
61928 56060
83812 44091
57876 58229
64923 52786
56987 59462
66416 51793
57881 58156
63731 53863
69919 49815
63551 54078
64535 53104
57383 58879
57388 58806
64487 53190
66000 52094
66160 51982
53251 63422
64121 53506
83190 44353
57552 58624
70060 49635
58535 57673
57199 59073
63965 53676
70065 49562
58074 58092
70200 49498
57242 58889
63298 54505
70284 49462
76614 46785
53024 63899
69781 49973
65165 52649
66040 52070
57237 58962
70394 49441
70399 49368
93007 41546
85756 43403
57615 58610
57194 59146
69786 49900
86140 43307
69870 49864
58259 57804
58254 57877
53032 63748
64109 53542
69985 49770
70149 49526
85734 43429
89190 42587
90797 42101
59093 57345
90470 42186
91092 41924
71836 48646
63917 53762
82887 44404
56758 59657
90803 42040
92718 41662
70479 49160
66112 52068
70474 49233
76121 47007
70563 49124
89212 42561
59279 57242
65952 52180
57417 58747
91114 41898
59176 57279
56744 59677
107312 40368
66368 51879
93490 41515
73037 48029
49460 70798
52216 65478
93029 41520
73305 48009
89507 42384
52237 65459
52526 65273
70452 49328
90172 42331
90489 42128
71084 48920
45955 76317
95344 41160
71089 48847
90511 42102
88885 42646
63539 54114
90417 42193
68416 50744
45934 76336
68064 50922
68224 50810
45577 77371
92426 41724
56728 59688
87208 43072
45682 77122
52547 65254
56429 59738
46060 76068
46039 76087
91066 41984
49742 70689
89481 42444
46282 75969
46519 75545
68324 50795
46434 75726
82882 44477
76176 46934
87703 42873
63478 54290
52594 65126
76696 46675
71173 48811
65011 52676
65363 52498
52111 65727
47302 72967
89068 42604
46924 74021
52132 65708
47067 73671
46791 74530
89529 42358
47169 73476
46689 74725
92015 41785
91044 42010
92037 41759
46556 75234
58720 57385
89459 42470
59190 57253
91448 41872
65605 52361
92981 41606
53154 63591
49226 70799
58601 57536
94948 41275
71592 48726
58715 57458
72464 48300
46833 74317
89863 42332
47211 73263
72380 48336
53027 63821
67256 51450
48767 71317
46671 74915
53149 63664
59404 57075
49171 71162
59301 57112
45117 79331
45495 78277
45517 77987
45096 79350
65430 52418
65782 52240
45895 76933
45556 77390
91967 41848
92959 41632
45661 77141
92371 41733
67416 51338
58971 57355
49054 71172
64707 52951
66296 51881
52742 64230
59874 56943
59771 56980
44830 80692
53016 64173
69037 50428
90825 42014
45000 80218
90181 42302
45222 79082
46436 75619
75729 47145
59056 57346
74472 47469
44935 80443
60779 56506
45290 78732
96402 41007
65672 52281
103463 40499
73490 47725
60717 56522
63987 53674
87414 42989
44727 82029
58704 57499
74388 47505
45034 79405
73406 47761
44644 82103
52709 64239
76018 47029
49476 70693
54591 60825
66715 51623
47087 73478
54281 61030
52331 65293
49710 70692
46954 73987
73758 47705
69363 50219
52364 65284
59182 57263
54238 61214
87436 42963
45269 78751
44544 82811
44979 80237
47086 73550
59655 57045
73326 47969
47219 73041
57489 58687
54969 60473
58342 57737
54659 60678
105313 40442
46580 75211
46841 74095
74991 47301
60409 56687
66456 51769
45395 78483
45374 78502
47363 72633
59285 57226
66200 51958
74740 47449
47747 71966
52637 64479
67517 51173
53815 61741
60445 56602
60528 56536
47603 72374
60326 56753
69212 50311
58223 57888
66875 51511
48993 71205
87725 42847
46961 73898
46985 73687
102588 40575
54193 61389
46583 74952
69286 50265
60915 56470
72796 48074
46708 74604
67677 51061
46330 75846
54787 60572
54012 61587
55097 60367
53589 62114
47635 72314
54409 60924
54055 61403
46697 74648
84101 43975
98461 40784
48479 71517
69271 50270
44558 82761
46486 75600
69446 50153
45496 78006
82497 44549
47597 72632
72833 48032
73842 47669
49799 70133
97586 40860
79790 45571
75075 47265
56680 59708
48100 71898
48545 71416
49744 70496
44498 83377
65253 52539
48401 71824
46261 75988
60998 56404
72223 48345
79947 45562
53019 64034
60028 56880
61249 56374
69094 50331
93930 41407
89356 42519
52993 64200
59925 56917
51733 66781
52960 64209
68718 50525
68810 50474
68650 50586
52604 64488
90314 42242
75375 47205
51580 67525
73148 48018
46727 74544
68121 50832
50021 70034
55556 59849
55246 60054
66619 51700
50192 69937
65174 52607
44250 84223
48020 71946
55969 59782
64755 52865
47686 72300
67769 51010
55807 59819
47717 72070
51601 67506
44355 83974
48223 71856
51192 68816
52048 66241
44147 85560
67609 51122
67961 50944
65416 52470
48083 71927
51838 66532
74824 47413
44642 82531
50414 69838
52103 65878
75459 47169
56072 59745
74316 47570
93882 41470
51640 66909
74051 47655
51450 67823
52208 65629
69052 50423
51252 68200
74986 47374
