33633 1620.99
84746 44626
105342 39622
100355 40405
98055 40770
100003 40518
94943 41391
100109 40433
95494 41273
96244 41128
93526 41810
98870 40681
107153 39407
103927 39876
96593 41047
83720 44848
92310 42059
100308 40428
97059 40943
97504 40888
101465 40241
97809 40798
95924 41188
91175 42304
94278 41522
103449 39989
90745 42389
108343 39285
97305 40915
103577 39972
101219 40269
109937 39168
95028 41377
105959 39565
95174 41333
93221 41900
110536 39092
90425 42449
108589 39257
114704 38845
93653 41672
101524 40179
92391 42055
102964 39993
102659 40083
88516 42991
93613 41786
100050 40495
111457 39066
88836 42931
95843 41192
115567 38760
91641 42200
117892 38611
104743 39814
98929 40619
101229 40254
112295 39014
107399 39379
109206 39200
107149 39443
89732 42742
106290 39492
98425 40736
95248 41301
109452 39172
91715 42168
96839 41019
93339 41843
96534 41109
92648 41977
89330 42798
96754 41033
98179 40764
100554 40400
94477 41495
95693 41246
117646 38639
99804 40523
90194 42507
91410 42258
92863 41931
93727 41640
101770 40151
94708 41437
97713 40868
102413 40111
97750 40860
93324 41864
97000 41005
100924 40344
101475 40226
93958 41582
95998 41156
99175 40591
93060 41914
106205 39537
103681 39904
90120 42539
92574 42009
107884 39375
96963 41013
105096 39650
104544 39819
93265 41875
108012 39358
94782 41405
104790 39791
109074 39253
116405 38708
102718 40021
98624 40709
90499 42417
94032 41550
104126 39871
106536 39464
100013 40503
99619 40578
116052 38756
107021 39460
89806 42710
103880 39899
116651 38680
121083 38532
102669 40068
91619 42238
115321 38788
89256 42830
91249 42272
86434 43839
92465 42023
83966 44820
93109 41903
87697 43370
95152 41371
84801 44411
91961 42140
105910 39612
86360 43871
105047 39697
102423 40096
89576 42770
101170 40316
88590 42959
86957 43531
113782 38917
92123 42092
104801 39725
112541 38986
87943 43342
115189 38841
93398 41832
110290 39120
102255 40147
121100 38509
84451 44816
90080 42653
105827 39618
87203 43503
92789 41963
91495 42244
90944 42362
92049 42124
88447 43225
120088 38573
118983 38596
90052 42682
96368 41122
82555 45481
82897 45288
90006 42685
107104 39454
102501 40090
113536 38945
100877 40386
85047 44383
84460 44687
83143 45260
85279 44308
111777 39023
86134 43971
88173 43282
114458 38873
83520 45212
111531 39051
108237 39327
82880 45411
88419 43254
86680 43811
119859 38578
87693 43431
86019 44147
86038 44136
123504 38409
121172 38493
83703 44971
122167 38452
120573 38569
88409 43273
120854 38537
85433 44202
83616 45203
85792 44164
84456 44748
122413 38424
83624 45003
84531 44674
84610 44642
64207 54503
73861 47851
73740 47871
76166 47254
71696 48750
69189 50212
73619 47951
70858 49150
73420 47974
75021 47562
67806 51157
71299 49027
68134 50934
70979 49130
74416 47707
74295 47727
69150 50304
69310 50192
70313 49695
73299 47994
67974 51046
71895 48727
75805 47290
68861 50435
69029 50324
71057 49127
71817 48730
72461 48394
76837 47027
71248 49046
72016 48707
74615 47684
66186 52385
70698 49262
72133 48617
74222 47815
74810 47638
70244 49749
75014 47568
74893 47588
71208 49085
72254 48597
74573 47691
68982 50415
70491 49465
70530 49373
70651 49353
71368 48973
71657 48842
73260 48086
72422 48486
74772 47668
76004 47267
70819 49242
73498 47971
74494 47704
75684 47310
67927 51137
69436 50187
73939 47848
71536 48862
71489 48953
74060 47828
72301 48506
75190 47454
65194 53249
67241 51663
71178 49107
67569 51440
65362 53138
74658 47682
66475 52254
70370 49485
74580 47685
74459 47705
74779 47662
68095 51026
74900 47582
67409 51552
66354 52274
65034 53361
67530 51532
67767 51249
67646 51269
77593 46827
78785 46452
78792 46446
77259 46859
75368 47399
77753 46715
78114 46679
77138 46879
78298 46590
76962 46993
79146 46416
75688 47296
76170 47240
78913 46426
75608 47383
76528 47110
75809 47276
77099 46971
78412 46576
76243 47152
76758 47063
76841 47013
76969 46987
77472 46847
78906 46432
75247 47419
76521 47116
76364 47132
80268 46183
77632 46735
76407 47130
76848 47007
77620 46823
78746 46544
80261 46189
78291 46596
79274 46390
76049 47260
76725 47096
79267 46396
80147 46203
75087 47531
78625 46564
77993 46699
78632 46558
78419 46570
78753 46538
77499 46843
79153 46410
80140 46209
78780 46534
80501 46173
67362 51643
80508 46167
66307 52365
78659 46554
65315 53229
65155 53341
64275 54327
62869 56122
63416 55128
64408 54264
63537 55108
64939 53686
63697 54996
64435 54215
63576 55016
64495 53965
63744 54905
63831 54606
64616 53945
64228 54418
63384 55595
64396 54307
64823 53742
62489 56205
81783 45763
69475 49758
80033 46216
80154 46196
79595 46354
81383 45891
82291 45623
79478 46360
81049 45923
81422 45799
79474 46374
82081 45660
80311 46180
80627 46091
82202 45640
82209 45634
80631 46077
81543 45779
81808 45730
82603 45438
72556 48101
80515 46160
81410 45887
79599 46340
81812 45716
79794 46331
80540 46127
80928 45943
81289 45907
80659 45999
81262 45911
66494 51727
79839 46324
65439 52449
79864 46291
80638 46071
81819 45710
81933 45696
82488 45552
68235 50479
82724 45418
