18542 900.526
119789 44824
68779 60180
67526 61313
67476 61360
67788 61188
115430 44872
116258 44825
113709 44972
67183 61834
66219 62587
115466 44854
113673 44990
116222 44843
113659 45019
115380 44919
115416 44901
66451 62543
114465 44961
114501 44943
65876 63108
113623 45037
66826 61907
68083 60680
67740 61201
67212 61826
68133 60633
67817 60899
67790 61154
67867 60852
66514 62079
66171 62600
68626 60377
66221 62553
68576 60424
65257 63306
67474 61420
66796 61988
67273 61604
65905 63100
66564 62032
68365 60589
67058 61863
65489 63262
68770 60342
67467 61522
67323 61557
64236 71470
69347 58700
69942 58034
71298 56541
73169 54830
70620 57069
72282 55668
71153 56551
73129 55117
68804 59511
72251 55816
72991 55140
73727 54570
71476 56231
70878 56778
74419 54519
70176 57319
74916 53686
71724 55928
70031 57329
74771 53696
74731 53983
74181 54532
75329 53436
77773 52013
71869 55918
72846 55150
73314 54820
69218 58974
71023 56768
71436 56518
74568 54229
77918 52003
72432 55306
79635 50611
79077 50871
78849 51055
71225 56543
72287 55316
71520 56121
91999 46950
91143 47140
91555 47097
71129 56594
85260 48418
93915 46797
81448 49969
75702 52748
75847 52738
82030 49691
88128 47730
82912 49239
108964 45222
69633 58130
83470 48979
84143 48727
96405 46486
85283 48337
85695 48294
85704 48271
93503 46840
83026 49126
70558 57217
76964 52339
84029 48840
78704 51065
79651 50409
82468 49386
75662 53035
78053 51818
84587 48580
84839 48484
86400 48028
80210 50270
80768 50010
81464 49767
81885 49701
77243 52314
81460 49959
88311 47702
79093 50669
85956 48175
86139 48147
83882 48936
79238 50659
80395 50204
76260 52488
83730 48977
78162 51617
82613 49376
92860 46882
85849 48261
89428 47393
90699 47287
87256 47838
98765 46186
82095 49580
86101 48165
86812 47985
87876 47826
88117 47770
86545 48018
84466 48678
97904 46254
88572 47583
88984 47540
94359 46650
95220 46582
100667 45965
86957 47975
95544 46554
87401 47828
89573 47383
80355 50260
88717 47573
91870 47084
90289 47325
88273 47720
89129 47530
78986 50923
88021 47816
94441 46641
90882 47259
92144 46940
97662 46273
90844 47277
91288 47130
95689 46544
91700 47087
91933 47083
94504 46640
95302 46573
96357 46488
95945 46531
93005 46872
90434 47315
93730 46821
95365 46572
96801 46341
98049 46244
94060 46787
97807 46263
93585 46831
93997 46788
98910 46176
94142 46778
100171 46088
96550 46476
100026 46098
101770 45878
96502 46478
93648 46830
96946 46331
99784 46117
94586 46631
96090 46521
99068 46175
95447 46563
74593 54006
99929 46107
82240 49570
101528 45897
96708 46475
104944 45568
109529 45193
110067 45135
110928 45067
110390 45125
102822 45724
103683 45656
105482 45510
106842 45378
106343 45442
108806 45223
102580 45743
107945 45291
105805 45500
75112 53584
108268 45281
105240 45529
104221 45598
104702 45587
