4797 1081.72
67038 70070
70526 65819
67051 70027
77546 61104
67450 69093
68416 68060
74097 62718
65881 72275
66904 70110
68226 68389
80378 59692
67260 69422
66848 70399
72385 63933
74147 62671
71760 64738
74566 62349
73524 63084
68947 67503
69452 66964
66714 70439
76759 61591
80328 59739
68921 67521
68731 67850
72966 63329
71880 64472
66601 70666
78094 60677
68486 67997
62779 78791
72726 63705
68187 68475
77924 60962
80820 59546
67955 68554
66184 71719
76494 61657
63025 78074
66861 70356
72916 63376
76178 61797
68296 68326
71855 64641
79378 60220
79820 60074
62969 78462
67255 69800
72461 63868
68971 67474
73902 62942
74894 62254
65226 73593
76120 61827
66411 70995
68466 68013
71950 64409
76850 61364
58053 100069
73408 63183
66189 71643
67765 68883
69502 66917
73574 63037
72411 63915
77292 61218
78044 60724
74516 62396
80756 59550
62834 78629
66071 71946
65756 72313
67682 69014
74061 62888
74475 62576
75800 61939
67791 68865
64923 74149
68718 67918
81198 59404
76431 61686
70766 65443
82022 59174
67981 68536
68997 67456
73344 63187
75008 62203
62970 78236
71930 64425
77625 61046
65999 71972
68757 67832
73294 63234
74016 62891
72435 63886
81074 59432
81452 59290
69560 66852
81402 59337
70211 66029
70261 65982
77228 61222
78536 60531
76800 61411
68807 67785
77675 60999
71247 64933
72221 64244
82136 58919
70716 65490
65643 72540
71740 64754
72245 64215
73952 62895
79959 60014
75262 62089
66093 71901
65453 72869
65946 71984
77161 61345
68276 68342
71057 65262
81024 59479
70742 65472
67219 69900
66080 71944
75212 62136
75640 61947
65344 73290
65113 73820
65903 72230
76292 61746
68213 68457
68781 67803
65416 73264
72195 64262
75850 61892
58303 97406
74877 62330
65037 73835
78422 60582
71107 65215
60297 87119
66220 71550
70021 66358
60674 85602
76546 61632
66492 70967
77539 61203
73885 63018
77178 61269
79909 60061
59174 92242
60754 85321
62939 78505
71690 64801
70576 65772
81717 59241
78914 60389
71608 64867
69055 67391
73277 63310
62628 79183
60473 86603
72776 63658
57972 100608
66302 71296
83352 58590
74944 62207
72271 64197
78740 60464
71297 64886
70071 66311
110684 51220
70552 65801
60096 88120
58973 93243
74458 62652
59977 88689
75386 62061
82782 58706
60809 85159
64332 74782
80074 59960
84661 58209
82086 58966
62683 79021
80287 59919
65890 72273
65448 73247
61682 80391
60169 87673
79118 60322
79328 60267
59423 91279
87965 56826
112061 51189
58536 95731
60377 86838
84242 58531
97464 53382
61618 80798
87233 57389
79706 60125
60432 86676
60508 86186
60305 86972
61241 82315
58455 96270
82528 58820
99989 52672
106227 51741
60546 86156
60563 86024
69750 66523
94456 54115
61563 80960
82832 58659
70602 65754
78790 60417
112111 51142
60864 84940
83402 58543
87775 57155
59063 92664
59385 91309
72182 64330
61130 83845
61737 80229
70091 66295
86104 57812
60707 85336
91068 55271
75590 61994
80024 60007
58854 93812
79756 60078
65036 74061
85357 57949
59046 92796
60186 87541
60250 87134
110823 51219
59127 92257
60627 85617
78472 60535
58773 94351
58940 93307
76228 61750
58982 93203
58124 99472
61075 84007
76374 61713
58171 99457
58375 96852
60999 84497
63147 76667
60131 87703
91944 54938
58205 98933
58256 97421
116906 50885
57925 100623
96826 53500
59008 92826
58804 94008
63033 77638
82578 58773
95055 54016
58927 93365
59145 92248
60762 85174
70792 65425
80706 59597
99834 52767
59059 92738
60944 84659
59410 91298
90279 55699
59440 91147
60682 85455
60817 84955
63690 76170
76056 61831
76670 61604
94301 54210
96981 53405
60330 86853
94406 54162
97580 53306
57980 100461
88823 56551
63202 76505
66410 71221
58850 93886
59004 92900
61973 79743
69776 66505
86154 57765
90381 55530
58006 100084
114556 50950
58885 93469
59436 91221
62631 79151
84611 58256
105435 51766
60952 84512
69245 67062
105233 51781
60127 87777
60050 88242
61139 82492
58311 97259
59182 92095
59254 91961
70281 65966
90469 55370
94583 54048
58243 98704
59355 91460
85053 58110
106471 51690
59381 91383
59403 91300
114606 50903
63920 75759
69982 66444
59081 92655
59973 88763
60601 85994
91787 54997
95803 53874
59026 92817
62344 79531
58451 96344
70513 65887
90331 55577
108976 51385
58605 95159
58468 96212
65439 73259
58410 96435
58650 94994
60008 88346
64447 74383
65227 73506
99341 52878
60224 87511
90191 55859
113569 51035
59927 88885
60105 88080
64034 74788
64707 74237
105183 51828
60872 84793
60897 84674
63349 76422
69586 66834
110072 51229
58337 96882
58387 96751
65594 72620
88053 56666
59257 91521
59506 89702
108786 51530
87321 57229
96522 53559
91238 55049
91837 54950
59468 89732
79168 60275
89262 56124
92906 54820
58392 96720
89174 56284
59642 89001
87863 56995
88911 56391
95873 53705
98931 52925
61516 80975
105688 51764
58082 99576
58486 95927
60219 87529
58532 95805
58574 95502
58686 94620
60385 86691
98448 52948
58884 93727
95853 53827
59084 92619
96931 53452
58731 94455
81667 59288
60504 86260
81832 59187
93675 54499
93763 54339
104074 51894
63635 76332
91150 55209
100173 51995
58001 100115
93775 54276
100077 52512
107193 51554
58491 95896
58923 93439
59207 91976
60182 87615
89832 56008
97807 53098
58655 94963
61492 81840
95182 53949
57802 101266
58728 94516
103930 51976
58173 99023
109395 51336
