6201 1624.12
68553 76159
66641 78519
66550 78695
68644 75983
66510 78805
65477 80331
65495 80272
66408 79060
69181 75135
70735 73774
69390 74869
71686 72885
70223 74070
68851 75534
69060 75268
69272 74959
70000 74302
71804 72795
83098 66386
71194 73362
82093 66790
69613 74637
71076 73452
71463 73117
70341 73980
69882 74392
70853 73684
68942 75358
71345 73207
70985 73628
69731 74547
83289 66336
83407 66246
81966 66895
81906 66974
69522 74813
82084 66805
79299 68299
70980 73661
79972 67943
67269 77495
81658 67054
80090 67853
69552 74791
78566 68748
71015 73606
66939 77894
78907 68426
78898 68441
81667 67039
79181 68389
79290 68314
78789 68516
66848 78070
80475 67627
81975 66880
67178 77671
80901 67378
79903 68037
76203 69941
79912 68022
80466 67642
67491 77302
68513 76269
78780 68531
79172 68404
79758 68160
67161 77701
67582 77126
80892 67393
73640 71366
77527 69278
66268 79077
81897 66989
75862 70263
76335 69866
77771 69142
67252 77525
73299 71688
79785 68127
72177 72551
80348 67732
66789 78317
67923 76804
79139 68420
74832 70778
76727 69739
80357 67717
77054 69675
80783 67468
80774 67483
67832 76980
74309 71255
76609 69829
65702 79823
77395 69353
78197 68893
68339 76455
65684 79882
66032 79424
65775 79706
76344 69851
65938 79476
66105 79307
72912 72023
79794 68112
76736 69724
74491 71100
76618 69814
66088 79337
66123 79248
80707 67621
65793 79647
73030 71933
72689 72255
72571 72345
66808 78180
66418 78938
66717 78356
65895 79639
72816 72232
67121 77811
67138 77781
67451 77412
75475 70598
68244 76622
83910 65945
83792 66035
84915 65541
74223 71285
85224 65401
84797 65631
68108 76771
82718 66533
73381 71533
73499 71443
85700 65201
73158 71765
68301 76490
85106 65491
68811 75644
77396 69293
69141 75245
80091 67793
66225 79240
82600 66623
70109 74233
69991 74323
79973 67883
73040 71855
68720 75820
75944 70108
74574 70885
81141 67241
71572 73048
78437 68756
83484 66194
76062 70018
76576 69845
76949 69704
75721 70340
74692 70795
82215 66743
77067 69614
81533 67114
80100 67778
84032 65898
80724 67581
80332 67772
68422 76445
83220 66339
79982 67868
72350 72531
74833 70718
81132 67256
74386 71129
72710 72254
72468 72441
81524 67129
84150 65808
77537 69203
71918 72718
83109 66345
68460 76334
71577 73040
78296 68833
77255 69370
82333 66653
85346 65354
85464 65264
74504 71039
85155 65404
85037 65494
72036 72628
75579 70481
78178 68923
81292 67190
82206 66758
83638 66124
84423 65801
82565 66647
74168 71332
75697 70391
77769 69197
82324 66668
75603 70430
74232 71267
78588 68705
83338 66249
77137 69460
85940 65064
78720 68630
78729 68615
84542 65681
94635 61268
81023 67331
72828 72164
81283 67205
75361 70684
77254 69430
77528 69218
83329 66264
63110 83571
79629 68168
95352 60807
81014 67346
93562 61551
66370 79069
74573 70945
95626 60770
95744 60680
95268 60880
83647 66109
95234 60897
94876 61007
82725 66526
82607 66616
72557 72399
63408 82946
62743 84204
93836 61514
63245 83176
62152 85068
74691 70855
63558 82807
95150 60970
63154 83352
62965 83742
93954 61424
94758 61097
71005 73626
63510 82938
84424 65771
94006 61422
62874 83918
82716 66541
62134 85127
93888 61512
92309 62067
93314 61663
63263 83117
62068 85206
62834 84028
84899 65601
67789 77055
92701 61940
90519 62811
75766 70297
58649 91481
81799 67023
88702 63656
94280 61385
93706 61536
94398 61295
89707 63252
72441 72465
91524 62407
89173 63426
93922 61495
93230 61736
62086 85147
62856 83977
63943 82295
63172 83293
64853 80889
92838 61863
88361 63867
91833 62267
64944 80713
90401 62901
67806 77025
91406 62497
72902 72144
82958 66396
71454 73138
90178 63022
90487 62882
92225 62140
93196 61753
74163 71361
88670 63727
88584 63746
87356 64271
89565 63299
91715 62357
89055 63516
87238 64361
87748 64144
82598 66631
62947 83801
88552 63817
91492 62478
64409 81364
90016 63112
91355 62555
90369 62972
65257 80344
62816 84087
63365 83109
88243 63957
82840 66486
81917 66933
84748 65652
64306 81823
64215 81999
75884 70207
77929 69076
64284 81973
62942 83860
64318 81540
77920 69091
72675 72309
65166 80520
65598 80022
63707 82642
89898 63202
63114 83462
64631 81171
63689 82701
64722 80995
75578 70541
89889 63217
64186 82084
64088 82107
88093 64012
62725 84263
89910 63167
63132 83403
90007 63127
77136 69520
74350 71177
63997 82283
68119 76656
87229 64376
63023 83638
65507 80198
88661 63742
79488 68245
62702 84381
87088 64416
88905 63571
78056 68970
88693 63671
88543 63832
77938 69060
87975 64102
88575 63761
109896 58065
87347 64286
108136 58198
86970 64506
79248 68382
66530 78738
98373 59673
97027 60288
101722 59000
100661 59238
106536 58352
99134 59527
103016 58829
101053 59111
97981 59800
100292 59257
99900 59384
103166 58823
56245 97319
65063 80673
98742 59654
63041 83579
96635 60415
98869 59648
104423 58640
97505 60000
56346 97072
98108 59794
96404 60519
98987 59558
98226 59704
105092 58529
96436 60448
110110 58058
108350 58191
56721 95701
106750 58345
56067 97989
100788 59232
96583 60417
99753 59415
56812 95525
99656 59447
100027 59378
56428 96832
56646 95884
56170 97502
70628 73907
100814 59177
100145 59288
97834 59831
96370 60536
65126 80630
103380 58816
97716 59921
85611 65213
96318 60538
97358 60031
96012 60646
91224 62623
57727 93131
100906 59142
97750 59904
57596 93417
57687 93241
56529 96585
56904 95214
56543 96371
56829 95397
88234 63972
104276 58671
56777 95598
57652 93314
57709 93190
96880 60319
94698 61190
86155 64874
56618 96188
56960 95111
96488 60446
101936 58993
104945 58560
88352 63882
57634 93373
56082 97866
103230 58822
63122 83442
105306 58522
98895 59593
86037 64964
86547 64747
89698 63267
87981 64014
55907 98464
101575 59031
55796 98858
55756 98947
85729 65123
99635 59505
86429 64837
96762 60409
86164 64859
55832 98647
56353 97015
56149 97590
86556 64732
86438 64822
59617 89784
56109 97679
57669 93300
66439 78914
60406 87549
51889 115209
51530 118381
52653 110428
52036 114310
52187 113429
88158 63995
51095 122737
105464 58444
52111 113729
86046 64949
112383 57881
51198 122250
51383 119280
51455 118962
86921 64535
52728 109847
103388 58744
60223 88036
60388 87608
86812 64610
50593 128414
94153 61400
51964 114628
51783 117275
51423 119191
87861 64112
52803 109664
114456 57839
52947 108971
108655 58082
52214 113242
51486 118793
52831 109360
51308 119861
52186 113546
97240 60121
51055 122826
52906 109177
59714 89346
52621 110657
110297 58039
103685 58707
56185 97379
114937 57829
56260 97196
60085 88292
52804 109547
55295 99570
52871 109271
110896 57939
51242 121838
52151 113640
110415 57949
52067 114141
50921 124868
51202 121927
51127 122508
51606 118081
61219 86223
53666 105517
51570 118292
51823 117186
53081 108579
55219 99870
52724 110170
107055 58236
87587 64149
51020 123318
92431 62020
105611 58413
53183 107916
106156 58404
97632 59994
53809 104941
52768 109758
52581 110746
60176 88116
52004 114539
53251 107523
60497 87373
104385 58657
52684 110259
53443 106716
53630 105728
92823 61893
53769 105030
53968 104793
59611 89833
58541 91536
117255 57694
89975 63150
102241 58884
51709 117594
51633 117894
104979 58536
57989 92108
50980 123407
58643 91528
95926 60665
56015 98160
51526 118704
53211 107612
54789 101714
53970 104069
53590 105817
52290 112942
53586 106140
103091 58828
91955 62220
60314 87860
106461 58357
53519 106416
53733 105241
50668 127833
53483 106627
61128 86399
50897 125218
52365 112759
54426 102314
50815 126934
52107 114052
58080 91932
91085 62635
54754 101808
60479 87432
54046 103769
57806 92595
55037 100736
90727 62745
91033 62637
53546 106229
102094 58915
57519 93443
96044 60575
59902 88779
58120 91822
59805 89170
90138 63065
60158 88175
53693 105330
55335 99481
89295 63379
52907 109060
50875 125744
59140 90047
103535 58713
52405 112670
57897 92419
53184 107799
51749 117505
114173 57841
52491 111981
52254 113153
104080 58704
55280 99693
87979 64022
54880 101332
59238 90024
51673 117805
54934 101223
54073 103582
116141 57773
59329 89848
53022 108788
50771 127346
60296 87919
50740 127515
59975 88662
58802 90782
89479 63306
60537 87263
114654 57831
57788 92654
58443 91559
56332 97103
106294 58382
54323 102801
51158 122339
54501 102131
58102 91881
109821 58070
90256 62975
108537 58172
51858 117092
61110 86458
57971 92167
53148 108010
52982 108877
60205 88095
52506 111327
56300 97107
58711 90958
91269 62562
112864 57871
56368 96892
52289 113059
55157 100364
51286 120387
57744 93089
52445 112275
61426 85774
90759 62674
52416 112562
54399 102501
60519 87322
51929 115120
52546 111238
50465 135296
54961 101036
56026 98100
63726 82444
56443 96709
56535 96497
53665 105634
61517 85598
116424 57771
50510 130225
119223 57626
61201 86282
56638 96010
104861 58626
59993 88603
61241 86172
50571 128940
54045 103886
116905 57761
52548 111229
86803 64625
62163 84884
53286 107429
55077 100647
58309 91623
54502 102014
58900 90759
61648 85312
54398 102618
50958 123933
59009 90333
51867 115735
51348 119772
59082 90216
50488 130751
61858 85276
53108 108099
50838 126679
55518 98994
59670 89526
53287 107312
60898 86966
57879 92478
61630 85371
50559 129925
95943 60656
60996 86943
102774 58859
53518 106533
54790 101597
59311 89907
106937 58326
61812 85288
55816 98715
63595 82730
61408 85833
61066 86893
54010 103980
53327 107223
61361 86105
92139 62147
54189 103193
55951 98283
62225 84390
55442 99294
58211 91646
87469 64239
50487 134770
93436 61616
61557 85488
108061 58203
51278 121627
59622 89657
60628 87087
51859 116975
55259 99781
55478 99083
64067 82122
92960 61816
54148 103399
54240 103106
55112 100553
61539 85547
91764 62270
62207 84449
56991 93820
55192 100057
61499 85657
53033 108680
54593 101838
56014 98277
57082 93644
50947 124711
