9615 2646.06
74135 58239
73494 58883
73762 58596
73761 58627
74110 58284
73121 59240
73737 58641
73733 58688
72196 59776
72171 59821
73736 58672
80747 54480
81093 54286
81294 54263
82070 53950
79016 55282
81640 54069
79362 55088
82617 53733
79909 54871
81615 54114
79563 55065
79884 54916
81629 54101
100362 47788
99702 47911
103891 46787
109904 45566
104551 46664
91107 50634
93188 49933
89553 51101
109423 45576
88576 51437
72409 59646
89150 51280
92614 50090
91637 50426
105343 46548
106786 46181
106126 46304
110810 45412
107188 46059
106528 46182
91375 50463
85599 52431
86164 52214
87337 51810
108763 45699
87141 51878
84856 52716
88789 51382
86738 52057
86576 52095
84831 52761
111056 45386
83879 53052
89637 51084
84426 52835
86151 52291
88130 51628
82148 53854
91191 50617
83854 53097
85403 52499
88888 51317
92929 49996
82123 53899
89184 51240
86551 52140
88314 51474
84401 52880
85574 52476
82695 53637
87715 51721
93790 49685
87911 51653
89363 51225
85000 52678
88660 51420
89868 51007
86957 52032
82670 53682
110396 45509
90385 50876
90398 50799
90082 50896
110150 45535
88207 51576
92245 50229
83125 53518
88011 51644
91949 50306
89556 51100
98463 48284
91268 50565
96796 48790
112443 45222
90656 50739
91140 50619
92813 50021
92424 50214
91850 50371
88695 51411
90972 50642
89752 51032
83269 53480
77361 56244
90729 50696
94494 49529
87021 51907
82953 53577
92613 50093
105687 46430
82379 53734
87891 51673
91321 50523
85848 52311
82354 53779
79272 55117
84684 52775
90952 50662
85283 52528
79593 54968
84659 52820
83563 53149
84110 52932
88310 51528
81003 54315
91945 50360
84980 52698
78436 55619
83249 53500
78725 55334
81832 53951
94265 49593
83527 53375
81807 53996
101073 47668
75605 57091
78700 55379
79046 55185
79568 55013
79021 55230
75630 57046
84085 52977
112788 45216
114175 45052
81324 54166
77097 56484
91895 50366
80167 54811
85254 52627
89552 51104
98090 48369
80431 54577
75366 57286
80978 54360
86422 52154
85832 52416
87595 51750
79247 55162
80777 54383
75951 56897
92497 50118
80456 54532
80752 54428
107922 45947
77336 56289
86718 52077
81299 54211
88191 51621
96267 48942
85258 52573
116010 44957
75926 56942
83538 53194
90340 50889
82928 53622
75341 57331
105810 46401
90394 50853
81577 54158
83062 53545
108447 45796
71418 60210
85844 52365
102279 47245
106212 46279
78461 55574
101044 47687
88260 51534
109107 45673
93187 49936
71443 60165
77682 56095
79846 54960
80192 54772
95297 49209
101170 47649
110740 45483
77980 55929
92809 50075
83534 53248
89130 51300
81803 54050
84081 53031
71682 59970
77657 56140
75098 57400
106872 46156
96536 48836
96851 48742
77908 56027
82350 53833
77883 56072
90078 50950
90652 50793
78244 55689
83299 53389
74834 57640
69676 61059
101963 47342
69558 61227
87333 51864
87017 51961
71162 60430
89436 51129
87591 51804
69302 61447
69412 61299
69651 61104
69533 61272
75419 57251
77201 56450
75123 57355
88834 51377
92493 50172
109230 45666
69387 61344
71707 59925
71272 60282
96535 48839
110617 45502
91846 50425
108570 45789
78219 55734
71774 59867
83274 53434
71997 59833
108196 45863
71297 60237
71187 60385
71749 59912
71561 59997
76473 56725
71510 60107
77955 55974
78204 55923
88884 51371
71536 60042
75444 57206
76152 56874
76177 56829
76821 56663
93183 49990
77047 56595
94320 49545
88579 51436
78565 55540
74963 57561
74859 57595
71485 60152
76880 56599
91371 50517
76855 56644
69625 61169
100479 47712
76498 56680
74642 57710
74378 57950
104668 46588
100960 47702
106903 46105
100286 47802
74353 57995
74617 57755
80296 54738
69600 61214
73628 58711
104352 46685
107606 46044
73416 58889
102740 47143
104008 46711
83190 53506
105371 46527
58027 73169
103815 46801
74589 57949
107880 45960
105645 46443
58667 71897
99626 47925
98152 48341
93157 49995
58373 72435
86160 52268
99252 47999
58031 73150
60150 69102
103056 47046
106243 46228
98867 48170
74004 58338
102080 47266
59161 70956
58099 72961
77072 56523
59476 70338
102025 47314
98936 48096
98978 48083
74268 58098
105927 46325
91204 50604
58299 72504
97585 48505
99819 47835
58505 72167
59776 69760
62508 66022
104475 46678
58867 71440
97891 48390
59344 70606
86906 52034
105460 46472
58231 72693
107695 45989
121688 44586
58795 71648
103692 46808
60249 68943
58531 72115
59918 69491
58593 71966
60391 68674
58573 71978
102396 47169
58805 71589
58227 72712
119853 44681
63492 65290
98551 48267
58799 71629
58348 72465
58501 72186
59472 70357
78191 55928
58048 73043
60551 68493
59361 70499
59718 69948
106050 46318
59834 69682
61304 67239
58598 71933
98580 48208
57795 73633
59544 70149
63279 65420
59569 70104
100163 47809
57667 73882
59838 69611
63228 65530
58044 73062
59444 70474
61072 67628
74243 58143
74269 58067
59070 71132
105267 46562
58824 71584
105144 46569
101184 47562
57663 73901
58116 72854
130279 44093
62575 65964
99503 47932
98207 48293
128444 44188
126767 44239
60175 69057
97424 48550
134597 43883
57735 73693
126254 44276
129798 44103
127248 44229
58143 72841
57844 73519
129083 44134
124284 44354
122449 44449
96913 48714
116771 44820
122930 44439
130572 44066
80142 54856
59261 70824
63517 65245
112829 45167
57867 73425
60274 68898
121089 44610
73870 58500
101239 47514
117252 44810
131053 44056
121789 44572
121570 44600
132249 44015
116111 44943
97836 48438
136086 43815
62311 66204
53945 82718
132281 43988
61731 66650
57935 73236
59801 69715
73918 58354
105734 46415
57596 74081
60042 69287
58390 72328
59295 70630
59644 70017
102851 47056
74244 58112
120717 44619
61467 66890
73127 59174
124765 44344
58073 72998
127963 44198
60017 69332
118272 44788
57760 73648
63161 65588
131768 44025
134116 43893
62926 65641
111442 45331
103125 46972
113652 45154
69312 61412
115039 44990
115384 44984
118606 44725
74590 57918
57916 73311
62600 65919
73893 58399
58892 71395
59943 69446
59655 69961
52972 88883
120720 44616
61160 67548
54055 82301
98662 48180
115520 44980
57863 73444
132762 43978
60469 68519
73544 58742
121198 44609
98014 48383
73042 59277
126735 44266
103441 46875
62387 66049
112169 45290
115042 44987
55285 78450
122074 44531
110782 45454
58190 72785
61705 66715
136567 43805
59270 70675
105402 46476
60144 69142
101887 47356
59202 70864
61638 66773
115865 44974
93907 49609
102341 47217
62079 66327
60012 69410
60599 68445
55425 78053
63253 65485
121543 44603
113655 45151
53091 88047
101500 47465
73391 58934
111923 45321
121062 44613
95757 49056
105086 46573
60117 69200
55897 76941
119087 44715
63186 65543
92181 50268
61235 67279
120239 44626
55357 78242
62054 66372
62688 65816
55353 78261
56294 76110
56175 76306
61841 66502
60786 67936
113310 45157
55859 77150
59502 70286
61431 67228
52429 91652
94567 49486
54359 81359
57848 73500
59087 71025
95859 49017
53152 87823
101555 47417
65918 62968
55229 78668
62859 65699
95146 49236
54303 81577
55969 76733
55994 76688
61866 66457
56037 76544
103167 46959
62713 65771
53995 82573
56329 76020
65772 63040
60444 68564
54017 82510
62533 65977
96598 48808
53842 83205
73520 58756
114561 44997
54247 81889
59527 70241
53815 83257
60212 68953
113901 45120
55787 77358
54431 81151
52983 88804
55837 77213
55606 77671
116396 44902
53102 87968
55884 77105
53604 84385
56615 75481
53642 84292
55855 77169
61492 66845
54871 79809
55538 77860
101774 47381
65654 63208
53539 84779
113174 45161
58229 72698
95543 49114
52548 90816
62012 66385
56475 75728
53492 85081
54256 81846
54820 80456
55534 77879
53761 83456
58256 72648
53999 82519
74005 58307
93714 49699
53145 87848
53871 83039
55272 78614
53631 84371
55175 78867
56683 75292
59021 71236
60313 68753
62901 65686
66531 62798
60607 68215
52537 90895
63425 65348
56146 76370
65508 63280
55965 76752
60632 68170
52418 91731
54299 81631
55676 77659
53896 83006
54238 81951
59430 70494
96072 48962
52591 90696
96833 48765
61167 67468
62130 66217
55053 79184
60486 68514
62336 66159
54943 79601
55121 78995
57137 74573
65533 63235
72879 59400
53266 87352
53323 86062
95461 49142
119998 44630
55036 79367
52907 89443
53205 87481
64217 64342
65398 63428
102203 47259
56319 76024
56537 75579
54723 80627
56492 75636
52896 89522
54925 79610
58972 71275
95752 49113
53442 85226
60412 68594
56909 74943
67094 62569
93340 49773
55744 77470
56150 76351
65068 63584
53431 85305
56845 75097
56977 74754
53860 83118
58709 71745
62105 66262
72272 59665
97640 48457
53712 83744
73281 58951
123075 44388
54822 80097
73256 58996
96995 48686
52929 89246
60811 67891
53022 88766
72511 59470
54127 82093
55049 79203
72536 59425
63836 64906
56218 76162
58530 72122
65001 63642
52271 94266
52480 91237
54540 80977
52710 89975
96507 48859
64591 63954
66153 62869
55225 78722
61456 67183
120479 44620
52760 89830
53385 85568
97050 48638
53593 84464
59501 70293
65423 63383
94620 49390
62343 66087
73018 59291
97311 48589
56243 76117
63690 64978
53312 86141
64506 64057
65943 62923
52598 90671
53658 83943
54200 82064
56796 75136
53558 84533
53707 83898
53481 85160
53450 85174
53493 84811
56401 75812
58684 71790
96384 48866
52328 93409
54921 79664
69730 60450
56426 75767
66824 62582
60307 68793
52587 90750
53804 83336
61097 67583
53545 84739
57209 74365
67790 61470
58435 72271
122219 44480
52764 89533
52285 93772
56695 75274
67669 61497
53153 87553
59766 69819
56660 75461
52709 89984
61756 66605
128589 44137
59770 69800
52610 90322
53036 88272
52507 91217
64064 64590
64855 63714
64880 63669
54981 79392
60994 67707
57343 74090
64616 63909
66394 62816
60338 68708
53269 86504
53554 84587
55382 78197
57026 74715
53267 86987
52375 92094
52918 89325
53141 87902
64363 64270
52720 89905
53750 83535
67416 61858
94894 49306
124910 44293
54612 80769
